  0.999440972274907     
  0.999440802995161     
  0.999433276159442     
  0.999436625706962     
  0.999425393152901     
  0.999379555395721     
  0.999336344339626     
  0.999325062375964     
  0.999399955046812     
  0.999393312619445     
  0.999328288164590     
  0.989319999215107     
  0.997638830416336     
  0.999282816320172     
  0.999248599696145     
  0.999172708083891     
  0.998938849472282     
  0.997516392754817     
  0.896645183373045     
  0.761476286986960     
  0.965329429589746     
  0.989087357848616     
  0.979013186822888     
  0.998133796605748     
  0.999146164799279     
  0.999138684847251     
  0.999271475295207     
  0.999285649889810     
  0.999291378840935     
  0.999292684660687     
  0.999288524917673     
  0.999128782372075     
  0.999031839353578     
  0.999270595771902     
  0.999268975098672     
  0.999261288352514     
  0.999252617123002     
  0.999244702400536     
  0.999234809951777     
  0.999205737575416     
  0.999214108105082     
  0.999205186081333     
  0.999147936657450     
  0.999137689346414     
  0.999170268487555     
  0.999152053940880     
  0.999143259735950     
  0.999126447303997     
  0.999103043840564     
  0.999040737703922     
  0.998710502784571     
  0.992611415909549     
  0.996224450730032     
  0.998930754653118     
  0.998943564833941     
  0.996221513166773     
  0.948505647344521     
  0.985644264356184     
  0.985700349548470     
  0.988369053137569     
  0.998732327025602     
  0.998610994546412     
  0.998841712504677     
  0.998868240462654     
  0.998850432437747     
  0.998830615671196     
  0.998809325126507     
  0.998786783594987     
  0.998762914476823     
  0.998739023870272     
  0.998713561995250     
  0.998606661988316     
  0.998661085249659     
  0.998619804310527     
  0.998605149396821     
  0.998570999681116     
  0.997975445493021     
  0.998474008176724     
  0.997752419491838     
  0.992575456861038     
  0.997524875098485     
  0.998280919880442     
  0.998309532013086     
  0.998270310620341     
  0.998114585098739     
  0.998183439001074     
  0.998131954467544     
  0.997993746773507     
  0.994599549838273     
  0.997207558595282     
  0.997766096802360     
  0.997398226484793     
  0.995322173347635     
  0.995708434622919     
  0.990476651297141     
  0.997580323705311     
  0.997564826047717     
  0.997502436149023     
  0.997424562539599     
  0.996741989648267     
  0.996993372624660     
  0.997182571059237     
  0.997088842840537     
  0.996989228511974     
  0.996885425277911     
  0.996767277175851     
  0.996623613650772     
  0.996508858651201     
  0.995808817966990     
  0.996265263303501     
  0.996113492694088     
  0.995972712523506     
  0.995805464767813     
  0.995628178972120     
  0.995437098191662     
  0.995224915404696     
  0.994991747148011     
  0.994726279742199     
  0.994406674015480     
  0.993997212976309     
  0.993340880097999     
  0.990828936340138     
  0.869015181522208     
  0.747061768253165     
  0.976199890681846     
  0.991217940278624     
  0.991380320749193     
  0.990330472247521     
  0.951606902492290     
  0.818484595851080     
  0.964758566734113     
  0.964776135555976     
  0.899987266990768     
  0.980512307632286     
  0.986404511436044     
  0.985315761057412     
  0.984183536747096     
  0.982436051530121     
  0.934192650051657     
  0.889642120153302     
  0.971126096161226     
  0.831005826680868     
  0.827553982267122     
  0.829019473648454     
  0.965444910560483     
  0.965678396523707     
  0.962629415068826     
  0.957130511425254     
  0.943667527574272     
  0.948796706540678     
  0.932699557861845     
  0.934857083871166     
  0.924448727223396     
  0.906541875988318     
  0.811877800803237     
  0.839103761917060     
  0.879087023383969     
  0.862160029089373     
  0.842695310062239     
  0.831951889785248     
  0.839215214695283     
  0.854772605375921     
  0.867991315581241     
  0.875730966650972     
  0.875107945488703     
  0.863979192133315     
  0.838974097126477     
  0.793341156860713     
  0.722240525360717     
  0.596725722613635     
  0.498462526801854     
  0.487374484598127     
  0.536722108936494     
  0.619288036314716     
  0.707394216063599     
  0.773865036505173     
  0.814596467960474     
  0.840563509561026     
  0.860977884921382     
  0.878584625739902     
  0.894599221539149     
  0.910708844229550     
  0.926121911857468     
  0.937214083710767     
  0.944580003818554     
  0.951294681318945     
  0.957693973226250     
  0.962081186879275     
  0.965163044420513     
  0.968040153813235     
  0.970649932959606     
  0.973103174355258     
  0.975267008802544     
  0.977275673835403     
  0.979138249097360     
  0.980970620426584     
  0.982632430423701     
  0.984278729224340     
  0.985745622745936     
  0.987049146959786     
  0.988133483762496     
  0.987632392290790     
  0.988899671767963     
  0.990202929120072     
  0.991318774516040     
  0.991830982549154     
  0.992361218504057     
  0.992882457020815     
  0.993276356520825     
  0.993608660818888     
  0.993483065051548     
  0.994124568285837     
  0.994558588451387     
  0.994820678681305     
  0.995000022063002     
  0.995347037516021     
  0.995574108478860     
  0.995769674873460     
  0.995867344676186     
  0.990504653844018     
  0.985723515459355     
  0.995553841650505     
  0.995483925345483     
  0.996693012353456     
  0.996871750940928     
  0.996915024748779     
  0.985514014618712     
  0.996838301147112     
  0.997309542570452     
  0.997224177925461     
  0.995415729128825     
  0.997277163214408     
  0.997525451883809     
  0.997377048553999     
  0.997192089490651     
  0.997032817477116     
  0.994843347107570     
  0.910610738874061     
  0.870255468412177     
  0.952973082616057     
  0.996272440990649     
  0.997331876873304     
  0.997700055766238     
  0.997778207040117     
  0.997681046061181     
  0.997050268340689     
  0.992077601891549     
  0.758404882452064     
  0.744551924526524     
  0.723207669134434     
  0.905943019200869     
  0.996586580959409     
  0.997861812769372     
  0.996500894439093     
  0.998160965292480     
  0.998549292426073     
  0.998643576328739     
  0.998703410128679     
  0.998750912634838     
  0.998752641411788     
  0.998477444809799     
  0.998604001753506     
  0.997832532659304     
  0.998899107421434     
  0.998954123497878     
  0.998983288431629     
  0.998816453588825     
  0.999021434231109     
  0.999055848793039     
  0.999076729918567     
  0.999097583708719     
  0.999117350189382     
  0.999135418526186     
  0.999143524449177     
  0.998726041090538     
  0.998901727070842     
  0.999185923612756     
  0.999213920784533     
  0.998707214236465     
  0.999119296121025     
  0.999263075266827     
  0.999277854616460     
  0.999287735289056     
  0.999027480907462     
  0.997975448013734     
  0.999232000899525     
  0.999334199405301     
  0.999345485704388     
  0.999334395838587     
  0.999184477701114     
  0.999319257271686     
  0.999313586040318     
  0.999267350999120     
  0.999370766757925     
  0.999362711982307     
  0.999342167348316     
  0.999300528455553     
  0.999202990844531     
  0.998871757019606     
  0.991287084188413     
  0.948865630691707     
  0.985845309676384     
  0.996900651154475     
  0.961924511229548     
  0.930121482771222     
  0.990159290895080     
  0.998590025977425     
  0.999065066958739     
  0.999245426743392     
  0.999269521479278     
  0.999158602785936     
  0.995092811513207     
  0.900397686884837     
  0.940010078537225     
  0.979997269418890     
  0.998615117524281     
  0.999373441978379     
  0.999297758536622     
  0.999521670779521     
  0.999573298878574     
  0.999588338576857     
  0.999599451771082     
  0.999609189274241     
  0.999617602106818     
  0.999624637913919     
  0.999603732114486     
  0.999603343132949     
  0.999644227414898     
  0.999649095121906     
  0.999654592070332     
  0.999421867536816     
  0.999633937129702     
  0.999635048773124     
  0.999554858452838     
  0.999646208089020     
  0.999604409584899     
  0.999380016862925     
  0.999664181716718     
  0.999685636577809     
  0.999687397556787     
  0.999659903829421     
  0.999687180478603     
  0.999676026486160     
  0.999503470765680     
  0.997700472051065     
  0.998466647838221     
  0.999625595442005     
  0.999685178723418     
  0.999642730840236     
  0.998664779877093     
  0.997093067193113     
  0.999618236355288     
  0.999708090211096     
  0.999720572773228     
  0.999699545735987     
  0.999729264664331     
  0.999646833062423     
  0.999732535824389     
  0.999738484842078     
  0.999739822697345     
  0.999742497349430     
  0.999743832581475     
  0.999745137121293     
  0.999745243165839     
  0.999708702157054     
  0.999667151678513     
  0.998581772378112     
  0.984048022352210     
  0.998519973284711     
  0.999620353687461     
  0.999750526056250     
  0.999760181920309     
  0.999764107999218     
  0.999765252384134     
  0.999730325232261     
  0.999765825591914     
  0.999749209949116     
  0.999735381045873     
  0.999093573121808     
  0.999331983529468     
  0.999652520965901     
  0.999686399718926     
  0.999773617223203     
  0.999773618435151     
  0.999768734865581     
  0.999673081547975     
  0.999610104908300     
  0.998974058086708     
  0.976393402719470     
  0.985516836455091     
  0.968851990259369     
  0.963292847186155     
  0.999652314515737     
  0.999594948729483     
  0.999547668124315     
  0.998504304087740     
  0.993397545174539     
  0.999528880488032     
  0.999734439499176     
  0.999768155402064     
  0.999754446179867     
  0.999707919352605     
  0.999002400377921     
  0.951429400615397     
  0.932943556768843     
  0.997889360612592     
  0.999511133070196     
  0.999138491297232     
  0.999724408676025     
  0.999787016713559     
  0.999791876546084     
  0.999799317858977     
  0.999803360062761     
  0.999802356285711     
  0.999807089847875     
  0.999806777635646     
  0.999751494121033     
  0.999553232944995     
  0.998720409288257     
  0.999702249151144     
  0.999812641994398     
  0.999814987074050     
  0.999814664545115     
  0.999807315765553     
  0.999503117529428     
  0.999772617108492     
  0.999815318118421     
  0.999818119495613     
  0.999819369905403     
  0.999819261798930     
  0.999819999679972     
  0.999820223742052     
  0.999820252205573     
  0.999819899772232     
  0.999505913322042     
  0.999078761608723     
  0.999810657041202     
  0.999763955283823     
  0.999584864914087     
  0.999331532318049     
  0.999093950534848     
  0.999817759786337     
  0.999811775804876     
  0.999764764743949     
  0.995347401861686     
  0.995329355672725     
  0.999752027630670     
  0.999774377243983     
  0.999733264908792     
  0.998692286237590     
  0.998693316543288     
  0.999737564007222     
  0.999803027401338     
  0.999788036005259     
  0.999782007207314     
  0.999654526470437     
  0.992141288340303     
  0.982963712698285     
  0.998925518515550     
  0.999743873378821     
  0.998878522539498     
  0.974395952712324     
  0.994658923833676     
  0.999649473073662     
  0.999798237874506     
  0.999716453707695     
  0.997544477690370     
  0.998462622932832     
  0.999794474575201     
  0.999764876941346     
  0.999804961257759     
  0.999816817800160     
  0.999815385653259     
  0.999812507818814     
  0.999809319126758     
  0.999802834693905     
  0.999591106870687     
  0.999744733577018     
  0.999765989841918     
  0.999748687793683     
  0.999680828609370     
  0.999177201159194     
  0.981597262358293     
  0.923591818271716     
  0.951686918750886     
  0.997321090814403     
  0.995619323022430     
  0.962321020881317     
  0.976345159601786     
  0.998543001655160     
  0.999457810720200     
  0.998269246713409     
  0.997957218807094     
  0.999626871991259     
  0.999557577884275     
  0.998789131187280     
  0.906471102652956     
  0.905511506589370     
  0.999086773050719     
  0.999466417171248     
  0.999693436741719     
  0.999741763859865     
  0.999748471318821     
  0.999742416424449     
  0.999526849103480     
  0.999112970520678     
  0.998848238587897     
  0.998864975871035     
  0.999395514580045     
  0.994434008543013     
  0.869709294451139     
  0.899083871726055     
  0.997286015518922     
  0.995067325593217     
  0.925903127760912     
  0.909277780440462     
  0.991982513869567     
  0.997528706336682     
  0.975873351855567     
  0.975438507017192     
  0.996927166185550     
  0.983783014343641     
  0.933477867337829     
  0.965869121363307     
  0.997757484890205     
  0.999254973766206     
  0.999334618668394     
  0.999132364154332     
  0.994185917149517     
  0.963029672753178     
  0.911400199379004     
  0.963611146327875     
  0.997301347456426     
  0.998586332879052     
  0.991758422848460     
  0.986203696641174     
  0.997916699816695     
  0.999448807120737     
  0.990328064906583     
  0.990531215355464     
  0.988317157225505     
  0.962377328519427     
  0.994075931830611     
  0.999355311426588     
  0.999732983932211     
  0.999599819803719     
  0.999318915209592     
  0.999752496176297     
  0.999758843556419     
  0.999762180144532     
  0.999775658973685     
  0.999724281095633     
  0.999632779374706     
  0.999633239283935     
  0.999739344479161     
  0.999775869481086     
  0.999776574744509     
  0.999775052221180     
  0.999629081272714     
  0.999728635192194     
  0.999773263256155     
  0.999762510760869     
  0.999771419801633     
  0.999769804865389     
  0.999758992069811     
  0.999761817555802     
  0.999764784574897     
  0.999761272680880     
  0.999759195150061     
  0.999754275919679     
  0.999745565597166     
  0.999729380685039     
  0.999271735285549     
  0.990875722698354     
  0.995450272307725     
  0.999267954996588     
  0.978143068359703     
  0.953262892906878     
  0.998677009896783     
  0.999660673882638     
  0.999671093425682     
  0.999579544076066     
  0.996209419493573     
  0.959906679434234     
  0.975878650149383     
  0.998896325073185     
  0.999637158084070     
  0.999662810664333     
  0.999407470640148     
  0.999300516620560     
  0.999630351334216     
  0.999676815809737     
  0.994726609951271     
  0.998189969567942     
  0.996238048863332     
  0.997156091302889     
  0.999674557549620     
  0.999671378603287     
  0.999659740409299     
  0.999673816516775     
  0.999669958429711     
  0.999665115820464     
  0.999660577775852     
  0.999654398674892     
  0.999639046558912     
  0.999633274586706     
  0.999561790089005     
  0.999589596024580     
  0.999614666043352     
  0.999613648453457     
  0.998947529641972     
  0.999581071926245     
  0.999557455925890     
  0.999364815562478     
  0.999475701073031     
  0.999492997237349     
  0.998781764853563     
  0.991706733888647     
  0.973590259852375     
  0.998653940006106     
  0.999415990837957     
  0.999390733374817     
  0.997708203642911     
  0.994850753735387     
  0.998182217632054     
  0.996900684469655     
  0.947901113728364     
  0.977258647626905     
  0.769973574466069     
  0.984253495214595     
  0.998971522952239     
  0.999228329237986     
  0.999272859400164     
  0.999265040319208     
  0.999215704459938     
  0.999041078234064     
  0.996835905114844     
  0.931860100110656     
  0.931892042330207     
  0.996779070075360     
  0.997322489434551     
  0.988997593039427     
  0.997349697722948     
  0.999120797509094     
  0.999151265663136     
  0.999141142385421     
  0.999117123483013     
  0.999101677459590     
  0.999087196928549     
  0.999063807160998     
  0.999040276291643     
  0.999004088899669     
  0.998986461647777     
  0.998955739569078     
  0.998918485517217     
  0.998772123568751     
  0.998405411821508     
  0.998695137260153     
  0.998779173118240     
  0.998712888904345     
  0.998061692308772     
  0.998661233728027     
  0.998608222974894     
  0.998257571083228     
  0.998370869166416     
  0.998442383286159     
  0.998347666946536     
  0.997136155574159     
  0.986201789137547     
  0.993048176731910     
  0.955383865466998     
  0.967619468573668     
  0.996986801856777     
  0.990285257712356     
  0.977107598941326     
  0.994634518379604     
  0.989446097111158     
  0.990749717143361     
  0.993829433048400     
  0.996790393245853     
  0.997222569279585     
  0.997098228384675     
  0.996959624447314     
  0.996800016542078     
  0.996598122110596     
  0.996461782466442     
  0.996270459909779     
  0.996059273138368     
  0.995832647926338     
  0.995570119171767     
  0.991401452363799     
  0.985374076790866     
  0.994596338061429     
  0.994395849710256     
  0.994031288940901     
  0.993607871019156     
  0.993479351216136     
  0.993164609798091     
  0.992810160937189     
  0.992414257969970     
  0.991996749426813     
  0.991558708501416     
  0.991065605012996     
  0.990525337459653     
  0.989999860733033     
  0.989250641997549     
  0.988563416810836     
  0.987801463322726     
  0.986813898689035     
  0.981737847201358     
  0.976704729437398     
  0.981028638322768     
  0.982821387665610     
  0.981769862647739     
  0.980184512100168     
  0.979088776176992     
  0.977926512997972     
  0.976493355898801     
  0.975231344460918     
  0.973929868339746     
  0.972688396182976     
  0.971619050641073     
  0.970579618942463     
  0.969305441388180     
  0.968061069182884     
  0.967877903090914     
  0.969023489342226     
  0.970334263750794     
  0.971419379440669     
  0.972480322947822     
  0.973668726272035     
  0.974535179895489     
  0.975460491096022     
  0.977511078262867     
  0.978889475264147     
  0.980236080574286     
  0.981525901563412     
  0.982644145312804     
  0.983847062915930     
  0.984888172442454     
  0.985793156155266     
  0.986755926424821     
  0.987443679159074     
  0.988364528118279     
  0.988746388044263     
  0.988822013972444     
  0.989944552803853     
  0.990938449133744     
  0.991448212697547     
  0.990429805515312     
  0.978320262357496     
  0.987476240769866     
  0.990789543008951     
  0.993399320707379     
  0.993539789259944     
  0.994094639416301     
  0.994407395871143     
  0.994733890391996     
  0.995019375329768     
  0.995085323616797     
  0.995181052191524     
  0.987007673203498     
  0.967752185024854     
  0.991519712801681     
  0.996188415094582     
  0.996570072981897     
  0.996782703836902     
  0.996945558312051     
  0.996945281782204     
  0.993459368004802     
  0.994198991148794     
  0.997395372934004     
  0.997465163621233     
  0.997586312154653     
  0.997821733958906     
  0.997911936286111     
  0.997996994236302     
  0.998076821436248     
  0.998152251925328     
  0.998222337926329     
  0.998288920284006     
  0.998350486672746     
  0.998394371994709     
  0.998276195301449     
  0.998516493799115     
  0.998566080361658     
  0.998613396547940     
  0.998658139867184     
  0.998698441232043     
  0.997894643859160     
  0.998515735298755     
  0.998810623092763     
  0.998843829554133     
  0.998873614784303     
  0.998900530066838     
  0.998924790729807     
  0.998946731814793     
  0.998965760720646     
  0.998979654217745     
  0.998989338855007     
  0.998980794157976     
  0.998808766154082     
  0.998842546291085     
  0.998433162256276     
  0.998678162205859     
  0.998770126395216     
  0.998575199294144     
  0.998167041166131     
  0.997083419803868     
  0.982383840209311     
  0.757287684780745     
  0.477767883396026     
  0.945641843801668     
  0.995422593604444     
  0.997212514155659     
  0.983121240827765     
  0.993249020252780     
  0.992787626849764     
  0.998671489615431     
  0.999189194170369     
  0.999138962023396     
  0.997814994476770     
  0.994811058742850     
  0.997973380255337     
  0.999115098545458     
  0.999412417273796     
  0.999396440705417     
  0.999432597224806     
  0.999507913433894     
  0.999523145484867     
  0.999530234657222     
  0.999489423844102     
  0.998824946389400     
  0.998134988883464     
  0.999421458017362     
  0.999565040489181     
  0.999549863495562     
  0.999614982883771     
  0.999624104253413     
  0.999633211267021     
  0.999639486914080     
  0.999645718125590     
  0.999651409154121     
  0.999653977670727     
  0.999652328191651     
  0.999638922636275     
  0.999483873433663     
  0.993862392695753     
  0.997641072004890     
  0.999458452758068     
  0.993733086419085     
  0.983971452961674     
  0.998250424486681     
  0.999214591145978     
  0.999653899737798     
  0.999699331603188     
  0.999709791753801     
  0.999709149777636     
  0.999684730957688     
  0.998647908471907     
  0.989518989511657     
  0.997829506900932     
  0.999691576587226     
  0.999737817031135     
  0.999750161974764     
  0.999754472711496     
  0.999764494850927     
  0.999767735394752     
  0.999762626102518     
