  0.999439456304957     
  0.999439334271161     
  0.999431901339675     
  0.999435244418631     
  0.999423822498567     
  0.999377440262909     
  0.999334219141485     
  0.999322807022071     
  0.999398448506733     
  0.999394876490970     
  0.999360995895686     
  0.989374878671587     
  0.997712645636457     
  0.999298562213646     
  0.999246997870106     
  0.999169942400776     
  0.998944927690835     
  0.997622098619882     
  0.896145226399978     
  0.760040837362231     
  0.965393282300584     
  0.989196085511486     
  0.979070969807214     
  0.998221014291898     
  0.999164452937964     
  0.999137864776123     
  0.999269717099521     
  0.999283728958566     
  0.999289483128177     
  0.999290796859592     
  0.999286714398731     
  0.999125840397073     
  0.999028050783554     
  0.999268804589942     
  0.999267117688823     
  0.999259386613820     
  0.999250714146577     
  0.999242763824608     
  0.999232858062416     
  0.999203513338869     
  0.999212082670331     
  0.999203158873218     
  0.999145666236043     
  0.999135417814846     
  0.999168161782450     
  0.999149821784718     
  0.999141103211530     
  0.999124269376297     
  0.999100935097268     
  0.999040435684937     
  0.998720250933470     
  0.992608123424522     
  0.996235612405388     
  0.998934526665719     
  0.998936729948768     
  0.996163686342112     
  0.948208968605878     
  0.985533747283775     
  0.985616017130760     
  0.988307841369714     
  0.998725915335172     
  0.998604808834596     
  0.998838286836666     
  0.998865362308063     
  0.998847459011216     
  0.998827569879613     
  0.998806233874710     
  0.998783600948255     
  0.998759679826998     
  0.998735741319563     
  0.998710181893908     
  0.998601862556463     
  0.998657565851157     
  0.998616022841072     
  0.998601654758881     
  0.998568791902381     
  0.997972785346243     
  0.998472674994145     
  0.997743389200225     
  0.992504798183174     
  0.997513519452628     
  0.998275760659488     
  0.998305068003500     
  0.998265756855770     
  0.998107983273849     
  0.998178788746502     
  0.998128428140581     
  0.997997231320304     
  0.994602750734031     
  0.997205013927240     
  0.997769083910617     
  0.997431969139833     
  0.995394724214142     
  0.995794454592320     
  0.990505320961289     
  0.997596232025909     
  0.997561006364163     
  0.997496275591278     
  0.997419213109399     
  0.996736867003050     
  0.996985611024789     
  0.997175718870071     
  0.997080922840613     
  0.996981233325818     
  0.996877401969369     
  0.996759806465843     
  0.996616827374938     
  0.996501952937297     
  0.995774160868451     
  0.996255532174221     
  0.996103387735254     
  0.995962067797973     
  0.995794299378035     
  0.995616501815475     
  0.995424881912271     
  0.995211989028621     
  0.994978194346624     
  0.994711948938095     
  0.994391224853457     
  0.993980205148993     
  0.993319791523788     
  0.990778775547510     
  0.868044718952594     
  0.745138323698435     
  0.976039930562060     
  0.991187294149215     
  0.991359624804632     
  0.990349249553004     
  0.951495943996343     
  0.817436369237664     
  0.964759205500033     
  0.964698406684072     
  0.899399694189927     
  0.980505683813245     
  0.986383911878468     
  0.985281332870768     
  0.984150591155496     
  0.982432716213566     
  0.933895601307145     
  0.889005661827375     
  0.971137485307678     
  0.829623729830150     
  0.826380324470103     
  0.827826690476491     
  0.965341240539344     
  0.965614057839673     
  0.962592298294673     
  0.957159843245248     
  0.943663311763162     
  0.948750329644653     
  0.932553775743399     
  0.934754551081187     
  0.924342405481741     
  0.906343659311937     
  0.810948107573192     
  0.838495328340517     
  0.878986391257957     
  0.862099357701489     
  0.842635858440567     
  0.831879381941063     
  0.839139498706864     
  0.854698092913297     
  0.867912827617051     
  0.875654474476550     
  0.875028800213928     
  0.863903611419941     
  0.838929856830964     
  0.793383386438398     
  0.722458497419689     
  0.596932928421485     
  0.498447588188636     
  0.487334810662513     
  0.536826803009868     
  0.619457795118816     
  0.707572781888584     
  0.773971636959919     
  0.814637901991432     
  0.840568315155312     
  0.860963136024270     
  0.878542430892445     
  0.894525711310692     
  0.910614062202459     
  0.926016720933518     
  0.937107399525289     
  0.944475741057383     
  0.951195124946047     
  0.957599660227137     
  0.961992864427823     
  0.965080635797351     
  0.967963518536625     
  0.970578192849692     
  0.973037228069063     
  0.975205591732029     
  0.977218666803733     
  0.979085478208763     
  0.980921561388392     
  0.982585642264895     
  0.984236149621423     
  0.985706374088857     
  0.987012617584077     
  0.988096958370468     
  0.987591388760674     
  0.988863314522536     
  0.990171846905407     
  0.991292655855885     
  0.991806097710296     
  0.992338599872954     
  0.992862288837831     
  0.993258148808083     
  0.993592137038089     
  0.993463253175850     
  0.994108874826062     
  0.994544248009218     
  0.994806208327513     
  0.994984967067160     
  0.995333721841911     
  0.995561395691489     
  0.995757608881871     
  0.995856520253505     
  0.990437239249327     
  0.985599084811374     
  0.995544854745204     
  0.995474979903198     
  0.996685880452983     
  0.996863430427550     
  0.996908338534544     
  0.985373810622236     
  0.996830170946409     
  0.997302143112746     
  0.997214027396973     
  0.995395458418638     
  0.997267338207730     
  0.997518123758339     
  0.997368276385677     
  0.997184856254252     
  0.997041674634979     
  0.994980307067033     
  0.910284230619987     
  0.869687250914798     
  0.952980295206222     
  0.996357736826650     
  0.997330877824964     
  0.997693558732291     
  0.997771729880350     
  0.997676442365371     
  0.997094687187145     
  0.992457115954113     
  0.757576078918149     
  0.743743882760412     
  0.722120803515642     
  0.905920335440329     
  0.996760860807343     
  0.997872543422507     
  0.996479653011598     
  0.998157328386166     
  0.998545987781931     
  0.998639939431257     
  0.998699932939319     
  0.998747725102986     
  0.998750000337908     
  0.998473999307673     
  0.998599801548843     
  0.997820958668076     
  0.998896131685123     
  0.998951435458838     
  0.998980714292744     
  0.998805324105718     
  0.999018699130813     
  0.999053522445495     
  0.999074439698634     
  0.999095333846996     
  0.999115146613747     
  0.999133429264012     
  0.999142361378170     
  0.998724333839470     
  0.998898227936454     
  0.999184295669899     
  0.999213227907982     
  0.998707320761820     
  0.999119824983973     
  0.999261921138821     
  0.999276180215422     
  0.999286425981044     
  0.999024923664556     
  0.997962324457445     
  0.999230562156986     
  0.999332721895375     
  0.999343857035431     
  0.999332600295812     
  0.999181362057339     
  0.999317278267078     
  0.999309718463452     
  0.999261231311863     
  0.999369016427509     
  0.999360789118022     
  0.999340085724710     
  0.999298028454576     
  0.999199259626931     
  0.998858217691862     
  0.991186384963333     
  0.948417873165018     
  0.985696203583658     
  0.996842867255255     
  0.961544665145206     
  0.929504646990386     
  0.990028368215074     
  0.998570834941186     
  0.999060122439465     
  0.999242161021858     
  0.999266987007268     
  0.999165552620304     
  0.995141083512811     
  0.899814962402449     
  0.939722703834131     
  0.979894208763143     
  0.998622835936924     
  0.999374028767958     
  0.999292439770144     
  0.999520116053488     
  0.999572301681204     
  0.999587391426363     
  0.999598598362564     
  0.999608364622145     
  0.999616835485660     
  0.999623987030666     
  0.999602844053415     
  0.999602283587188     
  0.999643592722440     
  0.999648534617074     
  0.999654683498648     
  0.999422402941146     
  0.999634843374877     
  0.999633743179803     
  0.999553661386993     
  0.999647787268711     
  0.999604558159051     
  0.999368952463521     
  0.999663687930222     
  0.999685218149074     
  0.999686986901292     
  0.999659084028892     
  0.999686967626561     
  0.999677442547037     
  0.999513656390658     
  0.997720197061856     
  0.998484719196378     
  0.999631968993607     
  0.999686005579337     
  0.999645650335795     
  0.998670919037505     
  0.997089626617873     
  0.999623773697240     
  0.999708498361062     
  0.999720303046591     
  0.999698984635583     
  0.999728866775907     
  0.999645387919342     
  0.999732239370366     
  0.999738249537868     
  0.999739594734711     
  0.999742266200994     
  0.999743616920332     
  0.999744925905800     
  0.999745018935568     
  0.999707206779802     
  0.999664674282473     
  0.998565621957443     
  0.983945107192738     
  0.998503469462444     
  0.999616876874460     
  0.999750269216898     
  0.999760054132503     
  0.999763956003358     
  0.999765121890122     
  0.999729512242414     
  0.999762985885785     
  0.999749859457353     
  0.999736425722071     
  0.999088912867333     
  0.999329452439843     
  0.999648273117368     
  0.999681955032628     
  0.999773539571839     
  0.999773501449000     
  0.999768755666796     
  0.999672428671115     
  0.999607568560438     
  0.998956796563035     
  0.976235492483768     
  0.985410002792135     
  0.968643979409479     
  0.962854618906949     
  0.999663557026168     
  0.999595817885285     
  0.999550782867456     
  0.998520330624303     
  0.993412335571615     
  0.999542809661927     
  0.999736368004859     
  0.999768201199777     
  0.999754377019499     
  0.999711057300262     
  0.999032902092317     
  0.951152258244579     
  0.932526103217086     
  0.997924484600081     
  0.999516801553685     
  0.999138356634860     
  0.999725547107546     
  0.999787376426357     
  0.999792065760284     
  0.999799482420906     
  0.999803491967843     
  0.999802498480535     
  0.999807307302544     
  0.999808083684341     
  0.999756117631754     
  0.999557210022914     
  0.998715612648907     
  0.999701464018722     
  0.999812369896440     
  0.999815152709590     
  0.999814995712063     
  0.999808225449260     
  0.999503760705579     
  0.999773291846470     
  0.999815754772635     
  0.999818388989910     
  0.999819606663631     
  0.999819530504121     
  0.999818738063416     
  0.999820215491148     
  0.999820532519986     
  0.999819949402129     
  0.999503762389276     
  0.999074171488166     
  0.999810771947141     
  0.999765093261434     
  0.999585250778840     
  0.999326166581855     
  0.999084515582477     
  0.999818400222207     
  0.999814098614882     
  0.999789740126028     
  0.995417862792125     
  0.995399548996570     
  0.999776808973537     
  0.999777201556725     
  0.999739563391882     
  0.998706185228036     
  0.998707044708836     
  0.999743702522207     
  0.999804223600983     
  0.999788239434278     
  0.999782180973237     
  0.999654494491084     
  0.992055874031361     
  0.982763019230152     
  0.998919181214127     
  0.999743265722335     
  0.998869320914020     
  0.974267951410120     
  0.994628378825154     
  0.999646476065140     
  0.999798819103344     
  0.999717129713491     
  0.997522344641875     
  0.998452516655705     
  0.999795809301726     
  0.999764042104604     
  0.999805237175521     
  0.999817480089500     
  0.999816102329460     
  0.999813257759012     
  0.999810114175558     
  0.999803782709236     
  0.999589796198357     
  0.999745489148756     
  0.999767194136428     
  0.999750571813307     
  0.999695575269885     
  0.999336259409573     
  0.982178424997892     
  0.924357401698093     
  0.952406341327721     
  0.997673108744323     
  0.995757140710319     
  0.962403717129039     
  0.976449764519830     
  0.998608767809533     
  0.999467298577246     
  0.998263836803671     
  0.997949685651392     
  0.999628072195727     
  0.999568658106736     
  0.998886740684644     
  0.905960365513887     
  0.904992320395329     
  0.999186862910814     
  0.999477784385565     
  0.999695154703632     
  0.999742801791712     
  0.999749425999594     
  0.999743559916024     
  0.999527107018506     
  0.999112991808873     
  0.998857490177926     
  0.998875305555646     
  0.999415415289901     
  0.994528603671252     
  0.869048740732126     
  0.898620620050906     
  0.997443462984917     
  0.995603498154131     
  0.926787731369756     
  0.910129209923735     
  0.992596516009153     
  0.997683005673245     
  0.975936442451373     
  0.975498736384754     
  0.997020305333970     
  0.983957929163486     
  0.933615663083208     
  0.966042120378298     
  0.997843515883506     
  0.999267915382769     
  0.999339488066983     
  0.999154032314602     
  0.994304111037257     
  0.963272732794258     
  0.911611477661079     
  0.963866245825194     
  0.997410302126254     
  0.998617790391053     
  0.991788417589963     
  0.986221073973302     
  0.997947473527511     
  0.999450973562008     
  0.990271208147766     
  0.990550103865406     
  0.988593787295739     
  0.962703847510694     
  0.994319816437387     
  0.999407125508751     
  0.999738980407814     
  0.999600896434592     
  0.999316744019699     
  0.999754538577916     
  0.999759986790534     
  0.999763419850926     
  0.999777737706556     
  0.999726490627333     
  0.999636492580396     
  0.999636977431614     
  0.999741781870482     
  0.999778073550851     
  0.999778707744234     
  0.999777278744227     
  0.999629881894337     
  0.999730573810021     
  0.999775586504120     
  0.999764728088800     
  0.999773773649774     
  0.999772192268282     
  0.999761280870788     
  0.999764222974622     
  0.999767275461078     
  0.999763829073277     
  0.999761763691076     
  0.999756918475206     
  0.999748374530928     
  0.999732730830178     
  0.999269693966788     
  0.990820408141897     
  0.995421089953058     
  0.999265345732699     
  0.978044535914653     
  0.953039823649978     
  0.998674892737232     
  0.999664033641412     
  0.999677100818955     
  0.999627381430605     
  0.996462182928432     
  0.960302685732589     
  0.976256935938437     
  0.999054072967539     
  0.999659992083050     
  0.999670652358874     
  0.999419738512033     
  0.999313632434040     
  0.999638998685361     
  0.999681300658991     
  0.994536888731618     
  0.998138300202353     
  0.996109075686324     
  0.997063485666475     
  0.999678536636564     
  0.999675464984247     
  0.999663793322402     
  0.999678250418019     
  0.999674510980519     
  0.999669780560707     
  0.999665342790445     
  0.999659348339423     
  0.999644382996405     
  0.999638753178251     
  0.999566761360850     
  0.999594776425835     
  0.999620152742948     
  0.999619413780390     
  0.998943475208629     
  0.999587203038020     
  0.999564566276706     
  0.999372629791639     
  0.999483623897196     
  0.999503205120906     
  0.998807014351110     
  0.991761355847064     
  0.973452085275368     
  0.998691629419314     
  0.999428899246086     
  0.999406038655062     
  0.997740667956353     
  0.994887217441618     
  0.998210231944500     
  0.996936161831800     
  0.947548611907312     
  0.977466884092774     
  0.768670922173074     
  0.984470232252214     
  0.999037368854321     
  0.999239685008819     
  0.999281722911097     
  0.999274030029235     
  0.999224919378447     
  0.999057111610611     
  0.996889366098285     
  0.931309432750044     
  0.931346929864363     
  0.996846173829017     
  0.997400641746188     
  0.989088492984003     
  0.997425859395877     
  0.999148204987796     
  0.999165623140620     
  0.999154668516120     
  0.999131381742141     
  0.999116421116225     
  0.999102467711337     
  0.999079597158790     
  0.999056569401378     
  0.999020836342195     
  0.999003843578614     
  0.998973299187221     
  0.998938339065708     
  0.998798163627762     
  0.998435540215888     
  0.998722516707845     
  0.998802053526286     
  0.998735074924211     
  0.998077028959838     
  0.998685032380344     
  0.998632506280310     
  0.998281193874967     
  0.998396303392718     
  0.998469750250530     
  0.998378658132245     
  0.997174066096367     
  0.986194724735621     
  0.993306891533018     
  0.955674086466857     
  0.967811107840319     
  0.997124053245029     
  0.990408491463653     
  0.977218204246471     
  0.994739678652494     
  0.989454506944116     
  0.990749078538977     
  0.993848770138851     
  0.996833186637472     
  0.997272705764207     
  0.997151438649669     
  0.997015575221132     
  0.996858811049503     
  0.996659312041573     
  0.996527179264961     
  0.996339456476360     
  0.996128947137575     
  0.995909347241140     
  0.995647774591020     
  0.991451726869075     
  0.985393100193267     
  0.994685761682333     
  0.994498165785009     
  0.994139311324126     
  0.993718716487935     
  0.993599245706758     
  0.993290841092642     
  0.992943290808690     
  0.992555022088578     
  0.992145087352989     
  0.991714724379915     
  0.991230723745580     
  0.990701634182317     
  0.990187290138692     
  0.989448228010203     
  0.988772486298942     
  0.988024716920900     
  0.987055931974816     
  0.981970578836779     
  0.976951821310572     
  0.981336609628022     
  0.983141906987861     
  0.982103139167485     
  0.980534637151361     
  0.979467914051434     
  0.978329217511691     
  0.976922630445398     
  0.975685842407902     
  0.974410907472792     
  0.973195968502388     
  0.972151557520092     
  0.971136274089938     
  0.969884206158402     
  0.968655607375841     
  0.968474019653478     
  0.969606712635409     
  0.970896270916661     
  0.971956987681365     
  0.972993044865140     
  0.974155759443261     
  0.974995651089230     
  0.975893651117460     
  0.977921400945814     
  0.979274882272007     
  0.980596878102344     
  0.981863279271365     
  0.982961052165943     
  0.984142470355546     
  0.985164657907002     
  0.986052944014590     
  0.986997861330675     
  0.987668358337730     
  0.988574530959152     
  0.988941024617068     
  0.989000437001229     
  0.990114725001090     
  0.991103572640278     
  0.991614071571566     
  0.990631778764762     
  0.978517677763147     
  0.987676246228707     
  0.990900206796473     
  0.993520439777916     
  0.993651827072737     
  0.994203517634051     
  0.994510501548101     
  0.994831010529559     
  0.995111191957305     
  0.995173015775158     
  0.995294673747197     
  0.987185531083496     
  0.967913543656722     
  0.991681207411718     
  0.996275634639442     
  0.996634029636892     
  0.996841765697821     
  0.997003987948743     
  0.997018323354869     
  0.993550891539503     
  0.994287646113808     
  0.997458521542335     
  0.997508650038590     
  0.997625807527707     
  0.997861453453811     
  0.997950028730546     
  0.998033464959965     
  0.998111783715500     
  0.998185507087313     
  0.998254500982385     
  0.998319779520907     
  0.998380179080293     
  0.998422808960791     
  0.998300936339756     
  0.998542906936331     
  0.998591493718554     
  0.998636939257384     
  0.998681235372488     
  0.998721372971361     
  0.997907127466059     
  0.998533783178628     
  0.998831012303593     
  0.998863282467827     
  0.998892321864513     
  0.998918562875465     
  0.998942119833149     
  0.998963364936852     
  0.998981709145467     
  0.998994918525240     
  0.999003986601279     
  0.998995394787736     
  0.998823184004450     
  0.998855667922425     
  0.998441412099337     
  0.998686233814172     
  0.998777533482780     
  0.998579870197113     
  0.998167642422536     
  0.997113731418138     
  0.982634295790021     
  0.757043250236117     
  0.475763468989057     
  0.946494041547298     
  0.995651860066779     
  0.997205245503996     
  0.983024514039072     
  0.993218156476908     
  0.992754083891992     
  0.998671792509205     
  0.999194926254625     
  0.999150729801356     
  0.997836082321778     
  0.994818063895311     
  0.997992349788849     
  0.999134391536145     
  0.999424000226926     
  0.999404196036375     
  0.999439626616262     
  0.999514588403544     
  0.999529649097560     
  0.999537659495306     
  0.999504696172084     
  0.998857506782351     
  0.998166313883736     
  0.999441896283511     
  0.999573068390948     
  0.999555164678172     
  0.999620461479993     
  0.999629415633477     
  0.999638374386700     
  0.999644548884887     
  0.999650647273095     
  0.999656185644197     
  0.999658640471925     
  0.999656814530869     
  0.999643114863537     
  0.999486665062428     
  0.993826625063786     
  0.997630829823197     
  0.999450965768614     
  0.993654539714416     
  0.983803999826644     
  0.998238185877379     
  0.999226898794882     
  0.999663362215896     
  0.999703823654273     
  0.999713315971892     
  0.999712306016718     
  0.999684981056712     
  0.998627840015729     
  0.989407743567727     
  0.997800147873329     
  0.999690395588429     
  0.999740525832935     
  0.999753254331958     
  0.999757538548851     
  0.999767508081755     
  0.999770606062146     
  0.999764646446252     
