  0.999440057302767     
  0.999439916538569     
  0.999432446379266     
  0.999435792022644     
  0.999424445175666     
  0.999378278795431     
  0.999335061664339     
  0.999323701144433     
  0.999399045766062     
  0.999394256502914     
  0.999348029100132     
  0.989353122020820     
  0.997683382009331     
  0.999292319843169     
  0.999247632904975     
  0.999171038840187     
  0.998942518015512     
  0.997580192128856     
  0.896343431505514     
  0.760609913216915     
  0.965367968255984     
  0.989152981047644     
  0.979048062071901     
  0.998186437336763     
  0.999157202709574     
  0.999138189888645     
  0.999270414126164     
  0.999284490500782     
  0.999290234672662     
  0.999291545267532     
  0.999287432168599     
  0.999127006726204     
  0.999029552740408     
  0.999269514693745     
  0.999267854048286     
  0.999260140547187     
  0.999251468570626     
  0.999243532361864     
  0.999233631877698     
  0.999204395124612     
  0.999212885642236     
  0.999203962548158     
  0.999146566331478     
  0.999136318350388     
  0.999168996973488     
  0.999150706710088     
  0.999141958153130     
  0.999125132803091     
  0.999101771096298     
  0.999040555418605     
  0.998716386336531     
  0.992609428711058     
  0.996231187424202     
  0.998933031273309     
  0.998939439599133     
  0.996186611449263     
  0.948326585159243     
  0.985577561131208     
  0.985649450224494     
  0.988332108416769     
  0.998728457212276     
  0.998607261123764     
  0.998839644922644     
  0.998866503335537     
  0.998848637808681     
  0.998828777365759     
  0.998807459383278     
  0.998784862689786     
  0.998760962184835     
  0.998737042667406     
  0.998711521915111     
  0.998603765262833     
  0.998658961095858     
  0.998617521982234     
  0.998603040187375     
  0.998569667163163     
  0.997973839945645     
  0.998473203526455     
  0.997746969205656     
  0.992532810395674     
  0.997518021330827     
  0.998277806001900     
  0.998306837733490     
  0.998267562168570     
  0.998110600527922     
  0.998180632312152     
  0.998129826131825     
  0.997995849892564     
  0.994601481758088     
  0.997206022745639     
  0.997767899689452     
  0.997418592066687     
  0.995365961858747     
  0.995760352492367     
  0.990493955045388     
  0.997589925267959     
  0.997562520654696     
  0.997498717907257     
  0.997421333858721     
  0.996738897844809     
  0.996988688064149     
  0.997178435379030     
  0.997084062676649     
  0.996984402968948     
  0.996880582761419     
  0.996762768183520     
  0.996619517752814     
  0.996504690665640     
  0.995787900464562     
  0.996259390021252     
  0.996107393784700     
  0.995966287834598     
  0.995798725828782     
  0.995621131153038     
  0.995429724981700     
  0.995217113611493     
  0.994983567271926     
  0.994717630297754     
  0.994397349579206     
  0.993986947797982     
  0.993328151959799     
  0.990798661486121     
  0.868429452882060     
  0.745900861477761     
  0.976103345768285     
  0.991199443618688     
  0.991367829584436     
  0.990341805405928     
  0.951539932807856     
  0.817851932210521     
  0.964758952265181     
  0.964729221814985     
  0.899632633793277     
  0.980508309785294     
  0.986392078445492     
  0.985294981711995     
  0.984163652230964     
  0.982434038479104     
  0.934013364436887     
  0.889257981774628     
  0.971132970151383     
  0.830171653522918     
  0.826845613792457     
  0.828299561928952     
  0.965382339872434     
  0.965639564509244     
  0.962607013007857     
  0.957148214828623     
  0.943664983095149     
  0.948768715474668     
  0.932611570150747     
  0.934795199562795     
  0.924384556068996     
  0.906422241068479     
  0.811316678611529     
  0.838736538005562     
  0.879026286231056     
  0.862123410491171     
  0.842659427661338     
  0.831908127218627     
  0.839169515832633     
  0.854727632908539     
  0.867943943674433     
  0.875684799315353     
  0.875060176857225     
  0.863933574915087     
  0.838947395615750     
  0.793366644790214     
  0.722372083780460     
  0.596850782995023     
  0.498453510506774     
  0.487350539141815     
  0.536785297710736     
  0.619390495322092     
  0.707501990605415     
  0.773929375889625     
  0.814621475734400     
  0.840566410008231     
  0.860968983130339     
  0.878559158769886     
  0.894554853970246     
  0.910651637929931     
  0.926058423200938     
  0.937149693786140     
  0.944517075359586     
  0.951234593430354     
  0.957637050009131     
  0.962027879295296     
  0.965113306165259     
  0.967993900098107     
  0.970606633753549     
  0.973063372048571     
  0.975229940132939     
  0.977241266872975     
  0.979106398886245     
  0.980941010526581     
  0.982604191127456     
  0.984253030029086     
  0.985721933964470     
  0.987027099418084     
  0.988111438625022     
  0.987607644343866     
  0.988877728116218     
  0.990184169247296     
  0.991303010428761     
  0.991815963142645     
  0.992347566881900     
  0.992870284382500     
  0.993265367137023     
  0.993598687783120     
  0.993471107464556     
  0.994115096395611     
  0.994549933183712     
  0.994811945004555     
  0.994990935521642     
  0.995339000753622     
  0.995566435592644     
  0.995762392365016     
  0.995860811524760     
  0.990463965322144     
  0.985648414523052     
  0.995548417544637     
  0.995478526264860     
  0.996688707847908     
  0.996866729040188     
  0.996910989240042     
  0.985429393570505     
  0.996833394110737     
  0.997305076578811     
  0.997218051506817     
  0.995403494607462     
  0.997271233266524     
  0.997521028945093     
  0.997371754053610     
  0.997187723822803     
  0.997038163273573     
  0.994926010201500     
  0.910413672645130     
  0.869912516959311     
  0.952977435822733     
  0.996323921860877     
  0.997331273891011     
  0.997696134438042     
  0.997774297707079     
  0.997678267469805     
  0.997077077632500     
  0.992306660143683     
  0.757904652528762     
  0.744064225503517     
  0.722551684101824     
  0.905929328264889     
  0.996691768731855     
  0.997868289327168     
  0.996488074032693     
  0.998158770213203     
  0.998547297885849     
  0.998641381254754     
  0.998701311447596     
  0.998748988778486     
  0.998751047373818     
  0.998475365253717     
  0.998601466691595     
  0.997825547098617     
  0.998897311395643     
  0.998952501113708     
  0.998981734792658     
  0.998809736313814     
  0.999019783442765     
  0.999054444710181     
  0.999075347640764     
  0.999096225789377     
  0.999116020206319     
  0.999134217893457     
  0.999142822469749     
  0.998725010667523     
  0.998899615144414     
  0.999184941056734     
  0.999213502594156     
  0.998707278530573     
  0.999119615319875     
  0.999262378684969     
  0.999276844020249     
  0.999286945047232     
  0.999025937465977     
  0.997967527201305     
  0.999231132536587     
  0.999333307644039     
  0.999344502710043     
  0.999333312126397     
  0.999182597232873     
  0.999318062829828     
  0.999311251737646     
  0.999263657419676     
  0.999369710333927     
  0.999361551424291     
  0.999340910970009     
  0.999299019562682     
  0.999200738842333     
  0.998863585264630     
  0.991226306473644     
  0.948595383533094     
  0.985755315660005     
  0.996865775281079     
  0.961695252487410     
  0.929749187249072     
  0.990080271601134     
  0.998578443093954     
  0.999062082659701     
  0.999243455694406     
  0.999267991781023     
  0.999162797406959     
  0.995121946415594     
  0.900045979452052     
  0.939836631525970     
  0.979935066439071     
  0.998619776026262     
  0.999373796139339     
  0.999294548357830     
  0.999520732413719     
  0.999572697013109     
  0.999587766917521     
  0.999598936690377     
  0.999608691549673     
  0.999617139407224     
  0.999624245068753     
  0.999603196118973     
  0.999602703636638     
  0.999643844341785     
  0.999648756825259     
  0.999654647252540     
  0.999422190683884     
  0.999634484100387     
  0.999634260773034     
  0.999554135955270     
  0.999647161214115     
  0.999604499257877     
  0.999373338866146     
  0.999663883688372     
  0.999685384032170     
  0.999687149702746     
  0.999659409032980     
  0.999687052010237     
  0.999676881159788     
  0.999509618372245     
  0.997712377222042     
  0.998477554935430     
  0.999629442244591     
  0.999685677778216     
  0.999644492922653     
  0.998668485211281     
  0.997090990609290     
  0.999621578457683     
  0.999708336552936     
  0.999720409977780     
  0.999699207079811     
  0.999729024515913     
  0.999645960835933     
  0.999732356897429     
  0.999738342822533     
  0.999739685108860     
  0.999742357838127     
  0.999743702417637     
  0.999745009640659     
  0.999745107830044     
  0.999707799611317     
  0.999665656428240     
  0.998572024675004     
  0.983985907163509     
  0.998510012283357     
  0.999618255231800     
  0.999750371038998     
  0.999760104793052     
  0.999764016261011     
  0.999765173623526     
  0.999729834546336     
  0.999764111666630     
  0.999749601964534     
  0.999736011567800     
  0.999090760391274     
  0.999330455871877     
  0.999649957145932     
  0.999683717096068     
  0.999773570356157     
  0.999773547827307     
  0.999768747420312     
  0.999672687499367     
  0.999608574076976     
  0.998963639767631     
  0.976298094839085     
  0.985452356214132     
  0.968726443784019     
  0.963028351289131     
  0.999659100015532     
  0.999595473314862     
  0.999549548050459     
  0.998513977021880     
  0.993406472027695     
  0.999537287543609     
  0.999735603463005     
  0.999768183043611     
  0.999754404437615     
  0.999709813284096     
  0.999020809913113     
  0.951262129287576     
  0.932691599588211     
  0.997910559955314     
  0.999514554325398     
  0.999138410020760     
  0.999725095784819     
  0.999787233820887     
  0.999791990747721     
  0.999799417181551     
  0.999803439675055     
  0.999802442108454     
  0.999807221094260     
  0.999807565911061     
  0.999754284675368     
  0.999555633340011     
  0.998717514240813     
  0.999701775278611     
  0.999812477767644     
  0.999815087044619     
  0.999814864423403     
  0.999807864811952     
  0.999503505723203     
  0.999773024351647     
  0.999815581664344     
  0.999818282150918     
  0.999819512802613     
  0.999819423977966     
  0.999819238221819     
  0.999820218762161     
  0.999820421391445     
  0.999819929726728     
  0.999504615110366     
  0.999075991206879     
  0.999810726393546     
  0.999764642118795     
  0.999585097805674     
  0.999328293787436     
  0.999088255998026     
  0.999818146326249     
  0.999813177754430     
  0.999779838824914     
  0.995389929090131     
  0.995371721385499     
  0.999766984598141     
  0.999776081879377     
  0.999737066406094     
  0.998700675078903     
  0.998701602281996     
  0.999741268954645     
  0.999803749376737     
  0.999788158786392     
  0.999782112085063     
  0.999654507169053     
  0.992089735882307     
  0.982842582623106     
  0.998921693588860     
  0.999743506623105     
  0.998872968828071     
  0.974318696546884     
  0.994640488159915     
  0.999647664206206     
  0.999798588679623     
  0.999716861716174     
  0.997531119119097     
  0.998456523211672     
  0.999795280159650     
  0.999764373069209     
  0.999805127790045     
  0.999817217529986     
  0.999815818208700     
  0.999812960451000     
  0.999809798984590     
  0.999803406875868     
  0.999590315804293     
  0.999745189608173     
  0.999766716703171     
  0.999749824908279     
  0.999689729070290     
  0.999273201996163     
  0.981948027566178     
  0.924053892076391     
  0.952121131820831     
  0.997533553964889     
  0.995702503957052     
  0.962370932843651     
  0.976408294712628     
  0.998582695328787     
  0.999463537190116     
  0.998265981520292     
  0.997952672112320     
  0.999627596384016     
  0.999564265438928     
  0.998848044160905     
  0.906162843265410     
  0.905198147706311     
  0.999147183068030     
  0.999473277942342     
  0.999694473631075     
  0.999742390311757     
  0.999749047523877     
  0.999743106587753     
  0.999527004770119     
  0.999112983369335     
  0.998853822457703     
  0.998871210433336     
  0.999407525809905     
  0.994491102176630     
  0.869310612055771     
  0.898804272529851     
  0.997381044177423     
  0.995390936768804     
  0.926437037246298     
  0.909791667424440     
  0.992353099708815     
  0.997621834920201     
  0.975911430683475     
  0.975474858928428     
  0.996983381055512     
  0.983888585567889     
  0.933561035051675     
  0.965973536289870     
  0.997809409578292     
  0.999262784781544     
  0.999337557632558     
  0.999145442144531     
  0.994257254009542     
  0.963176373573273     
  0.911527718067072     
  0.963765113659822     
  0.997367107914997     
  0.998605319311062     
  0.991776526413841     
  0.986214184868630     
  0.997935273535484     
  0.999450114693671     
  0.990293748555487     
  0.990542615666690     
  0.988484119517663     
  0.962574401670748     
  0.994223130338600     
  0.999386584231153     
  0.999736603153147     
  0.999600469612919     
  0.999317604770500     
  0.999753728884198     
  0.999759533564560     
  0.999762928379295     
  0.999776913609638     
  0.999725614676281     
  0.999635020509912     
  0.999635495473091     
  0.999740815586345     
  0.999777199765172     
  0.999777862133711     
  0.999776396057146     
  0.999629564494365     
  0.999729805260657     
  0.999774665471258     
  0.999763849047090     
  0.999772840485745     
  0.999771245801749     
  0.999760373494197     
  0.999763269365842     
  0.999766287969471     
  0.999762815612267     
  0.999760745413864     
  0.999755870855552     
  0.999747260951985     
  0.999731402692405     
  0.999270503230995     
  0.990842337147179     
  0.995432659059718     
  0.999266380154090     
  0.978083598298710     
  0.953128257636348     
  0.998675732067854     
  0.999662701692493     
  0.999674719236991     
  0.999608416702555     
  0.996361976932466     
  0.960145692276966     
  0.976106967635080     
  0.998991535107167     
  0.999650939731323     
  0.999667543583388     
  0.999414875014897     
  0.999308432777461     
  0.999635570514035     
  0.999679522677365     
  0.994612102148657     
  0.998158784097080     
  0.996160206040167     
  0.997100198407867     
  0.999676959160354     
  0.999673844972234     
  0.999662186578463     
  0.999676492634512     
  0.999672706159387     
  0.999667931263030     
  0.999663453739849     
  0.999657386085913     
  0.999642267409981     
  0.999636581236055     
  0.999564790541365     
  0.999592722698749     
  0.999617977586451     
  0.999617128164419     
  0.998945082555032     
  0.999584772409731     
  0.999561747437267     
  0.999369531905510     
  0.999480482959506     
  0.999499158290483     
  0.998797004398182     
  0.991739701427008     
  0.973506863434039     
  0.998676687765930     
  0.999423781815455     
  0.999399971004555     
  0.997727797750619     
  0.994872761710220     
  0.998199125904727     
  0.996922097128579     
  0.947688358301197     
  0.977384330491180     
  0.769187347749553     
  0.984384308672375     
  0.999011264799330     
  0.999235183108885     
  0.999278209046707     
  0.999270466134319     
  0.999221266201566     
  0.999050755313506     
  0.996868171941867     
  0.931527740181990     
  0.931563035102601     
  0.996819571112236     
  0.997369658922225     
  0.989052456469068     
  0.997395665744487     
  0.999137339524678     
  0.999159931240179     
  0.999149306196131     
  0.999125729176095     
  0.999110576118507     
  0.999096413738987     
  0.999073337348124     
  0.999050110136317     
  0.999014196960824     
  0.998996952659809     
  0.998966337825873     
  0.998930468295256     
  0.998787840267931     
  0.998423596070417     
  0.998711662359002     
  0.998792982783491     
  0.998726279465789     
  0.998070948875343     
  0.998675597607736     
  0.998622879371220     
  0.998271828820986     
  0.998386220211087     
  0.998458900851527     
  0.998366371941810     
  0.997159036794334     
  0.986197525357251     
  0.993204326266666     
  0.955559030839363     
  0.967735134096636     
  0.997069641109788     
  0.990359636500880     
  0.977174355723329     
  0.994697988765959     
  0.989451172938172     
  0.990749331708233     
  0.993841104115763     
  0.996816221565804     
  0.997252829586766     
  0.997130343898726     
  0.996993394019346     
  0.996835502474343     
  0.996635053821715     
  0.996501253269108     
  0.996312103383902     
  0.996101325483148     
  0.995878940461484     
  0.995616988772415     
  0.991431795977021     
  0.985385558530335     
  0.994650310463382     
  0.994457603465029     
  0.994096486788163     
  0.993674772764715     
  0.993551714577953     
  0.993240797793522     
  0.992890512629273     
  0.992499217378872     
  0.992086280073774     
  0.991652873243971     
  0.991165263863067     
  0.990631742883737     
  0.990112985385734     
  0.989369896759796     
  0.988689602525765     
  0.987936209982047     
  0.986959979993874     
  0.981878314414834     
  0.976853863899033     
  0.981214517099630     
  0.983014839909462     
  0.981971014611484     
  0.980395833144439     
  0.979317608167015     
  0.978169568841933     
  0.976752448321558     
  0.975505660690890     
  0.974220203738349     
  0.972994745922196     
  0.971940449855927     
  0.970915593060234     
  0.969654759966494     
  0.968419907952513     
  0.968237694502377     
  0.969375498909962     
  0.970673468140175     
  0.971743857645643     
  0.972789780794609     
  0.973962679451025     
  0.974813101359887     
  0.975721928662340     
  0.977758732152904     
  0.979122091079272     
  0.980453843121177     
  0.981729528871542     
  0.982835417256167     
  0.984025358698644     
  0.985055047700242     
  0.985949953426194     
  0.986901948388069     
  0.987579286275755     
  0.988491277201707     
  0.988863862680777     
  0.988929702780975     
  0.990047261750351     
  0.991038110898815     
  0.991548318301081     
  0.990551708273470     
  0.978439414189443     
  0.987596955852568     
  0.990856335127793     
  0.993472423206468     
  0.993607410685184     
  0.994160353840163     
  0.994469626226789     
  0.994792508122137     
  0.995074792079285     
  0.995138251006313     
  0.995249629502068     
  0.987115020925355     
  0.967849574478005     
  0.991617184326165     
  0.996241057235738     
  0.996608674596789     
  0.996818351154989     
  0.996980824045732     
  0.996989366681763     
  0.993514607859494     
  0.994252499652717     
  0.997433486846484     
  0.997491410241077     
  0.997610149943827     
  0.997845707018998     
  0.997934927325344     
  0.998019006471450     
  0.998097923236271     
  0.998172323379414     
  0.998241750230128     
  0.998307545656076     
  0.998368407794515     
  0.998411535383518     
  0.998291127979638     
  0.998532435687891     
  0.998581418824058     
  0.998627605964182     
  0.998672079369419     
  0.998712281891937     
  0.997902178453737     
  0.998526628261025     
  0.998822929186756     
  0.998855570537559     
  0.998884905613223     
  0.998911413933084     
  0.998935249868397     
  0.998956770887606     
  0.998975386538268     
  0.998988867130178     
  0.998998179636344     
  0.998989606501781     
  0.998817468179788     
  0.998850465971982     
  0.998438141524725     
  0.998683033899130     
  0.998774597010926     
  0.998578018460538     
  0.998167404059955     
  0.997101714657377     
  0.982535004978969     
  0.757140154060738     
  0.476558100620300     
  0.946156195602856     
  0.995560969491233     
  0.997208127093902     
  0.983062860481936     
  0.993230392135950     
  0.992767381687808     
  0.998671672429766     
  0.999192653822814     
  0.999146064574631     
  0.997827722240764     
  0.994815286767455     
  0.997984829492980     
  0.999126743008769     
  0.999419408272536     
  0.999401121507352     
  0.999436839879243     
  0.999511942173795     
  0.999527070800716     
  0.999534715987243     
  0.999498641599634     
  0.998844598517400     
  0.998153895378860     
  0.999433793723167     
  0.999569885804063     
  0.999553063073732     
  0.999618289541596     
  0.999627309986388     
  0.999636327516083     
  0.999642542113815     
  0.999648693158598     
  0.999654292049341     
  0.999656791947982     
  0.999655035963644     
  0.999641452894267     
  0.999485558347336     
  0.993840804806509     
  0.997634890240164     
  0.999453933915403     
  0.993685678818851     
  0.983870385050854     
  0.998243037759155     
  0.999222019543066     
  0.999659610905363     
  0.999702042822847     
  0.999711918828776     
  0.999711054755429     
  0.999684881907311     
  0.998635795966176     
  0.989451845973953     
  0.997811786983054     
  0.999690863784265     
  0.999739451954024     
  0.999752028396143     
  0.999756323126590     
  0.999766313514869     
  0.999769468013202     
  0.999763845500093     
