  0.999440328783599     
  0.999440179558569     
  0.999432692582835     
  0.999436039384609     
  0.999424726449410     
  0.999378657574717     
  0.999335442246132     
  0.999324105034597     
  0.999399315558188     
  0.999393976443841     
  0.999342171779555     
  0.989343294173948     
  0.997670163134358     
  0.999289500058901     
  0.999247919760968     
  0.999171534120422     
  0.998941429524409     
  0.997561262257672     
  0.896432964107819     
  0.760866974417802     
  0.965356533473545     
  0.989133510031045     
  0.979037714259449     
  0.998170818340031     
  0.999153927658486     
  0.999138336747486     
  0.999270728984928     
  0.999284834502326     
  0.999290574158068     
  0.999291883336109     
  0.999287756397442     
  0.999127533576891     
  0.999030231199851     
  0.999269835459706     
  0.999268186674380     
  0.999260481111718     
  0.999251809356810     
  0.999243879523228     
  0.999233981423240     
  0.999204793442254     
  0.999213248358329     
  0.999204325581827     
  0.999146972919934     
  0.999136725137650     
  0.999169374243530     
  0.999151106445978     
  0.999142344344846     
  0.999125522827716     
  0.999102148731338     
  0.999040609504350     
  0.998714640632074     
  0.992610018331266     
  0.996229188584554     
  0.998932355778992     
  0.998940663594543     
  0.996196967112323     
  0.948379714568496     
  0.985597352595871     
  0.985664552525230     
  0.988343070257433     
  0.998729605421708     
  0.998608368864811     
  0.998840258393361     
  0.998867018757218     
  0.998849170291717     
  0.998829322807975     
  0.998808012966537     
  0.998785432640100     
  0.998761541447899     
  0.998737630508586     
  0.998712127225722     
  0.998604624748016     
  0.998659591351888     
  0.998618199170087     
  0.998603666009267     
  0.998570062533525     
  0.997974316326346     
  0.998473442273602     
  0.997748586355781     
  0.992545463994752     
  0.997520054906800     
  0.998278729918327     
  0.998307637151046     
  0.998268377659500     
  0.998111782786744     
  0.998181465082567     
  0.998130457628601     
  0.997995225877812     
  0.994600908539693     
  0.997206478446345     
  0.997767364756296     
  0.997412549411541     
  0.995352969405531     
  0.995744947984043     
  0.990488820864487     
  0.997587076396263     
  0.997563204685948     
  0.997499821143677     
  0.997422291837927     
  0.996739815211216     
  0.996990078016164     
  0.997179662473223     
  0.997085480995040     
  0.996985834751732     
  0.996882019580380     
  0.996764106042798     
  0.996620733043208     
  0.996505927345074     
  0.995794106878813     
  0.996261132677781     
  0.996109203386849     
  0.995968194098494     
  0.995800725333548     
  0.995623222305326     
  0.995431912680409     
  0.995219428474748     
  0.994985994315803     
  0.994720196666827     
  0.994400116224491     
  0.993989993569987     
  0.993331928514424     
  0.990807644311178     
  0.868603243905314     
  0.746245313090588     
  0.976131991523126     
  0.991204931746060     
  0.991371535826697     
  0.990338442754748     
  0.951559803322420     
  0.818039649265503     
  0.964758837874687     
  0.964743141548346     
  0.899737856685136     
  0.980509495982837     
  0.986395767426698     
  0.985301147132429     
  0.984169552147382     
  0.982434635769622     
  0.934066560105262     
  0.889371959115488     
  0.971130930576229     
  0.830419160260374     
  0.827055793137617     
  0.828513166257646     
  0.965400905162222     
  0.965651086319515     
  0.962613659902126     
  0.957142962068654     
  0.943665738065054     
  0.948777020677102     
  0.932637676900089     
  0.934813561196434     
  0.924403596230390     
  0.906457737830019     
  0.811483168633988     
  0.838845496656044     
  0.879044307492553     
  0.862134275559676     
  0.842670074293401     
  0.831921111966886     
  0.839183075097277     
  0.854740976645042     
  0.867957999346135     
  0.875698497579806     
  0.875074350240481     
  0.863947109954547     
  0.838955318194358     
  0.793359082292039     
  0.722333049213320     
  0.596813676454776     
  0.498456185722805     
  0.487357643974216     
  0.536766549033463     
  0.619360094813789     
  0.707470012930397     
  0.773910285816184     
  0.814614055703175     
  0.840565549419391     
  0.860971624371522     
  0.878566715048315     
  0.894568018225895     
  0.910668611552047     
  0.926077260854557     
  0.937168798853939     
  0.944535746797271     
  0.951252422045206     
  0.957653939637466     
  0.962043696132767     
  0.965128063950813     
  0.968007623989298     
  0.970619481015351     
  0.973075181748951     
  0.975240938738659     
  0.977251475726294     
  0.979115849128526     
  0.980949796048467     
  0.982612569978906     
  0.984260655209826     
  0.985728962637437     
  0.987033641120520     
  0.988117979614052     
  0.987614987280523     
  0.988884238993434     
  0.990189735468858     
  0.991307687774022     
  0.991820419534449     
  0.992351617439865     
  0.992873896112747     
  0.993268627785090     
  0.993601646871646     
  0.993474655387077     
  0.994117906789750     
  0.994552501278650     
  0.994814536364143     
  0.994993631579275     
  0.995341385332478     
  0.995568712206186     
  0.995764553149980     
  0.995862749968827     
  0.990476037967943     
  0.985670697637647     
  0.995550026924994     
  0.995480128219986     
  0.996689985032895     
  0.996868219082680     
  0.996912186611270     
  0.985454501385672     
  0.996834850071922     
  0.997306401678097     
  0.997219869269494     
  0.995407124698275     
  0.997272992734559     
  0.997522341270160     
  0.997373324978733     
  0.997189019155082     
  0.997036577128496     
  0.994901483330719     
  0.910472143937568     
  0.870014273686575     
  0.952976144188082     
  0.996308647032007     
  0.997331452801193     
  0.997697297930742     
  0.997775457640694     
  0.997679091902385     
  0.997069123079169     
  0.992238696540586     
  0.758053075156928     
  0.744208930101968     
  0.722746320640908     
  0.905933390486341     
  0.996660558593550     
  0.997866367675462     
  0.996491877960128     
  0.998159421512542     
  0.998547889683482     
  0.998642032552508     
  0.998701934144725     
  0.998749559603577     
  0.998751520338894     
  0.998475982276273     
  0.998602218866732     
  0.997827619775816     
  0.998897844292263     
  0.998952982489329     
  0.998982195770971     
  0.998811729388244     
  0.999020273246143     
  0.999054861313873     
  0.999075757774704     
  0.999096628695946     
  0.999116414823946     
  0.999134574131702     
  0.999143030753194     
  0.998725316403050     
  0.998900241771471     
  0.999185232589703     
  0.999213626674898     
  0.998707259453943     
  0.999119520610789     
  0.999262585366888     
  0.999277143872973     
  0.999287179518883     
  0.999026395418547     
  0.997969877375507     
  0.999231390187451     
  0.999333572237386     
  0.999344794373038     
  0.999333633673253     
  0.999183155184196     
  0.999318417231139     
  0.999311944345594     
  0.999264753336881     
  0.999370023784128     
  0.999361895771959     
  0.999341283748388     
  0.999299467264328     
  0.999201407030972     
  0.998866009895402     
  0.991244339750051     
  0.948675568214157     
  0.985782017666702     
  0.996876123255691     
  0.961763275547323     
  0.929859650562950     
  0.990103717311522     
  0.998581879835991     
  0.999062968127118     
  0.999244040521737     
  0.999268445655759     
  0.999161552826546     
  0.995113301837619     
  0.900150334094302     
  0.939888094756446     
  0.979953522601817     
  0.998618393808412     
  0.999373691056719     
  0.999295500845656     
  0.999521010834970     
  0.999572875591799     
  0.999587936533783     
  0.999599089519274     
  0.999608839228853     
  0.999617276694191     
  0.999624361629309     
  0.999603355153473     
  0.999602893380712     
  0.999643958002880     
  0.999648857200794     
  0.999654630879505     
  0.999422094803363     
  0.999634321809474     
  0.999634494579451     
  0.999554350326522     
  0.999646878413694     
  0.999604472651133     
  0.999375320285272     
  0.999663972115946     
  0.999685458964631     
  0.999687223243176     
  0.999659555843336     
  0.999687090127902     
  0.999676627570781     
  0.999507794324581     
  0.997708844855582     
  0.998474318706057     
  0.999628300865254     
  0.999685529704380     
  0.999643970097689     
  0.998667385806867     
  0.997091606749528     
  0.999620586827261     
  0.999708263461205     
  0.999720458280586     
  0.999699307561999     
  0.999729095770003     
  0.999646219632999     
  0.999732409986588     
  0.999738384960949     
  0.999739725932543     
  0.999742399232325     
  0.999743741038357     
  0.999745047465252     
  0.999745147985334     
  0.999708067404348     
  0.999666100081764     
  0.998574916901716     
  0.984004337270010     
  0.998512967797429     
  0.999618877861490     
  0.999750417033940     
  0.999760127677369     
  0.999764043480518     
  0.999765196992470     
  0.999729980137031     
  0.999764620202857     
  0.999749485650222     
  0.999735824486581     
  0.999091594952354     
  0.999330909140880     
  0.999650717853119     
  0.999684513053076     
  0.999773584262009     
  0.999773568777254     
  0.999768743695220     
  0.999672804416933     
  0.999609028287618     
  0.998966730971278     
  0.976326373495431     
  0.985471488048267     
  0.968763694487406     
  0.963106829463550     
  0.999657086700263     
  0.999595317665938     
  0.999548990260455     
  0.998511106980434     
  0.993403823354762     
  0.999534793099091     
  0.999735258105092     
  0.999768174842131     
  0.999754416822888     
  0.999709251338616     
  0.999015347648481     
  0.951311760103631     
  0.932766357411635     
  0.997904269931358     
  0.999513539210102     
  0.999138434136174     
  0.999724891913848     
  0.999787169403314     
  0.999791956863133     
  0.999799387711706     
  0.999803416053416     
  0.999802416644126     
  0.999807182152354     
  0.999807332023109     
  0.999753456694405     
  0.999554921122602     
  0.998718373225746     
  0.999701915880577     
  0.999812526495105     
  0.999815057382512     
  0.999814805117834     
  0.999807701905266     
  0.999503390542844     
  0.999772903519182     
  0.999815503468056     
  0.999818233889724     
  0.999819470403812     
  0.999819375858087     
  0.999819464152840     
  0.999820220239740     
  0.999820371192579     
  0.999819920838978     
  0.999505000300641     
  0.999076813208304     
  0.999810705816124     
  0.999764438329109     
  0.999585028704791     
  0.999329254686566     
  0.999089945614728     
  0.999818031636626     
  0.999812761784279     
  0.999775366219158     
  0.995377310906234     
  0.995359151124753     
  0.999762546741046     
  0.999775576099833     
  0.999735938470127     
  0.998698186039708     
  0.998699143834225     
  0.999740169665864     
  0.999803535160617     
  0.999788122356205     
  0.999782080966964     
  0.999654512895934     
  0.992105031925772     
  0.982878522924552     
  0.998922828476437     
  0.999743615442577     
  0.998874616660421     
  0.974341619093186     
  0.994645958177482     
  0.999648200912206     
  0.999798484592828     
  0.999716740656671     
  0.997535082718107     
  0.998458333049569     
  0.999795041136059     
  0.999764522572253     
  0.999805078378535     
  0.999817098926830     
  0.999815689865916     
  0.999812826151280     
  0.999809656606795     
  0.999803237104737     
  0.999590550520243     
  0.999745054299954     
  0.999766501037419     
  0.999749487516967     
  0.999687088229907     
  0.999244717753937     
  0.981843952628960     
  0.923916790958917     
  0.951992297214988     
  0.997470514393292     
  0.995677823486925     
  0.962356123552312     
  0.976389562004184     
  0.998570917888392     
  0.999461838099272     
  0.998266950330000     
  0.997954021154118     
  0.999627381450714     
  0.999562281186384     
  0.998830564196575     
  0.906254306363431     
  0.905291123865860     
  0.999129258918960     
  0.999471242295137     
  0.999694165977479     
  0.999742204438329     
  0.999748876559098     
  0.999742901810630     
  0.999526958582550     
  0.999112979557036     
  0.998852165677697     
  0.998869360587537     
  0.999403961979481     
  0.994474162027368     
  0.869428904391101     
  0.898887231903051     
  0.997352848395871     
  0.995294918682353     
  0.926278621929385     
  0.909639192948717     
  0.992243143857378     
  0.997594202907497     
  0.975900132383540     
  0.975464073018870     
  0.996966701643992     
  0.983857261722644     
  0.933536358510824     
  0.965942555527882     
  0.997794003099257     
  0.999260467189512     
  0.999336685617894     
  0.999141561798114     
  0.994236087781156     
  0.963132846243162     
  0.911489882231864     
  0.963719430297109     
  0.997347596251065     
  0.998599685882011     
  0.991771154938531     
  0.986211072926100     
  0.997929762561941     
  0.999449726726139     
  0.990303930495942     
  0.990539233101621     
  0.988434580448279     
  0.962515928464934     
  0.994179455345430     
  0.999377305336070     
  0.999735529300902     
  0.999600276809254     
  0.999317993588414     
  0.999753363129761     
  0.999759328833547     
  0.999762706371975     
  0.999776541348982     
  0.999725218992098     
  0.999634355546941     
  0.999634826043495     
  0.999740379096934     
  0.999776805059114     
  0.999777480154916     
  0.999775997330139     
  0.999629421118593     
  0.999729458091882     
  0.999774249422704     
  0.999763451966755     
  0.999772418957292     
  0.999770818264293     
  0.999759963614428     
  0.999762838602080     
  0.999765841900173     
  0.999762357812073     
  0.999760285438090     
  0.999755397625219     
  0.999746757926545     
  0.999730802746529     
  0.999270868791499     
  0.990852242908993     
  0.995437885052165     
  0.999266847422526     
  0.978101243544174     
  0.953168205003883     
  0.998676111209964     
  0.999662100024998     
  0.999673643429627     
  0.999599849962255     
  0.996316711914680     
  0.960074775246414     
  0.976039224003489     
  0.998963285525762     
  0.999646850605979     
  0.999666139288329     
  0.999412678077516     
  0.999306083990224     
  0.999634021941542     
  0.999678719528045     
  0.994646077531365     
  0.998168037076121     
  0.996183302629209     
  0.997116782277288     
  0.999676246583233     
  0.999673113180842     
  0.999661460780512     
  0.999675698608994     
  0.999671890886036     
  0.999667095898736     
  0.999662600418366     
  0.999656499697215     
  0.999641311757767     
  0.999635600126814     
  0.999563900283219     
  0.999591794989592     
  0.999616995025216     
  0.999616095706446     
  0.998945808625229     
  0.999583674446805     
  0.999560474111668     
  0.999368132528982     
  0.999479064135724     
  0.999497330256990     
  0.998792482704075     
  0.991729919696125     
  0.973531607814478     
  0.998669938324776     
  0.999421470170520     
  0.999397230126426     
  0.997721984023242     
  0.994866231769326     
  0.998194109086041     
  0.996915743822817     
  0.947751484524112     
  0.977347039388990     
  0.769420627448424     
  0.984345495283077     
  0.998999473078531     
  0.999233149511115     
  0.999276621764226     
  0.999268856252038     
  0.999219615988824     
  0.999047884047512     
  0.996858598119258     
  0.931626353999919     
  0.931660654146825     
  0.996807554134770     
  0.997355663362811     
  0.989036178056370     
  0.997382026669764     
  0.999132431378160     
  0.999157360095125     
  0.999146883929125     
  0.999123175799121     
  0.999107935816279     
  0.999093679038715     
  0.999070509666543     
  0.999047192357171     
  0.999011197819508     
  0.998993839893975     
  0.998963193239704     
  0.998926912910772     
  0.998783176999710     
  0.998418200660832     
  0.998706759232318     
  0.998788885347320     
  0.998722306381038     
  0.998068202379364     
  0.998671335731873     
  0.998618530703415     
  0.998267598438333     
  0.998381665435736     
  0.998453999960375     
  0.998360822023096     
  0.997152247757018     
  0.986198790454292     
  0.993157995476929     
  0.955507057901773     
  0.967700815230583     
  0.997045062055273     
  0.990337567732459     
  0.977154548463878     
  0.994679156606112     
  0.989449666900565     
  0.990749446069787     
  0.993837641218865     
  0.996808558101552     
  0.997243851117368     
  0.997120814975047     
  0.996983374323833     
  0.996824973521453     
  0.996624095895059     
  0.996489541974294     
  0.996299747440642     
  0.996088848224891     
  0.995865205105837     
  0.995603082197055     
  0.991422792790812     
  0.985382151808836     
  0.994634296431994     
  0.994439280645912     
  0.994077142080186     
  0.993654922497035     
  0.993530243806461     
  0.993218192223700     
  0.992866671658500     
  0.992474009262933     
  0.992059715636214     
  0.991624933834490     
  0.991135694309476     
  0.990600171569544     
  0.990079420424557     
  0.989334512947859     
  0.988652162246744     
  0.987896229604803     
  0.986916636539866     
  0.981836636705538     
  0.976809614550456     
  0.981159365428897     
  0.982957441132993     
  0.981911331269105     
  0.980333132557828     
  0.979249711948113     
  0.978097452296368     
  0.976675573599962     
  0.975424268948958     
  0.974134058986306     
  0.972903849592636     
  0.971845088231822     
  0.970815906951033     
  0.969551114453988     
  0.968313437726871     
  0.968130941621501     
  0.969271054962902     
  0.970572823588873     
  0.971647582467276     
  0.972697962272704     
  0.973875461283878     
  0.974730639926255     
  0.975644358128429     
  0.977685251342109     
  0.979053072181240     
  0.980389231302290     
  0.981669111086883     
  0.982778665403417     
  0.983972456972664     
  0.985005534531928     
  0.985903430474186     
  0.986858622552755     
  0.987539050605528     
  0.988453669778097     
  0.988829007056869     
  0.988897750687408     
  0.990016787220233     
  0.991008540491007     
  0.991518616203291     
  0.990515538793642     
  0.978404060930684     
  0.987561138765782     
  0.990836517396346     
  0.993450733137194     
  0.993587346892512     
  0.994140855869506     
  0.994451162005898     
  0.994775115794915     
  0.995058349507543     
  0.995122547046769     
  0.995229282091947     
  0.987083170039226     
  0.967820678286008     
  0.991588263783411     
  0.996225437912128     
  0.996597221204163     
  0.996807774324758     
  0.996970360434566     
  0.996976286357166     
  0.993498217775056     
  0.994236623273311     
  0.997422178159341     
  0.997483622669789     
  0.997603077090925     
  0.997838594030236     
  0.997928105709665     
  0.998012475274418     
  0.998091662172283     
  0.998166368026920     
  0.998235990452563     
  0.998302019367153     
  0.998363090462030     
  0.998406442876176     
  0.998286697341056     
  0.998527705608928     
  0.998576867786300     
  0.998623389922988     
  0.998667943413789     
  0.998708175263611     
  0.997899942882642     
  0.998523396236907     
  0.998819277875816     
  0.998852086899222     
  0.998881555539153     
  0.998908184607936     
  0.998932146563175     
  0.998953792219093     
  0.998972530485706     
  0.998986133589720     
  0.998995556510004     
  0.998986991813097     
  0.998814886223336     
  0.998848116143138     
  0.998436664138358     
  0.998681588431145     
  0.998773270545681     
  0.998577181992711     
  0.998167296386643     
  0.997096286437163     
  0.982490153258980     
  0.757183927532049     
  0.476917052235425     
  0.946003583571413     
  0.995519912329573     
  0.997209428767980     
  0.983080182367353     
  0.993235919237535     
  0.992773388578739     
  0.998671618187377     
  0.999191627318073     
  0.999143957194610     
  0.997823945818125     
  0.994814032281005     
  0.997981432418713     
  0.999123288009603     
  0.999417333991048     
  0.999399732678503     
  0.999435581052026     
  0.999510746816632     
  0.999525906130250     
  0.999533386343239     
  0.999495906622923     
  0.998838767584711     
  0.998148285680966     
  0.999430133627475     
  0.999568448163094     
  0.999552113735098     
  0.999617308431638     
  0.999626358821587     
  0.999635402901833     
  0.999641635613358     
  0.999647810444211     
  0.999653436672932     
  0.999655956931037     
  0.999654232547603     
  0.999640702147955     
  0.999485058420957     
  0.993847210093241     
  0.997636724415551     
  0.999455274689481     
  0.993699745004849     
  0.983900372648102     
  0.998245229455859     
  0.999219815482699     
  0.999657916359716     
  0.999701238383930     
  0.999711287709910     
  0.999710489534439     
  0.999684837119441     
  0.998639389836045     
  0.989471767957180     
  0.997817044613426     
  0.999691075278160     
  0.999738966860345     
  0.999751474615160     
  0.999755774094794     
  0.999765773903877     
  0.999768953932547     
  0.999763483695854     
