  0.999437790819881     
  0.999436473267531     
  0.999427692502607     
  0.999431460334091     
  0.999322567832542     
  0.999385694950808     
  0.999270948557466     
  0.999395817996148     
  0.999398128898535     
  0.999379519528177     
  0.997870960046976     
  0.989120559381992     
  0.999306540048191     
  0.999239753029745     
  0.999209265689044     
  0.999047077685166     
  0.998513245879214     
  0.966349064123335     
  0.759327278268212     
  0.898828510947359     
  0.986571767900171     
  0.991321928299548     
  0.992268217250863     
  0.999135215433651     
  0.999056591289262     
  0.999259523687714     
  0.999278214692016     
  0.999285424264543     
  0.999288582767496     
  0.999287157224919     
  0.999234372053257     
  0.998921191171475     
  0.999246504091335     
  0.999266264775587     
  0.999259331753809     
  0.999251489658101     
  0.999242771281431     
  0.999234616319092     
  0.999218150818494     
  0.999200668772195     
  0.999204611442397     
  0.999178773908465     
  0.999098384168615     
  0.999169061974501     
  0.999145484227225     
  0.999144436730582     
  0.999127477895916     
  0.999107322440461     
  0.999058193048178     
  0.998966075644846     
  0.995493956971949     
  0.993118384291844     
  0.998796565335458     
  0.998951108404960     
  0.998432023288409     
  0.968431431313670     
  0.967514460282431     
  0.986995447617997     
  0.983815496530914     
  0.997836281704226     
  0.998591561653175     
  0.998854766496641     
  0.998864694503347     
  0.998850426717338     
  0.998830408638054     
  0.998809084424665     
  0.998787753870690     
  0.998763735784740     
  0.998739706705309     
  0.998715748203257     
  0.998630530003820     
  0.998660211542555     
  0.998625206589224     
  0.998606576933876     
  0.998576814200819     
  0.998392043768663     
  0.998338944417827     
  0.998304665926818     
  0.993892551095807     
  0.995850886899543     
  0.998260630383447     
  0.998302393862925     
  0.998275815152557     
  0.998146371162097     
  0.998182410601833     
  0.998140020089722     
  0.998074821739813     
  0.995861632675949     
  0.997077088823649     
  0.997479064738397     
  0.997723756581156     
  0.995958787247842     
  0.995379186682673     
  0.990447274419514     
  0.997409317400784     
  0.997572637217154     
  0.997512169948146     
  0.997440006116109     
  0.997120129730788     
  0.996862868583318     
  0.997182905274271     
  0.997104538518953     
  0.997005694532738     
  0.996902253225084     
  0.996793121095656     
  0.996649538600308     
  0.996525261474574     
  0.996119179636562     
  0.996173403105636     
  0.996149387250374     
  0.996001101220920     
  0.995837525098449     
  0.995663179049993     
  0.995475576816843     
  0.995278571814244     
  0.995013353533600     
  0.994789981236566     
  0.994486851474283     
  0.994112832453438     
  0.993569502810086     
  0.992312613017730     
  0.951330670523241     
  0.717940563291066     
  0.929921943615497     
  0.990552368747575     
  0.991375735949707     
  0.990914105644143     
  0.981577226335718     
  0.832986976366501     
  0.911718889122944     
  0.982587451899194     
  0.900948965208478     
  0.961018066929920     
  0.986525948761015     
  0.985622252581274     
  0.984502099579251     
  0.983096320809849     
  0.967127652899697     
  0.871611992640241     
  0.962578577555054     
  0.870258154433574     
  0.892834227473778     
  0.763824991435733     
  0.953442926621130     
  0.966242760415716     
  0.963569884850268     
  0.960190446300085     
  0.936646557640210     
  0.950674718076810     
  0.938963809504858     
  0.933001641345456     
  0.929441132684149     
  0.910341619588761     
  0.862117965681177     
  0.794741558299797     
  0.880647537214796     
  0.868272581547091     
  0.848752767556788     
  0.833554583016155     
  0.834357994672684     
  0.848885902322415     
  0.863572348398565     
  0.874294943482839     
  0.875801463574356     
  0.868551296100605     
  0.848748964154420     
  0.810586431349737     
  0.750808791243818     
  0.645478021281861     
  0.521313781595506     
  0.483471494116900     
  0.515819440930061     
  0.590772917872059     
  0.679701872988299     
  0.755475075427518     
  0.804283739988408     
  0.831998499534380     
  0.854025964920162     
  0.872993004288825     
  0.888798265064602     
  0.905018311461112     
  0.920844618189371     
  0.934279753082672     
  0.941967687449263     
  0.948845935263395     
  0.955431837906919     
  0.960824597961147     
  0.963992654570070     
  0.966948625455498     
  0.969669794597844     
  0.972209203725252     
  0.974439522119384     
  0.976506162833624     
  0.978424699047669     
  0.980261397956019     
  0.982040961396425     
  0.983619807763768     
  0.985205399347677     
  0.986567154618446     
  0.987704442578364     
  0.988134557151729     
  0.987547133219934     
  0.990196269537021     
  0.990838977777894     
  0.991686741757571     
  0.992092247343801     
  0.992700728936207     
  0.993116795829314     
  0.993482059452974     
  0.993531035158734     
  0.993807748597325     
  0.994419936098520     
  0.994728057088767     
  0.994764806479124     
  0.995241794646557     
  0.995476603438193     
  0.995690469389423     
  0.995838506428674     
  0.994160825765319     
  0.982736836447789     
  0.994209041863402     
  0.995339359599922     
  0.996454532086224     
  0.996819552036558     
  0.996951271400377     
  0.991442834317077     
  0.994085562319060     
  0.997271755851258     
  0.997315999809605     
  0.995887427952485     
  0.996748666080954     
  0.997494256473789     
  0.997495260881027     
  0.997231693669063     
  0.997029277838338     
  0.996369842135264     
  0.958661826330319     
  0.872699568862399     
  0.904847933311344     
  0.994669811675239     
  0.997231348979785     
  0.997509499624078     
  0.997749703240519     
  0.997732158711253     
  0.997402582064076     
  0.995264068555097     
  0.884931975035430     
  0.689997562070708     
  0.780026387639099     
  0.789152151390709     
  0.994770619754479     
  0.997684758556134     
  0.997309091350800     
  0.997601588681908     
  0.998478596216528     
  0.998611145061614     
  0.998677989757380     
  0.998729091317941     
  0.998763402922380     
  0.998528084269679     
  0.998677222782117     
  0.997661930932578     
  0.998780388448408     
  0.998937492574263     
  0.998968730000564     
  0.998918400347996     
  0.998948471198922     
  0.999043151933359     
  0.999065550711385     
  0.999085229641000     
  0.999105895620739     
  0.999124802981540     
  0.999141715781542     
  0.998896521984289     
  0.998825530840762     
  0.999138569077467     
  0.999198955048896     
  0.999091388821330     
  0.998717691867848     
  0.999253060060493     
  0.999269349594114     
  0.999282930016574     
  0.999231650677799     
  0.998035788782839     
  0.998961673268611     
  0.999325002500811     
  0.999338030425933     
  0.999341980004416     
  0.999278745816045     
  0.999218259670103     
  0.999357172065710     
  0.999149748541441     
  0.999366602096800     
  0.999361915120021     
  0.999346668320142     
  0.999313479639577     
  0.999240976610266     
  0.999025795258349     
  0.996935701322518     
  0.958352853805966     
  0.968282047617328     
  0.997165187579791     
  0.983406151209759     
  0.926819832958059     
  0.971846930700851     
  0.998072004349734     
  0.998936053312854     
  0.999207547191608     
  0.999266683486706     
  0.999221779331244     
  0.998463682375254     
  0.942594979807396     
  0.899888615642026     
  0.975180819421132     
  0.995797517476967     
  0.999370971361088     
  0.999413503966144     
  0.999402215616708     
  0.999564729761667     
  0.999581885972131     
  0.999594411607566     
  0.999604241225573     
  0.999612664793111     
  0.999620512753696     
  0.999619822363049     
  0.999566634618413     
  0.999639677933585     
  0.999645299693137     
  0.999650951463142     
  0.999618132604424     
  0.999466943651883     
  0.999659565254242     
  0.999499207291226     
  0.999654204861979     
  0.999632278414644     
  0.999262828917285     
  0.999658414800801     
  0.999680144338905     
  0.999686037629000     
  0.999668898050410     
  0.999685196704277     
  0.999682251383938     
  0.999629797366300     
  0.998503919632587     
  0.997704347477890     
  0.999506770691854     
  0.999680376443528     
  0.999659313706931     
  0.999444673137400     
  0.996149343175690     
  0.999428212363661     
  0.999698188757545     
  0.999716194553527     
  0.999700372997577     
  0.999726737063796     
  0.999706096959860     
  0.999707399896529     
  0.999735418453643     
  0.999738158537468     
  0.999740860501290     
  0.999742198276789     
  0.999743516524982     
  0.999744860189692     
  0.999718938836441     
  0.999698239913253     
  0.999548475817606     
  0.987891305228937     
  0.994649959196696     
  0.999667165532343     
  0.999711151034785     
  0.999757876104807     
  0.999761719658772     
  0.999764241062856     
  0.999734811644989     
  0.999765467375572     
  0.999758772656951     
  0.999744647118541     
  0.999447880719784     
  0.998961800542219     
  0.999645078262811     
  0.999630363128683     
  0.999770366248402     
  0.999772625715643     
  0.999769868739451     
  0.999734065971653     
  0.999534129998789     
  0.999618043047160     
  0.986366303638552     
  0.984130652883207     
  0.967511070691137     
  0.945936549335920     
  0.998546151052064     
  0.999693094656825     
  0.999489345260607     
  0.999158499139778     
  0.993201850848788     
  0.999001667895010     
  0.999671275302895     
  0.999768044629177     
  0.999759880024021     
  0.999731357132349     
  0.999580002229553     
  0.981862694510315     
  0.911302014302657     
  0.990267984901688     
  0.999575070813673     
  0.999142325225815     
  0.999599509636649     
  0.999781280754097     
  0.999792545224626     
  0.999793556349372     
  0.999801579951224     
  0.999803481634164     
  0.999805831174958     
  0.999807402691256     
  0.999800132371792     
  0.999519035990414     
  0.998975438651191     
  0.999423155985636     
  0.999808501641798     
  0.999812979728969     
  0.999813768416853     
  0.999813530668046     
  0.999623187968762     
  0.999715278577011     
  0.999809109614341     
  0.999817159461400     
  0.999818408947036     
  0.999818292185812     
  0.999819520482192     
  0.999819373719658     
  0.999820585172323     
  0.999819130105372     
  0.999744850558590     
  0.998808254800725     
  0.999747357122514     
  0.999813652312318     
  0.999523258872342     
  0.999587789740145     
  0.997978959096453     
  0.999814936553037     
  0.999816211254846     
  0.999803581450372     
  0.999384418709653     
  0.984590804882110     
  0.999747832917326     
  0.999797139972844     
  0.999764262307407     
  0.999255596721521     
  0.998240274008686     
  0.999599892863275     
  0.999799581007749     
  0.999800389581625     
  0.999782150543727     
  0.999746310788236     
  0.997232822676878     
  0.979848257226939     
  0.996384383558715     
  0.999719230247059     
  0.999636302136230     
  0.985102140508896     
  0.984590741643833     
  0.999438176492952     
  0.999790453992589     
  0.999790560572415     
  0.998622798317800     
  0.997333211205495     
  0.999699670577466     
  0.999799614120848     
  0.999770171508416     
  0.999816559993006     
  0.999815121835816     
  0.999813681905041     
  0.999810923949329     
  0.999806196204325     
  0.999663565756152     
  0.999694542376187     
  0.999744576327255     
  0.999758776220515     
  0.999718639517465     
  0.999592447652175     
  0.993806354075308     
  0.941173811226024     
  0.929359876336004     
  0.992161260849063     
  0.998409939209088     
  0.973712897643722     
  0.964107036099070     
  0.996229472723113     
  0.999415473376032     
  0.999063165868124     
  0.997356373655579     
  0.999468252192175     
  0.999638907123291     
  0.999176383284851     
  0.974419971990349     
  0.837448396031583     
  0.996319056543040     
  0.999551902175111     
  0.999581648020127     
  0.999736028747388     
  0.999746759492747     
  0.999746481094613     
  0.999678144722749     
  0.999077580597547     
  0.999099295140944     
  0.998580627218747     
  0.999396658449695     
  0.998651787142803     
  0.925652337681762     
  0.851846006575641     
  0.988753072692966     
  0.998471768649729     
  0.960305749871823     
  0.892664760759287     
  0.975461830294835     
  0.998619745682709     
  0.986373779346247     
  0.968055542392809     
  0.993454508419553     
  0.993959029404009     
  0.945954991423261     
  0.945892212725291     
  0.994220873488217     
  0.999146944381659     
  0.999338860524542     
  0.999252771729487     
  0.997795827045193     
  0.979083515189576     
  0.918689947025390     
  0.938213590552359     
  0.994115491381319     
  0.998579675488307     
  0.995759783111180     
  0.985593742912406     
  0.994725407743280     
  0.999445002818831     
  0.996352012990802     
  0.983727449618363     
  0.995752175633668     
  0.964664948349981     
  0.984760992692461     
  0.999120479778046     
  0.999732721498698     
  0.999706804376299     
  0.999257763084967     
  0.999681371170702     
  0.999773887203534     
  0.999733995553130     
  0.999776533662486     
  0.999749222919727     
  0.999700988716604     
  0.999574351852034     
  0.999711233700722     
  0.999774565322980     
  0.999776652888021     
  0.999775926824474     
  0.999753613311718     
  0.999553718900485     
  0.999773929630414     
  0.999768867734721     
  0.999771426611342     
  0.999771698563417     
  0.999768572164560     
  0.999748817577947     
  0.999765636124583     
  0.999763550295062     
  0.999760015486119     
  0.999756427970686     
  0.999751568241082     
  0.999737941702639     
  0.999452647877744     
  0.996033132968679     
  0.990397393865865     
  0.999279466495319     
  0.993755411649785     
  0.940161876371311     
  0.993676637800545     
  0.999632574157015     
  0.999677822824863     
  0.999654204572414     
  0.998938039938418     
  0.974888365213676     
  0.961264625387873     
  0.996852713592176     
  0.999634022231031     
  0.999675761892099     
  0.999547604706233     
  0.999274165935175     
  0.999551390300783     
  0.999684381367930     
  0.998508062822948     
  0.994074219351707     
  0.999058795125031     
  0.992613880685072     
  0.999653603187965     
  0.999662518039166     
  0.999670693340960     
  0.999676238699479     
  0.999673614859726     
  0.999668347637262     
  0.999663495279789     
  0.999659036567619     
  0.999648887019002     
  0.999634312107353     
  0.999610080646546     
  0.999547008451849     
  0.999621888769587     
  0.999616061369951     
  0.999408297235155     
  0.999439396763072     
  0.999582277160560     
  0.999436684477517     
  0.999412498554639     
  0.999518518858316     
  0.999269623235947     
  0.995857830569581     
  0.976153230852470     
  0.995397566370553     
  0.999392029190452     
  0.999430686016813     
  0.998841274729782     
  0.994824509531448     
  0.997343082829127     
  0.998597094653686     
  0.963642284560654     
  0.983663601435821     
  0.809201285999750     
  0.917776774239066     
  0.998819060198122     
  0.999199503848671     
  0.999270325441277     
  0.999275733215635     
  0.999242387072368     
  0.999142354751711     
  0.998387216727736     
  0.967327720806473     
  0.904011336031798     
  0.989528958533960     
  0.998455789976734     
  0.991351730445560     
  0.994082905481721     
  0.999075105009101     
  0.999159453304194     
  0.999151700290529     
  0.999136744543589     
  0.999095104869830     
  0.999100172135404     
  0.999079453257434     
  0.999056122150519     
  0.999023556871316     
  0.999003234420803     
  0.998975364737005     
  0.998942763713204     
  0.998870178261744     
  0.998511239048011     
  0.998574552619689     
  0.998795189971720     
  0.998768747827631     
  0.997938470359539     
  0.998673483803277     
  0.998641265654290     
  0.998455513544689     
  0.998229890598708     
  0.998472101644581     
  0.998402509924387     
  0.998106763786276     
  0.988459315532835     
  0.994445935798536     
  0.970263617890651     
  0.951566733771125     
  0.994824748992400     
  0.995074139493057     
  0.977234322506783     
  0.990198986213537     
  0.993604843535749     
  0.985900874080277     
  0.994383049183987     
  0.995564088247825     
  0.997276918957159     
  0.997170870460390     
  0.997037950105932     
  0.996890333100059     
  0.996688142163236     
  0.996555590768566     
  0.996376063767969     
  0.996174491896953     
  0.995952588672064     
  0.995712645023970     
  0.994547537826371     
  0.982123920666959     
  0.993949440271908     
  0.994567530644802     
  0.994227478225216     
  0.993787178166544     
  0.993616938174739     
  0.993355586133837     
  0.993016873824105     
  0.992643671256160     
  0.992232262499046     
  0.991813591497584     
  0.991345845049303     
  0.990824544303644     
  0.990329625260303     
  0.989629931275208     
  0.988943052413812     
  0.988225823221851     
  0.987397798200849     
  0.984495858292714     
  0.977637490938279     
  0.979144196516134     
  0.983226381048513     
  0.982410611792974     
  0.981234883815777     
  0.979513593802679     
  0.978729241878468     
  0.977364008356118     
  0.976120612861389     
  0.974798580567806     
  0.973562224629396     
  0.972505745489988     
  0.971535595093660     
  0.970394469286449     
  0.969125544728726     
  0.968468217066419     
  0.969269084700351     
  0.970549007820411     
  0.971659909541465     
  0.972660369153488     
  0.973741414073189     
  0.974781604320980     
  0.975447122182052     
  0.977261500599080     
  0.978841789715580     
  0.980087192252406     
  0.981422050444194     
  0.982553783909093     
  0.983717610102216     
  0.984785430841096     
  0.985715152588180     
  0.986644664330714     
  0.987374471507576     
  0.988209903091798     
  0.988967250271574     
  0.988375298335204     
  0.990064156781620     
  0.990691876003735     
  0.991432686266264     
  0.991517736511957     
  0.982939100470820     
  0.982377445966454     
  0.990502668794165     
  0.993349530272336     
  0.993438827458255     
  0.994048538214670     
  0.994354191303755     
  0.994690362013890     
  0.994986815449078     
  0.995176361086819     
  0.995328149918905     
  0.992690312451341     
  0.969361522981784     
  0.984478798548706     
  0.995915142197160     
  0.996519171491539     
  0.996753399308903     
  0.996936485405496     
  0.997057608321229     
  0.995406470392248     
  0.992457621214503     
  0.997083630193182     
  0.997535131528941     
  0.997632046016846     
  0.997788982845017     
  0.997904525920900     
  0.997988647892158     
  0.998069000364819     
  0.998145780403175     
  0.998216815048109     
  0.998283354077129     
  0.998345549541327     
  0.998404297835558     
  0.998192299712331     
  0.998506640980064     
  0.998563234983989     
  0.998610834357260     
  0.998655327804204     
  0.998696893338282     
  0.998568620054661     
  0.998055986255228     
  0.998804154984286     
  0.998842082079391     
  0.998872998397922     
  0.998900977232916     
  0.998926082419237     
  0.998948544238376     
  0.998967202026937     
  0.998983020807969     
  0.998993777627245     
  0.998995637052784     
  0.998899736343947     
  0.998772884903128     
  0.998738399258329     
  0.998400499562225     
  0.998814258301253     
  0.998663811681170     
  0.998341512005697     
  0.997614850783247     
  0.992501319712767     
  0.919603259372895     
  0.477194504535564     
  0.756233050985200     
  0.994004420456164     
  0.997240953282964     
  0.989515053171886     
  0.988255985310527     
  0.993721667197810     
  0.997165604670562     
  0.999171551057439     
  0.999153121727139     
  0.998913556899073     
  0.994192677384053     
  0.997331618325501     
  0.998906586532181     
  0.999372481705660     
  0.999441375672542     
  0.999433763822218     
  0.999497038602816     
  0.999521851679196     
  0.999533295773042     
  0.999527011109397     
  0.999197467226039     
  0.998303235795686     
  0.999143190627406     
  0.999570743158283     
  0.999482654590073     
  0.999613519624910     
  0.999623966293132     
  0.999633016126868     
  0.999640739849200     
  0.999646866368085     
  0.999651550036736     
  0.999655646210509     
  0.999655274443035     
  0.999647498186706     
  0.999595665855393     
  0.996827522703611     
  0.994914607047632     
  0.999416097305217     
  0.997726531798124     
  0.982185753575517     
  0.995711603881907     
  0.999164914859843     
  0.999567295188677     
  0.999695314611601     
  0.999708964240909     
  0.999711516135379     
  0.999698761864724     
  0.999440610770339     
  0.992192021765843     
  0.994501733772651     
  0.999598815029067     
  0.999729175678706     
  0.999748971251379     
  0.999745495502297     
  0.999765030902895     
  0.999767792648631     
  0.999766615997923     
