  0.999437790819892     
  0.999436473267533     
  0.999427692502614     
  0.999431460334088     
  0.999322567832538     
  0.999385694950805     
  0.999270948557467     
  0.999395817996153     
  0.999398128898533     
  0.999379519528173     
  0.997870960046965     
  0.989120559381994     
  0.999306540048186     
  0.999239753029747     
  0.999209265689039     
  0.999047077685169     
  0.998513245879215     
  0.966349064123333     
  0.759327278268203     
  0.898828510947357     
  0.986571767900171     
  0.991321928299556     
  0.992268217250867     
  0.999135215433651     
  0.999056591289268     
  0.999259523687709     
  0.999278214692012     
  0.999285424264538     
  0.999288582767502     
  0.999287157224932     
  0.999234372053266     
  0.998921191171482     
  0.999246504091339     
  0.999266264775581     
  0.999259331753813     
  0.999251489658093     
  0.999242771281435     
  0.999234616319094     
  0.999218150818499     
  0.999200668772195     
  0.999204611442399     
  0.999178773908458     
  0.999098384168617     
  0.999169061974502     
  0.999145484227219     
  0.999144436730579     
  0.999127477895919     
  0.999107322440457     
  0.999058193048176     
  0.998966075644853     
  0.995493956971952     
  0.993118384291843     
  0.998796565335457     
  0.998951108404957     
  0.998432023288419     
  0.968431431313657     
  0.967514460282433     
  0.986995447618009     
  0.983815496530916     
  0.997836281704217     
  0.998591561653169     
  0.998854766496645     
  0.998864694503346     
  0.998850426717331     
  0.998830408638052     
  0.998809084424663     
  0.998787753870691     
  0.998763735784743     
  0.998739706705311     
  0.998715748203258     
  0.998630530003819     
  0.998660211542552     
  0.998625206589242     
  0.998606576933872     
  0.998576814200821     
  0.998392043768664     
  0.998338944417828     
  0.998304665926813     
  0.993892551095807     
  0.995850886899555     
  0.998260630383450     
  0.998302393862929     
  0.998275815152563     
  0.998146371162084     
  0.998182410601834     
  0.998140020089726     
  0.998074821739814     
  0.995861632675944     
  0.997077088823653     
  0.997479064738397     
  0.997723756581159     
  0.995958787247831     
  0.995379186682673     
  0.990447274419512     
  0.997409317400793     
  0.997572637217151     
  0.997512169948143     
  0.997440006116107     
  0.997120129730789     
  0.996862868583303     
  0.997182905274281     
  0.997104538518952     
  0.997005694532731     
  0.996902253225086     
  0.996793121095662     
  0.996649538600304     
  0.996525261474571     
  0.996119179636561     
  0.996173403105630     
  0.996149387250375     
  0.996001101220929     
  0.995837525098447     
  0.995663179049993     
  0.995475576816844     
  0.995278571814244     
  0.995013353533602     
  0.994789981236568     
  0.994486851474270     
  0.994112832453437     
  0.993569502810074     
  0.992312613017732     
  0.951330670523244     
  0.717940563291062     
  0.929921943615498     
  0.990552368747572     
  0.991375735949712     
  0.990914105644141     
  0.981577226335714     
  0.832986976366503     
  0.911718889122943     
  0.982587451899201     
  0.900948965208478     
  0.961018066929905     
  0.986525948761010     
  0.985622252581283     
  0.984502099579249     
  0.983096320809843     
  0.967127652899705     
  0.871611992640235     
  0.962578577555057     
  0.870258154433574     
  0.892834227473774     
  0.763824991435735     
  0.953442926621119     
  0.966242760415726     
  0.963569884850257     
  0.960190446300086     
  0.936646557640210     
  0.950674718076812     
  0.938963809504850     
  0.933001641345456     
  0.929441132684148     
  0.910341619588759     
  0.862117965681171     
  0.794741558299798     
  0.880647537214789     
  0.868272581547090     
  0.848752767556789     
  0.833554583016142     
  0.834357994672680     
  0.848885902322413     
  0.863572348398563     
  0.874294943482839     
  0.875801463574352     
  0.868551296100606     
  0.848748964154426     
  0.810586431349731     
  0.750808791243818     
  0.645478021281867     
  0.521313781595511     
  0.483471494116903     
  0.515819440930065     
  0.590772917872055     
  0.679701872988293     
  0.755475075427519     
  0.804283739988409     
  0.831998499534374     
  0.854025964920165     
  0.872993004288830     
  0.888798265064617     
  0.905018311461115     
  0.920844618189365     
  0.934279753082676     
  0.941967687449258     
  0.948845935263388     
  0.955431837906917     
  0.960824597961147     
  0.963992654570071     
  0.966948625455496     
  0.969669794597843     
  0.972209203725254     
  0.974439522119384     
  0.976506162833626     
  0.978424699047674     
  0.980261397956027     
  0.982040961396413     
  0.983619807763769     
  0.985205399347677     
  0.986567154618448     
  0.987704442578361     
  0.988134557151733     
  0.987547133219921     
  0.990196269537025     
  0.990838977777903     
  0.991686741757573     
  0.992092247343800     
  0.992700728936205     
  0.993116795829313     
  0.993482059452979     
  0.993531035158743     
  0.993807748597323     
  0.994419936098518     
  0.994728057088771     
  0.994764806479127     
  0.995241794646559     
  0.995476603438196     
  0.995690469389418     
  0.995838506428676     
  0.994160825765315     
  0.982736836447799     
  0.994209041863391     
  0.995339359599925     
  0.996454532086218     
  0.996819552036554     
  0.996951271400373     
  0.991442834317078     
  0.994085562319066     
  0.997271755851257     
  0.997315999809604     
  0.995887427952488     
  0.996748666080961     
  0.997494256473792     
  0.997495260881025     
  0.997231693669068     
  0.997029277838352     
  0.996369842135273     
  0.958661826330311     
  0.872699568862401     
  0.904847933311345     
  0.994669811675234     
  0.997231348979781     
  0.997509499624084     
  0.997749703240525     
  0.997732158711248     
  0.997402582064074     
  0.995264068555097     
  0.884931975035428     
  0.689997562070709     
  0.780026387639104     
  0.789152151390712     
  0.994770619754479     
  0.997684758556136     
  0.997309091350799     
  0.997601588681903     
  0.998478596216528     
  0.998611145061609     
  0.998677989757375     
  0.998729091317951     
  0.998763402922375     
  0.998528084269684     
  0.998677222782107     
  0.997661930932584     
  0.998780388448409     
  0.998937492574266     
  0.998968730000564     
  0.998918400347991     
  0.998948471198918     
  0.999043151933365     
  0.999065550711382     
  0.999085229640998     
  0.999105895620744     
  0.999124802981540     
  0.999141715781540     
  0.998896521984289     
  0.998825530840755     
  0.999138569077465     
  0.999198955048886     
  0.999091388821330     
  0.998717691867852     
  0.999253060060501     
  0.999269349594115     
  0.999282930016567     
  0.999231650677801     
  0.998035788782843     
  0.998961673268612     
  0.999325002500799     
  0.999338030425940     
  0.999341980004413     
  0.999278745816048     
  0.999218259670105     
  0.999357172065707     
  0.999149748541433     
  0.999366602096791     
  0.999361915120016     
  0.999346668320138     
  0.999313479639573     
  0.999240976610270     
  0.999025795258354     
  0.996935701322526     
  0.958352853805965     
  0.968282047617334     
  0.997165187579787     
  0.983406151209757     
  0.926819832958054     
  0.971846930700852     
  0.998072004349735     
  0.998936053312857     
  0.999207547191599     
  0.999266683486708     
  0.999221779331252     
  0.998463682375260     
  0.942594979807389     
  0.899888615642033     
  0.975180819421133     
  0.995797517476970     
  0.999370971361084     
  0.999413503966152     
  0.999402215616710     
  0.999564729761674     
  0.999581885972129     
  0.999594411607558     
  0.999604241225571     
  0.999612664793117     
  0.999620512753703     
  0.999619822363058     
  0.999566634618421     
  0.999639677933597     
  0.999645299693141     
  0.999650951463137     
  0.999618132604419     
  0.999466943651881     
  0.999659565254244     
  0.999499207291235     
  0.999654204861981     
  0.999632278414645     
  0.999262828917283     
  0.999658414800808     
  0.999680144338906     
  0.999686037628992     
  0.999668898050410     
  0.999685196704275     
  0.999682251383942     
  0.999629797366297     
  0.998503919632588     
  0.997704347477891     
  0.999506770691860     
  0.999680376443529     
  0.999659313706924     
  0.999444673137405     
  0.996149343175690     
  0.999428212363658     
  0.999698188757538     
  0.999716194553520     
  0.999700372997576     
  0.999726737063803     
  0.999706096959863     
  0.999707399896524     
  0.999735418453638     
  0.999738158537460     
  0.999740860501279     
  0.999742198276789     
  0.999743516524987     
  0.999744860189687     
  0.999718938836434     
  0.999698239913246     
  0.999548475817615     
  0.987891305228944     
  0.994649959196697     
  0.999667165532349     
  0.999711151034784     
  0.999757876104805     
  0.999761719658766     
  0.999764241062859     
  0.999734811644990     
  0.999765467375575     
  0.999758772656953     
  0.999744647118552     
  0.999447880719781     
  0.998961800542217     
  0.999645078262812     
  0.999630363128685     
  0.999770366248406     
  0.999772625715646     
  0.999769868739452     
  0.999734065971643     
  0.999534129998791     
  0.999618043047163     
  0.986366303638549     
  0.984130652883200     
  0.967511070691141     
  0.945936549335919     
  0.998546151052070     
  0.999693094656823     
  0.999489345260608     
  0.999158499139772     
  0.993201850848792     
  0.999001667895015     
  0.999671275302897     
  0.999768044629174     
  0.999759880024019     
  0.999731357132354     
  0.999580002229550     
  0.981862694510322     
  0.911302014302654     
  0.990267984901683     
  0.999575070813678     
  0.999142325225809     
  0.999599509636650     
  0.999781280754110     
  0.999792545224629     
  0.999793556349372     
  0.999801579951226     
  0.999803481634152     
  0.999805831174953     
  0.999807402691257     
  0.999800132371782     
  0.999519035990426     
  0.998975438651189     
  0.999423155985637     
  0.999808501641794     
  0.999812979728976     
  0.999813768416841     
  0.999813530668052     
  0.999623187968757     
  0.999715278577014     
  0.999809109614344     
  0.999817159461397     
  0.999818408947043     
  0.999818292185817     
  0.999819520482191     
  0.999819373719658     
  0.999820585172333     
  0.999819130105376     
  0.999744850558591     
  0.998808254800725     
  0.999747357122515     
  0.999813652312322     
  0.999523258872342     
  0.999587789740139     
  0.997978959096452     
  0.999814936553038     
  0.999816211254844     
  0.999803581450368     
  0.999384418709653     
  0.984590804882102     
  0.999747832917327     
  0.999797139972847     
  0.999764262307409     
  0.999255596721522     
  0.998240274008684     
  0.999599892863278     
  0.999799581007751     
  0.999800389581624     
  0.999782150543720     
  0.999746310788236     
  0.997232822676871     
  0.979848257226939     
  0.996384383558723     
  0.999719230247059     
  0.999636302136241     
  0.985102140508890     
  0.984590741643833     
  0.999438176492948     
  0.999790453992588     
  0.999790560572416     
  0.998622798317791     
  0.997333211205501     
  0.999699670577465     
  0.999799614120843     
  0.999770171508407     
  0.999816559992999     
  0.999815121835808     
  0.999813681905046     
  0.999810923949336     
  0.999806196204331     
  0.999663565756147     
  0.999694542376190     
  0.999744576327259     
  0.999758776220508     
  0.999718639517457     
  0.999592447652174     
  0.993806354075307     
  0.941173811226017     
  0.929359876335998     
  0.992161260849068     
  0.998409939209099     
  0.973712897643726     
  0.964107036099075     
  0.996229472723106     
  0.999415473376032     
  0.999063165868124     
  0.997356373655578     
  0.999468252192176     
  0.999638907123298     
  0.999176383284859     
  0.974419971990344     
  0.837448396031580     
  0.996319056543045     
  0.999551902175102     
  0.999581648020134     
  0.999736028747382     
  0.999746759492744     
  0.999746481094609     
  0.999678144722736     
  0.999077580597547     
  0.999099295140952     
  0.998580627218745     
  0.999396658449695     
  0.998651787142810     
  0.925652337681763     
  0.851846006575633     
  0.988753072692957     
  0.998471768649728     
  0.960305749871822     
  0.892664760759272     
  0.975461830294841     
  0.998619745682705     
  0.986373779346247     
  0.968055542392803     
  0.993454508419543     
  0.993959029404005     
  0.945954991423252     
  0.945892212725301     
  0.994220873488213     
  0.999146944381662     
  0.999338860524542     
  0.999252771729497     
  0.997795827045195     
  0.979083515189576     
  0.918689947025390     
  0.938213590552358     
  0.994115491381320     
  0.998579675488306     
  0.995759783111182     
  0.985593742912402     
  0.994725407743288     
  0.999445002818830     
  0.996352012990800     
  0.983727449618364     
  0.995752175633668     
  0.964664948349987     
  0.984760992692456     
  0.999120479778040     
  0.999732721498698     
  0.999706804376311     
  0.999257763084973     
  0.999681371170699     
  0.999773887203539     
  0.999733995553136     
  0.999776533662491     
  0.999749222919716     
  0.999700988716593     
  0.999574351852032     
  0.999711233700723     
  0.999774565322975     
  0.999776652888021     
  0.999775926824483     
  0.999753613311718     
  0.999553718900483     
  0.999773929630412     
  0.999768867734717     
  0.999771426611343     
  0.999771698563418     
  0.999768572164566     
  0.999748817577944     
  0.999765636124585     
  0.999763550295064     
  0.999760015486118     
  0.999756427970681     
  0.999751568241080     
  0.999737941702635     
  0.999452647877749     
  0.996033132968669     
  0.990397393865862     
  0.999279466495329     
  0.993755411649787     
  0.940161876371316     
  0.993676637800543     
  0.999632574157015     
  0.999677822824865     
  0.999654204572415     
  0.998938039938422     
  0.974888365213674     
  0.961264625387872     
  0.996852713592173     
  0.999634022231034     
  0.999675761892094     
  0.999547604706231     
  0.999274165935177     
  0.999551390300773     
  0.999684381367928     
  0.998508062822953     
  0.994074219351705     
  0.999058795125033     
  0.992613880685064     
  0.999653603187967     
  0.999662518039156     
  0.999670693340959     
  0.999676238699481     
  0.999673614859723     
  0.999668347637264     
  0.999663495279784     
  0.999659036567608     
  0.999648887019000     
  0.999634312107350     
  0.999610080646546     
  0.999547008451846     
  0.999621888769584     
  0.999616061369950     
  0.999408297235163     
  0.999439396763070     
  0.999582277160561     
  0.999436684477510     
  0.999412498554638     
  0.999518518858309     
  0.999269623235943     
  0.995857830569587     
  0.976153230852465     
  0.995397566370542     
  0.999392029190451     
  0.999430686016806     
  0.998841274729784     
  0.994824509531443     
  0.997343082829128     
  0.998597094653688     
  0.963642284560657     
  0.983663601435829     
  0.809201285999754     
  0.917776774239063     
  0.998819060198121     
  0.999199503848666     
  0.999270325441286     
  0.999275733215629     
  0.999242387072359     
  0.999142354751705     
  0.998387216727733     
  0.967327720806479     
  0.904011336031795     
  0.989528958533971     
  0.998455789976740     
  0.991351730445552     
  0.994082905481718     
  0.999075105009107     
  0.999159453304192     
  0.999151700290527     
  0.999136744543591     
  0.999095104869834     
  0.999100172135403     
  0.999079453257433     
  0.999056122150533     
  0.999023556871318     
  0.999003234420804     
  0.998975364737001     
  0.998942763713198     
  0.998870178261736     
  0.998511239048000     
  0.998574552619702     
  0.998795189971708     
  0.998768747827630     
  0.997938470359545     
  0.998673483803278     
  0.998641265654288     
  0.998455513544696     
  0.998229890598707     
  0.998472101644584     
  0.998402509924387     
  0.998106763786283     
  0.988459315532834     
  0.994445935798530     
  0.970263617890655     
  0.951566733771126     
  0.994824748992400     
  0.995074139493056     
  0.977234322506781     
  0.990198986213534     
  0.993604843535756     
  0.985900874080269     
  0.994383049183997     
  0.995564088247831     
  0.997276918957158     
  0.997170870460392     
  0.997037950105931     
  0.996890333100062     
  0.996688142163235     
  0.996555590768561     
  0.996376063767968     
  0.996174491896949     
  0.995952588672066     
  0.995712645023974     
  0.994547537826373     
  0.982123920666962     
  0.993949440271908     
  0.994567530644810     
  0.994227478225213     
  0.993787178166543     
  0.993616938174738     
  0.993355586133854     
  0.993016873824097     
  0.992643671256164     
  0.992232262499032     
  0.991813591497571     
  0.991345845049300     
  0.990824544303651     
  0.990329625260306     
  0.989629931275216     
  0.988943052413813     
  0.988225823221853     
  0.987397798200847     
  0.984495858292713     
  0.977637490938283     
  0.979144196516137     
  0.983226381048499     
  0.982410611792974     
  0.981234883815781     
  0.979513593802679     
  0.978729241878468     
  0.977364008356125     
  0.976120612861397     
  0.974798580567811     
  0.973562224629391     
  0.972505745489993     
  0.971535595093657     
  0.970394469286450     
  0.969125544728732     
  0.968468217066421     
  0.969269084700350     
  0.970549007820401     
  0.971659909541461     
  0.972660369153489     
  0.973741414073188     
  0.974781604320985     
  0.975447122182056     
  0.977261500599084     
  0.978841789715582     
  0.980087192252400     
  0.981422050444195     
  0.982553783909091     
  0.983717610102219     
  0.984785430841097     
  0.985715152588184     
  0.986644664330708     
  0.987374471507579     
  0.988209903091802     
  0.988967250271575     
  0.988375298335201     
  0.990064156781616     
  0.990691876003731     
  0.991432686266267     
  0.991517736511962     
  0.982939100470811     
  0.982377445966451     
  0.990502668794156     
  0.993349530272340     
  0.993438827458254     
  0.994048538214669     
  0.994354191303753     
  0.994690362013896     
  0.994986815449081     
  0.995176361086820     
  0.995328149918903     
  0.992690312451345     
  0.969361522981770     
  0.984478798548713     
  0.995915142197163     
  0.996519171491539     
  0.996753399308901     
  0.996936485405493     
  0.997057608321225     
  0.995406470392251     
  0.992457621214501     
  0.997083630193188     
  0.997535131528949     
  0.997632046016836     
  0.997788982845007     
  0.997904525920894     
  0.997988647892157     
  0.998069000364811     
  0.998145780403191     
  0.998216815048107     
  0.998283354077132     
  0.998345549541324     
  0.998404297835558     
  0.998192299712338     
  0.998506640980065     
  0.998563234983990     
  0.998610834357259     
  0.998655327804207     
  0.998696893338283     
  0.998568620054653     
  0.998055986255226     
  0.998804154984277     
  0.998842082079389     
  0.998872998397919     
  0.998900977232907     
  0.998926082419236     
  0.998948544238373     
  0.998967202026939     
  0.998983020807974     
  0.998993777627233     
  0.998995637052789     
  0.998899736343957     
  0.998772884903135     
  0.998738399258323     
  0.998400499562224     
  0.998814258301244     
  0.998663811681164     
  0.998341512005700     
  0.997614850783256     
  0.992501319712778     
  0.919603259372892     
  0.477194504535559     
  0.756233050985203     
  0.994004420456162     
  0.997240953282957     
  0.989515053171890     
  0.988255985310524     
  0.993721667197807     
  0.997165604670558     
  0.999171551057440     
  0.999153121727133     
  0.998913556899073     
  0.994192677384063     
  0.997331618325487     
  0.998906586532177     
  0.999372481705653     
  0.999441375672538     
  0.999433763822226     
  0.999497038602810     
  0.999521851679196     
  0.999533295773044     
  0.999527011109392     
  0.999197467226040     
  0.998303235795688     
  0.999143190627404     
  0.999570743158288     
  0.999482654590071     
  0.999613519624904     
  0.999623966293130     
  0.999633016126873     
  0.999640739849198     
  0.999646866368090     
  0.999651550036734     
  0.999655646210512     
  0.999655274443041     
  0.999647498186702     
  0.999595665855389     
  0.996827522703618     
  0.994914607047632     
  0.999416097305214     
  0.997726531798124     
  0.982185753575514     
  0.995711603881899     
  0.999164914859853     
  0.999567295188672     
  0.999695314611611     
  0.999708964240917     
  0.999711516135375     
  0.999698761864731     
  0.999440610770337     
  0.992192021765842     
  0.994501733772645     
  0.999598815029070     
  0.999729175678713     
  0.999748971251380     
  0.999745495502309     
  0.999765030902898     
  0.999767792648634     
  0.999766615997927     
