  0.999440583332191     
  0.999440426174032     
  0.999432923430710     
  0.999436271318632     
  0.999424990180141     
  0.999379012729580     
  0.999335799091075     
  0.999324483734179     
  0.999399568523409     
  0.999393713852018     
  0.999336679779281     
  0.989334079288539     
  0.997657768718709     
  0.999286856144151     
  0.999248188725799     
  0.999171998510105     
  0.998940408922313     
  0.997543513039279     
  0.896516912577536     
  0.761108002758582     
  0.965345811876278     
  0.989115253417962     
  0.979028011838020     
  0.998156173496901     
  0.999150856871640     
  0.999138474446775     
  0.999271024206021     
  0.999285157048573     
  0.999290892469847     
  0.999292200319430     
  0.999288060404214     
  0.999128027568039     
  0.999030867343960     
  0.999270136219584     
  0.999268498554679     
  0.999260800435336     
  0.999252128888259     
  0.999244205032241     
  0.999234309167733     
  0.999205166916951     
  0.999213588451936     
  0.999204665973205     
  0.999147354149600     
  0.999137106553728     
  0.999169727983363     
  0.999151481250480     
  0.999142706449918     
  0.999125888526643     
  0.999102502813418     
  0.999040660216787     
  0.998713003806552     
  0.992610571177095     
  0.996227314411770     
  0.998931722414991     
  0.998941811249841     
  0.996206676896828     
  0.948429530318176     
  0.985615909675078     
  0.985678712901814     
  0.988353348412772     
  0.998730682017815     
  0.998609407516536     
  0.998840833602186     
  0.998867502032280     
  0.998849669564034     
  0.998829834231212     
  0.998808532023069     
  0.998785967042890     
  0.998762084582609     
  0.998738181686404     
  0.998712694783411     
  0.998605430627543     
  0.998660182299172     
  0.998618834122085     
  0.998604252798975     
  0.998570433244846     
  0.997974762995438     
  0.998473666130221     
  0.997750102645136     
  0.992557328395833     
  0.997521961649777     
  0.998279596210606     
  0.998308386709381     
  0.998269142288727     
  0.998112891308765     
  0.998182245913584     
  0.998131049739298     
  0.997994640782485     
  0.994600371072593     
  0.997206905725279     
  0.997766863186590     
  0.997406883633033     
  0.995340787283445     
  0.995730504245106     
  0.990484006899157     
  0.997584405206847     
  0.997563846054617     
  0.997500855571976     
  0.997423190068611     
  0.996740675362098     
  0.996991381277817     
  0.997180813034393     
  0.997086810853895     
  0.996987177235224     
  0.996883366785951     
  0.996765360460741     
  0.996621872536810     
  0.996507086893700     
  0.995799926203503     
  0.996262766646097     
  0.996110900125447     
  0.995969981470127     
  0.995802600130696     
  0.995625183034020     
  0.995433963934012     
  0.995221598961755     
  0.994988269986826     
  0.994722602973454     
  0.994402710316275     
  0.993992849379603     
  0.993335469528347     
  0.990816066884655     
  0.868766195723295     
  0.746568281537662     
  0.976158850665826     
  0.991210077583476     
  0.991375010913723     
  0.990335289829285     
  0.951578434529819     
  0.818215658568120     
  0.964758730618608     
  0.964756193119989     
  0.899836516917054     
  0.980510608198272     
  0.986399226329412     
  0.985306928021084     
  0.984175084091307     
  0.982435195807667     
  0.934116438008160     
  0.889478827793949     
  0.971129018207484     
  0.830651230232320     
  0.827252863793602     
  0.828713448285521     
  0.965418312552491     
  0.965661889525484     
  0.962619892235983     
  0.957138036918241     
  0.943666445948240     
  0.948784807892197     
  0.932662155397237     
  0.934830777633213     
  0.924421448875934     
  0.906491020694196     
  0.811639274841946     
  0.838947659666241     
  0.879061204786414     
  0.862144462985049     
  0.842680056906044     
  0.831933286869911     
  0.839195788684782     
  0.854753488146752     
  0.867971178380481     
  0.875711341498103     
  0.875087639645010     
  0.863959800828183     
  0.838962746650329     
  0.793351991458655     
  0.722296449189392     
  0.596778884208552     
  0.498458694088528     
  0.487364305686080     
  0.536748969690177     
  0.619331590350969     
  0.707440029666812     
  0.773892386368942     
  0.814607098450846     
  0.840564742504516     
  0.860974100881580     
  0.878573800050467     
  0.894580361442324     
  0.910684526549311     
  0.926094923625988     
  0.937186712361360     
  0.944553253719696     
  0.951269138710771     
  0.957669775880083     
  0.962058526493292     
  0.965141901311301     
  0.968020491938240     
  0.970631527009288     
  0.973086254892962     
  0.975251251375045     
  0.977261047866216     
  0.979124709971089     
  0.980958033628459     
  0.982620426252023     
  0.984267804817763     
  0.985735552941066     
  0.987039774825379     
  0.988124112650033     
  0.987621872247734     
  0.988890343795708     
  0.990194954532447     
  0.991312073399389     
  0.991824597986960     
  0.992355415369882     
  0.992877282584176     
  0.993271685070884     
  0.993604421405784     
  0.993477982030442     
  0.994120541903405     
  0.994554909204994     
  0.994816966104168     
  0.994996159487491     
  0.995343621188436     
  0.995570846830492     
  0.995766579169789     
  0.995864567514842     
  0.990487357659759     
  0.985691590985790     
  0.995551535930576     
  0.995481630263450     
  0.996691182561676     
  0.996869616193353     
  0.996913309304178     
  0.985478043262683     
  0.996836215226918     
  0.997307644132875     
  0.997221573660971     
  0.995410528385658     
  0.997274642467166     
  0.997523571747453     
  0.997374797927588     
  0.997190233699416     
  0.997035089908910     
  0.994878486163981     
  0.910526968463644     
  0.870109684000765     
  0.952974933110660     
  0.996294324870889     
  0.997331620553016     
  0.997698388858190     
  0.997776545231041     
  0.997679864916380     
  0.997061664638930     
  0.992174971721071     
  0.758192240898830     
  0.744344609702713     
  0.722928818007054     
  0.905937199353453     
  0.996631294981771     
  0.997864565874090     
  0.996495444642715     
  0.998160032191392     
  0.998548444571652     
  0.998642643229879     
  0.998702518005252     
  0.998750094827240     
  0.998751963805914     
  0.998476560816153     
  0.998602924129949     
  0.997829563183576     
  0.998898343953010     
  0.998953433842358     
  0.998982627998843     
  0.998813598157976     
  0.999020732501314     
  0.999055251934700     
  0.999076142329288     
  0.999097006473919     
  0.999116784829947     
  0.999134908151980     
  0.999143226046361     
  0.998725603070384     
  0.998900829316883     
  0.999185505940270     
  0.999213743016943     
  0.998707241567093     
  0.999119431808541     
  0.999262779158424     
  0.999277425024413     
  0.999287399366954     
  0.999026824809431     
  0.997972080973553     
  0.999231631769092     
  0.999333820328524     
  0.999345067845542     
  0.999333935165818     
  0.999183678337113     
  0.999318749529089     
  0.999312593756852     
  0.999265780903742     
  0.999370317685021     
  0.999362218643300     
  0.999341633277275     
  0.999299887043657     
  0.999202033545939     
  0.998868283306502     
  0.991261248324961     
  0.948750751928104     
  0.985807054319841     
  0.996885825846803     
  0.961827056138747     
  0.929963224491365     
  0.990125700757982     
  0.998585102235045     
  0.999063798369645     
  0.999244588874521     
  0.999268871223210     
  0.999160385868185     
  0.995105196405032     
  0.900248180342508     
  0.939936348326644     
  0.979970827690168     
  0.998617097796745     
  0.999373592527894     
  0.999296393928717     
  0.999521271891644     
  0.999573043032897     
  0.999588095571421     
  0.999599232816544     
  0.999608977697582     
  0.999617405418849     
  0.999624470920220     
  0.999603504269313     
  0.999603071290837     
  0.999644064575166     
  0.999648951316111     
  0.999654615527624     
  0.999422004902711     
  0.999634169640304     
  0.999634713803849     
  0.999554551327890     
  0.999646613250944     
  0.999604447703794     
  0.999377178127474     
  0.999664055028479     
  0.999685529223712     
  0.999687292197045     
  0.999659693497447     
  0.999687125868255     
  0.999676389797574     
  0.999506084038831     
  0.997705532795174     
  0.998471284313291     
  0.999627230671261     
  0.999685390865582     
  0.999643479880170     
  0.998666354969890     
  0.997092184462452     
  0.999619657042639     
  0.999708194928042     
  0.999720503570847     
  0.999699401777336     
  0.999729162580133     
  0.999646462289469     
  0.999732459764697     
  0.999738424471286     
  0.999739764210144     
  0.999742438044858     
  0.999743777250395     
  0.999745082930812     
  0.999745185636229     
  0.999708318495734     
  0.999666516065633     
  0.998577628746875     
  0.984021617933135     
  0.998515738982899     
  0.999619461659209     
  0.999750460160283     
  0.999760149134439     
  0.999764069002406     
  0.999765218903952     
  0.999730116647575     
  0.999765097022873     
  0.999749376590155     
  0.999735649073178     
  0.999092377463835     
  0.999331334140568     
  0.999651431116808     
  0.999685259368146     
  0.999773597300584     
  0.999773588420605     
  0.999768740202453     
  0.999672914042633     
  0.999609454170245     
  0.998969629384059     
  0.976352888480822     
  0.985489426676606     
  0.968798621955551     
  0.963180413146567     
  0.999655198950513     
  0.999595171724454     
  0.999548467258436     
  0.998508415936370     
  0.993401339873003     
  0.999532454226876     
  0.999734934286293     
  0.999768167152155     
  0.999754428435729     
  0.999708724440268     
  0.999010226051550     
  0.951358295570817     
  0.932836452778519     
  0.997898372200257     
  0.999512587404972     
  0.999138456747572     
  0.999724700757788     
  0.999787109003299     
  0.999791925091842     
  0.999799360079821     
  0.999803393904997     
  0.999802392767940     
  0.999807145639152     
  0.999807112722145     
  0.999752680352467     
  0.999554253324341     
  0.998719178638029     
  0.999702047713568     
  0.999812572183561     
  0.999815029570353     
  0.999814749511000     
  0.999807549158642     
  0.999503282545978     
  0.999772790222717     
  0.999815430148665     
  0.999818188638452     
  0.999819430649315     
  0.999819330739315     
  0.999819675993148     
  0.999820221625166     
  0.999820324124477     
  0.999819912505533     
  0.999505361467635     
  0.999077583943726     
  0.999810686522061     
  0.999764247249231     
  0.999584963913544     
  0.999330155657044     
  0.999091529854671     
  0.999817924099879     
  0.999812371757043     
  0.999771172557469     
  0.995365479683558     
  0.995347364836316     
  0.999758385660760     
  0.999775101864347     
  0.999734880880379     
  0.998695852234928     
  0.998696838712952     
  0.999739138936635     
  0.999803334304555     
  0.999788088198067     
  0.999782051789610     
  0.999654518265647     
  0.992119373998443     
  0.982912221731663     
  0.998923892584311     
  0.999743717475288     
  0.998876161722192     
  0.974363112026122     
  0.994651087045797     
  0.999648704145400     
  0.999798386997627     
  0.999716627147298     
  0.997538799118931     
  0.998460030013131     
  0.999794817019675     
  0.999764662751225     
  0.999805032048675     
  0.999816987720609     
  0.999815569527498     
  0.999812700227442     
  0.999809523108684     
  0.999803077921732     
  0.999590770597653     
  0.999744927430509     
  0.999766298822105     
  0.999749171167753     
  0.999684612090882     
  0.999218009989024     
  0.981746368534857     
  0.923788240428060     
  0.951871497637239     
  0.997411406410278     
  0.995654682263360     
  0.962342237871786     
  0.976371997598093     
  0.998559874971226     
  0.999460244975562     
  0.998267858718000     
  0.997955286060304     
  0.999627179922145     
  0.999560420685584     
  0.998814174403901     
  0.906340065189587     
  0.905378301389144     
  0.999112452643637     
  0.999469333604940     
  0.999693877511280     
  0.999742030157252     
  0.999748716256862     
  0.999742709804815     
  0.999526915275552     
  0.999112975982501     
  0.998850612225855     
  0.998867626110800     
  0.999400620413927     
  0.994458278381693     
  0.869539819207837     
  0.898965017363182     
  0.997326411095624     
  0.995204888938286     
  0.926130086470716     
  0.909496227819054     
  0.992140045600430     
  0.997568294214819     
  0.975889538722338     
  0.975453959791847     
  0.996951062473609     
  0.983827891444524     
  0.933513220966169     
  0.965913506935731     
  0.997779557472326     
  0.999258294138164     
  0.999335867987944     
  0.999137923456244     
  0.994216241621272     
  0.963092033570214     
  0.911454406093796     
  0.963676596055689     
  0.997329301465372     
  0.998594403791348     
  0.991766118464390     
  0.986208155065137     
  0.997924595289535     
  0.999449362954853     
  0.990313477422696     
  0.990536061495851     
  0.988388130965030     
  0.962461102037156     
  0.994138504214988     
  0.999368605134462     
  0.999734522421208     
  0.999600096030103     
  0.999318358157069     
  0.999753020186189     
  0.999759136870917     
  0.999762498210497     
  0.999776192304956     
  0.999724847985386     
  0.999633732055437     
  0.999634198363931     
  0.999739969829871     
  0.999776434969518     
  0.999777121998826     
  0.999775623470364     
  0.999629286684674     
  0.999729132574823     
  0.999773859321654     
  0.999763079650942     
  0.999772023718105     
  0.999770417390859     
  0.999759579297429     
  0.999762434703552     
  0.999765423650653     
  0.999761928563273     
  0.999759854149389     
  0.999754953908597     
  0.999746286273028     
  0.999730240217159     
  0.999271211553287     
  0.990861530883542     
  0.995442785118011     
  0.999267285549093     
  0.978117788318495     
  0.953205660996504     
  0.998676466706335     
  0.999661535881362     
  0.999672634716521     
  0.999591817498846     
  0.996274269913614     
  0.960008281056287     
  0.975975705298429     
  0.998936797768913     
  0.999643016504619     
  0.999664822574075     
  0.999410618155164     
  0.999303881688328     
  0.999632569947891     
  0.999677966468222     
  0.994677933993296     
  0.998176712980655     
  0.996204958768507     
  0.997132331871575     
  0.999675578446929     
  0.999672427028585     
  0.999660780247902     
  0.999674954103914     
  0.999671126458267     
  0.999666312633012     
  0.999661800315372     
  0.999655668589281     
  0.999640415706015     
  0.999634680205690     
  0.999563065547141     
  0.999590925138178     
  0.999616073742636     
  0.999615127638995     
  0.998946489413159     
  0.999582644959687     
  0.999559280198582     
  0.999366820426277     
  0.999477733798614     
  0.999495616231021     
  0.998788243010870     
  0.991720748014655     
  0.973554808982035     
  0.998663609820553     
  0.999419302694063     
  0.999394660186393     
  0.997716532875791     
  0.994860109075814     
  0.998189405147063     
  0.996909786748280     
  0.947810673807783     
  0.977312073988805     
  0.769639358394729     
  0.984309102534433     
  0.998988416761581     
  0.999231242740929     
  0.999275133474373     
  0.999267346771833     
  0.999218068693401     
  0.999045191851133     
  0.996849621378400     
  0.931718817661297     
  0.931752185075242     
  0.996796286608814     
  0.997342540651193     
  0.989020914863939     
  0.997369238210134     
  0.999127829333279     
  0.999154949302185     
  0.999144612729282     
  0.999120781666103     
  0.999105460179173     
  0.999091114890778     
  0.999067858336158     
  0.999044456548226     
  0.999008385722613     
  0.998990921258847     
  0.998960244768726     
  0.998923579261296     
  0.998778804560722     
  0.998413141741151     
  0.998702161893810     
  0.998785043451647     
  0.998718581081471     
  0.998065627171181     
  0.998667339651878     
  0.998614453244308     
  0.998263631887393     
  0.998377394723119     
  0.998449404717757     
  0.998355618230078     
  0.997145882124111     
  0.986199976652419     
  0.993114554147935     
  0.955458326302258     
  0.967668636690660     
  0.997022015894843     
  0.990316875301845     
  0.977135976501200     
  0.994661498929958     
  0.989448254788283     
  0.990749553299105     
  0.993834394288435     
  0.996801372575612     
  0.997235432597616     
  0.997111880330483     
  0.996973979514761     
  0.996815101215180     
  0.996613821368239     
  0.996478561063644     
  0.996288162085474     
  0.996077149120547     
  0.995852326366223     
  0.995590042915889     
  0.991414351095139     
  0.985378957550101     
  0.994619281127592     
  0.994422100542925     
  0.994059003819072     
  0.993636310205695     
  0.993510112075076     
  0.993196996466368     
  0.992844317546749     
  0.992450373268847     
  0.992034807908320     
  0.991598736885608     
  0.991107968881394     
  0.990570569221865     
  0.990047948764865     
  0.989301335871069     
  0.988617056955608     
  0.987858742630138     
  0.986875996228685     
  0.981797558253560     
  0.976768124840885     
  0.981107653327140     
  0.982903622067301     
  0.981855370115498     
  0.980274342331880     
  0.979186050118210     
  0.978029833342536     
  0.976603493216061     
  0.975347953250790     
  0.974053286701672     
  0.972818622064719     
  0.971755673889323     
  0.970722437821687     
  0.969453932851010     
  0.968213607574817     
  0.968030846441449     
  0.969173124718085     
  0.970478455787852     
  0.971557311540369     
  0.972611870060033     
  0.973793682521979     
  0.974653321241314     
  0.975571625319387     
  0.977616353198188     
  0.978988357680338     
  0.980328649030563     
  0.981612461286109     
  0.982725452906668     
  0.983922854487428     
  0.984959109275122     
  0.985859808947207     
  0.986817998752586     
  0.987501324250675     
  0.988418407757866     
  0.988796325218929     
  0.988867791299681     
  0.989988213246878     
  0.990980814253794     
  0.991490766488777     
  0.990481625037708     
  0.978370912491641     
  0.987527555425247     
  0.990817935605114     
  0.993430395777040     
  0.993568534385490     
  0.994122573896681     
  0.994433849312549     
  0.994758808146103     
  0.995042932382285     
  0.995107822469820     
  0.995210203654616     
  0.987053305543708     
  0.967793584214079     
  0.991561146879151     
  0.996210792692334     
  0.996586482105757     
  0.996797857121612     
  0.996960549389496     
  0.996964021790672     
  0.993482849862746     
  0.994221737028596     
  0.997411574741462     
  0.997476320772405     
  0.997596445338290     
  0.997831924644785     
  0.997921709525712     
  0.998006351397042     
  0.998085791581008     
  0.998160784081333     
  0.998230589884791     
  0.998296837726430     
  0.998358104746100     
  0.998401667964087     
  0.998282543020121     
  0.998523270522246     
  0.998572600574854     
  0.998619436815959     
  0.998664065397745     
  0.998704324745840     
  0.997897846733293     
  0.998520365778464     
  0.998815854279415     
  0.998848820518475     
  0.998878414392894     
  0.998905156680054     
  0.998929236795954     
  0.998950999315573     
  0.998969852551163     
  0.998983570526782     
  0.998993096975183     
  0.998984540189692     
  0.998812465290800     
  0.998845912861539     
  0.998435278889289     
  0.998680233109853     
  0.998772026805508     
  0.998576397691236     
  0.998167195428381     
  0.997091196748066     
  0.982448098717496     
  0.757224971069746     
  0.477253617828263     
  0.945860489190131     
  0.995481415697786     
  0.997210649263157     
  0.983096423973610     
  0.993241101641537     
  0.992779020850066     
  0.998671567327815     
  0.999190664831261     
  0.999141981241257     
  0.997820404911902     
  0.994812856030531     
  0.997978247202782     
  0.999120048481236     
  0.999415389071978     
  0.999398430463860     
  0.999434400731472     
  0.999509626007814     
  0.999524814094350     
  0.999532139622352     
  0.999493342212743     
  0.998833300297491     
  0.998143025831221     
  0.999426701793199     
  0.999567100180419     
  0.999551223601845     
  0.999616388508463     
  0.999625466976042     
  0.999634535951008     
  0.999640785646661     
  0.999646982780164     
  0.999652634641929     
  0.999655173989776     
  0.999653479236459     
  0.999639998221800     
  0.999484589672389     
  0.993853215915536     
  0.997638444202969     
  0.999456531846472     
  0.993712933956203     
  0.983928490075519     
  0.998247284467901     
  0.999217748878043     
  0.999656327493998     
  0.999700484113647     
  0.999710695950614     
  0.999709959563312     
  0.999684795124756     
  0.998642759575199     
  0.989490447511432     
  0.997821974353169     
  0.999691273582296     
  0.999738512019393     
  0.999750955370561     
  0.999755259303197     
  0.999765267945557     
  0.999768471912368     
  0.999763144455420     
