  0.999437790819882     
  0.999436473267533     
  0.999427692502607     
  0.999431460334089     
  0.999322567832544     
  0.999385694950807     
  0.999270948557465     
  0.999395817996149     
  0.999398128898538     
  0.999379519528176     
  0.997870960046975     
  0.989120559381993     
  0.999306540048191     
  0.999239753029744     
  0.999209265689040     
  0.999047077685164     
  0.998513245879217     
  0.966349064123334     
  0.759327278268212     
  0.898828510947358     
  0.986571767900169     
  0.991321928299548     
  0.992268217250863     
  0.999135215433648     
  0.999056591289263     
  0.999259523687714     
  0.999278214692016     
  0.999285424264544     
  0.999288582767494     
  0.999287157224920     
  0.999234372053258     
  0.998921191171474     
  0.999246504091334     
  0.999266264775587     
  0.999259331753809     
  0.999251489658101     
  0.999242771281432     
  0.999234616319091     
  0.999218150818496     
  0.999200668772196     
  0.999204611442399     
  0.999178773908465     
  0.999098384168618     
  0.999169061974501     
  0.999145484227224     
  0.999144436730583     
  0.999127477895916     
  0.999107322440461     
  0.999058193048178     
  0.998966075644843     
  0.995493956971950     
  0.993118384291844     
  0.998796565335458     
  0.998951108404963     
  0.998432023288409     
  0.968431431313671     
  0.967514460282430     
  0.986995447617996     
  0.983815496530912     
  0.997836281704225     
  0.998591561653174     
  0.998854766496640     
  0.998864694503344     
  0.998850426717337     
  0.998830408638055     
  0.998809084424665     
  0.998787753870691     
  0.998763735784740     
  0.998739706705310     
  0.998715748203256     
  0.998630530003821     
  0.998660211542554     
  0.998625206589225     
  0.998606576933876     
  0.998576814200818     
  0.998392043768665     
  0.998338944417827     
  0.998304665926816     
  0.993892551095808     
  0.995850886899542     
  0.998260630383446     
  0.998302393862923     
  0.998275815152557     
  0.998146371162097     
  0.998182410601836     
  0.998140020089722     
  0.998074821739813     
  0.995861632675946     
  0.997077088823651     
  0.997479064738396     
  0.997723756581155     
  0.995958787247845     
  0.995379186682672     
  0.990447274419513     
  0.997409317400784     
  0.997572637217154     
  0.997512169948144     
  0.997440006116107     
  0.997120129730787     
  0.996862868583319     
  0.997182905274272     
  0.997104538518954     
  0.997005694532740     
  0.996902253225085     
  0.996793121095655     
  0.996649538600311     
  0.996525261474573     
  0.996119179636559     
  0.996173403105638     
  0.996149387250374     
  0.996001101220921     
  0.995837525098449     
  0.995663179049993     
  0.995475576816846     
  0.995278571814244     
  0.995013353533601     
  0.994789981236567     
  0.994486851474282     
  0.994112832453437     
  0.993569502810084     
  0.992312613017727     
  0.951330670523240     
  0.717940563291067     
  0.929921943615498     
  0.990552368747576     
  0.991375735949709     
  0.990914105644146     
  0.981577226335716     
  0.832986976366504     
  0.911718889122945     
  0.982587451899194     
  0.900948965208478     
  0.961018066929920     
  0.986525948761015     
  0.985622252581274     
  0.984502099579252     
  0.983096320809848     
  0.967127652899697     
  0.871611992640242     
  0.962578577555056     
  0.870258154433573     
  0.892834227473777     
  0.763824991435732     
  0.953442926621129     
  0.966242760415715     
  0.963569884850265     
  0.960190446300087     
  0.936646557640209     
  0.950674718076810     
  0.938963809504855     
  0.933001641345456     
  0.929441132684148     
  0.910341619588762     
  0.862117965681178     
  0.794741558299797     
  0.880647537214795     
  0.868272581547090     
  0.848752767556787     
  0.833554583016157     
  0.834357994672685     
  0.848885902322414     
  0.863572348398567     
  0.874294943482840     
  0.875801463574356     
  0.868551296100604     
  0.848748964154422     
  0.810586431349736     
  0.750808791243817     
  0.645478021281863     
  0.521313781595506     
  0.483471494116899     
  0.515819440930060     
  0.590772917872059     
  0.679701872988299     
  0.755475075427518     
  0.804283739988408     
  0.831998499534378     
  0.854025964920163     
  0.872993004288826     
  0.888798265064602     
  0.905018311461110     
  0.920844618189370     
  0.934279753082672     
  0.941967687449262     
  0.948845935263391     
  0.955431837906920     
  0.960824597961148     
  0.963992654570072     
  0.966948625455498     
  0.969669794597844     
  0.972209203725251     
  0.974439522119384     
  0.976506162833625     
  0.978424699047668     
  0.980261397956018     
  0.982040961396425     
  0.983619807763765     
  0.985205399347676     
  0.986567154618446     
  0.987704442578367     
  0.988134557151729     
  0.987547133219933     
  0.990196269537022     
  0.990838977777893     
  0.991686741757569     
  0.992092247343801     
  0.992700728936206     
  0.993116795829314     
  0.993482059452975     
  0.993531035158733     
  0.993807748597326     
  0.994419936098519     
  0.994728057088766     
  0.994764806479125     
  0.995241794646554     
  0.995476603438194     
  0.995690469389425     
  0.995838506428673     
  0.994160825765320     
  0.982736836447789     
  0.994209041863401     
  0.995339359599922     
  0.996454532086223     
  0.996819552036556     
  0.996951271400377     
  0.991442834317075     
  0.994085562319060     
  0.997271755851255     
  0.997315999809602     
  0.995887427952485     
  0.996748666080954     
  0.997494256473788     
  0.997495260881025     
  0.997231693669063     
  0.997029277838338     
  0.996369842135264     
  0.958661826330317     
  0.872699568862398     
  0.904847933311344     
  0.994669811675239     
  0.997231348979786     
  0.997509499624080     
  0.997749703240518     
  0.997732158711252     
  0.997402582064075     
  0.995264068555098     
  0.884931975035428     
  0.689997562070708     
  0.780026387639098     
  0.789152151390709     
  0.994770619754480     
  0.997684758556132     
  0.997309091350798     
  0.997601588681907     
  0.998478596216527     
  0.998611145061614     
  0.998677989757379     
  0.998729091317942     
  0.998763402922379     
  0.998528084269679     
  0.998677222782121     
  0.997661930932577     
  0.998780388448408     
  0.998937492574264     
  0.998968730000564     
  0.998918400347998     
  0.998948471198922     
  0.999043151933358     
  0.999065550711382     
  0.999085229640999     
  0.999105895620738     
  0.999124802981542     
  0.999141715781544     
  0.998896521984290     
  0.998825530840759     
  0.999138569077468     
  0.999198955048896     
  0.999091388821331     
  0.998717691867848     
  0.999253060060493     
  0.999269349594113     
  0.999282930016575     
  0.999231650677798     
  0.998035788782837     
  0.998961673268609     
  0.999325002500811     
  0.999338030425934     
  0.999341980004415     
  0.999278745816046     
  0.999218259670102     
  0.999357172065709     
  0.999149748541440     
  0.999366602096799     
  0.999361915120021     
  0.999346668320142     
  0.999313479639576     
  0.999240976610267     
  0.999025795258350     
  0.996935701322519     
  0.958352853805966     
  0.968282047617328     
  0.997165187579792     
  0.983406151209757     
  0.926819832958060     
  0.971846930700850     
  0.998072004349734     
  0.998936053312852     
  0.999207547191609     
  0.999266683486705     
  0.999221779331243     
  0.998463682375253     
  0.942594979807396     
  0.899888615642028     
  0.975180819421133     
  0.995797517476969     
  0.999370971361086     
  0.999413503966143     
  0.999402215616707     
  0.999564729761668     
  0.999581885972133     
  0.999594411607568     
  0.999604241225576     
  0.999612664793110     
  0.999620512753697     
  0.999619822363049     
  0.999566634618413     
  0.999639677933587     
  0.999645299693135     
  0.999650951463142     
  0.999618132604422     
  0.999466943651881     
  0.999659565254241     
  0.999499207291227     
  0.999654204861978     
  0.999632278414641     
  0.999262828917280     
  0.999658414800799     
  0.999680144338905     
  0.999686037628999     
  0.999668898050411     
  0.999685196704274     
  0.999682251383938     
  0.999629797366301     
  0.998503919632586     
  0.997704347477889     
  0.999506770691853     
  0.999680376443529     
  0.999659313706929     
  0.999444673137400     
  0.996149343175690     
  0.999428212363662     
  0.999698188757544     
  0.999716194553525     
  0.999700372997578     
  0.999726737063796     
  0.999706096959862     
  0.999707399896530     
  0.999735418453643     
  0.999738158537469     
  0.999740860501291     
  0.999742198276789     
  0.999743516524982     
  0.999744860189692     
  0.999718938836439     
  0.999698239913250     
  0.999548475817606     
  0.987891305228938     
  0.994649959196697     
  0.999667165532343     
  0.999711151034788     
  0.999757876104807     
  0.999761719658772     
  0.999764241062856     
  0.999734811644989     
  0.999765467375571     
  0.999758772656950     
  0.999744647118542     
  0.999447880719785     
  0.998961800542217     
  0.999645078262814     
  0.999630363128682     
  0.999770366248402     
  0.999772625715646     
  0.999769868739451     
  0.999734065971650     
  0.999534129998787     
  0.999618043047157     
  0.986366303638553     
  0.984130652883206     
  0.967511070691138     
  0.945936549335921     
  0.998546151052066     
  0.999693094656825     
  0.999489345260606     
  0.999158499139778     
  0.993201850848787     
  0.999001667895011     
  0.999671275302897     
  0.999768044629180     
  0.999759880024019     
  0.999731357132350     
  0.999580002229551     
  0.981862694510316     
  0.911302014302656     
  0.990267984901687     
  0.999575070813673     
  0.999142325225817     
  0.999599509636647     
  0.999781280754095     
  0.999792545224624     
  0.999793556349371     
  0.999801579951224     
  0.999803481634166     
  0.999805831174961     
  0.999807402691255     
  0.999800132371790     
  0.999519035990418     
  0.998975438651191     
  0.999423155985637     
  0.999808501641798     
  0.999812979728969     
  0.999813768416851     
  0.999813530668044     
  0.999623187968761     
  0.999715278577008     
  0.999809109614342     
  0.999817159461401     
  0.999818408947034     
  0.999818292185812     
  0.999819520482193     
  0.999819373719659     
  0.999820585172321     
  0.999819130105372     
  0.999744850558589     
  0.998808254800724     
  0.999747357122515     
  0.999813652312319     
  0.999523258872343     
  0.999587789740146     
  0.997978959096456     
  0.999814936553039     
  0.999816211254845     
  0.999803581450373     
  0.999384418709652     
  0.984590804882109     
  0.999747832917328     
  0.999797139972844     
  0.999764262307409     
  0.999255596721521     
  0.998240274008688     
  0.999599892863274     
  0.999799581007750     
  0.999800389581628     
  0.999782150543727     
  0.999746310788237     
  0.997232822676879     
  0.979848257226939     
  0.996384383558716     
  0.999719230247059     
  0.999636302136231     
  0.985102140508896     
  0.984590741643833     
  0.999438176492952     
  0.999790453992589     
  0.999790560572414     
  0.998622798317799     
  0.997333211205495     
  0.999699670577466     
  0.999799614120847     
  0.999770171508416     
  0.999816559993007     
  0.999815121835816     
  0.999813681905039     
  0.999810923949331     
  0.999806196204324     
  0.999663565756153     
  0.999694542376187     
  0.999744576327254     
  0.999758776220514     
  0.999718639517468     
  0.999592447652176     
  0.993806354075308     
  0.941173811226024     
  0.929359876336004     
  0.992161260849063     
  0.998409939209088     
  0.973712897643724     
  0.964107036099072     
  0.996229472723112     
  0.999415473376028     
  0.999063165868122     
  0.997356373655578     
  0.999468252192174     
  0.999638907123291     
  0.999176383284851     
  0.974419971990348     
  0.837448396031583     
  0.996319056543040     
  0.999551902175109     
  0.999581648020127     
  0.999736028747388     
  0.999746759492749     
  0.999746481094612     
  0.999678144722749     
  0.999077580597547     
  0.999099295140943     
  0.998580627218748     
  0.999396658449693     
  0.998651787142805     
  0.925652337681761     
  0.851846006575641     
  0.988753072692968     
  0.998471768649727     
  0.960305749871823     
  0.892664760759287     
  0.975461830294834     
  0.998619745682706     
  0.986373779346247     
  0.968055542392812     
  0.993454508419553     
  0.993959029404009     
  0.945954991423263     
  0.945892212725292     
  0.994220873488216     
  0.999146944381658     
  0.999338860524541     
  0.999252771729488     
  0.997795827045194     
  0.979083515189577     
  0.918689947025389     
  0.938213590552361     
  0.994115491381317     
  0.998579675488310     
  0.995759783111177     
  0.985593742912405     
  0.994725407743278     
  0.999445002818830     
  0.996352012990802     
  0.983727449618365     
  0.995752175633668     
  0.964664948349981     
  0.984760992692459     
  0.999120479778047     
  0.999732721498698     
  0.999706804376299     
  0.999257763084970     
  0.999681371170701     
  0.999773887203537     
  0.999733995553129     
  0.999776533662487     
  0.999749222919727     
  0.999700988716603     
  0.999574351852036     
  0.999711233700720     
  0.999774565322980     
  0.999776652888019     
  0.999775926824475     
  0.999753613311716     
  0.999553718900486     
  0.999773929630414     
  0.999768867734721     
  0.999771426611342     
  0.999771698563416     
  0.999768572164561     
  0.999748817577948     
  0.999765636124584     
  0.999763550295062     
  0.999760015486118     
  0.999756427970688     
  0.999751568241083     
  0.999737941702638     
  0.999452647877744     
  0.996033132968678     
  0.990397393865865     
  0.999279466495319     
  0.993755411649787     
  0.940161876371313     
  0.993676637800544     
  0.999632574157015     
  0.999677822824863     
  0.999654204572413     
  0.998938039938417     
  0.974888365213674     
  0.961264625387874     
  0.996852713592176     
  0.999634022231031     
  0.999675761892099     
  0.999547604706231     
  0.999274165935176     
  0.999551390300784     
  0.999684381367929     
  0.998508062822947     
  0.994074219351709     
  0.999058795125030     
  0.992613880685072     
  0.999653603187964     
  0.999662518039167     
  0.999670693340960     
  0.999676238699480     
  0.999673614859725     
  0.999668347637265     
  0.999663495279791     
  0.999659036567618     
  0.999648887019004     
  0.999634312107353     
  0.999610080646545     
  0.999547008451848     
  0.999621888769586     
  0.999616061369951     
  0.999408297235155     
  0.999439396763073     
  0.999582277160560     
  0.999436684477516     
  0.999412498554638     
  0.999518518858315     
  0.999269623235948     
  0.995857830569579     
  0.976153230852470     
  0.995397566370553     
  0.999392029190452     
  0.999430686016813     
  0.998841274729781     
  0.994824509531444     
  0.997343082829125     
  0.998597094653686     
  0.963642284560653     
  0.983663601435822     
  0.809201285999750     
  0.917776774239066     
  0.998819060198123     
  0.999199503848670     
  0.999270325441276     
  0.999275733215636     
  0.999242387072367     
  0.999142354751709     
  0.998387216727739     
  0.967327720806473     
  0.904011336031799     
  0.989528958533960     
  0.998455789976735     
  0.991351730445558     
  0.994082905481719     
  0.999075105009100     
  0.999159453304194     
  0.999151700290528     
  0.999136744543588     
  0.999095104869831     
  0.999100172135402     
  0.999079453257435     
  0.999056122150520     
  0.999023556871314     
  0.999003234420801     
  0.998975364737004     
  0.998942763713203     
  0.998870178261745     
  0.998511239048014     
  0.998574552619686     
  0.998795189971722     
  0.998768747827630     
  0.997938470359539     
  0.998673483803276     
  0.998641265654291     
  0.998455513544689     
  0.998229890598709     
  0.998472101644581     
  0.998402509924388     
  0.998106763786277     
  0.988459315532834     
  0.994445935798533     
  0.970263617890653     
  0.951566733771125     
  0.994824748992400     
  0.995074139493057     
  0.977234322506782     
  0.990198986213534     
  0.993604843535749     
  0.985900874080277     
  0.994383049183986     
  0.995564088247825     
  0.997276918957158     
  0.997170870460388     
  0.997037950105933     
  0.996890333100059     
  0.996688142163234     
  0.996555590768568     
  0.996376063767970     
  0.996174491896952     
  0.995952588672064     
  0.995712645023970     
  0.994547537826373     
  0.982123920666958     
  0.993949440271910     
  0.994567530644802     
  0.994227478225215     
  0.993787178166543     
  0.993616938174739     
  0.993355586133839     
  0.993016873824103     
  0.992643671256158     
  0.992232262499048     
  0.991813591497581     
  0.991345845049300     
  0.990824544303647     
  0.990329625260301     
  0.989629931275209     
  0.988943052413813     
  0.988225823221850     
  0.987397798200849     
  0.984495858292715     
  0.977637490938278     
  0.979144196516133     
  0.983226381048514     
  0.982410611792973     
  0.981234883815777     
  0.979513593802679     
  0.978729241878469     
  0.977364008356119     
  0.976120612861389     
  0.974798580567806     
  0.973562224629393     
  0.972505745489990     
  0.971535595093660     
  0.970394469286450     
  0.969125544728723     
  0.968468217066421     
  0.969269084700351     
  0.970549007820412     
  0.971659909541463     
  0.972660369153486     
  0.973741414073190     
  0.974781604320981     
  0.975447122182050     
  0.977261500599081     
  0.978841789715579     
  0.980087192252404     
  0.981422050444195     
  0.982553783909092     
  0.983717610102215     
  0.984785430841097     
  0.985715152588180     
  0.986644664330713     
  0.987374471507575     
  0.988209903091800     
  0.988967250271574     
  0.988375298335203     
  0.990064156781620     
  0.990691876003733     
  0.991432686266264     
  0.991517736511957     
  0.982939100470819     
  0.982377445966457     
  0.990502668794167     
  0.993349530272338     
  0.993438827458255     
  0.994048538214669     
  0.994354191303756     
  0.994690362013889     
  0.994986815449078     
  0.995176361086820     
  0.995328149918906     
  0.992690312451343     
  0.969361522981783     
  0.984478798548706     
  0.995915142197161     
  0.996519171491538     
  0.996753399308902     
  0.996936485405496     
  0.997057608321228     
  0.995406470392248     
  0.992457621214503     
  0.997083630193184     
  0.997535131528940     
  0.997632046016844     
  0.997788982845019     
  0.997904525920900     
  0.997988647892159     
  0.998069000364816     
  0.998145780403174     
  0.998216815048108     
  0.998283354077132     
  0.998345549541325     
  0.998404297835560     
  0.998192299712328     
  0.998506640980062     
  0.998563234983989     
  0.998610834357260     
  0.998655327804206     
  0.998696893338284     
  0.998568620054661     
  0.998055986255227     
  0.998804154984286     
  0.998842082079394     
  0.998872998397921     
  0.998900977232916     
  0.998926082419235     
  0.998948544238374     
  0.998967202026935     
  0.998983020807970     
  0.998993777627243     
  0.998995637052782     
  0.998899736343948     
  0.998772884903129     
  0.998738399258330     
  0.998400499562225     
  0.998814258301254     
  0.998663811681171     
  0.998341512005697     
  0.997614850783247     
  0.992501319712769     
  0.919603259372896     
  0.477194504535563     
  0.756233050985200     
  0.994004420456163     
  0.997240953282964     
  0.989515053171888     
  0.988255985310529     
  0.993721667197811     
  0.997165604670564     
  0.999171551057436     
  0.999153121727141     
  0.998913556899074     
  0.994192677384053     
  0.997331618325502     
  0.998906586532180     
  0.999372481705658     
  0.999441375672542     
  0.999433763822219     
  0.999497038602816     
  0.999521851679194     
  0.999533295773043     
  0.999527011109398     
  0.999197467226041     
  0.998303235795683     
  0.999143190627406     
  0.999570743158284     
  0.999482654590072     
  0.999613519624912     
  0.999623966293131     
  0.999633016126869     
  0.999640739849199     
  0.999646866368083     
  0.999651550036737     
  0.999655646210509     
  0.999655274443035     
  0.999647498186707     
  0.999595665855391     
  0.996827522703612     
  0.994914607047633     
  0.999416097305220     
  0.997726531798121     
  0.982185753575518     
  0.995711603881909     
  0.999164914859844     
  0.999567295188677     
  0.999695314611601     
  0.999708964240908     
  0.999711516135381     
  0.999698761864726     
  0.999440610770340     
  0.992192021765844     
  0.994501733772649     
  0.999598815029067     
  0.999729175678704     
  0.999748971251378     
  0.999745495502296     
  0.999765030902893     
  0.999767792648630     
  0.999766615997927     
