  0.999437790819882     
  0.999436473267532     
  0.999427692502608     
  0.999431460334090     
  0.999322567832543     
  0.999385694950808     
  0.999270948557464     
  0.999395817996148     
  0.999398128898536     
  0.999379519528175     
  0.997870960046977     
  0.989120559381994     
  0.999306540048191     
  0.999239753029745     
  0.999209265689045     
  0.999047077685164     
  0.998513245879215     
  0.966349064123335     
  0.759327278268212     
  0.898828510947358     
  0.986571767900169     
  0.991321928299549     
  0.992268217250864     
  0.999135215433651     
  0.999056591289262     
  0.999259523687713     
  0.999278214692017     
  0.999285424264542     
  0.999288582767495     
  0.999287157224919     
  0.999234372053257     
  0.998921191171474     
  0.999246504091335     
  0.999266264775587     
  0.999259331753807     
  0.999251489658101     
  0.999242771281432     
  0.999234616319091     
  0.999218150818495     
  0.999200668772197     
  0.999204611442399     
  0.999178773908467     
  0.999098384168616     
  0.999169061974500     
  0.999145484227222     
  0.999144436730582     
  0.999127477895917     
  0.999107322440461     
  0.999058193048178     
  0.998966075644844     
  0.995493956971947     
  0.993118384291843     
  0.998796565335458     
  0.998951108404959     
  0.998432023288409     
  0.968431431313672     
  0.967514460282428     
  0.986995447617997     
  0.983815496530915     
  0.997836281704225     
  0.998591561653175     
  0.998854766496640     
  0.998864694503344     
  0.998850426717338     
  0.998830408638054     
  0.998809084424665     
  0.998787753870691     
  0.998763735784738     
  0.998739706705311     
  0.998715748203256     
  0.998630530003822     
  0.998660211542553     
  0.998625206589225     
  0.998606576933875     
  0.998576814200819     
  0.998392043768663     
  0.998338944417826     
  0.998304665926817     
  0.993892551095807     
  0.995850886899543     
  0.998260630383447     
  0.998302393862925     
  0.998275815152554     
  0.998146371162095     
  0.998182410601836     
  0.998140020089724     
  0.998074821739812     
  0.995861632675947     
  0.997077088823650     
  0.997479064738398     
  0.997723756581155     
  0.995958787247843     
  0.995379186682674     
  0.990447274419514     
  0.997409317400787     
  0.997572637217155     
  0.997512169948146     
  0.997440006116108     
  0.997120129730786     
  0.996862868583319     
  0.997182905274270     
  0.997104538518954     
  0.997005694532739     
  0.996902253225083     
  0.996793121095656     
  0.996649538600310     
  0.996525261474575     
  0.996119179636562     
  0.996173403105636     
  0.996149387250375     
  0.996001101220921     
  0.995837525098450     
  0.995663179049992     
  0.995475576816846     
  0.995278571814245     
  0.995013353533601     
  0.994789981236567     
  0.994486851474281     
  0.994112832453437     
  0.993569502810085     
  0.992312613017728     
  0.951330670523242     
  0.717940563291066     
  0.929921943615497     
  0.990552368747576     
  0.991375735949708     
  0.990914105644144     
  0.981577226335719     
  0.832986976366502     
  0.911718889122944     
  0.982587451899197     
  0.900948965208478     
  0.961018066929919     
  0.986525948761015     
  0.985622252581274     
  0.984502099579251     
  0.983096320809848     
  0.967127652899697     
  0.871611992640241     
  0.962578577555056     
  0.870258154433572     
  0.892834227473779     
  0.763824991435733     
  0.953442926621129     
  0.966242760415715     
  0.963569884850267     
  0.960190446300086     
  0.936646557640208     
  0.950674718076807     
  0.938963809504857     
  0.933001641345457     
  0.929441132684150     
  0.910341619588762     
  0.862117965681177     
  0.794741558299795     
  0.880647537214796     
  0.868272581547090     
  0.848752767556788     
  0.833554583016155     
  0.834357994672684     
  0.848885902322414     
  0.863572348398567     
  0.874294943482839     
  0.875801463574354     
  0.868551296100604     
  0.848748964154421     
  0.810586431349736     
  0.750808791243818     
  0.645478021281863     
  0.521313781595507     
  0.483471494116900     
  0.515819440930061     
  0.590772917872059     
  0.679701872988300     
  0.755475075427519     
  0.804283739988409     
  0.831998499534379     
  0.854025964920161     
  0.872993004288825     
  0.888798265064601     
  0.905018311461109     
  0.920844618189369     
  0.934279753082672     
  0.941967687449264     
  0.948845935263390     
  0.955431837906921     
  0.960824597961147     
  0.963992654570073     
  0.966948625455497     
  0.969669794597845     
  0.972209203725251     
  0.974439522119384     
  0.976506162833628     
  0.978424699047670     
  0.980261397956018     
  0.982040961396425     
  0.983619807763767     
  0.985205399347677     
  0.986567154618446     
  0.987704442578366     
  0.988134557151730     
  0.987547133219932     
  0.990196269537018     
  0.990838977777895     
  0.991686741757570     
  0.992092247343802     
  0.992700728936206     
  0.993116795829315     
  0.993482059452975     
  0.993531035158735     
  0.993807748597325     
  0.994419936098519     
  0.994728057088766     
  0.994764806479127     
  0.995241794646556     
  0.995476603438194     
  0.995690469389423     
  0.995838506428674     
  0.994160825765321     
  0.982736836447789     
  0.994209041863400     
  0.995339359599922     
  0.996454532086223     
  0.996819552036559     
  0.996951271400376     
  0.991442834317077     
  0.994085562319061     
  0.997271755851255     
  0.997315999809603     
  0.995887427952484     
  0.996748666080956     
  0.997494256473788     
  0.997495260881025     
  0.997231693669064     
  0.997029277838337     
  0.996369842135267     
  0.958661826330317     
  0.872699568862399     
  0.904847933311345     
  0.994669811675238     
  0.997231348979786     
  0.997509499624080     
  0.997749703240517     
  0.997732158711252     
  0.997402582064074     
  0.995264068555098     
  0.884931975035430     
  0.689997562070707     
  0.780026387639098     
  0.789152151390709     
  0.994770619754480     
  0.997684758556134     
  0.997309091350799     
  0.997601588681907     
  0.998478596216528     
  0.998611145061615     
  0.998677989757380     
  0.998729091317943     
  0.998763402922378     
  0.998528084269680     
  0.998677222782120     
  0.997661930932580     
  0.998780388448409     
  0.998937492574265     
  0.998968730000564     
  0.998918400347996     
  0.998948471198923     
  0.999043151933359     
  0.999065550711383     
  0.999085229640998     
  0.999105895620737     
  0.999124802981539     
  0.999141715781544     
  0.998896521984289     
  0.998825530840760     
  0.999138569077468     
  0.999198955048896     
  0.999091388821331     
  0.998717691867850     
  0.999253060060493     
  0.999269349594114     
  0.999282930016577     
  0.999231650677796     
  0.998035788782839     
  0.998961673268609     
  0.999325002500811     
  0.999338030425935     
  0.999341980004417     
  0.999278745816045     
  0.999218259670103     
  0.999357172065709     
  0.999149748541441     
  0.999366602096800     
  0.999361915120020     
  0.999346668320142     
  0.999313479639577     
  0.999240976610267     
  0.999025795258348     
  0.996935701322520     
  0.958352853805967     
  0.968282047617327     
  0.997165187579790     
  0.983406151209759     
  0.926819832958058     
  0.971846930700852     
  0.998072004349732     
  0.998936053312853     
  0.999207547191608     
  0.999266683486705     
  0.999221779331244     
  0.998463682375255     
  0.942594979807395     
  0.899888615642028     
  0.975180819421133     
  0.995797517476967     
  0.999370971361086     
  0.999413503966144     
  0.999402215616710     
  0.999564729761668     
  0.999581885972133     
  0.999594411607568     
  0.999604241225574     
  0.999612664793109     
  0.999620512753695     
  0.999619822363050     
  0.999566634618412     
  0.999639677933585     
  0.999645299693136     
  0.999650951463141     
  0.999618132604423     
  0.999466943651881     
  0.999659565254243     
  0.999499207291227     
  0.999654204861979     
  0.999632278414643     
  0.999262828917283     
  0.999658414800801     
  0.999680144338906     
  0.999686037628999     
  0.999668898050411     
  0.999685196704276     
  0.999682251383937     
  0.999629797366298     
  0.998503919632586     
  0.997704347477889     
  0.999506770691854     
  0.999680376443526     
  0.999659313706930     
  0.999444673137401     
  0.996149343175690     
  0.999428212363661     
  0.999698188757543     
  0.999716194553525     
  0.999700372997578     
  0.999726737063796     
  0.999706096959860     
  0.999707399896531     
  0.999735418453645     
  0.999738158537469     
  0.999740860501290     
  0.999742198276790     
  0.999743516524980     
  0.999744860189693     
  0.999718938836438     
  0.999698239913251     
  0.999548475817604     
  0.987891305228938     
  0.994649959196696     
  0.999667165532342     
  0.999711151034784     
  0.999757876104807     
  0.999761719658771     
  0.999764241062856     
  0.999734811644988     
  0.999765467375571     
  0.999758772656952     
  0.999744647118541     
  0.999447880719786     
  0.998961800542218     
  0.999645078262813     
  0.999630363128683     
  0.999770366248401     
  0.999772625715645     
  0.999769868739451     
  0.999734065971648     
  0.999534129998788     
  0.999618043047161     
  0.986366303638553     
  0.984130652883207     
  0.967511070691137     
  0.945936549335921     
  0.998546151052064     
  0.999693094656825     
  0.999489345260606     
  0.999158499139778     
  0.993201850848788     
  0.999001667895009     
  0.999671275302897     
  0.999768044629180     
  0.999759880024020     
  0.999731357132352     
  0.999580002229553     
  0.981862694510316     
  0.911302014302656     
  0.990267984901688     
  0.999575070813673     
  0.999142325225815     
  0.999599509636648     
  0.999781280754096     
  0.999792545224626     
  0.999793556349372     
  0.999801579951222     
  0.999803481634165     
  0.999805831174960     
  0.999807402691255     
  0.999800132371791     
  0.999519035990418     
  0.998975438651192     
  0.999423155985639     
  0.999808501641797     
  0.999812979728970     
  0.999813768416854     
  0.999813530668044     
  0.999623187968760     
  0.999715278577008     
  0.999809109614341     
  0.999817159461400     
  0.999818408947036     
  0.999818292185813     
  0.999819520482191     
  0.999819373719659     
  0.999820585172322     
  0.999819130105373     
  0.999744850558591     
  0.998808254800726     
  0.999747357122515     
  0.999813652312319     
  0.999523258872341     
  0.999587789740150     
  0.997978959096454     
  0.999814936553040     
  0.999816211254847     
  0.999803581450373     
  0.999384418709654     
  0.984590804882110     
  0.999747832917331     
  0.999797139972843     
  0.999764262307409     
  0.999255596721517     
  0.998240274008688     
  0.999599892863275     
  0.999799581007752     
  0.999800389581627     
  0.999782150543726     
  0.999746310788238     
  0.997232822676879     
  0.979848257226938     
  0.996384383558716     
  0.999719230247058     
  0.999636302136230     
  0.985102140508896     
  0.984590741643833     
  0.999438176492952     
  0.999790453992590     
  0.999790560572414     
  0.998622798317802     
  0.997333211205496     
  0.999699670577466     
  0.999799614120849     
  0.999770171508414     
  0.999816559993006     
  0.999815121835817     
  0.999813681905040     
  0.999810923949330     
  0.999806196204324     
  0.999663565756152     
  0.999694542376187     
  0.999744576327255     
  0.999758776220513     
  0.999718639517467     
  0.999592447652175     
  0.993806354075309     
  0.941173811226023     
  0.929359876336005     
  0.992161260849062     
  0.998409939209088     
  0.973712897643723     
  0.964107036099072     
  0.996229472723112     
  0.999415473376030     
  0.999063165868125     
  0.997356373655576     
  0.999468252192175     
  0.999638907123292     
  0.999176383284852     
  0.974419971990348     
  0.837448396031583     
  0.996319056543039     
  0.999551902175110     
  0.999581648020127     
  0.999736028747387     
  0.999746759492749     
  0.999746481094611     
  0.999678144722750     
  0.999077580597548     
  0.999099295140945     
  0.998580627218749     
  0.999396658449694     
  0.998651787142806     
  0.925652337681763     
  0.851846006575643     
  0.988753072692968     
  0.998471768649729     
  0.960305749871824     
  0.892664760759286     
  0.975461830294834     
  0.998619745682709     
  0.986373779346244     
  0.968055542392811     
  0.993454508419553     
  0.993959029404009     
  0.945954991423262     
  0.945892212725292     
  0.994220873488216     
  0.999146944381659     
  0.999338860524544     
  0.999252771729491     
  0.997795827045191     
  0.979083515189577     
  0.918689947025389     
  0.938213590552360     
  0.994115491381317     
  0.998579675488310     
  0.995759783111177     
  0.985593742912406     
  0.994725407743278     
  0.999445002818828     
  0.996352012990803     
  0.983727449618364     
  0.995752175633667     
  0.964664948349980     
  0.984760992692460     
  0.999120479778046     
  0.999732721498697     
  0.999706804376298     
  0.999257763084967     
  0.999681371170702     
  0.999773887203538     
  0.999733995553132     
  0.999776533662484     
  0.999749222919726     
  0.999700988716600     
  0.999574351852035     
  0.999711233700720     
  0.999774565322982     
  0.999776652888021     
  0.999775926824472     
  0.999753613311716     
  0.999553718900487     
  0.999773929630412     
  0.999768867734722     
  0.999771426611344     
  0.999771698563416     
  0.999768572164561     
  0.999748817577947     
  0.999765636124583     
  0.999763550295064     
  0.999760015486118     
  0.999756427970686     
  0.999751568241082     
  0.999737941702638     
  0.999452647877743     
  0.996033132968679     
  0.990397393865864     
  0.999279466495319     
  0.993755411649786     
  0.940161876371312     
  0.993676637800547     
  0.999632574157017     
  0.999677822824862     
  0.999654204572412     
  0.998938039938419     
  0.974888365213674     
  0.961264625387873     
  0.996852713592179     
  0.999634022231032     
  0.999675761892098     
  0.999547604706234     
  0.999274165935176     
  0.999551390300783     
  0.999684381367930     
  0.998508062822949     
  0.994074219351708     
  0.999058795125031     
  0.992613880685072     
  0.999653603187966     
  0.999662518039168     
  0.999670693340960     
  0.999676238699478     
  0.999673614859727     
  0.999668347637263     
  0.999663495279790     
  0.999659036567619     
  0.999648887019002     
  0.999634312107353     
  0.999610080646546     
  0.999547008451851     
  0.999621888769584     
  0.999616061369950     
  0.999408297235154     
  0.999439396763072     
  0.999582277160559     
  0.999436684477516     
  0.999412498554639     
  0.999518518858315     
  0.999269623235949     
  0.995857830569578     
  0.976153230852469     
  0.995397566370551     
  0.999392029190453     
  0.999430686016813     
  0.998841274729782     
  0.994824509531445     
  0.997343082829125     
  0.998597094653688     
  0.963642284560653     
  0.983663601435822     
  0.809201285999750     
  0.917776774239065     
  0.998819060198122     
  0.999199503848670     
  0.999270325441277     
  0.999275733215634     
  0.999242387072367     
  0.999142354751709     
  0.998387216727737     
  0.967327720806472     
  0.904011336031798     
  0.989528958533961     
  0.998455789976732     
  0.991351730445560     
  0.994082905481719     
  0.999075105009101     
  0.999159453304196     
  0.999151700290527     
  0.999136744543591     
  0.999095104869830     
  0.999100172135403     
  0.999079453257434     
  0.999056122150521     
  0.999023556871315     
  0.999003234420800     
  0.998975364737004     
  0.998942763713204     
  0.998870178261745     
  0.998511239048013     
  0.998574552619688     
  0.998795189971721     
  0.998768747827630     
  0.997938470359542     
  0.998673483803277     
  0.998641265654288     
  0.998455513544691     
  0.998229890598711     
  0.998472101644580     
  0.998402509924384     
  0.998106763786278     
  0.988459315532835     
  0.994445935798534     
  0.970263617890651     
  0.951566733771124     
  0.994824748992400     
  0.995074139493056     
  0.977234322506784     
  0.990198986213537     
  0.993604843535749     
  0.985900874080277     
  0.994383049183987     
  0.995564088247826     
  0.997276918957158     
  0.997170870460388     
  0.997037950105933     
  0.996890333100060     
  0.996688142163235     
  0.996555590768568     
  0.996376063767969     
  0.996174491896952     
  0.995952588672062     
  0.995712645023970     
  0.994547537826372     
  0.982123920666958     
  0.993949440271909     
  0.994567530644805     
  0.994227478225216     
  0.993787178166542     
  0.993616938174739     
  0.993355586133838     
  0.993016873824104     
  0.992643671256158     
  0.992232262499047     
  0.991813591497581     
  0.991345845049300     
  0.990824544303644     
  0.990329625260301     
  0.989629931275209     
  0.988943052413814     
  0.988225823221850     
  0.987397798200849     
  0.984495858292714     
  0.977637490938279     
  0.979144196516132     
  0.983226381048514     
  0.982410611792976     
  0.981234883815775     
  0.979513593802679     
  0.978729241878468     
  0.977364008356116     
  0.976120612861388     
  0.974798580567806     
  0.973562224629395     
  0.972505745489992     
  0.971535595093659     
  0.970394469286451     
  0.969125544728725     
  0.968468217066419     
  0.969269084700353     
  0.970549007820412     
  0.971659909541463     
  0.972660369153486     
  0.973741414073187     
  0.974781604320980     
  0.975447122182052     
  0.977261500599081     
  0.978841789715579     
  0.980087192252404     
  0.981422050444193     
  0.982553783909093     
  0.983717610102217     
  0.984785430841099     
  0.985715152588180     
  0.986644664330713     
  0.987374471507573     
  0.988209903091800     
  0.988967250271572     
  0.988375298335203     
  0.990064156781622     
  0.990691876003734     
  0.991432686266264     
  0.991517736511956     
  0.982939100470820     
  0.982377445966454     
  0.990502668794166     
  0.993349530272338     
  0.993438827458255     
  0.994048538214670     
  0.994354191303755     
  0.994690362013887     
  0.994986815449077     
  0.995176361086821     
  0.995328149918905     
  0.992690312451342     
  0.969361522981784     
  0.984478798548707     
  0.995915142197161     
  0.996519171491538     
  0.996753399308903     
  0.996936485405496     
  0.997057608321227     
  0.995406470392247     
  0.992457621214502     
  0.997083630193182     
  0.997535131528939     
  0.997632046016844     
  0.997788982845020     
  0.997904525920901     
  0.997988647892160     
  0.998069000364818     
  0.998145780403175     
  0.998216815048108     
  0.998283354077128     
  0.998345549541325     
  0.998404297835558     
  0.998192299712328     
  0.998506640980063     
  0.998563234983989     
  0.998610834357261     
  0.998655327804206     
  0.998696893338281     
  0.998568620054664     
  0.998055986255228     
  0.998804154984284     
  0.998842082079392     
  0.998872998397920     
  0.998900977232916     
  0.998926082419237     
  0.998948544238377     
  0.998967202026936     
  0.998983020807971     
  0.998993777627244     
  0.998995637052785     
  0.998899736343948     
  0.998772884903128     
  0.998738399258327     
  0.998400499562227     
  0.998814258301253     
  0.998663811681171     
  0.998341512005697     
  0.997614850783249     
  0.992501319712767     
  0.919603259372894     
  0.477194504535564     
  0.756233050985200     
  0.994004420456164     
  0.997240953282962     
  0.989515053171887     
  0.988255985310528     
  0.993721667197810     
  0.997165604670565     
  0.999171551057440     
  0.999153121727140     
  0.998913556899073     
  0.994192677384053     
  0.997331618325502     
  0.998906586532182     
  0.999372481705656     
  0.999441375672544     
  0.999433763822219     
  0.999497038602815     
  0.999521851679195     
  0.999533295773039     
  0.999527011109398     
  0.999197467226041     
  0.998303235795683     
  0.999143190627406     
  0.999570743158285     
  0.999482654590074     
  0.999613519624913     
  0.999623966293131     
  0.999633016126870     
  0.999640739849198     
  0.999646866368083     
  0.999651550036734     
  0.999655646210508     
  0.999655274443035     
  0.999647498186706     
  0.999595665855394     
  0.996827522703610     
  0.994914607047634     
  0.999416097305219     
  0.997726531798122     
  0.982185753575516     
  0.995711603881907     
  0.999164914859844     
  0.999567295188678     
  0.999695314611603     
  0.999708964240908     
  0.999711516135380     
  0.999698761864726     
  0.999440610770339     
  0.992192021765844     
  0.994501733772650     
  0.999598815029067     
  0.999729175678705     
  0.999748971251377     
  0.999745495502293     
  0.999765030902894     
  0.999767792648631     
  0.999766615997927     
