  0.999440925429800     
  0.999440757610005     
  0.999433233676018     
  0.999436583023659     
  0.999425344617987     
  0.999379490035824     
  0.999336278668695     
  0.999324992683084     
  0.999399908493086     
  0.999393360944775     
  0.999329298869065     
  0.989321695049963     
  0.997641111387014     
  0.999283302885439     
  0.999248550197975     
  0.999172622621265     
  0.998939037295868     
  0.997519659181446     
  0.896629734157207     
  0.761431930026272     
  0.965331402708475     
  0.989090717652277     
  0.979014972380177     
  0.998136491727716     
  0.999146729922798     
  0.999138659506154     
  0.999271420965032     
  0.999285590530918     
  0.999291320261331     
  0.999292626325554     
  0.999288468970652     
  0.999128691461819     
  0.999031722282600     
  0.999270540422403     
  0.999268917702666     
  0.999261229586694     
  0.999252558318931     
  0.999244642496399     
  0.999234749636242     
  0.999205668844052     
  0.999214045516898     
  0.999205123438365     
  0.999147866498921     
  0.999137619153576     
  0.999170203388043     
  0.999151984964784     
  0.999143193096964     
  0.999126380003618     
  0.999102978678058     
  0.999040728371195     
  0.998710804013192     
  0.992611314168085     
  0.996224795638198     
  0.998930871212508     
  0.998943353628385     
  0.996219726253558     
  0.948496479641014     
  0.985640849255491     
  0.985697743582740     
  0.988367161625649     
  0.998732128897216     
  0.998610803401011     
  0.998841606647717     
  0.998868151524455     
  0.998850340555546     
  0.998830521552829     
  0.998809229603375     
  0.998786685247633     
  0.998762814522524     
  0.998738922435775     
  0.998713457546339     
  0.998606513680494     
  0.998660976496298     
  0.998619687458871     
  0.998605041408583     
  0.998570931458273     
  0.997975363291495     
  0.998473966979877     
  0.997752140445677     
  0.992573273428361     
  0.997524524196234     
  0.998280760454690     
  0.998309394070157     
  0.998270169903873     
  0.998114381094906     
  0.998183295302958     
  0.998131845500053     
  0.997993854449943     
  0.994599648749539     
  0.997207479962170     
  0.997766189107387     
  0.997399269171059     
  0.995324415251637     
  0.995711092737521     
  0.990477537222248     
  0.997580815290491     
  0.997564708015155     
  0.997502245780797     
  0.997424397236120     
  0.996741831352684     
  0.996993132782385     
  0.997182359318794     
  0.997088598103516     
  0.996988981451605     
  0.996885177348535     
  0.996767046322390     
  0.996623403947119     
  0.996508645256763     
  0.995807747023107     
  0.996264962600486     
  0.996113180439310     
  0.995972383589313     
  0.995805119744492     
  0.995627818134632     
  0.995436720694634     
  0.995224515964871     
  0.994991328350916     
  0.994725836903912     
  0.994406196618647     
  0.993996687414925     
  0.993340228436840     
  0.990827386313992     
  0.868985193112651     
  0.747002331603188     
  0.976194947729969     
  0.991216993277933     
  0.991379681220668     
  0.990331052487941     
  0.951603473746876     
  0.818452204439273     
  0.964758586472800     
  0.964773733644112     
  0.899969110312283     
  0.980512102948642     
  0.986403874885890     
  0.985314697186595     
  0.984182518690178     
  0.982435948464993     
  0.934183470901264     
  0.889622452853151     
  0.971126448099120     
  0.830963118284364     
  0.827517714877913     
  0.828982615262223     
  0.965441707036264     
  0.965676408383530     
  0.962628268117318     
  0.957131417812654     
  0.943667397300733     
  0.948795273440527     
  0.932695053024269     
  0.934853915488275     
  0.924445441757439     
  0.906535750861488     
  0.811849072196079     
  0.839084960608198     
  0.879083913733488     
  0.862158154272417     
  0.842693472937480     
  0.831949649207917     
  0.839212874982483     
  0.854770302853431     
  0.867988890211051     
  0.875728602952973     
  0.875105499806751     
  0.863976856600458     
  0.838972730049303     
  0.793342461804256     
  0.722247260953671     
  0.596732125517025     
  0.498462065181307     
  0.487373258626974     
  0.536725344106865     
  0.619293282061988     
  0.707399733958166     
  0.773868330584923     
  0.814597748320838     
  0.840563658059449     
  0.860977429162906     
  0.878583321869120     
  0.894596949986066     
  0.910705915352696     
  0.926118661333343     
  0.937210787043047     
  0.944576781975658     
  0.951291604908977     
  0.957691058842692     
  0.962078457610707     
  0.965160497896209     
  0.968037785692143     
  0.970647716104936     
  0.973101136536592     
  0.975265110941995     
  0.977273912250266     
  0.979136618414073     
  0.980969104443862     
  0.982630984613834     
  0.984277413463842     
  0.985744409915616     
  0.987048018158499     
  0.988132355084272     
  0.987631125232736     
  0.988898548285641     
  0.990201968642485     
  0.991317967418222     
  0.991830213577875     
  0.992360519561297     
  0.992881833799823     
  0.993275793880697     
  0.993608150214255     
  0.993482452840835     
  0.994124083339112     
  0.994558145314517     
  0.994820231530008     
  0.994999556845553     
  0.995346626045689     
  0.995573715638451     
  0.995769302019794     
  0.995867010188501     
  0.990502570651877     
  0.985719670402457     
  0.995553563944301     
  0.995483648920522     
  0.996692791969131     
  0.996871493827023     
  0.996914818136694     
  0.985509682145898     
  0.996838049914090     
  0.997309313918258     
  0.997223864261853     
  0.995415102739327     
  0.997276859609806     
  0.997525225435860     
  0.997376777483381     
  0.997191865974891     
  0.997033091174046     
  0.994847579336602     
  0.910600649372951     
  0.870237909801761     
  0.952973305494096     
  0.996275076735725     
  0.997331846001509     
  0.997699854999993     
  0.997778006887991     
  0.997680903801371     
  0.997051640937193     
  0.992089329338987     
  0.758379271411916     
  0.744526955049908     
  0.723174083659851     
  0.905942318245117     
  0.996591966419781     
  0.997862144359682     
  0.996500238053018     
  0.998160852907628     
  0.998549190308523     
  0.998643463944141     
  0.998703302679263     
  0.998750814136194     
  0.998752559799364     
  0.998477338339552     
  0.998603871962029     
  0.997832175008766     
  0.998899015467529     
  0.998954040434165     
  0.998983208887572     
  0.998816109674114     
  0.999021349713146     
  0.999055776906032     
  0.999076659147949     
  0.999097514185216     
  0.999117282096181     
  0.999135357055528     
  0.999143488508855     
  0.998725988334376     
  0.998901618943270     
  0.999185873307314     
  0.999213899373787     
  0.998707217528227     
  0.999119312463550     
  0.999263039602828     
  0.999277802875391     
  0.999287694829811     
  0.999027401885490     
  0.997975042479573     
  0.999231956440596     
  0.999334153748411     
  0.999345435376492     
  0.999334340354085     
  0.999184381423853     
  0.999319196117987     
  0.999313466527385     
  0.999267161893175     
  0.999370712670540     
  0.999362652563403     
  0.999342103023554     
  0.999300451202411     
  0.999202875545243     
  0.998871338637481     
  0.991283972456612     
  0.948851794424813     
  0.985840702111771     
  0.996898865559729     
  0.961912773510374     
  0.930102421773573     
  0.990155245220318     
  0.998589432950357     
  0.999064914166904     
  0.999245325828507     
  0.999269443160914     
  0.999158817544542     
  0.995094303178634     
  0.900379679966441     
  0.940001198297831     
  0.979994084715128     
  0.998615356032957     
  0.999373460110920     
  0.999297594180050     
  0.999521622736530     
  0.999573268063931     
  0.999588309308701     
  0.999599425399689     
  0.999609163791455     
  0.999617578417259     
  0.999624617800812     
  0.999603704672286     
  0.999603310391644     
  0.999644207802092     
  0.999649077801598     
  0.999654594895588     
  0.999421884081489     
  0.999633965133828     
  0.999635008428637     
  0.999554821461989     
  0.999646256887682     
  0.999604414176026     
  0.999379674958949     
  0.999664166458085     
  0.999685623647820     
  0.999687384867021     
  0.999659878496544     
  0.999687173901201     
  0.999676070244242     
  0.999503785514470     
  0.997701081579022     
  0.998467206266222     
  0.999625792392876     
  0.999685204274326     
  0.999642821056371     
  0.998664969585007     
  0.997092960874964     
  0.999618407466228     
  0.999708102823460     
  0.999720564438328     
  0.999699528397265     
  0.999729252369062     
  0.999646788405650     
  0.999732526663573     
  0.999738477570881     
  0.999739815653016     
  0.999742490206649     
  0.999743825917267     
  0.999745130594463     
  0.999745236236845     
  0.999708655947972     
  0.999667075123793     
  0.998581273309324     
  0.984044842141263     
  0.998519463295337     
  0.999620246249460     
  0.999750518119585     
  0.999760177971504     
  0.999764103302345     
  0.999765248351706     
  0.999730300109832     
  0.999765737841326     
  0.999749230019754     
  0.999735413327726     
  0.999093429113920     
  0.999331905315528     
  0.999652389701883     
  0.999686262372368     
  0.999773614823678     
  0.999773614820132     
  0.999768735508375     
  0.999673061373230     
  0.999610026531853     
  0.998973524683192     
  0.976388523087879     
  0.985513535155937     
  0.968845562453528     
  0.963279305362536     
  0.999652661923946     
  0.999594975587535     
  0.999547764373941     
  0.998504799328594     
  0.993398002217041     
  0.999529310917672     
  0.999734499092522     
  0.999768156817273     
  0.999754444042711     
  0.999708016319290     
  0.999003342920772     
  0.951420836553891     
  0.932930656908196     
  0.997890445989777     
  0.999511308233755     
  0.999138487135988     
  0.999724443855066     
  0.999787027829161     
  0.999791882393056     
  0.999799322944158     
  0.999803364138802     
  0.999802360679720     
  0.999807096567513     
  0.999806817994273     
  0.999751636993596     
  0.999553355841924     
  0.998720261065787     
  0.999702224889517     
  0.999812633586215     
  0.999814992192411     
  0.999814674778611     
  0.999807343875963     
  0.999503137404406     
  0.999772637958781     
  0.999815331611617     
  0.999818127823345     
  0.999819377221553     
  0.999819270102281     
  0.999819960694350     
  0.999820223487098     
  0.999820260867656     
  0.999819901305861     
  0.999505846855355     
  0.999078619767915     
  0.999810660591945     
  0.999763990448836     
  0.999584876837821     
  0.999331366509693     
  0.999093658982306     
  0.999817779576656     
  0.999811847582788     
  0.999765536516461     
  0.995349579198140     
  0.995331524739821     
  0.999752793407163     
  0.999774464519012     
  0.999733459540307     
  0.998692715734910     
  0.998693740761900     
  0.999737753695528     
  0.999803064365500     
  0.999788042291481     
  0.999782012576917     
  0.999654525482231     
  0.992138648924037     
  0.982957511001872     
  0.998925322684467     
  0.999743854601425     
  0.998878238196949     
  0.974391997300459     
  0.994657979951937     
  0.999649380462073     
  0.999798255835247     
  0.999716474597179     
  0.997543793749488     
  0.998462310635302     
  0.999794515820047     
  0.999764851143762     
  0.999804969783983     
  0.999816838265789     
  0.999815407799525     
  0.999812530992982     
  0.999809343694836     
  0.999802863988853     
  0.999591066369146     
  0.999744756925205     
  0.999766027056248     
  0.999748746012429     
  0.999681284301068     
  0.999182116273838     
  0.981615221068524     
  0.923615475833228     
  0.951709149880485     
  0.997331968644466     
  0.995623581775426     
  0.962323576307170     
  0.976348392035305     
  0.998545033918433     
  0.999458103907857     
  0.998269079539852     
  0.997956986022351     
  0.999626909079201     
  0.999557920278194     
  0.998792147453352     
  0.906455320181685     
  0.905495463030526     
  0.999089865963546     
  0.999466768433638     
  0.999693489829080     
  0.999741795933370     
  0.999748500819747     
  0.999742451759895     
  0.999526857073410     
  0.999112971178522     
  0.998848524474647     
  0.998865295072378     
  0.999396129539160     
  0.994436931661741     
  0.869688882438562     
  0.899069556616026     
  0.997290880861038     
  0.995083894059164     
  0.925930463222925     
  0.909304090776937     
  0.992001487376964     
  0.997533474397680     
  0.975875301441265     
  0.975440368187043     
  0.996930044313023     
  0.983788419451543     
  0.933482125415000     
  0.965874467270227     
  0.997760143366118     
  0.999255373679947     
  0.999334769139492     
  0.999133033730295     
  0.994189569503282     
  0.963037183642805     
  0.911406728168201     
  0.963619029253556     
  0.997304714305921     
  0.998587304959554     
  0.991759349727329     
  0.986204233624666     
  0.997917650766848     
  0.999448874066762     
  0.990326307954109     
  0.990531799036514     
  0.988325705477259     
  0.962387418407796     
  0.994083468202590     
  0.999356912553505     
  0.999733169231602     
  0.999599853073100     
  0.999318848116815     
  0.999752559289331     
  0.999758878883943     
  0.999762218453182     
  0.999775723209420     
  0.999724349373240     
  0.999632894117926     
  0.999633354797891     
  0.999739419797945     
  0.999775937589904     
  0.999776640657168     
  0.999775121023833     
  0.999629106013042     
  0.999728695098184     
  0.999773335047754     
  0.999762579279395     
  0.999771492538828     
  0.999769878639465     
  0.999759062796955     
  0.999761891886594     
  0.999764861546768     
  0.999761351676961     
  0.999759274521567     
  0.999754357578340     
  0.999745652397146     
  0.999729484209218     
  0.999271672205936     
  0.990874013400988     
  0.995449370532032     
  0.999267874366666     
  0.978140023568776     
  0.953255999753526     
  0.998676944473568     
  0.999660777703895     
  0.999671279062570     
  0.999581022317548     
  0.996217230239049     
  0.959918916585417     
  0.975890339712243     
  0.998901199705135     
  0.999637863686800     
  0.999663052983739     
  0.999407849734680     
  0.999300921917676     
  0.999630618549569     
  0.999676954397899     
  0.994720747298166     
  0.998188372911681     
  0.996234063410200     
  0.997153229658013     
  0.999674680509030     
  0.999671504878242     
  0.999659865650041     
  0.999673953530616     
  0.999670099109973     
  0.999665259967553     
  0.999660725021551     
  0.999654551626541     
  0.999639211462397     
  0.999633443882954     
  0.999561943708354     
  0.999589756106332     
  0.999614835590160     
  0.999613826610251     
  0.998947404354226     
  0.999581261386313     
  0.999557675645848     
  0.999365057033271     
  0.999475945899561     
  0.999493312675477     
  0.998782545099020     
  0.991708421784931     
  0.973585990061033     
  0.998655104662718     
  0.999416389726192     
  0.999391206329822     
  0.997709206836537     
  0.994851880515946     
  0.998183083314352     
  0.996901780770889     
  0.947890220918231     
  0.977265082431778     
  0.769933320645966     
  0.984260192699551     
  0.998973557684971     
  0.999228680147573     
  0.999273133295355     
  0.999265318114138     
  0.999215989214136     
  0.999041573688417     
  0.996837557136067     
  0.931843083698500     
  0.931875197571966     
  0.996781143677900     
  0.997324904453426     
  0.989000401978459     
  0.997352051228284     
  0.999121644439660     
  0.999151709329881     
  0.999141560362356     
  0.999117564083774     
  0.999102133059836     
  0.999087668817759     
  0.999064295094720     
  0.999040779772256     
  0.999004606419825     
  0.998986998774537     
  0.998956282186659     
  0.998919099020576     
  0.998772928244233     
  0.998406342832489     
  0.998695983324716     
  0.998779880155975     
  0.998713574484494     
  0.998062166233513     
  0.998661969140872     
  0.998608973364235     
  0.998258301061743     
  0.998371655120908     
  0.998443228965080     
  0.998348624619169     
  0.997137327064375     
  0.986201570837289     
  0.993056171395455     
  0.955392833717731     
  0.967625390505719     
  0.996991043124467     
  0.990289065814640     
  0.977111016806163     
  0.994637767985248     
  0.989446356987183     
  0.990749697409491     
  0.993830030592650     
  0.996791715624072     
  0.997224118570126     
  0.997099872659549     
  0.996961353407928     
  0.996801833378260     
  0.996600012968904     
  0.996463803323143     
  0.996272592004631     
  0.996061426166919     
  0.995835018047464     
  0.995572518837962     
  0.991403005919637     
  0.985374664641804     
  0.994599101382450     
  0.994399011427087     
  0.994034626991093     
  0.993611296306902     
  0.993483056132006     
  0.993168510530579     
  0.992814274845920     
  0.992418607788227     
  0.992001333286934     
  0.991563529621637     
  0.991070707424880     
  0.990530785287976     
  0.990005652577745     
  0.989256747696473     
  0.988569877366193     
  0.987808362188094     
  0.986821377874576     
  0.981745038952345     
  0.976712364941022     
  0.981038155090899     
  0.982831292186191     
  0.981780161384779     
  0.980195331481955     
  0.979100492098159     
  0.977938957163416     
  0.976506621117869     
  0.975245389120705     
  0.973944733161832     
  0.972704080920179     
  0.971635505893506     
  0.970596820412580     
  0.969323326078825     
  0.968079441296074     
  0.967896323978443     
  0.969041511808929     
  0.970351630607943     
  0.971435992335039     
  0.972496166818051     
  0.973683776322020     
  0.974549409141073     
  0.975473876385906     
  0.977523757845170     
  0.978901384915140     
  0.980247229755844     
  0.981536327037766     
  0.982653938207362     
  0.983856191446681     
  0.984896716256063     
  0.985801183988094     
  0.986763402574849     
  0.987450622081471     
  0.988371017520021     
  0.988752402605456     
  0.988827527510980     
  0.989949811379464     
  0.990943551697366     
  0.991453337985239     
  0.990436046791462     
  0.978326362789486     
  0.987482421238591     
  0.990792962686114     
  0.993403063468513     
  0.993543251396645     
  0.994098003916825     
  0.994410581991548     
  0.994736891550289     
  0.995022212601685     
  0.995088033436457     
  0.995184563268671     
  0.987013169279821     
  0.967757171249444     
  0.991524703228520     
  0.996191110310016     
  0.996572049338980     
  0.996784528937490     
  0.996947363875987     
  0.996947538877061     
  0.993462196220205     
  0.994201730721106     
  0.997397324321417     
  0.997466507417258     
  0.997587532621391     
  0.997822961351355     
  0.997913113400263     
  0.997998121236856     
  0.998077901823599     
  0.998153279560189     
  0.998223331813476     
  0.998289873881185     
  0.998351404213149     
  0.998395250740076     
  0.998276959837064     
  0.998517310005138     
  0.998566865672960     
  0.998614124053406     
  0.998658853553388     
  0.998699149857641     
  0.997895029621601     
  0.998516293005700     
  0.998811253150398     
  0.998844430678782     
  0.998874192861575     
  0.998901087308097     
  0.998925326225519     
  0.998947245803631     
  0.998966253551309     
  0.998980125908151     
  0.998989791492736     
  0.998981245339740     
  0.998809211687700     
  0.998842951769563     
  0.998433417189032     
  0.998678411630900     
  0.998770355285562     
  0.998575343632198     
  0.998167059745885     
  0.997084356479250     
  0.982391579671348     
  0.757280131379313     
  0.477705943916068     
  0.945668178020860     
  0.995429678290307     
  0.997212289543175     
  0.983118251821280     
  0.993248066514620     
  0.992786590320749     
  0.998671498975298     
  0.999189371300588     
  0.999139325665854     
  0.997815646123667     
  0.994811275212875     
  0.997973966443168     
  0.999115694728615     
  0.999412775204898     
  0.999396680357105     
  0.999432814443831     
  0.999508119700753     
  0.999523346456541     
  0.999530464096186     
  0.999489895782637     
  0.998825952555864     
  0.998135956874416     
  0.999422089591406     
  0.999565288563762     
  0.999550027310322     
  0.999615152180874     
  0.999624268383279     
  0.999633370815417     
  0.999639643336819     
  0.999645870443878     
  0.999651556755078     
  0.999654121758522     
  0.999652466826490     
  0.999639052182607     
  0.999483959699325     
  0.993861287420356     
  0.997640755505547     
  0.999458221398442     
  0.993730659203734     
  0.983966278399264     
  0.998250046294587     
  0.999214971471496     
  0.999654192143116     
  0.999699470414562     
  0.999709900657633     
  0.999709247310335     
  0.999684738686139     
  0.998647288325282     
  0.989515551838345     
  0.997828599661122     
  0.999691540092515     
  0.999737900737344     
  0.999750257533432     
  0.999754567450660     
  0.999764587964468     
  0.999767824102865     
  0.999762688534303     
