  0.999440790441920     
  0.999440626829086     
  0.999433111256698     
  0.999436460028350     
  0.999425204760784     
  0.999379301696130     
  0.999336089432740     
  0.999324791857547     
  0.999399774344860     
  0.999393500198021     
  0.999332211293575     
  0.989326581731789     
  0.997647684183575     
  0.999284704961544     
  0.999248407565101     
  0.999172376353990     
  0.998939578524311     
  0.997529071646757     
  0.896585216024820     
  0.761304111951977     
  0.965337088404916     
  0.989100399190869     
  0.979020117604293     
  0.998144257933648     
  0.999148358370645     
  0.999138586483793     
  0.999271264408364     
  0.999285419483632     
  0.999291151459595     
  0.999292458228302     
  0.999288307754904     
  0.999128429496755     
  0.999031384933369     
  0.999270380928487     
  0.999268752311555     
  0.999261060248364     
  0.999252388870388     
  0.999244469877932     
  0.999234575832289     
  0.999205470789225     
  0.999213865164170     
  0.999204942927720     
  0.999147664331601     
  0.999137416887399     
  0.999170015798665     
  0.999151786204745     
  0.999143001071474     
  0.999126186072290     
  0.999102790907184     
  0.999040701478226     
  0.998711672027102     
  0.992611020992125     
  0.996225789518139     
  0.998931207087512     
  0.998942745023019     
  0.996214577122963     
  0.948470062184888     
  0.985631008375183     
  0.985690234288255     
  0.988361711085862     
  0.998731557974739     
  0.998610252600563     
  0.998841301612568     
  0.998867895242083     
  0.998850075789772     
  0.998830250343378     
  0.998808954345960     
  0.998786401852043     
  0.998762526496366     
  0.998738630144326     
  0.998713156568584     
  0.998606086319863     
  0.998660663114958     
  0.998619350741676     
  0.998604730232014     
  0.998570734868804     
  0.997975126421353     
  0.998473848267952     
  0.997751336352271     
  0.992566981696023     
  0.997523513043924     
  0.998280301056933     
  0.998308996576805     
  0.998269764418374     
  0.998113793241872     
  0.998182881225586     
  0.998131531501712     
  0.997994164728019     
  0.994599933770173     
  0.997207253374680     
  0.997766455091546     
  0.997402273753095     
  0.995330875473370     
  0.995718752302625     
  0.990480090084827     
  0.997582231831588     
  0.997564367895109     
  0.997501697219844     
  0.997423920901234     
  0.996741375211643     
  0.996992441658142     
  0.997181749172147     
  0.997087892874667     
  0.996988269527859     
  0.996884462920650     
  0.996766381100106     
  0.996622799669617     
  0.996508030344002     
  0.995804661014535     
  0.996264096101263     
  0.996112280652772     
  0.995971435739744     
  0.995804125532853     
  0.995626778353171     
  0.995435632907486     
  0.995223364947809     
  0.994990121554378     
  0.994724560830830     
  0.994404820962404     
  0.993995172968758     
  0.993338350624327     
  0.990822919792693     
  0.868898779170949     
  0.746831060259455     
  0.976180704228601     
  0.991214264421560     
  0.991377838369314     
  0.990332724495882     
  0.951593593549340     
  0.818358866059656     
  0.964758643351171     
  0.964766812347638     
  0.899916790427373     
  0.980511513136715     
  0.986402040616991     
  0.985311631559930     
  0.984179585079791     
  0.982435651474752     
  0.934157020463836     
  0.889565779994849     
  0.971127462235451     
  0.830840050711305     
  0.827413207571134     
  0.828876404951777     
  0.965432475831818     
  0.965670679402781     
  0.962624963087207     
  0.957134029638502     
  0.943667021907528     
  0.948791143850899     
  0.932682071984399     
  0.934844785546495     
  0.924435974431662     
  0.906518100831976     
  0.811766288479332     
  0.839030783174129     
  0.879074953033928     
  0.862152751841700     
  0.842688179119708     
  0.831943192810127     
  0.839206132918178     
  0.854763667955920     
  0.867981901318345     
  0.875721791773524     
  0.875098452384164     
  0.863970126581058     
  0.838968790710289     
  0.793346222100639     
  0.722266670088401     
  0.596750575980544     
  0.498460734985381     
  0.487369725895391     
  0.536734666501347     
  0.619308398090096     
  0.707415634200133     
  0.773877822731833     
  0.814601437778937     
  0.840564085969463     
  0.860976115859759     
  0.878579564664458     
  0.894590404329624     
  0.910697475566726     
  0.926109294695756     
  0.937201287439085     
  0.944567497985238     
  0.951282739994819     
  0.957682660820236     
  0.962070593011445     
  0.965153159888744     
  0.968030961767418     
  0.970641328066170     
  0.973095264403971     
  0.975259642109553     
  0.977268836106024     
  0.979131919473632     
  0.980964736022030     
  0.982626818400537     
  0.984273621997909     
  0.985740915050982     
  0.987044765430006     
  0.988129102710463     
  0.987627474106707     
  0.988895310884221     
  0.990199200951866     
  0.991315641703259     
  0.991827997727499     
  0.992358505503529     
  0.992880037940207     
  0.993274172589550     
  0.993606678867452     
  0.993480688708233     
  0.994122685927533     
  0.994556868381289     
  0.994818943028882     
  0.994998216285417     
  0.995345440362053     
  0.995572583638370     
  0.995768227613114     
  0.995866046336325     
  0.990496567772391     
  0.985708590573225     
  0.995552763712368     
  0.995482852380621     
  0.996692156914630     
  0.996870752933404     
  0.996914222767956     
  0.985497197790096     
  0.996837325966683     
  0.997308655039283     
  0.997222960415897     
  0.995413297749586     
  0.997275984749657     
  0.997524572908569     
  0.997375996372394     
  0.997191221896903     
  0.997033879852893     
  0.994859774831567     
  0.910571575694733     
  0.870187313307674     
  0.952973947733834     
  0.996282671838737     
  0.997331757042009     
  0.997699276476518     
  0.997777430134190     
  0.997680493868746     
  0.997055596180010     
  0.992123122884125     
  0.758305471221709     
  0.744455003574631     
  0.723077304521395     
  0.905940298386626     
  0.996607485039414     
  0.997863099862737     
  0.996498346625835     
  0.998160529061991     
  0.998548896048926     
  0.998643140099283     
  0.998702993055493     
  0.998750530304759     
  0.998752324626875     
  0.998477031537330     
  0.998603497957868     
  0.997831144411141     
  0.998898750495254     
  0.998953801079678     
  0.998982979675235     
  0.998815118657332     
  0.999021106168110     
  0.999055569758090     
  0.999076455216959     
  0.999097313847893     
  0.999117085880364     
  0.999135179923098     
  0.999143384944026     
  0.998725836313414     
  0.998901307365332     
  0.999185728348295     
  0.999213837677085     
  0.998707227013697     
  0.999119359555777     
  0.999262936834314     
  0.999277653779522     
  0.999287578243398     
  0.999027174177584     
  0.997973873901656     
  0.999231828328767     
  0.999334022184566     
  0.999345290352794     
  0.999334180471222     
  0.999184103993506     
  0.999319019898884     
  0.999313122141665     
  0.999266616969826     
  0.999370556813569     
  0.999362481343266     
  0.999341917666799     
  0.999300228591523     
  0.999202543301507     
  0.998870133037214     
  0.991275005762181     
  0.948811924157911     
  0.985827425060107     
  0.996893720231230     
  0.961878950370365     
  0.930047496043943     
  0.990143587297622     
  0.998587724097312     
  0.999064473885471     
  0.999245035034498     
  0.999269217480532     
  0.999159436387962     
  0.995098601527072     
  0.900327791647782     
  0.939975609205813     
  0.979984907746481     
  0.998616043313976     
  0.999373512361215     
  0.999297120573949     
  0.999521484296959     
  0.999573179269138     
  0.999588224970298     
  0.999599349408475     
  0.999609090360840     
  0.999617510153969     
  0.999624559843329     
  0.999603625595454     
  0.999603216045071     
  0.999644151286306     
  0.999649027891802     
  0.999654603036766     
  0.999421931756227     
  0.999634045829860     
  0.999634892172899     
  0.999554714870011     
  0.999646397504751     
  0.999604427405719     
  0.999378689736403     
  0.999664122489176     
  0.999685586389095     
  0.999687348300455     
  0.999659805497910     
  0.999687154947923     
  0.999676196336515     
  0.999504692487210     
  0.997702837980552     
  0.998468815419293     
  0.999626359921906     
  0.999685277901208     
  0.999643081021089     
  0.998665516242844     
  0.997092654511022     
  0.999618900535516     
  0.999708139166927     
  0.999720540420681     
  0.999699478434415     
  0.999729216939327     
  0.999646659723742     
  0.999732500266000     
  0.999738456618358     
  0.999739795354216     
  0.999742469624171     
  0.999743806713845     
  0.999745111786903     
  0.999745216270390     
  0.999708522792980     
  0.999666854525503     
  0.998579835204493     
  0.984035678120486     
  0.998517993722017     
  0.999619936658650     
  0.999750495249475     
  0.999760166592711     
  0.999764089767959     
  0.999765236731940     
  0.999730227717615     
  0.999765484981309     
  0.999749287854848     
  0.999735506350328     
  0.999093014144187     
  0.999331679936075     
  0.999652011454596     
  0.999685866597764     
  0.999773607909254     
  0.999773604403165     
  0.999768737360608     
  0.999673003238173     
  0.999609800684156     
  0.998971987640298     
  0.976374462057412     
  0.985504022210760     
  0.968827040240747     
  0.963240283563862     
  0.999653663007195     
  0.999595052981042     
  0.999548041724563     
  0.998506226402918     
  0.993399319219978     
  0.999530551233507     
  0.999734670815281     
  0.999768160895307     
  0.999754437884364     
  0.999708295736177     
  0.999006058929808     
  0.951396158557719     
  0.932893484976393     
  0.997893573586814     
  0.999511812980900     
  0.999138475145048     
  0.999724545226106     
  0.999787059859599     
  0.999791899241537     
  0.999799337597486     
  0.999803375884222     
  0.999802373341384     
  0.999807115930652     
  0.999806934290710     
  0.999752048691748     
  0.999553709978802     
  0.998719833951472     
  0.999702154977797     
  0.999812609357389     
  0.999815006941343     
  0.999814704267206     
  0.999807424878294     
  0.999503194675705     
  0.999772698040489     
  0.999815370493273     
  0.999818151820331     
  0.999819398303571     
  0.999819294029000     
  0.999819848354325     
  0.999820222752400     
  0.999820285828117     
  0.999819905725130     
  0.999505655326589     
  0.999078211042849     
  0.999810670823690     
  0.999764091779507     
  0.999584911196966     
  0.999330888720280     
  0.999092818851473     
  0.999817836603962     
  0.999812054416307     
  0.999767760437576     
  0.995355853358533     
  0.995337775071411     
  0.999755000050253     
  0.999774716008625     
  0.999734020385806     
  0.998693953364071     
  0.998694963180055     
  0.999738300296767     
  0.999803170880547     
  0.999788060405728     
  0.999782028049825     
  0.999654522634646     
  0.992131043245658     
  0.982939640342792     
  0.998924758382321     
  0.999743800492925     
  0.998877418842324     
  0.974380599481558     
  0.994655260085228     
  0.999649113594781     
  0.999798307590515     
  0.999716534791817     
  0.997541822921929     
  0.998461410726293     
  0.999794634670184     
  0.999764776806090     
  0.999804994352965     
  0.999816897239056     
  0.999815471615646     
  0.999812597771080     
  0.999809414489615     
  0.999802948404472     
  0.999590949660890     
  0.999744824204767     
  0.999766134292140     
  0.999748913774158     
  0.999682597411225     
  0.999196279548786     
  0.981666970451867     
  0.923683646889023     
  0.951773210563985     
  0.997363313934997     
  0.995635853694486     
  0.962330939960437     
  0.976357706537289     
  0.998550890038782     
  0.999458948750226     
  0.998268597816629     
  0.997956315235541     
  0.999627015950924     
  0.999558906912163     
  0.998800839052081     
  0.906409841796529     
  0.905449232301864     
  0.999098778425625     
  0.999467780622766     
  0.999693642804324     
  0.999741888355607     
  0.999748585828925     
  0.999742553581657     
  0.999526880039353     
  0.999112973074122     
  0.998849348278928     
  0.998866214875194     
  0.999397901590294     
  0.994445354849068     
  0.869630063682392     
  0.899028306545117     
  0.997304900711606     
  0.995131637344519     
  0.926009232421623     
  0.909379905999072     
  0.992056160970561     
  0.997547213925281     
  0.975880919320097     
  0.975445731288932     
  0.996938337854547     
  0.983803994678086     
  0.933494395386976     
  0.965889871904972     
  0.997767803965004     
  0.999256526061556     
  0.999335202733350     
  0.999134963163926     
  0.994200094036158     
  0.963058826838277     
  0.911425541368225     
  0.963641744498891     
  0.997314416136538     
  0.998590106082796     
  0.991762020598710     
  0.986205780983200     
  0.997920391001382     
  0.999449066976783     
  0.990321245163299     
  0.990533480957481     
  0.988350337908759     
  0.962416493181844     
  0.994105184826078     
  0.999361526321256     
  0.999733703185789     
  0.999599948941342     
  0.999318654783924     
  0.999752741154317     
  0.999758980682853     
  0.999762328842437     
  0.999775908309518     
  0.999724546120279     
  0.999633224759140     
  0.999633687660061     
  0.999739636834683     
  0.999776133850600     
  0.999776830589458     
  0.999775319283881     
  0.999629177304144     
  0.999728867721807     
  0.999773541920653     
  0.999762776720677     
  0.999771702136513     
  0.999770091225030     
  0.999759266602543     
  0.999762106076388     
  0.999765083346975     
  0.999761579310160     
  0.999759503236539     
  0.999754592883917     
  0.999745902517824     
  0.999729782521907     
  0.999271490437298     
  0.990869087932338     
  0.995446771997675     
  0.999267642025509     
  0.978131249775376     
  0.953236136615081     
  0.998676755951693     
  0.999661076872662     
  0.999671813989210     
  0.999585281981358     
  0.996239737488459     
  0.959954178855864     
  0.975924024065425     
  0.998915246322893     
  0.999639896933972     
  0.999663751245288     
  0.999408942123996     
  0.999302089811739     
  0.999631388550622     
  0.999677353750101     
  0.994703853622762     
  0.998183772026718     
  0.996222579027627     
  0.997144983613355     
  0.999675034825794     
  0.999671868748980     
  0.999660226540652     
  0.999674348346223     
  0.999670504490711     
  0.999665675338177     
  0.999661149321085     
  0.999654992368192     
  0.999639686644158     
  0.999633931722796     
  0.999562386374045     
  0.999590217393904     
  0.999615324152002     
  0.999614339982402     
  0.998947043328180     
  0.999581807329702     
  0.999558308785351     
  0.999365752849463     
  0.999476651385584     
  0.999494221634092     
  0.998784793434677     
  0.991713285584590     
  0.973573686337543     
  0.998658460707922     
  0.999417539152463     
  0.999392569185050     
  0.997712097614055     
  0.994855127418538     
  0.998185577842623     
  0.996904939844839     
  0.947858832470433     
  0.977283624802963     
  0.769817326252247     
  0.984279492002975     
  0.998979420919414     
  0.999229691319803     
  0.999273922544838     
  0.999266118601008     
  0.999216809754663     
  0.999043001377168     
  0.996842317558563     
  0.931794049634089     
  0.931826658141246     
  0.996787118918410     
  0.997331863510685     
  0.989008496146277     
  0.997358833029721     
  0.999124084933335     
  0.999152987788722     
  0.999142764794099     
  0.999118833707775     
  0.999103445905986     
  0.999089028601781     
  0.999065701112162     
  0.999042230589230     
  0.999006097692799     
  0.998988546545434     
  0.998957845779712     
  0.998920866876274     
  0.998775246976700     
  0.998409025610097     
  0.998698421322882     
  0.998781917537966     
  0.998715550034838     
  0.998063531883003     
  0.998664088287860     
  0.998611135667109     
  0.998260404549318     
  0.998373919907410     
  0.998445665851960     
  0.998351384224294     
  0.997140702800750     
  0.986200941788756     
  0.993079208614211     
  0.955418676401205     
  0.967642454994490     
  0.997003264653281     
  0.990300039145245     
  0.977120865638774     
  0.994647131966016     
  0.989447105839482     
  0.990749640545029     
  0.993831752461032     
  0.996795526155438     
  0.997228582966222     
  0.997104610760060     
  0.996966335536743     
  0.996807068727030     
  0.996605461617926     
  0.996469626572212     
  0.996278735794666     
  0.996067630278965     
  0.995841847727927     
  0.995579433654739     
  0.991407482606522     
  0.985376358578225     
  0.994607064097634     
  0.994408122149376     
  0.994044245831076     
  0.993621166528356     
  0.993493732122687     
  0.993179750781378     
  0.992826129379865     
  0.992431142113001     
  0.992014542020718     
  0.991577422038009     
  0.991085410404070     
  0.990546483610270     
  0.990022342208804     
  0.989274341721750     
  0.988588493936578     
  0.987828241781350     
  0.986842929703475     
  0.981765762517080     
  0.976734367211995     
  0.981065578365217     
  0.982859832797927     
  0.981809837960431     
  0.980226508334026     
  0.979134252394939     
  0.977974815950059     
  0.976544845831373     
  0.975285859850394     
  0.973987567249906     
  0.972749277654396     
  0.971682922924362     
  0.970646387724921     
  0.969374862141670     
  0.968132381903035     
  0.967949405132128     
  0.969093444883308     
  0.970401674494678     
  0.971483863622030     
  0.972541822104871     
  0.973727144156907     
  0.974590411767111     
  0.975512447090996     
  0.977560295001477     
  0.978935703457269     
  0.980279356948869     
  0.981566368814803     
  0.982682157158791     
  0.983882495984508     
  0.984921335888099     
  0.985824316783184     
  0.986784945655037     
  0.987470628626705     
  0.988389717211859     
  0.988769734009055     
  0.988843415180656     
  0.989964964354531     
  0.990958255112281     
  0.991468106881196     
  0.990454031490699     
  0.978343941635997     
  0.987500230716662     
  0.990802816738844     
  0.993413848511693     
  0.993553227799732     
  0.994107698974045     
  0.994419763033225     
  0.994745539609948     
  0.995030388410593     
  0.995095841982248     
  0.995194680697086     
  0.987029006630247     
  0.967771539424835     
  0.991539083512410     
  0.996198876772517     
  0.996577744358021     
  0.996789788099764     
  0.996952566741937     
  0.996954042862682     
  0.993470345931923     
  0.994209625001193     
  0.997402947388422     
  0.997470379664772     
  0.997591049486463     
  0.997826498173406     
  0.997916505341665     
  0.998001368772191     
  0.998081015039558     
  0.998156240765945     
  0.998226195772707     
  0.998292621741884     
  0.998354048173572     
  0.998397782909752     
  0.998279162902882     
  0.998519661963042     
  0.998569128605459     
  0.998616220414128     
  0.998660910092846     
  0.998701191814590     
  0.997896141224521     
  0.998517900079396     
  0.998813068707970     
  0.998846162863794     
  0.998875858633857     
  0.998902693039889     
  0.998926869295890     
  0.998948726900357     
  0.998967673679179     
  0.998981485118803     
  0.998991095801701     
  0.998982545453234     
  0.998810495525621     
  0.998844120185645     
  0.998434151796581     
  0.998679130367543     
  0.998771014849944     
  0.998575759552933     
  0.998167113284790     
  0.997087055578208     
  0.982413881499515     
  0.757258365695013     
  0.477527460744412     
  0.945744062009531     
  0.995450093333607     
  0.997211642305730     
  0.983109638779389     
  0.993245318248055     
  0.992783603486249     
  0.998671525946488     
  0.999189881714354     
  0.999140373528326     
  0.997817523892083     
  0.994811898987114     
  0.997975655586466     
  0.999117412674194     
  0.999413806609708     
  0.999397370931064     
  0.999433440376468     
  0.999508714073886     
  0.999523925571188     
  0.999531125241424     
  0.999491255708194     
  0.998828851898475     
  0.998138746211437     
  0.999423909518390     
  0.999566003408904     
  0.999550499354547     
  0.999615640022920     
  0.999624741335552     
  0.999633830565840     
  0.999640094080441     
  0.999646309360244     
  0.999651982078056     
  0.999654536958069     
  0.999652866312971     
  0.999639425479867     
  0.999484208280169     
  0.993858102488183     
  0.997639843489495     
  0.999457554718734     
  0.993723665004650     
  0.983951367518089     
  0.998248956506376     
  0.999216067407359     
  0.999655034730465     
  0.999699870409726     
  0.999710214472009     
  0.999709528357989     
  0.999684760956231     
  0.998645501327363     
  0.989505645930724     
  0.997825985383155     
  0.999691434930341     
  0.999738141942916     
  0.999750532892745     
  0.999754840448514     
  0.999764856277973     
  0.999768079721794     
  0.999762868436060     
