  0.999437790819882     
  0.999436473267532     
  0.999427692502610     
  0.999431460334090     
  0.999322567832543     
  0.999385694950808     
  0.999270948557465     
  0.999395817996149     
  0.999398128898534     
  0.999379519528176     
  0.997870960046975     
  0.989120559381993     
  0.999306540048191     
  0.999239753029745     
  0.999209265689044     
  0.999047077685165     
  0.998513245879216     
  0.966349064123334     
  0.759327278268212     
  0.898828510947357     
  0.986571767900170     
  0.991321928299549     
  0.992268217250864     
  0.999135215433651     
  0.999056591289263     
  0.999259523687713     
  0.999278214692017     
  0.999285424264543     
  0.999288582767495     
  0.999287157224919     
  0.999234372053256     
  0.998921191171474     
  0.999246504091335     
  0.999266264775587     
  0.999259331753808     
  0.999251489658100     
  0.999242771281431     
  0.999234616319091     
  0.999218150818496     
  0.999200668772196     
  0.999204611442400     
  0.999178773908465     
  0.999098384168618     
  0.999169061974498     
  0.999145484227224     
  0.999144436730582     
  0.999127477895916     
  0.999107322440461     
  0.999058193048178     
  0.998966075644846     
  0.995493956971948     
  0.993118384291843     
  0.998796565335458     
  0.998951108404959     
  0.998432023288408     
  0.968431431313670     
  0.967514460282430     
  0.986995447617996     
  0.983815496530914     
  0.997836281704225     
  0.998591561653173     
  0.998854766496640     
  0.998864694503346     
  0.998850426717337     
  0.998830408638055     
  0.998809084424665     
  0.998787753870689     
  0.998763735784739     
  0.998739706705311     
  0.998715748203256     
  0.998630530003820     
  0.998660211542553     
  0.998625206589225     
  0.998606576933876     
  0.998576814200819     
  0.998392043768665     
  0.998338944417828     
  0.998304665926817     
  0.993892551095808     
  0.995850886899542     
  0.998260630383445     
  0.998302393862925     
  0.998275815152558     
  0.998146371162096     
  0.998182410601835     
  0.998140020089721     
  0.998074821739814     
  0.995861632675947     
  0.997077088823649     
  0.997479064738394     
  0.997723756581155     
  0.995958787247843     
  0.995379186682672     
  0.990447274419513     
  0.997409317400785     
  0.997572637217154     
  0.997512169948144     
  0.997440006116107     
  0.997120129730786     
  0.996862868583318     
  0.997182905274271     
  0.997104538518954     
  0.997005694532740     
  0.996902253225083     
  0.996793121095654     
  0.996649538600310     
  0.996525261474573     
  0.996119179636561     
  0.996173403105639     
  0.996149387250374     
  0.996001101220922     
  0.995837525098448     
  0.995663179049993     
  0.995475576816846     
  0.995278571814243     
  0.995013353533601     
  0.994789981236568     
  0.994486851474280     
  0.994112832453437     
  0.993569502810084     
  0.992312613017729     
  0.951330670523241     
  0.717940563291066     
  0.929921943615497     
  0.990552368747576     
  0.991375735949708     
  0.990914105644143     
  0.981577226335717     
  0.832986976366502     
  0.911718889122944     
  0.982587451899195     
  0.900948965208478     
  0.961018066929920     
  0.986525948761015     
  0.985622252581275     
  0.984502099579250     
  0.983096320809848     
  0.967127652899697     
  0.871611992640242     
  0.962578577555056     
  0.870258154433572     
  0.892834227473777     
  0.763824991435732     
  0.953442926621128     
  0.966242760415714     
  0.963569884850267     
  0.960190446300085     
  0.936646557640210     
  0.950674718076809     
  0.938963809504855     
  0.933001641345457     
  0.929441132684148     
  0.910341619588760     
  0.862117965681176     
  0.794741558299796     
  0.880647537214795     
  0.868272581547091     
  0.848752767556789     
  0.833554583016154     
  0.834357994672685     
  0.848885902322416     
  0.863572348398567     
  0.874294943482840     
  0.875801463574355     
  0.868551296100604     
  0.848748964154421     
  0.810586431349737     
  0.750808791243817     
  0.645478021281862     
  0.521313781595507     
  0.483471494116899     
  0.515819440930061     
  0.590772917872059     
  0.679701872988299     
  0.755475075427519     
  0.804283739988409     
  0.831998499534378     
  0.854025964920162     
  0.872993004288824     
  0.888798265064603     
  0.905018311461109     
  0.920844618189370     
  0.934279753082672     
  0.941967687449264     
  0.948845935263393     
  0.955431837906918     
  0.960824597961148     
  0.963992654570073     
  0.966948625455498     
  0.969669794597845     
  0.972209203725251     
  0.974439522119385     
  0.976506162833625     
  0.978424699047669     
  0.980261397956018     
  0.982040961396425     
  0.983619807763766     
  0.985205399347677     
  0.986567154618445     
  0.987704442578367     
  0.988134557151728     
  0.987547133219934     
  0.990196269537020     
  0.990838977777894     
  0.991686741757568     
  0.992092247343804     
  0.992700728936206     
  0.993116795829313     
  0.993482059452977     
  0.993531035158734     
  0.993807748597325     
  0.994419936098519     
  0.994728057088767     
  0.994764806479126     
  0.995241794646556     
  0.995476603438192     
  0.995690469389425     
  0.995838506428675     
  0.994160825765321     
  0.982736836447787     
  0.994209041863400     
  0.995339359599922     
  0.996454532086224     
  0.996819552036557     
  0.996951271400376     
  0.991442834317077     
  0.994085562319061     
  0.997271755851256     
  0.997315999809602     
  0.995887427952485     
  0.996748666080956     
  0.997494256473789     
  0.997495260881026     
  0.997231693669065     
  0.997029277838336     
  0.996369842135265     
  0.958661826330319     
  0.872699568862399     
  0.904847933311344     
  0.994669811675237     
  0.997231348979786     
  0.997509499624079     
  0.997749703240517     
  0.997732158711252     
  0.997402582064077     
  0.995264068555097     
  0.884931975035429     
  0.689997562070707     
  0.780026387639098     
  0.789152151390709     
  0.994770619754480     
  0.997684758556133     
  0.997309091350799     
  0.997601588681908     
  0.998478596216528     
  0.998611145061612     
  0.998677989757380     
  0.998729091317942     
  0.998763402922379     
  0.998528084269679     
  0.998677222782120     
  0.997661930932579     
  0.998780388448407     
  0.998937492574262     
  0.998968730000563     
  0.998918400347995     
  0.998948471198921     
  0.999043151933360     
  0.999065550711384     
  0.999085229640999     
  0.999105895620740     
  0.999124802981541     
  0.999141715781543     
  0.998896521984288     
  0.998825530840760     
  0.999138569077468     
  0.999198955048895     
  0.999091388821330     
  0.998717691867849     
  0.999253060060495     
  0.999269349594115     
  0.999282930016574     
  0.999231650677797     
  0.998035788782837     
  0.998961673268611     
  0.999325002500810     
  0.999338030425933     
  0.999341980004416     
  0.999278745816045     
  0.999218259670101     
  0.999357172065711     
  0.999149748541441     
  0.999366602096799     
  0.999361915120021     
  0.999346668320142     
  0.999313479639576     
  0.999240976610267     
  0.999025795258350     
  0.996935701322519     
  0.958352853805967     
  0.968282047617328     
  0.997165187579791     
  0.983406151209758     
  0.926819832958058     
  0.971846930700850     
  0.998072004349734     
  0.998936053312853     
  0.999207547191608     
  0.999266683486705     
  0.999221779331243     
  0.998463682375253     
  0.942594979807397     
  0.899888615642027     
  0.975180819421132     
  0.995797517476967     
  0.999370971361087     
  0.999413503966144     
  0.999402215616709     
  0.999564729761668     
  0.999581885972132     
  0.999594411607567     
  0.999604241225573     
  0.999612664793111     
  0.999620512753696     
  0.999619822363048     
  0.999566634618414     
  0.999639677933585     
  0.999645299693135     
  0.999650951463141     
  0.999618132604422     
  0.999466943651882     
  0.999659565254241     
  0.999499207291228     
  0.999654204861978     
  0.999632278414642     
  0.999262828917281     
  0.999658414800801     
  0.999680144338904     
  0.999686037628999     
  0.999668898050409     
  0.999685196704276     
  0.999682251383939     
  0.999629797366301     
  0.998503919632587     
  0.997704347477890     
  0.999506770691853     
  0.999680376443527     
  0.999659313706930     
  0.999444673137399     
  0.996149343175690     
  0.999428212363661     
  0.999698188757543     
  0.999716194553526     
  0.999700372997577     
  0.999726737063797     
  0.999706096959861     
  0.999707399896532     
  0.999735418453644     
  0.999738158537469     
  0.999740860501292     
  0.999742198276790     
  0.999743516524982     
  0.999744860189691     
  0.999718938836442     
  0.999698239913251     
  0.999548475817606     
  0.987891305228938     
  0.994649959196695     
  0.999667165532343     
  0.999711151034787     
  0.999757876104807     
  0.999761719658774     
  0.999764241062858     
  0.999734811644990     
  0.999765467375571     
  0.999758772656951     
  0.999744647118542     
  0.999447880719788     
  0.998961800542218     
  0.999645078262812     
  0.999630363128682     
  0.999770366248401     
  0.999772625715646     
  0.999769868739452     
  0.999734065971651     
  0.999534129998789     
  0.999618043047159     
  0.986366303638551     
  0.984130652883206     
  0.967511070691137     
  0.945936549335920     
  0.998546151052064     
  0.999693094656825     
  0.999489345260605     
  0.999158499139776     
  0.993201850848787     
  0.999001667895010     
  0.999671275302898     
  0.999768044629179     
  0.999759880024021     
  0.999731357132351     
  0.999580002229551     
  0.981862694510318     
  0.911302014302655     
  0.990267984901689     
  0.999575070813672     
  0.999142325225817     
  0.999599509636649     
  0.999781280754097     
  0.999792545224623     
  0.999793556349373     
  0.999801579951222     
  0.999803481634165     
  0.999805831174960     
  0.999807402691255     
  0.999800132371792     
  0.999519035990416     
  0.998975438651190     
  0.999423155985637     
  0.999808501641799     
  0.999812979728970     
  0.999813768416853     
  0.999813530668047     
  0.999623187968759     
  0.999715278577009     
  0.999809109614341     
  0.999817159461401     
  0.999818408947034     
  0.999818292185812     
  0.999819520482192     
  0.999819373719660     
  0.999820585172320     
  0.999819130105373     
  0.999744850558590     
  0.998808254800723     
  0.999747357122515     
  0.999813652312318     
  0.999523258872344     
  0.999587789740146     
  0.997978959096456     
  0.999814936553039     
  0.999816211254847     
  0.999803581450374     
  0.999384418709655     
  0.984590804882109     
  0.999747832917329     
  0.999797139972842     
  0.999764262307409     
  0.999255596721519     
  0.998240274008686     
  0.999599892863274     
  0.999799581007753     
  0.999800389581627     
  0.999782150543725     
  0.999746310788235     
  0.997232822676879     
  0.979848257226937     
  0.996384383558715     
  0.999719230247061     
  0.999636302136232     
  0.985102140508897     
  0.984590741643833     
  0.999438176492952     
  0.999790453992588     
  0.999790560572415     
  0.998622798317800     
  0.997333211205497     
  0.999699670577467     
  0.999799614120848     
  0.999770171508414     
  0.999816559993004     
  0.999815121835817     
  0.999813681905042     
  0.999810923949330     
  0.999806196204326     
  0.999663565756151     
  0.999694542376187     
  0.999744576327254     
  0.999758776220515     
  0.999718639517465     
  0.999592447652175     
  0.993806354075309     
  0.941173811226023     
  0.929359876336004     
  0.992161260849063     
  0.998409939209089     
  0.973712897643724     
  0.964107036099073     
  0.996229472723112     
  0.999415473376030     
  0.999063165868123     
  0.997356373655578     
  0.999468252192172     
  0.999638907123292     
  0.999176383284851     
  0.974419971990349     
  0.837448396031581     
  0.996319056543041     
  0.999551902175110     
  0.999581648020127     
  0.999736028747389     
  0.999746759492747     
  0.999746481094611     
  0.999678144722751     
  0.999077580597547     
  0.999099295140944     
  0.998580627218749     
  0.999396658449695     
  0.998651787142805     
  0.925652337681762     
  0.851846006575640     
  0.988753072692967     
  0.998471768649728     
  0.960305749871822     
  0.892664760759287     
  0.975461830294835     
  0.998619745682707     
  0.986373779346246     
  0.968055542392811     
  0.993454508419552     
  0.993959029404009     
  0.945954991423263     
  0.945892212725292     
  0.994220873488216     
  0.999146944381659     
  0.999338860524544     
  0.999252771729488     
  0.997795827045194     
  0.979083515189576     
  0.918689947025388     
  0.938213590552359     
  0.994115491381318     
  0.998579675488309     
  0.995759783111177     
  0.985593742912405     
  0.994725407743280     
  0.999445002818829     
  0.996352012990803     
  0.983727449618364     
  0.995752175633668     
  0.964664948349980     
  0.984760992692459     
  0.999120479778046     
  0.999732721498698     
  0.999706804376298     
  0.999257763084969     
  0.999681371170700     
  0.999773887203537     
  0.999733995553129     
  0.999776533662486     
  0.999749222919728     
  0.999700988716603     
  0.999574351852035     
  0.999711233700720     
  0.999774565322981     
  0.999776652888022     
  0.999775926824474     
  0.999753613311717     
  0.999553718900487     
  0.999773929630414     
  0.999768867734723     
  0.999771426611344     
  0.999771698563417     
  0.999768572164560     
  0.999748817577946     
  0.999765636124585     
  0.999763550295062     
  0.999760015486119     
  0.999756427970687     
  0.999751568241083     
  0.999737941702638     
  0.999452647877746     
  0.996033132968678     
  0.990397393865864     
  0.999279466495320     
  0.993755411649786     
  0.940161876371313     
  0.993676637800545     
  0.999632574157016     
  0.999677822824864     
  0.999654204572413     
  0.998938039938416     
  0.974888365213676     
  0.961264625387872     
  0.996852713592178     
  0.999634022231030     
  0.999675761892098     
  0.999547604706232     
  0.999274165935176     
  0.999551390300782     
  0.999684381367931     
  0.998508062822948     
  0.994074219351708     
  0.999058795125031     
  0.992613880685074     
  0.999653603187965     
  0.999662518039167     
  0.999670693340961     
  0.999676238699477     
  0.999673614859725     
  0.999668347637263     
  0.999663495279791     
  0.999659036567620     
  0.999648887019002     
  0.999634312107354     
  0.999610080646546     
  0.999547008451849     
  0.999621888769586     
  0.999616061369951     
  0.999408297235154     
  0.999439396763072     
  0.999582277160559     
  0.999436684477516     
  0.999412498554639     
  0.999518518858316     
  0.999269623235947     
  0.995857830569580     
  0.976153230852472     
  0.995397566370552     
  0.999392029190451     
  0.999430686016814     
  0.998841274729783     
  0.994824509531445     
  0.997343082829125     
  0.998597094653688     
  0.963642284560654     
  0.983663601435820     
  0.809201285999749     
  0.917776774239066     
  0.998819060198123     
  0.999199503848669     
  0.999270325441276     
  0.999275733215636     
  0.999242387072367     
  0.999142354751711     
  0.998387216727738     
  0.967327720806473     
  0.904011336031799     
  0.989528958533959     
  0.998455789976735     
  0.991351730445560     
  0.994082905481719     
  0.999075105009100     
  0.999159453304196     
  0.999151700290527     
  0.999136744543590     
  0.999095104869831     
  0.999100172135404     
  0.999079453257434     
  0.999056122150521     
  0.999023556871314     
  0.999003234420800     
  0.998975364737006     
  0.998942763713203     
  0.998870178261744     
  0.998511239048013     
  0.998574552619688     
  0.998795189971721     
  0.998768747827629     
  0.997938470359540     
  0.998673483803276     
  0.998641265654289     
  0.998455513544690     
  0.998229890598708     
  0.998472101644579     
  0.998402509924388     
  0.998106763786278     
  0.988459315532836     
  0.994445935798535     
  0.970263617890652     
  0.951566733771124     
  0.994824748992400     
  0.995074139493058     
  0.977234322506784     
  0.990198986213536     
  0.993604843535749     
  0.985900874080275     
  0.994383049183987     
  0.995564088247825     
  0.997276918957156     
  0.997170870460389     
  0.997037950105933     
  0.996890333100059     
  0.996688142163234     
  0.996555590768569     
  0.996376063767969     
  0.996174491896952     
  0.995952588672065     
  0.995712645023971     
  0.994547537826373     
  0.982123920666958     
  0.993949440271910     
  0.994567530644802     
  0.994227478225215     
  0.993787178166542     
  0.993616938174739     
  0.993355586133838     
  0.993016873824104     
  0.992643671256159     
  0.992232262499047     
  0.991813591497581     
  0.991345845049302     
  0.990824544303646     
  0.990329625260304     
  0.989629931275210     
  0.988943052413813     
  0.988225823221850     
  0.987397798200848     
  0.984495858292714     
  0.977637490938278     
  0.979144196516131     
  0.983226381048512     
  0.982410611792974     
  0.981234883815775     
  0.979513593802679     
  0.978729241878466     
  0.977364008356119     
  0.976120612861391     
  0.974798580567807     
  0.973562224629393     
  0.972505745489990     
  0.971535595093658     
  0.970394469286451     
  0.969125544728725     
  0.968468217066420     
  0.969269084700353     
  0.970549007820411     
  0.971659909541463     
  0.972660369153487     
  0.973741414073190     
  0.974781604320980     
  0.975447122182052     
  0.977261500599080     
  0.978841789715579     
  0.980087192252405     
  0.981422050444195     
  0.982553783909091     
  0.983717610102215     
  0.984785430841098     
  0.985715152588181     
  0.986644664330713     
  0.987374471507574     
  0.988209903091800     
  0.988967250271572     
  0.988375298335204     
  0.990064156781620     
  0.990691876003734     
  0.991432686266263     
  0.991517736511958     
  0.982939100470819     
  0.982377445966456     
  0.990502668794166     
  0.993349530272337     
  0.993438827458255     
  0.994048538214671     
  0.994354191303755     
  0.994690362013888     
  0.994986815449077     
  0.995176361086819     
  0.995328149918904     
  0.992690312451341     
  0.969361522981782     
  0.984478798548706     
  0.995915142197161     
  0.996519171491537     
  0.996753399308904     
  0.996936485405496     
  0.997057608321228     
  0.995406470392246     
  0.992457621214502     
  0.997083630193182     
  0.997535131528940     
  0.997632046016844     
  0.997788982845018     
  0.997904525920902     
  0.997988647892159     
  0.998069000364818     
  0.998145780403175     
  0.998216815048110     
  0.998283354077131     
  0.998345549541326     
  0.998404297835558     
  0.998192299712329     
  0.998506640980063     
  0.998563234983991     
  0.998610834357260     
  0.998655327804203     
  0.998696893338284     
  0.998568620054660     
  0.998055986255226     
  0.998804154984284     
  0.998842082079392     
  0.998872998397921     
  0.998900977232918     
  0.998926082419237     
  0.998948544238376     
  0.998967202026934     
  0.998983020807970     
  0.998993777627246     
  0.998995637052784     
  0.998899736343948     
  0.998772884903128     
  0.998738399258328     
  0.998400499562227     
  0.998814258301254     
  0.998663811681172     
  0.998341512005696     
  0.997614850783248     
  0.992501319712767     
  0.919603259372895     
  0.477194504535563     
  0.756233050985200     
  0.994004420456164     
  0.997240953282962     
  0.989515053171885     
  0.988255985310527     
  0.993721667197811     
  0.997165604670562     
  0.999171551057438     
  0.999153121727140     
  0.998913556899072     
  0.994192677384056     
  0.997331618325501     
  0.998906586532181     
  0.999372481705660     
  0.999441375672543     
  0.999433763822219     
  0.999497038602814     
  0.999521851679195     
  0.999533295773042     
  0.999527011109396     
  0.999197467226041     
  0.998303235795684     
  0.999143190627405     
  0.999570743158284     
  0.999482654590074     
  0.999613519624912     
  0.999623966293133     
  0.999633016126869     
  0.999640739849198     
  0.999646866368084     
  0.999651550036735     
  0.999655646210508     
  0.999655274443033     
  0.999647498186706     
  0.999595665855393     
  0.996827522703611     
  0.994914607047633     
  0.999416097305220     
  0.997726531798120     
  0.982185753575516     
  0.995711603881907     
  0.999164914859843     
  0.999567295188679     
  0.999695314611601     
  0.999708964240910     
  0.999711516135381     
  0.999698761864724     
  0.999440610770340     
  0.992192021765845     
  0.994501733772650     
  0.999598815029065     
  0.999729175678704     
  0.999748971251379     
  0.999745495502295     
  0.999765030902893     
  0.999767792648629     
  0.999766615997926     
