  0.999437790819882     
  0.999436473267533     
  0.999427692502609     
  0.999431460334090     
  0.999322567832543     
  0.999385694950808     
  0.999270948557465     
  0.999395817996146     
  0.999398128898534     
  0.999379519528174     
  0.997870960046977     
  0.989120559381995     
  0.999306540048193     
  0.999239753029746     
  0.999209265689042     
  0.999047077685165     
  0.998513245879214     
  0.966349064123334     
  0.759327278268212     
  0.898828510947357     
  0.986571767900169     
  0.991321928299548     
  0.992268217250864     
  0.999135215433650     
  0.999056591289263     
  0.999259523687715     
  0.999278214692016     
  0.999285424264543     
  0.999288582767494     
  0.999287157224919     
  0.999234372053257     
  0.998921191171475     
  0.999246504091333     
  0.999266264775587     
  0.999259331753809     
  0.999251489658101     
  0.999242771281432     
  0.999234616319091     
  0.999218150818494     
  0.999200668772196     
  0.999204611442399     
  0.999178773908467     
  0.999098384168618     
  0.999169061974498     
  0.999145484227223     
  0.999144436730583     
  0.999127477895918     
  0.999107322440459     
  0.999058193048177     
  0.998966075644845     
  0.995493956971948     
  0.993118384291843     
  0.998796565335458     
  0.998951108404960     
  0.998432023288408     
  0.968431431313670     
  0.967514460282431     
  0.986995447617997     
  0.983815496530913     
  0.997836281704224     
  0.998591561653174     
  0.998854766496638     
  0.998864694503346     
  0.998850426717339     
  0.998830408638055     
  0.998809084424665     
  0.998787753870690     
  0.998763735784739     
  0.998739706705310     
  0.998715748203255     
  0.998630530003821     
  0.998660211542554     
  0.998625206589224     
  0.998606576933875     
  0.998576814200819     
  0.998392043768664     
  0.998338944417828     
  0.998304665926815     
  0.993892551095808     
  0.995850886899542     
  0.998260630383446     
  0.998302393862925     
  0.998275815152556     
  0.998146371162096     
  0.998182410601835     
  0.998140020089721     
  0.998074821739811     
  0.995861632675948     
  0.997077088823649     
  0.997479064738395     
  0.997723756581154     
  0.995958787247843     
  0.995379186682673     
  0.990447274419513     
  0.997409317400785     
  0.997572637217155     
  0.997512169948145     
  0.997440006116108     
  0.997120129730788     
  0.996862868583318     
  0.997182905274270     
  0.997104538518954     
  0.997005694532741     
  0.996902253225083     
  0.996793121095657     
  0.996649538600311     
  0.996525261474573     
  0.996119179636561     
  0.996173403105638     
  0.996149387250376     
  0.996001101220923     
  0.995837525098450     
  0.995663179049994     
  0.995475576816845     
  0.995278571814245     
  0.995013353533600     
  0.994789981236568     
  0.994486851474281     
  0.994112832453436     
  0.993569502810085     
  0.992312613017727     
  0.951330670523243     
  0.717940563291065     
  0.929921943615498     
  0.990552368747577     
  0.991375735949708     
  0.990914105644145     
  0.981577226335717     
  0.832986976366503     
  0.911718889122945     
  0.982587451899195     
  0.900948965208479     
  0.961018066929919     
  0.986525948761015     
  0.985622252581275     
  0.984502099579251     
  0.983096320809848     
  0.967127652899697     
  0.871611992640241     
  0.962578577555055     
  0.870258154433571     
  0.892834227473777     
  0.763824991435732     
  0.953442926621128     
  0.966242760415715     
  0.963569884850267     
  0.960190446300086     
  0.936646557640209     
  0.950674718076810     
  0.938963809504856     
  0.933001641345456     
  0.929441132684149     
  0.910341619588761     
  0.862117965681177     
  0.794741558299796     
  0.880647537214795     
  0.868272581547092     
  0.848752767556789     
  0.833554583016154     
  0.834357994672684     
  0.848885902322416     
  0.863572348398568     
  0.874294943482840     
  0.875801463574355     
  0.868551296100605     
  0.848748964154421     
  0.810586431349737     
  0.750808791243818     
  0.645478021281862     
  0.521313781595507     
  0.483471494116900     
  0.515819440930061     
  0.590772917872059     
  0.679701872988299     
  0.755475075427519     
  0.804283739988407     
  0.831998499534378     
  0.854025964920161     
  0.872993004288825     
  0.888798265064602     
  0.905018311461109     
  0.920844618189371     
  0.934279753082671     
  0.941967687449264     
  0.948845935263394     
  0.955431837906919     
  0.960824597961147     
  0.963992654570071     
  0.966948625455498     
  0.969669794597843     
  0.972209203725252     
  0.974439522119385     
  0.976506162833626     
  0.978424699047670     
  0.980261397956018     
  0.982040961396425     
  0.983619807763768     
  0.985205399347676     
  0.986567154618447     
  0.987704442578366     
  0.988134557151728     
  0.987547133219932     
  0.990196269537020     
  0.990838977777895     
  0.991686741757568     
  0.992092247343801     
  0.992700728936206     
  0.993116795829314     
  0.993482059452974     
  0.993531035158733     
  0.993807748597326     
  0.994419936098520     
  0.994728057088768     
  0.994764806479125     
  0.995241794646557     
  0.995476603438193     
  0.995690469389425     
  0.995838506428673     
  0.994160825765322     
  0.982736836447790     
  0.994209041863400     
  0.995339359599923     
  0.996454532086222     
  0.996819552036557     
  0.996951271400375     
  0.991442834317077     
  0.994085562319061     
  0.997271755851254     
  0.997315999809602     
  0.995887427952484     
  0.996748666080955     
  0.997494256473790     
  0.997495260881025     
  0.997231693669063     
  0.997029277838337     
  0.996369842135264     
  0.958661826330317     
  0.872699568862398     
  0.904847933311344     
  0.994669811675239     
  0.997231348979787     
  0.997509499624079     
  0.997749703240517     
  0.997732158711252     
  0.997402582064075     
  0.995264068555096     
  0.884931975035431     
  0.689997562070709     
  0.780026387639099     
  0.789152151390710     
  0.994770619754479     
  0.997684758556133     
  0.997309091350798     
  0.997601588681908     
  0.998478596216526     
  0.998611145061614     
  0.998677989757381     
  0.998729091317942     
  0.998763402922380     
  0.998528084269681     
  0.998677222782121     
  0.997661930932580     
  0.998780388448408     
  0.998937492574262     
  0.998968730000563     
  0.998918400347996     
  0.998948471198921     
  0.999043151933359     
  0.999065550711383     
  0.999085229641001     
  0.999105895620740     
  0.999124802981538     
  0.999141715781545     
  0.998896521984290     
  0.998825530840759     
  0.999138569077468     
  0.999198955048896     
  0.999091388821331     
  0.998717691867851     
  0.999253060060494     
  0.999269349594115     
  0.999282930016574     
  0.999231650677799     
  0.998035788782839     
  0.998961673268609     
  0.999325002500811     
  0.999338030425933     
  0.999341980004415     
  0.999278745816046     
  0.999218259670104     
  0.999357172065711     
  0.999149748541441     
  0.999366602096797     
  0.999361915120021     
  0.999346668320143     
  0.999313479639575     
  0.999240976610266     
  0.999025795258350     
  0.996935701322519     
  0.958352853805966     
  0.968282047617327     
  0.997165187579791     
  0.983406151209757     
  0.926819832958058     
  0.971846930700850     
  0.998072004349734     
  0.998936053312853     
  0.999207547191608     
  0.999266683486708     
  0.999221779331243     
  0.998463682375254     
  0.942594979807395     
  0.899888615642028     
  0.975180819421131     
  0.995797517476969     
  0.999370971361090     
  0.999413503966142     
  0.999402215616709     
  0.999564729761666     
  0.999581885972131     
  0.999594411607567     
  0.999604241225574     
  0.999612664793112     
  0.999620512753696     
  0.999619822363049     
  0.999566634618415     
  0.999639677933587     
  0.999645299693134     
  0.999650951463142     
  0.999618132604422     
  0.999466943651881     
  0.999659565254242     
  0.999499207291228     
  0.999654204861978     
  0.999632278414643     
  0.999262828917283     
  0.999658414800801     
  0.999680144338905     
  0.999686037628999     
  0.999668898050409     
  0.999685196704275     
  0.999682251383939     
  0.999629797366301     
  0.998503919632588     
  0.997704347477888     
  0.999506770691854     
  0.999680376443527     
  0.999659313706928     
  0.999444673137400     
  0.996149343175690     
  0.999428212363662     
  0.999698188757542     
  0.999716194553526     
  0.999700372997576     
  0.999726737063796     
  0.999706096959862     
  0.999707399896531     
  0.999735418453644     
  0.999738158537467     
  0.999740860501290     
  0.999742198276790     
  0.999743516524983     
  0.999744860189692     
  0.999718938836440     
  0.999698239913252     
  0.999548475817606     
  0.987891305228936     
  0.994649959196696     
  0.999667165532343     
  0.999711151034785     
  0.999757876104806     
  0.999761719658773     
  0.999764241062856     
  0.999734811644989     
  0.999765467375570     
  0.999758772656951     
  0.999744647118541     
  0.999447880719785     
  0.998961800542218     
  0.999645078262812     
  0.999630363128681     
  0.999770366248402     
  0.999772625715646     
  0.999769868739449     
  0.999734065971650     
  0.999534129998788     
  0.999618043047157     
  0.986366303638552     
  0.984130652883206     
  0.967511070691137     
  0.945936549335920     
  0.998546151052065     
  0.999693094656825     
  0.999489345260605     
  0.999158499139777     
  0.993201850848787     
  0.999001667895010     
  0.999671275302897     
  0.999768044629179     
  0.999759880024019     
  0.999731357132349     
  0.999580002229552     
  0.981862694510317     
  0.911302014302656     
  0.990267984901687     
  0.999575070813671     
  0.999142325225815     
  0.999599509636648     
  0.999781280754096     
  0.999792545224622     
  0.999793556349373     
  0.999801579951224     
  0.999803481634164     
  0.999805831174961     
  0.999807402691254     
  0.999800132371791     
  0.999519035990415     
  0.998975438651191     
  0.999423155985636     
  0.999808501641799     
  0.999812979728969     
  0.999813768416854     
  0.999813530668045     
  0.999623187968762     
  0.999715278577009     
  0.999809109614342     
  0.999817159461401     
  0.999818408947033     
  0.999818292185811     
  0.999819520482192     
  0.999819373719658     
  0.999820585172321     
  0.999819130105373     
  0.999744850558592     
  0.998808254800724     
  0.999747357122515     
  0.999813652312319     
  0.999523258872343     
  0.999587789740147     
  0.997978959096454     
  0.999814936553039     
  0.999816211254846     
  0.999803581450373     
  0.999384418709656     
  0.984590804882108     
  0.999747832917330     
  0.999797139972843     
  0.999764262307405     
  0.999255596721520     
  0.998240274008687     
  0.999599892863275     
  0.999799581007750     
  0.999800389581628     
  0.999782150543727     
  0.999746310788237     
  0.997232822676878     
  0.979848257226938     
  0.996384383558715     
  0.999719230247061     
  0.999636302136231     
  0.985102140508896     
  0.984590741643833     
  0.999438176492953     
  0.999790453992589     
  0.999790560572416     
  0.998622798317800     
  0.997333211205498     
  0.999699670577466     
  0.999799614120850     
  0.999770171508412     
  0.999816559993008     
  0.999815121835818     
  0.999813681905040     
  0.999810923949330     
  0.999806196204325     
  0.999663565756152     
  0.999694542376187     
  0.999744576327253     
  0.999758776220515     
  0.999718639517468     
  0.999592447652176     
  0.993806354075307     
  0.941173811226023     
  0.929359876336004     
  0.992161260849062     
  0.998409939209089     
  0.973712897643724     
  0.964107036099071     
  0.996229472723112     
  0.999415473376029     
  0.999063165868124     
  0.997356373655578     
  0.999468252192172     
  0.999638907123292     
  0.999176383284852     
  0.974419971990348     
  0.837448396031582     
  0.996319056543040     
  0.999551902175111     
  0.999581648020126     
  0.999736028747388     
  0.999746759492749     
  0.999746481094611     
  0.999678144722749     
  0.999077580597547     
  0.999099295140944     
  0.998580627218748     
  0.999396658449694     
  0.998651787142806     
  0.925652337681761     
  0.851846006575641     
  0.988753072692967     
  0.998471768649728     
  0.960305749871821     
  0.892664760759288     
  0.975461830294835     
  0.998619745682709     
  0.986373779346245     
  0.968055542392810     
  0.993454508419553     
  0.993959029404009     
  0.945954991423263     
  0.945892212725291     
  0.994220873488216     
  0.999146944381658     
  0.999338860524544     
  0.999252771729488     
  0.997795827045194     
  0.979083515189575     
  0.918689947025388     
  0.938213590552358     
  0.994115491381318     
  0.998579675488311     
  0.995759783111177     
  0.985593742912406     
  0.994725407743278     
  0.999445002818829     
  0.996352012990802     
  0.983727449618366     
  0.995752175633667     
  0.964664948349983     
  0.984760992692459     
  0.999120479778047     
  0.999732721498699     
  0.999706804376300     
  0.999257763084969     
  0.999681371170702     
  0.999773887203537     
  0.999733995553130     
  0.999776533662486     
  0.999749222919726     
  0.999700988716603     
  0.999574351852035     
  0.999711233700723     
  0.999774565322982     
  0.999776652888021     
  0.999775926824474     
  0.999753613311716     
  0.999553718900485     
  0.999773929630413     
  0.999768867734722     
  0.999771426611344     
  0.999771698563416     
  0.999768572164561     
  0.999748817577946     
  0.999765636124584     
  0.999763550295065     
  0.999760015486118     
  0.999756427970688     
  0.999751568241083     
  0.999737941702639     
  0.999452647877743     
  0.996033132968679     
  0.990397393865864     
  0.999279466495319     
  0.993755411649786     
  0.940161876371313     
  0.993676637800542     
  0.999632574157015     
  0.999677822824864     
  0.999654204572413     
  0.998938039938416     
  0.974888365213675     
  0.961264625387872     
  0.996852713592178     
  0.999634022231031     
  0.999675761892100     
  0.999547604706233     
  0.999274165935174     
  0.999551390300783     
  0.999684381367930     
  0.998508062822949     
  0.994074219351709     
  0.999058795125032     
  0.992613880685073     
  0.999653603187965     
  0.999662518039166     
  0.999670693340961     
  0.999676238699480     
  0.999673614859724     
  0.999668347637264     
  0.999663495279791     
  0.999659036567618     
  0.999648887019001     
  0.999634312107353     
  0.999610080646548     
  0.999547008451848     
  0.999621888769585     
  0.999616061369950     
  0.999408297235154     
  0.999439396763072     
  0.999582277160560     
  0.999436684477517     
  0.999412498554636     
  0.999518518858317     
  0.999269623235947     
  0.995857830569579     
  0.976153230852470     
  0.995397566370553     
  0.999392029190454     
  0.999430686016814     
  0.998841274729784     
  0.994824509531444     
  0.997343082829125     
  0.998597094653688     
  0.963642284560655     
  0.983663601435823     
  0.809201285999750     
  0.917776774239066     
  0.998819060198122     
  0.999199503848669     
  0.999270325441277     
  0.999275733215635     
  0.999242387072365     
  0.999142354751711     
  0.998387216727737     
  0.967327720806474     
  0.904011336031797     
  0.989528958533959     
  0.998455789976735     
  0.991351730445559     
  0.994082905481719     
  0.999075105009101     
  0.999159453304195     
  0.999151700290529     
  0.999136744543590     
  0.999095104869829     
  0.999100172135402     
  0.999079453257433     
  0.999056122150521     
  0.999023556871315     
  0.999003234420800     
  0.998975364737004     
  0.998942763713204     
  0.998870178261744     
  0.998511239048012     
  0.998574552619686     
  0.998795189971720     
  0.998768747827629     
  0.997938470359542     
  0.998673483803277     
  0.998641265654289     
  0.998455513544689     
  0.998229890598709     
  0.998472101644582     
  0.998402509924387     
  0.998106763786276     
  0.988459315532836     
  0.994445935798535     
  0.970263617890652     
  0.951566733771123     
  0.994824748992401     
  0.995074139493058     
  0.977234322506784     
  0.990198986213535     
  0.993604843535748     
  0.985900874080277     
  0.994383049183986     
  0.995564088247824     
  0.997276918957157     
  0.997170870460389     
  0.997037950105932     
  0.996890333100060     
  0.996688142163237     
  0.996555590768568     
  0.996376063767969     
  0.996174491896953     
  0.995952588672065     
  0.995712645023970     
  0.994547537826373     
  0.982123920666958     
  0.993949440271908     
  0.994567530644801     
  0.994227478225217     
  0.993787178166544     
  0.993616938174739     
  0.993355586133836     
  0.993016873824103     
  0.992643671256160     
  0.992232262499047     
  0.991813591497581     
  0.991345845049302     
  0.990824544303646     
  0.990329625260303     
  0.989629931275209     
  0.988943052413813     
  0.988225823221852     
  0.987397798200848     
  0.984495858292715     
  0.977637490938280     
  0.979144196516132     
  0.983226381048514     
  0.982410611792976     
  0.981234883815777     
  0.979513593802680     
  0.978729241878469     
  0.977364008356120     
  0.976120612861388     
  0.974798580567807     
  0.973562224629394     
  0.972505745489990     
  0.971535595093657     
  0.970394469286447     
  0.969125544728724     
  0.968468217066419     
  0.969269084700353     
  0.970549007820412     
  0.971659909541464     
  0.972660369153487     
  0.973741414073190     
  0.974781604320981     
  0.975447122182052     
  0.977261500599081     
  0.978841789715580     
  0.980087192252404     
  0.981422050444195     
  0.982553783909093     
  0.983717610102217     
  0.984785430841097     
  0.985715152588180     
  0.986644664330714     
  0.987374471507573     
  0.988209903091800     
  0.988967250271573     
  0.988375298335205     
  0.990064156781621     
  0.990691876003735     
  0.991432686266265     
  0.991517736511958     
  0.982939100470820     
  0.982377445966455     
  0.990502668794167     
  0.993349530272337     
  0.993438827458254     
  0.994048538214668     
  0.994354191303754     
  0.994690362013887     
  0.994986815449077     
  0.995176361086818     
  0.995328149918904     
  0.992690312451340     
  0.969361522981783     
  0.984478798548705     
  0.995915142197161     
  0.996519171491538     
  0.996753399308904     
  0.996936485405496     
  0.997057608321229     
  0.995406470392247     
  0.992457621214501     
  0.997083630193182     
  0.997535131528941     
  0.997632046016845     
  0.997788982845019     
  0.997904525920902     
  0.997988647892159     
  0.998069000364816     
  0.998145780403177     
  0.998216815048108     
  0.998283354077130     
  0.998345549541326     
  0.998404297835558     
  0.998192299712328     
  0.998506640980064     
  0.998563234983989     
  0.998610834357261     
  0.998655327804205     
  0.998696893338281     
  0.998568620054660     
  0.998055986255227     
  0.998804154984286     
  0.998842082079393     
  0.998872998397921     
  0.998900977232915     
  0.998926082419236     
  0.998948544238375     
  0.998967202026934     
  0.998983020807972     
  0.998993777627244     
  0.998995637052782     
  0.998899736343948     
  0.998772884903127     
  0.998738399258327     
  0.998400499562228     
  0.998814258301254     
  0.998663811681171     
  0.998341512005697     
  0.997614850783246     
  0.992501319712768     
  0.919603259372894     
  0.477194504535565     
  0.756233050985201     
  0.994004420456164     
  0.997240953282964     
  0.989515053171887     
  0.988255985310527     
  0.993721667197810     
  0.997165604670563     
  0.999171551057437     
  0.999153121727141     
  0.998913556899074     
  0.994192677384053     
  0.997331618325502     
  0.998906586532181     
  0.999372481705660     
  0.999441375672542     
  0.999433763822220     
  0.999497038602814     
  0.999521851679194     
  0.999533295773041     
  0.999527011109398     
  0.999197467226038     
  0.998303235795682     
  0.999143190627404     
  0.999570743158286     
  0.999482654590074     
  0.999613519624908     
  0.999623966293130     
  0.999633016126869     
  0.999640739849198     
  0.999646866368083     
  0.999651550036737     
  0.999655646210507     
  0.999655274443034     
  0.999647498186707     
  0.999595665855394     
  0.996827522703611     
  0.994914607047632     
  0.999416097305219     
  0.997726531798122     
  0.982185753575518     
  0.995711603881907     
  0.999164914859843     
  0.999567295188679     
  0.999695314611603     
  0.999708964240908     
  0.999711516135380     
  0.999698761864726     
  0.999440610770340     
  0.992192021765846     
  0.994501733772650     
  0.999598815029066     
  0.999729175678703     
  0.999748971251379     
  0.999745495502295     
  0.999765030902894     
  0.999767792648630     
  0.999766615997926     
