  0.999439801632456     
  0.999439668836354     
  0.999432214514123     
  0.999435559066571     
  0.999424180282771     
  0.999377922075537     
  0.999334703246920     
  0.999323320776077     
  0.999398791686130     
  0.999394520251868     
  0.999353545301208     
  0.989362377511999     
  0.997695831041339     
  0.999294975408376     
  0.999247362754951     
  0.999170572404174     
  0.998943543114875     
  0.997598019558630     
  0.896259113120554     
  0.760367822798031     
  0.965378737097280     
  0.989171318107058     
  0.979057807246147     
  0.998201146710886     
  0.999160287027486     
  0.999138051582602     
  0.999270117604224     
  0.999284166533285     
  0.999289914958296     
  0.999291226887480     
  0.999287126822281     
  0.999126510558391     
  0.999028913793277     
  0.999269212608641     
  0.999267540793770     
  0.999259819816558     
  0.999251147631254     
  0.999243205418592     
  0.999233302689102     
  0.999204020004323     
  0.999212544050124     
  0.999203620656968     
  0.999146183422063     
  0.999135935253743     
  0.999168641675037     
  0.999150330254160     
  0.999141594452594     
  0.999124765492868     
  0.999101415454112     
  0.999040504482726     
  0.998718030373973     
  0.992608873429375     
  0.996233069854623     
  0.998933667427912     
  0.998938286887273     
  0.996176858883638     
  0.948276549922960     
  0.985558922290351     
  0.985635227458119     
  0.988321784976617     
  0.998727375872780     
  0.998606217895846     
  0.998839067179516     
  0.998866017931229     
  0.998848136336644     
  0.998828263689276     
  0.998806938039873     
  0.998784325932521     
  0.998760416657188     
  0.998736489061219     
  0.998710951856894     
  0.998602955832801     
  0.998658367545016     
  0.998616884232812     
  0.998602450812440     
  0.998569294818600     
  0.997973391308664     
  0.998472978683599     
  0.997745446236038     
  0.992520893724163     
  0.997516106187428     
  0.998276935893057     
  0.998306084872892     
  0.998266794170688     
  0.998109487122204     
  0.998179848041123     
  0.998129231412545     
  0.997996437565565     
  0.994602021593020     
  0.997205593584317     
  0.997768403468832     
  0.997424282805801     
  0.995378197649040     
  0.995774859862841     
  0.990498790218450     
  0.997592608225160     
  0.997561876460519     
  0.997497678921868     
  0.997420431670967     
  0.996738033904627     
  0.996987379061137     
  0.997177279749216     
  0.997082726959297     
  0.996983054571359     
  0.996879229620964     
  0.996761508239472     
  0.996618373239399     
  0.996503526008861     
  0.995782055504119     
  0.996257748854868     
  0.996105689571532     
  0.995964492589156     
  0.995796842772719     
  0.995619161786902     
  0.995427664691900     
  0.995214933563068     
  0.994981281576158     
  0.994715213390939     
  0.994394744060043     
  0.993984079408122     
  0.993324595347255     
  0.990790201810239     
  0.868265783244835     
  0.745576470326473     
  0.976076368309082     
  0.991194275113551     
  0.991364339189492     
  0.990344972220132     
  0.951521219529640     
  0.817675147585932     
  0.964759059993732     
  0.964716112751446     
  0.899533538966378     
  0.980507192670604     
  0.986388604306521     
  0.985289175358947     
  0.984158095919303     
  0.982433475974146     
  0.933963266827455     
  0.889150642353137     
  0.971134890943852     
  0.829938561318377     
  0.826647675073118     
  0.828098397694934     
  0.965364855805994     
  0.965628713717408     
  0.962600753221956     
  0.957153161673165     
  0.943664272093905     
  0.948760893958931     
  0.932586983832546     
  0.934777907292579     
  0.924366624787932     
  0.906388811603756     
  0.811159884806857     
  0.838633925002071     
  0.879009314510571     
  0.862113178193909     
  0.842649401079060     
  0.831895898689925     
  0.839156746246922     
  0.854715066298890     
  0.867930706592118     
  0.875671898825296     
  0.875046828918940     
  0.863920828144121     
  0.838939934441017     
  0.793373766855188     
  0.722408845008816     
  0.596885728482893     
  0.498450991093070     
  0.487343848088792     
  0.536802954481184     
  0.619419125330721     
  0.707532105927662     
  0.773947354173171     
  0.814628463629141     
  0.840567220477044     
  0.860966495712824     
  0.878552042562918     
  0.894542456390185     
  0.910635652837956     
  0.926040682637296     
  0.937131701382444     
  0.944499491331857     
  0.951217803140231     
  0.957621144019794     
  0.962012983618413     
  0.965099407862014     
  0.967980975476086     
  0.970594534706757     
  0.973052250136471     
  0.975219582078008     
  0.977231652575898     
  0.979097499019301     
  0.980932736667244     
  0.982596300254408     
  0.984245848933537     
  0.985715314636539     
  0.987020938699894     
  0.988105278578725     
  0.987600729054852     
  0.988871596428096     
  0.990178927198755     
  0.991298605488989     
  0.991811766288169     
  0.992343752225792     
  0.992866882997085     
  0.993262296387015     
  0.993595901030035     
  0.993467766170812     
  0.994112449677075     
  0.994547514653044     
  0.994809504564169     
  0.994988396480781     
  0.995336755051212     
  0.995564291567734     
  0.995760357422912     
  0.995858985974560     
  0.990452595780368     
  0.985627429164512     
  0.995546901893697     
  0.995477017606715     
  0.996687505045481     
  0.996865325776969     
  0.996909861603075     
  0.985405748021260     
  0.996832022943975     
  0.997303828652620     
  0.997216339609710     
  0.995400075931299     
  0.997269576269031     
  0.997519793049190     
  0.997370274618400     
  0.997186503930054     
  0.997039657042324     
  0.994949108638898     
  0.910358606693758     
  0.869816686497307     
  0.952978652233259     
  0.996338307090572     
  0.997331105400486     
  0.997695038706653     
  0.997773205327502     
  0.997677491051832     
  0.997084568915962     
  0.992370665574440     
  0.757764873974641     
  0.743927948443478     
  0.722368383118722     
  0.905925502625710     
  0.996721161203549     
  0.997870099062602     
  0.996484491644609     
  0.998158156845305     
  0.998546740554306     
  0.998640767888356     
  0.998700725016136     
  0.998748451198057     
  0.998750601954076     
  0.998474784166351     
  0.998600758322897     
  0.997823595133493     
  0.998896809534759     
  0.998952047773261     
  0.998981300661588     
  0.998807859315473     
  0.999019322165397     
  0.999054052369374     
  0.999074961392916     
  0.999095846347982     
  0.999115648571122     
  0.999133882402439     
  0.999142626316682     
  0.998724722737958     
  0.998899025011975     
  0.999184666502580     
  0.999213385739848     
  0.998707296496178     
  0.999119704513127     
  0.999262184040157     
  0.999276561630888     
  0.999286724231164     
  0.999025506184480     
  0.997965313900828     
  0.999230889891267     
  0.999333058460563     
  0.999344228033452     
  0.999333009306376     
  0.999182071776552     
  0.999317729068798     
  0.999310599467095     
  0.999262625328548     
  0.999369415139026     
  0.999361227131391     
  0.999340559902199     
  0.999298597935130     
  0.999200109568933     
  0.998861301844123     
  0.991209323453641     
  0.948519868801215     
  0.985730168776131     
  0.996856029971777     
  0.961631191086151     
  0.929645157312219     
  0.990058191367707     
  0.998575206507623     
  0.999061248761875     
  0.999242904927399     
  0.999267564339940     
  0.999163969503032     
  0.995130087533471     
  0.899947702423538     
  0.939788165514064     
  0.979917685163378     
  0.998621077743733     
  0.999373895101947     
  0.999293651342918     
  0.999520470207734     
  0.999572528834847     
  0.999587607179715     
  0.999598792762240     
  0.999608552471336     
  0.999617010115857     
  0.999624135296691     
  0.999603046346655     
  0.999602524943268     
  0.999643737300321     
  0.999648662295607     
  0.999654662672009     
  0.999422280980315     
  0.999634636939461     
  0.999634040583532     
  0.999553934069025     
  0.999647427544201     
  0.999604524315040     
  0.999371472845154     
  0.999663800410833     
  0.999685313463787     
  0.999687080445325     
  0.999659270772882     
  0.999687016112549     
  0.999677119979726     
  0.999511336187031     
  0.997715703862790     
  0.998480602686152     
  0.999630517149761     
  0.999685817228207     
  0.999644985298178     
  0.998669520586139     
  0.997090410353207     
  0.999622512335317     
  0.999708405387787     
  0.999720364488145     
  0.999699112449734     
  0.999728957411680     
  0.999645717111278     
  0.999732306900200     
  0.999738303138268     
  0.999739646662759     
  0.999742318854740     
  0.999743666046194     
  0.999744974018982     
  0.999745070013413     
  0.999707547414637     
  0.999665238613239     
  0.998569300892505     
  0.983968550432440     
  0.998507228899414     
  0.999617668864274     
  0.999750327722820     
  0.999760083241527     
  0.999763990626778     
  0.999765151615599     
  0.999729697434896     
  0.999763632747749     
  0.999749711504659     
  0.999736187753334     
  0.999089974435363     
  0.999330029001449     
  0.999649240742647     
  0.999682967495931     
  0.999773557260187     
  0.999773528097493     
  0.999768750928452     
  0.999672577391131     
  0.999608146319765     
  0.998960728597095     
  0.976271463144793     
  0.985434338627002     
  0.968691362579376     
  0.962954443721725     
  0.999660996074337     
  0.999595619898716     
  0.999550073354493     
  0.998516679910654     
  0.993408966440530     
  0.999539636710381     
  0.999735928707091     
  0.999768190767433     
  0.999754392773658     
  0.999710342501566     
  0.999025954052463     
  0.951215388997788     
  0.932621195702323     
  0.997916483644725     
  0.999515510319801     
  0.999138387309841     
  0.999725287782227     
  0.999787294486747     
  0.999792022658850     
  0.999799444935054     
  0.999803461920954     
  0.999802466089729     
  0.999807257768166     
  0.999807786177235     
  0.999755064434205     
  0.999556304077427     
  0.998716705283705     
  0.999701642865396     
  0.999812431878105     
  0.999815114979186     
  0.999814920274973     
  0.999808018230843     
  0.999503614195383     
  0.999773138146749     
  0.999815655306425     
  0.999818327601345     
  0.999819552732075     
  0.999819469295311     
  0.999819025449180     
  0.999820217370638     
  0.999820468666694     
  0.999819938096850     
  0.999504252353862     
  0.999075217079427     
  0.999810745772524     
  0.999764834039614     
  0.999585162882068     
  0.999327388851813     
  0.999086664785912     
  0.999818254336259     
  0.999813569498152     
  0.999784050942560     
  0.995401812380880     
  0.995383559544105     
  0.999771163990830     
  0.999776558201906     
  0.999738128650138     
  0.998703019154380     
  0.998703917547709     
  0.999742304219922     
  0.999803951116727     
  0.999788193094852     
  0.999782141390817     
  0.999654501775712     
  0.992075330693824     
  0.982808735516554     
  0.998920624798144     
  0.999743404141377     
  0.998871416966954     
  0.974297109030370     
  0.994635336721136     
  0.999647158758452     
  0.999798686704307     
  0.999716975725062     
  0.997527386363802     
  0.998454818780437     
  0.999795505262279     
  0.999764232273369     
  0.999805174323782     
  0.999817329225578     
  0.999815939076677     
  0.999813086928970     
  0.999809933070160     
  0.999803566759355     
  0.999590094758429     
  0.999745317035906     
  0.999766919808329     
  0.999750142649582     
  0.999692216105466     
  0.999300027287237     
  0.982046041072790     
  0.924183008283713     
  0.952242462965877     
  0.997592922046237     
  0.995725747010737     
  0.962384879626185     
  0.976425936408210     
  0.998593786838473     
  0.999465137324083     
  0.998265069135107     
  0.997951401640176     
  0.999627798799367     
  0.999566134126419     
  0.998864506072742     
  0.906076707080360     
  0.905110586582722     
  0.999164063294454     
  0.999475195031147     
  0.999694763366579     
  0.999742565359701     
  0.999749208531468     
  0.999743299438416     
  0.999527048267670     
  0.999112986959602     
  0.998855382744891     
  0.998872952541926     
  0.999410882078607     
  0.994507055711364     
  0.869199209208229     
  0.898726144810774     
  0.997407597802454     
  0.995481362644828     
  0.926586226260800     
  0.909935261598688     
  0.992456651595444     
  0.997647857610143     
  0.975922070956225     
  0.975485016652995     
  0.996999089037091     
  0.983918085072705     
  0.933584274399206     
  0.966002712692624     
  0.997823918764234     
  0.999264967394030     
  0.999338378859959     
  0.999149096494531     
  0.994277187489153     
  0.963217365814529     
  0.911563350293129     
  0.963808136362939     
  0.997385483193687     
  0.998610624641681     
  0.991781585047212     
  0.986217115567408     
  0.997940463542458     
  0.999450480065443     
  0.990284159625149     
  0.990545801226509     
  0.988530773363206     
  0.962629469315796     
  0.994264261639281     
  0.999395322710399     
  0.999737614462721     
  0.999600651187429     
  0.999317238597896     
  0.999754073336577     
  0.999759726371742     
  0.999763137456592     
  0.999777264189295     
  0.999725987315244     
  0.999635646744472     
  0.999636125914133     
  0.999741226653975     
  0.999777571482969     
  0.999778221865495     
  0.999776771561696     
  0.999629699519717     
  0.999730132209804     
  0.999775057288521     
  0.999764223000869     
  0.999773237463739     
  0.999771648438776     
  0.999760759501942     
  0.999763675041259     
  0.999766708059009     
  0.999763246749467     
  0.999761178599931     
  0.999756316524212     
  0.999747734680437     
  0.999731967696492     
  0.999270158961309     
  0.990833008312587     
  0.995427737437357     
  0.999265940100110     
  0.978066980740467     
  0.953090636867387     
  0.998675375007585     
  0.999663268317899     
  0.999675732387593     
  0.999616484502008     
  0.996404605641955     
  0.960212478983744     
  0.976170765766532     
  0.999018139386528     
  0.999654790699262     
  0.999668866089977     
  0.999416943998992     
  0.999310644767415     
  0.999637028895072     
  0.999680279049920     
  0.994580105549671     
  0.998150070027242     
  0.996138454635847     
  0.997084580411397     
  0.999677630235761     
  0.999674534142834     
  0.999662870104684     
  0.999677240414599     
  0.999673473949794     
  0.999668717974244     
  0.999664257362388     
  0.999658220849764     
  0.999643167403318     
  0.999637505203749     
  0.999565628949287     
  0.999593596376464     
  0.999618902921552     
  0.999618100490182     
  0.998944398772477     
  0.999585806425308     
  0.999562946602073     
  0.999370849779804     
  0.999481819148405     
  0.999500879855959     
  0.998801262740534     
  0.991748913451860     
  0.973483560212002     
  0.998683044107134     
  0.999425958825893     
  0.999402552248831     
  0.997733272875635     
  0.994878911335094     
  0.998203850534448     
  0.996928080405820     
  0.947628908669311     
  0.977419449688677     
  0.768967654705911     
  0.984420861495547     
  0.999022369747636     
  0.999237098265992     
  0.999279703882775     
  0.999271982253925     
  0.999222820302698     
  0.999053459351347     
  0.996877188166259     
  0.931434869827358     
  0.931471101584706     
  0.996830888197122     
  0.997382839352422     
  0.989067786794501     
  0.997408510452202     
  0.999141961810893     
  0.999162352636562     
  0.999151587385418     
  0.999128133839219     
  0.999113062644172     
  0.999098989164743     
  0.999076000339751     
  0.999052857978028     
  0.999017021425986     
  0.998999884131747     
  0.998969299264850     
  0.998933816606788     
  0.998792231937727     
  0.998428677240111     
  0.998716279917350     
  0.998796841576396     
  0.998730021149737     
  0.998073535409615     
  0.998679611262944     
  0.998626974763401     
  0.998275812817166     
  0.998390509706623     
  0.998463516304312     
  0.998371598621377     
  0.997165430423546     
  0.986196333942193     
  0.993247958651274     
  0.955607976760541     
  0.967767454157449     
  0.997092788626732     
  0.990380419936089     
  0.977193009364608     
  0.994715724099531     
  0.989452591260817     
  0.990749224007322     
  0.993844365325880     
  0.996823438692916     
  0.997261285130156     
  0.997139317836659     
  0.997002830145401     
  0.996845418197418     
  0.996645373534090     
  0.996512282471708     
  0.996323739689083     
  0.996113076037584     
  0.995891875838774     
  0.995630085397094     
  0.991440274797043     
  0.985388766836525     
  0.994665391800715     
  0.994474859120865     
  0.994114704815569     
  0.993693466906737     
  0.993571934841757     
  0.993262086762234     
  0.992912965046166     
  0.992522957315064     
  0.992111297336093     
  0.991679185396461     
  0.991193111216086     
  0.990661475409932     
  0.990144595444016     
  0.989403219734466     
  0.988724862193781     
  0.987973861806688     
  0.987000799021413     
  0.981917564714379     
  0.976895536059146     
  0.981266456604090     
  0.983068895642440     
  0.982027221851331     
  0.980454881896472     
  0.979381549944618     
  0.978237485143579     
  0.976824845670881     
  0.975582311977632     
  0.974301331207582     
  0.973080348224699     
  0.972030257382496     
  0.971009473202450     
  0.969752368905790     
  0.968520177085868     
  0.968338229827697     
  0.969473859778888     
  0.970768250899064     
  0.971834525514303     
  0.972876251573194     
  0.974044817810660     
  0.974890760029781     
  0.975794981290543     
  0.977827933253511     
  0.979187090139948     
  0.980514691781940     
  0.981786427769068     
  0.982888863734781     
  0.984075179291514     
  0.985101677093512     
  0.985993766760834     
  0.986942750814129     
  0.987617178515734     
  0.988526694270765     
  0.988896688221903     
  0.988959793900752     
  0.990075961363643     
  0.991065959048050     
  0.991576290470121     
  0.990585771146858     
  0.978472708380348     
  0.987630686856692     
  0.990874998621574     
  0.993492849987945     
  0.993626305908635     
  0.994178716196468     
  0.994487015041577     
  0.994808887473128     
  0.995090276991024     
  0.995153040324536     
  0.995268791823566     
  0.987145016728867     
  0.967876787676608     
  0.991644420457205     
  0.996255766847024     
  0.996619460912298     
  0.996828311961454     
  0.996990678227270     
  0.997001685172047     
  0.993530043339955     
  0.994267451347667     
  0.997444136884210     
  0.997498744242490     
  0.997616810854008     
  0.997852405727380     
  0.997941351630982     
  0.998025157273208     
  0.998103819638253     
  0.998177931875369     
  0.998247174541962     
  0.998312750078269     
  0.998373415430452     
  0.998416331288741     
  0.998295300565195     
  0.998536890273537     
  0.998585704796344     
  0.998631576451037     
  0.998675974435095     
  0.998716149338390     
  0.997904283818714     
  0.998529672042700     
  0.998826367834745     
  0.998858851278659     
  0.998888060569208     
  0.998914455172891     
  0.998938172428025     
  0.998959576069714     
  0.998978076245913     
  0.998991441461167     
  0.999000649984042     
  0.998992068903242     
  0.998819899755415     
  0.998852678939792     
  0.998439532863696     
  0.998684395178736     
  0.998775846218858     
  0.998578806209966     
  0.998167505462054     
  0.997106826721684     
  0.982577244399420     
  0.757098930089362     
  0.476220055437248     
  0.946299919045634     
  0.995599635358701     
  0.997206901233303     
  0.983046547476108     
  0.993225186949693     
  0.992761724656647     
  0.998671723512910     
  0.999193620540757     
  0.999148049214329     
  0.997831278712857     
  0.994816468188729     
  0.997988028711090     
  0.999129996778025     
  0.999421361741401     
  0.999402429446467     
  0.999438025388417     
  0.999513067909606     
  0.999528167637112     
  0.999535968188591     
  0.999501217282677     
  0.998850089838142     
  0.998159178350189     
  0.999437240643277     
  0.999571239712252     
  0.999553957119857     
  0.999619213508582     
  0.999628205752311     
  0.999637198277836     
  0.999643395816777     
  0.999649524460864     
  0.999655097605873     
  0.999657578330845     
  0.999655792586137     
  0.999642159914682     
  0.999486029156383     
  0.993834772584486     
  0.997633162893123     
  0.999452671232374     
  0.993672431893474     
  0.983842144029415     
  0.998240973714051     
  0.999224095231714     
  0.999661206755098     
  0.999702800408591     
  0.999712513189192     
  0.999711587056076     
  0.999684924086586     
  0.998632411415221     
  0.989433084313325     
  0.997806835574598     
  0.999690664608482     
  0.999739908794221     
  0.999752549923064     
  0.999756840180930     
  0.999766821697098     
  0.999769952152066     
  0.999764186231630     
