  0.999439408862973     
  0.999439288307727     
  0.999431858314956     
  0.999435201191482     
  0.999423773345245     
  0.999377374070242     
  0.999334152633828     
  0.999322736441215     
  0.999398401359859     
  0.999394925432023     
  0.999362019477658     
  0.989376596113142     
  0.997714955669053     
  0.999299054978245     
  0.999246947741287     
  0.999169855849284     
  0.998945117907472     
  0.997625406663614     
  0.896129580348870     
  0.759995915259541     
  0.965395280558479     
  0.989199488121462     
  0.979072778113607     
  0.998223743751481     
  0.999165025261505     
  0.999137839112168     
  0.999269662077153     
  0.999283668843425     
  0.999289423802242     
  0.999290737781251     
  0.999286657738922     
  0.999125748328587     
  0.999027932221058     
  0.999268748535285     
  0.999267059561580     
  0.999259327099314     
  0.999250654593339     
  0.999242703157291     
  0.999232796978461     
  0.999203443731870     
  0.999212019284792     
  0.999203095432182     
  0.999145595183702     
  0.999135346727763     
  0.999168095853576     
  0.999149751929880     
  0.999141035723576     
  0.999124201218534     
  0.999100869104614     
  0.999040426233325     
  0.998720555999629     
  0.992608020386907     
  0.996235961707508     
  0.998934644710012     
  0.998936516052570     
  0.996161876664635     
  0.948199684111071     
  0.985530288676797     
  0.985613377966719     
  0.988305925761245     
  0.998725714682777     
  0.998604615254165     
  0.998838179631177     
  0.998865272236879     
  0.998847365958520     
  0.998827474562274     
  0.998806137134703     
  0.998783501348069     
  0.998759578599390     
  0.998735638592910     
  0.998710076114432     
  0.998601712359379     
  0.998657455712412     
  0.998615904500885     
  0.998601545395020     
  0.998568722810475     
  0.997972702097577     
  0.998472633272522     
  0.997743106599424     
  0.992502586936923     
  0.997513164080438     
  0.998275599202921     
  0.998304928303402     
  0.998265614346814     
  0.998107776671349     
  0.998178643217919     
  0.998128317785045     
  0.997997340368350     
  0.994602850905220     
  0.997204934292491     
  0.997769177391443     
  0.997433025107902     
  0.995396994675540     
  0.995797146565913     
  0.990506218171214     
  0.997596729872847     
  0.997560886828128     
  0.997496082798172     
  0.997419045700333     
  0.996736706691155     
  0.996985368127496     
  0.997175504432554     
  0.997080674986233     
  0.996980983118510     
  0.996877150881981     
  0.996759572671894     
  0.996616615000181     
  0.996501736824761     
  0.995773076283559     
  0.996255227641048     
  0.996103071503186     
  0.995961734674050     
  0.995793949960066     
  0.995616136381905     
  0.995424499607002     
  0.995211584501063     
  0.994977770215263     
  0.994711500459354     
  0.994390741376005     
  0.993979672893532     
  0.993319131562444     
  0.990777205778785     
  0.868014348584048     
  0.745078130013046     
  0.976034924652746     
  0.991186335086806     
  0.991358977130613     
  0.990349837183767     
  0.951492471580302     
  0.817403565269410     
  0.964759225490181     
  0.964695974180233     
  0.899381306259176     
  0.980505476522688     
  0.986383267220959     
  0.985280255450106     
  0.984149560132261     
  0.982432611835783     
  0.933886305248777     
  0.888985744040275     
  0.971137841727949     
  0.829580477493820     
  0.826343595175532     
  0.827789362659369     
  0.965337996214952     
  0.965612044378569     
  0.962591136735652     
  0.957160761176320     
  0.943663179830399     
  0.948748878292775     
  0.932549213533062     
  0.934751342346515     
  0.924339078172996     
  0.906337456177434     
  0.810919013088792     
  0.838476287585574     
  0.878983242004245     
  0.862097459007680     
  0.842633997919067     
  0.831877112828938     
  0.839137129196832     
  0.854695761067278     
  0.867910371358900     
  0.875652080676098     
  0.875026323385528     
  0.863901246143509     
  0.838928472343772     
  0.793384708000542     
  0.722465318791110     
  0.596939412866377     
  0.498447120689484     
  0.487333569078778     
  0.536830079380116     
  0.619463107670340     
  0.707578370052868     
  0.773974972989173     
  0.814639198656840     
  0.840568465544732     
  0.860962674461728     
  0.878541110417183     
  0.894523410830112     
  0.910611096027474     
  0.926013429015372     
  0.937104060876077     
  0.944472478185995     
  0.951192009359727     
  0.957596708730676     
  0.961990100403784     
  0.965078056844807     
  0.967961120259239     
  0.970575947765088     
  0.973035164300428     
  0.975203669703833     
  0.977216882786371     
  0.979083826760215     
  0.980920026101078     
  0.982584178044072     
  0.984234817106066     
  0.985705145814430     
  0.987011474408727     
  0.988095815319817     
  0.987590105568087     
  0.988862176733987     
  0.990170874197307     
  0.991291838480678     
  0.991805318947153     
  0.992337892030078     
  0.992861657680961     
  0.993257579003518     
  0.993591619931647     
  0.993462633169539     
  0.994108383704268     
  0.994543799229686     
  0.994805755482447     
  0.994984495925917     
  0.995333305132192     
  0.995560997848922     
  0.995757231280578     
  0.995856181506714     
  0.990435129531560     
  0.985595190794896     
  0.995544573502944     
  0.995474699958506     
  0.996685657262499     
  0.996863170039821     
  0.996908129291676     
  0.985369422984453     
  0.996829916514467     
  0.997301911549162     
  0.997213709739543     
  0.995394824053455     
  0.997267030737408     
  0.997517894427092     
  0.997368001863599     
  0.997184629892538     
  0.997041951816794     
  0.994984593183259     
  0.910274012654367     
  0.869669468739890     
  0.952980520922239     
  0.996360406131184     
  0.997330846560099     
  0.997693355409818     
  0.997771527179836     
  0.997676298294280     
  0.997096077259885     
  0.992468992717723     
  0.757550141794547     
  0.743718595369812     
  0.722086790428504     
  0.905919625560098     
  0.996766314835421     
  0.997872879234618     
  0.996478988268482     
  0.998157214570444     
  0.998545884364241     
  0.998639825615813     
  0.998699824121887     
  0.998747625350290     
  0.998749917686422     
  0.998473891481884     
  0.998599670104910     
  0.997820596464081     
  0.998896038560500     
  0.998951351337600     
  0.998980633735972     
  0.998804975812493     
  0.999018613536816     
  0.999053449643273     
  0.999074368027012     
  0.999095263438372     
  0.999115077653632     
  0.999133367010763     
  0.999142324980277     
  0.998724280411652     
  0.998898118432298     
  0.999184244724012     
  0.999213206224660     
  0.998707324095482     
  0.999119841534548     
  0.999261885020803     
  0.999276127815652     
  0.999286385006723     
  0.999024843636572     
  0.997961913760534     
  0.999230517132062     
  0.999332675657244     
  0.999343806066832     
  0.999332544104959     
  0.999181264554410     
  0.999317216334856     
  0.999309597429063     
  0.999261039798516     
  0.999368961651565     
  0.999360728942696     
  0.999340020581072     
  0.999297950217972     
  0.999199142859861     
  0.998857793983628     
  0.991183233618541     
  0.948403860760177     
  0.985691537364141     
  0.996841058929724     
  0.961532778004292     
  0.929485343346031     
  0.990024271038969     
  0.998570234364930     
  0.999059967702601     
  0.999242058822339     
  0.999266907691926     
  0.999165770112745     
  0.995142594166758     
  0.899796726261612     
  0.939713710552443     
  0.979890983519381     
  0.998623077481707     
  0.999374047131315     
  0.999292273321397     
  0.999520067398936     
  0.999572270474294     
  0.999587361785654     
  0.999598571655474     
  0.999608338814977     
  0.999616811494547     
  0.999623966661527     
  0.999602816261888     
  0.999602250429115     
  0.999643572859987     
  0.999648517076296     
  0.999654686359864     
  0.999422419696413     
  0.999634871735468     
  0.999633702321775     
  0.999553623925290     
  0.999647836688519     
  0.999604562808627     
  0.999368606207544     
  0.999663672477371     
  0.999685205054512     
  0.999686974049991     
  0.999659058373563     
  0.999686960965440     
  0.999677486862097     
  0.999513975145725     
  0.997720814348145     
  0.998485284732275     
  0.999632168451349     
  0.999686031455463     
  0.999645741700236     
  0.998671111160071     
  0.997089518946487     
  0.999623946986122     
  0.999708511133948     
  0.999720294605605     
  0.999698967076176     
  0.999728854324152     
  0.999645342694180     
  0.999732230092960     
  0.999738242174119     
  0.999739587600713     
  0.999742258967299     
  0.999743610171303     
  0.999744919295900     
  0.999745011918375     
  0.999707159982589     
  0.999664596753383     
  0.998565116536673     
  0.983941886505213     
  0.998502952982136     
  0.999616768069040     
  0.999750261179216     
  0.999760050133435     
  0.999763951246710     
  0.999765117806364     
  0.999729486800240     
  0.999762897018380     
  0.999749879783441     
  0.999736458414773     
  0.999088767026636     
  0.999329373230465     
  0.999648140182752     
  0.999681815938059     
  0.999773537141772     
  0.999773497787968     
  0.999768756317763     
  0.999672408239611     
  0.999607489186509     
  0.998956256370988     
  0.976230550750109     
  0.985406659478148     
  0.968637469798844     
  0.962840904741470     
  0.999663908855713     
  0.999595845085141     
  0.999550880342001     
  0.998520832167850     
  0.993412798430602     
  0.999543245569412     
  0.999736428356612     
  0.999768202632999     
  0.999754374855156     
  0.999711155500972     
  0.999033856630222     
  0.951143585194969     
  0.932513039190463     
  0.997925583789960     
  0.999516978946401     
  0.999138352420652     
  0.999725582734260     
  0.999787387683409     
  0.999792071681659     
  0.999799487570799     
  0.999803496095756     
  0.999802502930458     
  0.999807314107689     
  0.999808124556558     
  0.999756262322477     
  0.999557334483802     
  0.998715462540199     
  0.999701439448350     
  0.999812361381257     
  0.999815157893077     
  0.999815006075785     
  0.999808253917408     
  0.999503780833485     
  0.999773312962091     
  0.999815768437532     
  0.999818397423612     
  0.999819614072874     
  0.999819538913128     
  0.999818698581698     
  0.999820215232940     
  0.999820541292299     
  0.999819950955272     
  0.999503695076806     
  0.999074027842421     
  0.999810775543071     
  0.999765128873923     
  0.999585262854301     
  0.999325998663603     
  0.999084220319977     
  0.999818420264352     
  0.999814171306157     
  0.999790521719157     
  0.995420067834517     
  0.995401745664292     
  0.999777584494251     
  0.999777289942289     
  0.999739760499996     
  0.998706620190489     
  0.998707474325395     
  0.999743894624186     
  0.999804261035494     
  0.999788245800496     
  0.999782186411162     
  0.999654493490308     
  0.992053201030590     
  0.982756738622240     
  0.998918982891259     
  0.999743246706012     
  0.998869032953452     
  0.974263945669256     
  0.994627422933421     
  0.999646382275172     
  0.999798837292627     
  0.999717150868775     
  0.997521651998622     
  0.998452200384561     
  0.999795851071360     
  0.999764015978791     
  0.999805245810238     
  0.999817500815531     
  0.999816124757501     
  0.999813281228031     
  0.999810139056232     
  0.999803812376925     
  0.999589755181496     
  0.999745512794011     
  0.999767231824243     
  0.999750630772795     
  0.999696036759550     
  0.999341237061111     
  0.982196612202841     
  0.924381360261373     
  0.952428855309426     
  0.997684124975402     
  0.995761453648167     
  0.962406305067794     
  0.976453038079823     
  0.998610825929381     
  0.999467595495110     
  0.998263667503167     
  0.997949449904936     
  0.999628109755538     
  0.999569004856880     
  0.998889795326083     
  0.905944382246398     
  0.904976072719145     
  0.999189995173793     
  0.999478140116937     
  0.999695208466403     
  0.999742834273276     
  0.999749455875854     
  0.999743595701025     
  0.999527115089832     
  0.999112992475081     
  0.998857779701825     
  0.998875628817975     
  0.999416038072712     
  0.994531563978681     
  0.869028069033522     
  0.898606122821521     
  0.997448390224649     
  0.995620277405982     
  0.926815414595090     
  0.910155854980760     
  0.992615730897566     
  0.997687834393350     
  0.975938416839384     
  0.975500621232032     
  0.997023220076573     
  0.983963403034132     
  0.933619975330298     
  0.966047534294309     
  0.997846208179810     
  0.999268320384079     
  0.999339640452327     
  0.999154710408648     
  0.994307809854716     
  0.963280339233786     
  0.911618089505736     
  0.963874229033037     
  0.997413711806889     
  0.998618774837767     
  0.991789356259953     
  0.986221617787887     
  0.997948436574955     
  0.999451041359664     
  0.990269428844728     
  0.990550694971518     
  0.988602444290695     
  0.962714065752986     
  0.994327448679776     
  0.999408747003594     
  0.999739168064403     
  0.999600930127196     
  0.999316676073445     
  0.999754602493808     
  0.999760022567450     
  0.999763458646889     
  0.999777802759412     
  0.999726559773467     
  0.999636608783217     
  0.999637094414980     
  0.999741858147360     
  0.999778142526051     
  0.999778774495335     
  0.999777348422089     
  0.999629906949368     
  0.999730634478040     
  0.999775659208933     
  0.999764797478899     
  0.999773847312202     
  0.999772266980787     
  0.999761352497595     
  0.999764298250920     
  0.999767353412031     
  0.999763909074211     
  0.999761844072194     
  0.999757001172565     
  0.999748462435003     
  0.999732835671172     
  0.999269630084800     
  0.990818677102456     
  0.995420176706897     
  0.999265264077180     
  0.978041452394566     
  0.953032842817260     
  0.998674826481847     
  0.999664138783245     
  0.999677288817078     
  0.999628878474767     
  0.996470093023379     
  0.960315078534609     
  0.976268774186793     
  0.999059009602323     
  0.999660706660642     
  0.999670897760434     
  0.999420122428397     
  0.999314042886264     
  0.999639269299491     
  0.999681441009896     
  0.994530951510396     
  0.998136683238020     
  0.996105039541871     
  0.997060587624216     
  0.999678661159896     
  0.999675592865284     
  0.999663920156079     
  0.999678389174505     
  0.999674653450074     
  0.999669926541166     
  0.999665491908930     
  0.999659503236423     
  0.999644549997247     
  0.999638924627720     
  0.999566916934030     
  0.999594938543596     
  0.999620324446144     
  0.999619594203071     
  0.998943348327419     
  0.999587394907729     
  0.999564788791147     
  0.999372874333554     
  0.999483871837528     
  0.999503524570887     
  0.998807804519965     
  0.991763065210423     
  0.973447761179844     
  0.998692808888269     
  0.999429303207436     
  0.999406517625162     
  0.997741683908670     
  0.994888358552598     
  0.998211108636549     
  0.996937272075774     
  0.947537580563479     
  0.977473400734855     
  0.768630156411603     
  0.984477014914520     
  0.999039429464292     
  0.999240040381176     
  0.999282000289596     
  0.999274311357056     
  0.999225207754031     
  0.999057613365931     
  0.996891039129122     
  0.931292199932775     
  0.931329870884655     
  0.996848273802387     
  0.997403087477693     
  0.989091337645117     
  0.997428242831393     
  0.999149062688974     
  0.999166072449547     
  0.999155091808523     
  0.999131827946067     
  0.999116882510378     
  0.999102945601585     
  0.999080091297559     
  0.999057079284735     
  0.999021360443623     
  0.999004387535973     
  0.998973848705194     
  0.998938960370876     
  0.998798978536140     
  0.998436483066307     
  0.998723373531576     
  0.998802769555198     
  0.998735769222639     
  0.998077508911295     
  0.998685777145126     
  0.998633266212009     
  0.998281933136265     
  0.998397099341776     
  0.998470606683469     
  0.998379627983030     
  0.997175252483677     
  0.986194503659406     
  0.993314987859188     
  0.955683168760072     
  0.967817105076957     
  0.997128348445538     
  0.990412347990341     
  0.977221665573149     
  0.994742969580397     
  0.989454770124701     
  0.990749058554124     
  0.993849375281441     
  0.996834525830967     
  0.997274274755369     
  0.997153103832911     
  0.997017326166912     
  0.996860650988176     
  0.996661226943545     
  0.996529225818268     
  0.996341615682191     
  0.996131127543208     
  0.995911747499711     
  0.995650204770244     
  0.991453300179104     
  0.985393695518919     
  0.994688560140107     
  0.994501367704228     
  0.994142691818728     
  0.993722185329212     
  0.993602997731575     
  0.993294791423796     
  0.992947457026519     
  0.992559427215424     
  0.992149729497420     
  0.991719606801076     
  0.991235891034888     
  0.990707151279870     
  0.990193155626626     
  0.989454411342789     
  0.988779028999703     
  0.988031703504523     
  0.987063506257050     
  0.981977862029513     
  0.976959553897881     
  0.981346247399306     
  0.983151937441393     
  0.982113568849378     
  0.980545594097369     
  0.979479778935477     
  0.978341819898784     
  0.976936064324840     
  0.975700065637632     
  0.974425961292057     
  0.973211852660809     
  0.972168221989606     
  0.971153694264028     
  0.969902318238889     
  0.968674213075293     
  0.968492674746619     
  0.969624964241414     
  0.970913858576962     
  0.971973811792325     
  0.973009090173984     
  0.974171000838713     
  0.975010061244102     
  0.975907206586225     
  0.977934241734302     
  0.979286943340010     
  0.980608169032080     
  0.981873837292506     
  0.982970969564509     
  0.984151714943465     
  0.985173310343593     
  0.986061073910107     
  0.987005432529244     
  0.987675389529184     
  0.988581102863855     
  0.988947115644096     
  0.989006020635641     
  0.990120050430906     
  0.991108740074447     
  0.991619262018487     
  0.990638099387758     
  0.978523855751035     
  0.987682505270641     
  0.990903669948366     
  0.993524230120979     
  0.993655333223631     
  0.994206924907389     
  0.994513728173447     
  0.994834049841265     
  0.995114065299047     
  0.995175760044268     
  0.995298229459919     
  0.987191097030054     
  0.967918593269598     
  0.991686261280285     
  0.996278364118206     
  0.996636031118638     
  0.996843614000152     
  0.997005816466007     
  0.997020609143096     
  0.993553755708551     
  0.994290420512813     
  0.997460497736619     
  0.997510010917466     
  0.997627043509449     
  0.997862696449275     
  0.997951220808514     
  0.998034606287228     
  0.998112877836972     
  0.998186547785657     
  0.998255507503977     
  0.998320745240321     
  0.998381108284535     
  0.998423698876810     
  0.998301710594150     
  0.998543733517934     
  0.998592289012680     
  0.998637676010827     
  0.998681958130962     
  0.998722090604870     
  0.997907518132216     
  0.998534347974987     
  0.998831650370326     
  0.998863891233751     
  0.998892907290066     
  0.998919127200124     
  0.998942662135813     
  0.998963885459239     
  0.998982208240701     
  0.998995396211470     
  0.999004444992633     
  0.998995851704602     
  0.998823635201347     
  0.998856078555017     
  0.998441670272591     
  0.998686486409691     
  0.998777765282571     
  0.998580016369860     
  0.998167661238461     
  0.997114679999614     
  0.982642133628449     
  0.757035600824788     
  0.475700742204882     
  0.946520710496984     
  0.995659034804747     
  0.997205018036521     
  0.983021487040108     
  0.993217190616053     
  0.992753034188004     
  0.998671801988048     
  0.999195105636273     
  0.999151098065900     
  0.997836742251439     
  0.994818283116797     
  0.997992943427387     
  0.999134995297016     
  0.999424362707467     
  0.999404438734110     
  0.999439846596214     
  0.999514797292108     
  0.999529852623620     
  0.999537891850475     
  0.999505174109020     
  0.998858525737302     
  0.998167294177917     
  0.999442535884872     
  0.999573319618558     
  0.999555330574994     
  0.999620632928848     
  0.999629581849415     
  0.999638535962929     
  0.999644707295730     
  0.999650801527322     
  0.999656335121113     
  0.999658786391024     
  0.999656954927711     
  0.999643246056351     
  0.999486752424491     
  0.993825505740827     
  0.997630509301302     
  0.999450731468525     
  0.993652081650489     
  0.983798759498626     
  0.998237802878699     
  0.999227283954075     
  0.999663658337474     
  0.999703964229838     
  0.999713426259805     
  0.999712404788985     
  0.999684988883379     
  0.998627211987594     
  0.989404262204801     
  0.997799229103376     
  0.999690358629904     
  0.999740610602957     
  0.999753351105071     
  0.999757634492043     
  0.999767602378664     
  0.999770695897631     
  0.999764709671465     
