  0.999437790819882     
  0.999436473267532     
  0.999427692502609     
  0.999431460334090     
  0.999322567832543     
  0.999385694950807     
  0.999270948557465     
  0.999395817996149     
  0.999398128898535     
  0.999379519528175     
  0.997870960046974     
  0.989120559381994     
  0.999306540048193     
  0.999239753029746     
  0.999209265689044     
  0.999047077685164     
  0.998513245879214     
  0.966349064123336     
  0.759327278268211     
  0.898828510947356     
  0.986571767900171     
  0.991321928299549     
  0.992268217250864     
  0.999135215433650     
  0.999056591289263     
  0.999259523687714     
  0.999278214692016     
  0.999285424264545     
  0.999288582767493     
  0.999287157224918     
  0.999234372053259     
  0.998921191171472     
  0.999246504091334     
  0.999266264775586     
  0.999259331753807     
  0.999251489658100     
  0.999242771281431     
  0.999234616319092     
  0.999218150818497     
  0.999200668772196     
  0.999204611442399     
  0.999178773908468     
  0.999098384168617     
  0.999169061974500     
  0.999145484227225     
  0.999144436730582     
  0.999127477895917     
  0.999107322440461     
  0.999058193048176     
  0.998966075644845     
  0.995493956971949     
  0.993118384291844     
  0.998796565335457     
  0.998951108404960     
  0.998432023288410     
  0.968431431313672     
  0.967514460282431     
  0.986995447617997     
  0.983815496530912     
  0.997836281704224     
  0.998591561653172     
  0.998854766496639     
  0.998864694503346     
  0.998850426717338     
  0.998830408638056     
  0.998809084424668     
  0.998787753870689     
  0.998763735784740     
  0.998739706705310     
  0.998715748203256     
  0.998630530003821     
  0.998660211542553     
  0.998625206589224     
  0.998606576933876     
  0.998576814200818     
  0.998392043768663     
  0.998338944417829     
  0.998304665926816     
  0.993892551095809     
  0.995850886899542     
  0.998260630383447     
  0.998302393862924     
  0.998275815152557     
  0.998146371162094     
  0.998182410601834     
  0.998140020089722     
  0.998074821739812     
  0.995861632675947     
  0.997077088823648     
  0.997479064738396     
  0.997723756581155     
  0.995958787247843     
  0.995379186682672     
  0.990447274419514     
  0.997409317400785     
  0.997572637217154     
  0.997512169948144     
  0.997440006116109     
  0.997120129730788     
  0.996862868583317     
  0.997182905274271     
  0.997104538518954     
  0.997005694532741     
  0.996902253225085     
  0.996793121095656     
  0.996649538600309     
  0.996525261474574     
  0.996119179636561     
  0.996173403105639     
  0.996149387250376     
  0.996001101220921     
  0.995837525098450     
  0.995663179049991     
  0.995475576816845     
  0.995278571814245     
  0.995013353533600     
  0.994789981236567     
  0.994486851474282     
  0.994112832453438     
  0.993569502810085     
  0.992312613017730     
  0.951330670523241     
  0.717940563291065     
  0.929921943615496     
  0.990552368747577     
  0.991375735949710     
  0.990914105644143     
  0.981577226335717     
  0.832986976366503     
  0.911718889122946     
  0.982587451899194     
  0.900948965208479     
  0.961018066929919     
  0.986525948761017     
  0.985622252581273     
  0.984502099579250     
  0.983096320809849     
  0.967127652899698     
  0.871611992640240     
  0.962578577555055     
  0.870258154433572     
  0.892834227473778     
  0.763824991435732     
  0.953442926621129     
  0.966242760415714     
  0.963569884850267     
  0.960190446300088     
  0.936646557640210     
  0.950674718076811     
  0.938963809504857     
  0.933001641345455     
  0.929441132684150     
  0.910341619588761     
  0.862117965681178     
  0.794741558299797     
  0.880647537214794     
  0.868272581547091     
  0.848752767556788     
  0.833554583016156     
  0.834357994672683     
  0.848885902322416     
  0.863572348398566     
  0.874294943482840     
  0.875801463574355     
  0.868551296100605     
  0.848748964154422     
  0.810586431349737     
  0.750808791243818     
  0.645478021281862     
  0.521313781595506     
  0.483471494116898     
  0.515819440930060     
  0.590772917872060     
  0.679701872988298     
  0.755475075427520     
  0.804283739988409     
  0.831998499534378     
  0.854025964920163     
  0.872993004288826     
  0.888798265064601     
  0.905018311461110     
  0.920844618189370     
  0.934279753082672     
  0.941967687449264     
  0.948845935263392     
  0.955431837906921     
  0.960824597961148     
  0.963992654570071     
  0.966948625455498     
  0.969669794597844     
  0.972209203725251     
  0.974439522119384     
  0.976506162833625     
  0.978424699047669     
  0.980261397956018     
  0.982040961396426     
  0.983619807763768     
  0.985205399347676     
  0.986567154618446     
  0.987704442578365     
  0.988134557151729     
  0.987547133219934     
  0.990196269537020     
  0.990838977777894     
  0.991686741757568     
  0.992092247343803     
  0.992700728936206     
  0.993116795829315     
  0.993482059452976     
  0.993531035158733     
  0.993807748597326     
  0.994419936098518     
  0.994728057088767     
  0.994764806479124     
  0.995241794646555     
  0.995476603438193     
  0.995690469389425     
  0.995838506428674     
  0.994160825765320     
  0.982736836447788     
  0.994209041863398     
  0.995339359599924     
  0.996454532086224     
  0.996819552036557     
  0.996951271400377     
  0.991442834317077     
  0.994085562319061     
  0.997271755851254     
  0.997315999809603     
  0.995887427952485     
  0.996748666080955     
  0.997494256473789     
  0.997495260881027     
  0.997231693669063     
  0.997029277838337     
  0.996369842135265     
  0.958661826330319     
  0.872699568862398     
  0.904847933311344     
  0.994669811675237     
  0.997231348979786     
  0.997509499624080     
  0.997749703240518     
  0.997732158711255     
  0.997402582064077     
  0.995264068555099     
  0.884931975035429     
  0.689997562070707     
  0.780026387639098     
  0.789152151390710     
  0.994770619754481     
  0.997684758556134     
  0.997309091350800     
  0.997601588681907     
  0.998478596216528     
  0.998611145061615     
  0.998677989757380     
  0.998729091317941     
  0.998763402922379     
  0.998528084269680     
  0.998677222782121     
  0.997661930932579     
  0.998780388448406     
  0.998937492574262     
  0.998968730000565     
  0.998918400347997     
  0.998948471198921     
  0.999043151933358     
  0.999065550711384     
  0.999085229641001     
  0.999105895620739     
  0.999124802981540     
  0.999141715781545     
  0.998896521984290     
  0.998825530840761     
  0.999138569077467     
  0.999198955048896     
  0.999091388821331     
  0.998717691867848     
  0.999253060060493     
  0.999269349594115     
  0.999282930016573     
  0.999231650677798     
  0.998035788782838     
  0.998961673268610     
  0.999325002500811     
  0.999338030425935     
  0.999341980004418     
  0.999278745816045     
  0.999218259670102     
  0.999357172065711     
  0.999149748541443     
  0.999366602096800     
  0.999361915120021     
  0.999346668320143     
  0.999313479639576     
  0.999240976610266     
  0.999025795258349     
  0.996935701322520     
  0.958352853805964     
  0.968282047617328     
  0.997165187579789     
  0.983406151209759     
  0.926819832958058     
  0.971846930700849     
  0.998072004349734     
  0.998936053312853     
  0.999207547191607     
  0.999266683486706     
  0.999221779331245     
  0.998463682375252     
  0.942594979807395     
  0.899888615642028     
  0.975180819421131     
  0.995797517476967     
  0.999370971361086     
  0.999413503966145     
  0.999402215616709     
  0.999564729761668     
  0.999581885972132     
  0.999594411607566     
  0.999604241225574     
  0.999612664793112     
  0.999620512753697     
  0.999619822363048     
  0.999566634618413     
  0.999639677933586     
  0.999645299693135     
  0.999650951463141     
  0.999618132604423     
  0.999466943651882     
  0.999659565254241     
  0.999499207291229     
  0.999654204861978     
  0.999632278414642     
  0.999262828917281     
  0.999658414800802     
  0.999680144338906     
  0.999686037628997     
  0.999668898050409     
  0.999685196704277     
  0.999682251383939     
  0.999629797366302     
  0.998503919632589     
  0.997704347477888     
  0.999506770691856     
  0.999680376443529     
  0.999659313706929     
  0.999444673137399     
  0.996149343175689     
  0.999428212363662     
  0.999698188757541     
  0.999716194553526     
  0.999700372997578     
  0.999726737063797     
  0.999706096959862     
  0.999707399896530     
  0.999735418453643     
  0.999738158537469     
  0.999740860501290     
  0.999742198276789     
  0.999743516524980     
  0.999744860189693     
  0.999718938836441     
  0.999698239913251     
  0.999548475817606     
  0.987891305228938     
  0.994649959196695     
  0.999667165532342     
  0.999711151034787     
  0.999757876104807     
  0.999761719658771     
  0.999764241062856     
  0.999734811644989     
  0.999765467375571     
  0.999758772656952     
  0.999744647118541     
  0.999447880719786     
  0.998961800542218     
  0.999645078262813     
  0.999630363128682     
  0.999770366248403     
  0.999772625715645     
  0.999769868739452     
  0.999734065971652     
  0.999534129998787     
  0.999618043047158     
  0.986366303638552     
  0.984130652883206     
  0.967511070691138     
  0.945936549335921     
  0.998546151052066     
  0.999693094656825     
  0.999489345260606     
  0.999158499139778     
  0.993201850848787     
  0.999001667895011     
  0.999671275302898     
  0.999768044629179     
  0.999759880024019     
  0.999731357132350     
  0.999580002229551     
  0.981862694510317     
  0.911302014302657     
  0.990267984901689     
  0.999575070813670     
  0.999142325225815     
  0.999599509636649     
  0.999781280754097     
  0.999792545224623     
  0.999793556349371     
  0.999801579951224     
  0.999803481634164     
  0.999805831174959     
  0.999807402691256     
  0.999800132371791     
  0.999519035990417     
  0.998975438651191     
  0.999423155985637     
  0.999808501641798     
  0.999812979728969     
  0.999813768416853     
  0.999813530668045     
  0.999623187968761     
  0.999715278577010     
  0.999809109614342     
  0.999817159461400     
  0.999818408947035     
  0.999818292185810     
  0.999819520482191     
  0.999819373719659     
  0.999820585172321     
  0.999819130105371     
  0.999744850558588     
  0.998808254800725     
  0.999747357122513     
  0.999813652312319     
  0.999523258872343     
  0.999587789740146     
  0.997978959096456     
  0.999814936553038     
  0.999816211254846     
  0.999803581450372     
  0.999384418709654     
  0.984590804882111     
  0.999747832917331     
  0.999797139972843     
  0.999764262307406     
  0.999255596721520     
  0.998240274008687     
  0.999599892863275     
  0.999799581007750     
  0.999800389581628     
  0.999782150543728     
  0.999746310788237     
  0.997232822676878     
  0.979848257226938     
  0.996384383558715     
  0.999719230247060     
  0.999636302136231     
  0.985102140508897     
  0.984590741643833     
  0.999438176492952     
  0.999790453992588     
  0.999790560572416     
  0.998622798317799     
  0.997333211205497     
  0.999699670577465     
  0.999799614120848     
  0.999770171508413     
  0.999816559993008     
  0.999815121835817     
  0.999813681905040     
  0.999810923949331     
  0.999806196204326     
  0.999663565756153     
  0.999694542376187     
  0.999744576327254     
  0.999758776220515     
  0.999718639517469     
  0.999592447652177     
  0.993806354075309     
  0.941173811226022     
  0.929359876336006     
  0.992161260849065     
  0.998409939209089     
  0.973712897643724     
  0.964107036099071     
  0.996229472723110     
  0.999415473376030     
  0.999063165868123     
  0.997356373655578     
  0.999468252192174     
  0.999638907123291     
  0.999176383284849     
  0.974419971990347     
  0.837448396031583     
  0.996319056543041     
  0.999551902175110     
  0.999581648020126     
  0.999736028747388     
  0.999746759492748     
  0.999746481094612     
  0.999678144722749     
  0.999077580597548     
  0.999099295140942     
  0.998580627218748     
  0.999396658449693     
  0.998651787142806     
  0.925652337681761     
  0.851846006575642     
  0.988753072692966     
  0.998471768649729     
  0.960305749871823     
  0.892664760759287     
  0.975461830294834     
  0.998619745682705     
  0.986373779346246     
  0.968055542392810     
  0.993454508419551     
  0.993959029404009     
  0.945954991423262     
  0.945892212725291     
  0.994220873488218     
  0.999146944381659     
  0.999338860524542     
  0.999252771729489     
  0.997795827045193     
  0.979083515189575     
  0.918689947025388     
  0.938213590552360     
  0.994115491381317     
  0.998579675488309     
  0.995759783111178     
  0.985593742912406     
  0.994725407743279     
  0.999445002818829     
  0.996352012990804     
  0.983727449618366     
  0.995752175633668     
  0.964664948349981     
  0.984760992692459     
  0.999120479778048     
  0.999732721498697     
  0.999706804376299     
  0.999257763084967     
  0.999681371170701     
  0.999773887203537     
  0.999733995553132     
  0.999776533662486     
  0.999749222919726     
  0.999700988716603     
  0.999574351852036     
  0.999711233700722     
  0.999774565322980     
  0.999776652888019     
  0.999775926824475     
  0.999753613311717     
  0.999553718900487     
  0.999773929630414     
  0.999768867734722     
  0.999771426611343     
  0.999771698563414     
  0.999768572164562     
  0.999748817577947     
  0.999765636124584     
  0.999763550295063     
  0.999760015486120     
  0.999756427970686     
  0.999751568241083     
  0.999737941702640     
  0.999452647877744     
  0.996033132968678     
  0.990397393865864     
  0.999279466495318     
  0.993755411649786     
  0.940161876371313     
  0.993676637800545     
  0.999632574157014     
  0.999677822824863     
  0.999654204572414     
  0.998938039938417     
  0.974888365213677     
  0.961264625387874     
  0.996852713592177     
  0.999634022231029     
  0.999675761892099     
  0.999547604706232     
  0.999274165935175     
  0.999551390300783     
  0.999684381367931     
  0.998508062822948     
  0.994074219351708     
  0.999058795125031     
  0.992613880685074     
  0.999653603187963     
  0.999662518039167     
  0.999670693340960     
  0.999676238699479     
  0.999673614859726     
  0.999668347637263     
  0.999663495279790     
  0.999659036567618     
  0.999648887019002     
  0.999634312107354     
  0.999610080646546     
  0.999547008451849     
  0.999621888769585     
  0.999616061369950     
  0.999408297235153     
  0.999439396763073     
  0.999582277160559     
  0.999436684477517     
  0.999412498554635     
  0.999518518858314     
  0.999269623235948     
  0.995857830569578     
  0.976153230852470     
  0.995397566370551     
  0.999392029190453     
  0.999430686016813     
  0.998841274729781     
  0.994824509531445     
  0.997343082829124     
  0.998597094653686     
  0.963642284560652     
  0.983663601435821     
  0.809201285999750     
  0.917776774239067     
  0.998819060198123     
  0.999199503848671     
  0.999270325441276     
  0.999275733215636     
  0.999242387072366     
  0.999142354751711     
  0.998387216727737     
  0.967327720806474     
  0.904011336031797     
  0.989528958533960     
  0.998455789976735     
  0.991351730445558     
  0.994082905481717     
  0.999075105009101     
  0.999159453304194     
  0.999151700290528     
  0.999136744543590     
  0.999095104869829     
  0.999100172135403     
  0.999079453257435     
  0.999056122150522     
  0.999023556871314     
  0.999003234420801     
  0.998975364737005     
  0.998942763713203     
  0.998870178261744     
  0.998511239048014     
  0.998574552619687     
  0.998795189971721     
  0.998768747827630     
  0.997938470359540     
  0.998673483803278     
  0.998641265654290     
  0.998455513544689     
  0.998229890598708     
  0.998472101644580     
  0.998402509924387     
  0.998106763786278     
  0.988459315532836     
  0.994445935798535     
  0.970263617890651     
  0.951566733771125     
  0.994824748992400     
  0.995074139493057     
  0.977234322506785     
  0.990198986213537     
  0.993604843535749     
  0.985900874080278     
  0.994383049183987     
  0.995564088247826     
  0.997276918957157     
  0.997170870460388     
  0.997037950105935     
  0.996890333100061     
  0.996688142163235     
  0.996555590768567     
  0.996376063767972     
  0.996174491896952     
  0.995952588672064     
  0.995712645023970     
  0.994547537826371     
  0.982123920666957     
  0.993949440271910     
  0.994567530644804     
  0.994227478225215     
  0.993787178166543     
  0.993616938174740     
  0.993355586133840     
  0.993016873824105     
  0.992643671256161     
  0.992232262499048     
  0.991813591497581     
  0.991345845049302     
  0.990824544303647     
  0.990329625260302     
  0.989629931275209     
  0.988943052413815     
  0.988225823221851     
  0.987397798200850     
  0.984495858292714     
  0.977637490938278     
  0.979144196516132     
  0.983226381048514     
  0.982410611792976     
  0.981234883815776     
  0.979513593802681     
  0.978729241878467     
  0.977364008356119     
  0.976120612861390     
  0.974798580567807     
  0.973562224629395     
  0.972505745489989     
  0.971535595093657     
  0.970394469286450     
  0.969125544728724     
  0.968468217066420     
  0.969269084700352     
  0.970549007820412     
  0.971659909541462     
  0.972660369153488     
  0.973741414073190     
  0.974781604320981     
  0.975447122182053     
  0.977261500599081     
  0.978841789715579     
  0.980087192252403     
  0.981422050444195     
  0.982553783909091     
  0.983717610102216     
  0.984785430841096     
  0.985715152588181     
  0.986644664330715     
  0.987374471507576     
  0.988209903091802     
  0.988967250271573     
  0.988375298335202     
  0.990064156781618     
  0.990691876003736     
  0.991432686266263     
  0.991517736511958     
  0.982939100470819     
  0.982377445966456     
  0.990502668794166     
  0.993349530272336     
  0.993438827458257     
  0.994048538214671     
  0.994354191303755     
  0.994690362013888     
  0.994986815449078     
  0.995176361086817     
  0.995328149918904     
  0.992690312451343     
  0.969361522981783     
  0.984478798548704     
  0.995915142197160     
  0.996519171491539     
  0.996753399308902     
  0.996936485405496     
  0.997057608321229     
  0.995406470392245     
  0.992457621214503     
  0.997083630193182     
  0.997535131528941     
  0.997632046016844     
  0.997788982845017     
  0.997904525920899     
  0.997988647892159     
  0.998069000364817     
  0.998145780403175     
  0.998216815048109     
  0.998283354077131     
  0.998345549541325     
  0.998404297835559     
  0.998192299712329     
  0.998506640980065     
  0.998563234983989     
  0.998610834357259     
  0.998655327804205     
  0.998696893338283     
  0.998568620054662     
  0.998055986255227     
  0.998804154984285     
  0.998842082079392     
  0.998872998397922     
  0.998900977232917     
  0.998926082419238     
  0.998948544238377     
  0.998967202026935     
  0.998983020807968     
  0.998993777627243     
  0.998995637052783     
  0.998899736343948     
  0.998772884903128     
  0.998738399258330     
  0.998400499562226     
  0.998814258301254     
  0.998663811681172     
  0.998341512005697     
  0.997614850783246     
  0.992501319712767     
  0.919603259372896     
  0.477194504535563     
  0.756233050985200     
  0.994004420456164     
  0.997240953282963     
  0.989515053171888     
  0.988255985310529     
  0.993721667197809     
  0.997165604670564     
  0.999171551057438     
  0.999153121727143     
  0.998913556899074     
  0.994192677384054     
  0.997331618325500     
  0.998906586532179     
  0.999372481705658     
  0.999441375672544     
  0.999433763822219     
  0.999497038602816     
  0.999521851679194     
  0.999533295773041     
  0.999527011109399     
  0.999197467226039     
  0.998303235795684     
  0.999143190627405     
  0.999570743158283     
  0.999482654590073     
  0.999613519624910     
  0.999623966293133     
  0.999633016126867     
  0.999640739849199     
  0.999646866368083     
  0.999651550036735     
  0.999655646210508     
  0.999655274443035     
  0.999647498186708     
  0.999595665855393     
  0.996827522703612     
  0.994914607047631     
  0.999416097305221     
  0.997726531798120     
  0.982185753575517     
  0.995711603881908     
  0.999164914859844     
  0.999567295188679     
  0.999695314611602     
  0.999708964240909     
  0.999711516135381     
  0.999698761864725     
  0.999440610770340     
  0.992192021765844     
  0.994501733772651     
  0.999598815029065     
  0.999729175678703     
  0.999748971251380     
  0.999745495502292     
  0.999765030902893     
  0.999767792648631     
  0.999766615997927     
