  0.999445465928861     
  0.999445302105428     
  0.999437830331542     
  0.999441124513802     
  0.999429673276312     
  0.999382752759931     
  0.999340151856927     
  0.999328706911167     
  0.999404358000267     
  0.999398146399363     
  0.999336646708753     
  0.989311638127823     
  0.997650574642924     
  0.999284912575466     
  0.999250845325463     
  0.999174661059810     
  0.998938918556268     
  0.997520231886186     
  0.895689143887378     
  0.759687554613139     
  0.965161532532113     
  0.989216153412531     
  0.978991910165082     
  0.998148724526630     
  0.999152833772650     
  0.999143534027554     
  0.999276473804585     
  0.999290787208650     
  0.999296698810188     
  0.999298041565064     
  0.999294148371759     
  0.999133489238357     
  0.999035557870979     
  0.999276637994993     
  0.999275059428024     
  0.999267410226091     
  0.999258955793771     
  0.999251008026944     
  0.999241223936622     
  0.999211786857409     
  0.999220679429280     
  0.999211915435883     
  0.999155046211541     
  0.999145000792919     
  0.999177378808101     
  0.999159014226002     
  0.999150649565282     
  0.999134041711162     
  0.999110929468473     
  0.999049183770096     
  0.998725248104440     
  0.992689597541555     
  0.996275935164910     
  0.998942292620814     
  0.998953313135589     
  0.996212918985664     
  0.948885603388533     
  0.985777422014023     
  0.985817626349377     
  0.988461280041123     
  0.998744543201799     
  0.998614957350580     
  0.998849948165255     
  0.998878049119152     
  0.998860227788746     
  0.998840455084303     
  0.998819357687737     
  0.998796862556672     
  0.998773236428612     
  0.998749607783104     
  0.998724142007928     
  0.998614358779308     
  0.998672121493012     
  0.998630697195264     
  0.998616706381954     
  0.998582965871472     
  0.997985917272302     
  0.998486364044111     
  0.997756042054633     
  0.992467355165694     
  0.997526024246988     
  0.998291718848975     
  0.998323339513449     
  0.998284552031252     
  0.998124444452488     
  0.998198525009976     
  0.998147708794289     
  0.998012822105026     
  0.994664551681806     
  0.997218292616831     
  0.997784868054647     
  0.997430419395102     
  0.995400594173391     
  0.995773277068429     
  0.990482757473035     
  0.997603359781953     
  0.997585633630704     
  0.997523399514844     
  0.997446182394337     
  0.996772448901792     
  0.997011929314997     
  0.997205905446448     
  0.997111646732998     
  0.997013822367102     
  0.996911021732791     
  0.996793932742668     
  0.996650885665420     
  0.996536564871769     
  0.995746840960231     
  0.996293792592474     
  0.996145902300537     
  0.996006395556228     
  0.995840694646781     
  0.995665008715611     
  0.995475761867707     
  0.995265159549482     
  0.995034289214713     
  0.994771284386459     
  0.994454198165739     
  0.994048288861985     
  0.993397860232678     
  0.990909795434564     
  0.868644045784881     
  0.745892276492717     
  0.976297537465094     
  0.991294605364873     
  0.991456712276597     
  0.990419569936484     
  0.951566629735608     
  0.817653451388988     
  0.964829858836333     
  0.964793730691066     
  0.899546269755412     
  0.980632134362203     
  0.986541273596866     
  0.985460093627627     
  0.984343437661739     
  0.982616666750413     
  0.934068631138369     
  0.889158505548722     
  0.971332639713016     
  0.829169945119449     
  0.826972927055838     
  0.828456882849841     
  0.965794082708720     
  0.966030552255664     
  0.963013326588180     
  0.957533849384794     
  0.944042948914312     
  0.949321276045860     
  0.933318397559859     
  0.935508593865328     
  0.925115459151639     
  0.907181271798440     
  0.811743331682477     
  0.839413434443425     
  0.880048375454538     
  0.863129112355296     
  0.843567264545295     
  0.832688558272412     
  0.839929432662572     
  0.855521281368621     
  0.868734522236580     
  0.876495541458538     
  0.875838100918491     
  0.864661753742605     
  0.839656921433069     
  0.793929724563936     
  0.722527898454599     
  0.596179486353181     
  0.497584404331283     
  0.486493692681057     
  0.536045276917121     
  0.618859264899320     
  0.707750645894145     
  0.774748689851542     
  0.815634037098978     
  0.841670723912148     
  0.862155049461733     
  0.879685012529649     
  0.895513989044097     
  0.911445168298030     
  0.926692538026537     
  0.937667876539539     
  0.944958051409449     
  0.951612520893181     
  0.957945619065119     
  0.962298087853533     
  0.965364108050943     
  0.968225714271929     
  0.970819432388476     
  0.973262405499742     
  0.975415963636911     
  0.977415027073872     
  0.979268446247929     
  0.981086374646313     
  0.982730045759990     
  0.984364635602402     
  0.985819524357989     
  0.987111240155154     
  0.988179667542520     
  0.987684138677381     
  0.988945323804225     
  0.990241747296294     
  0.991354930794104     
  0.991864996619422     
  0.992397107512255     
  0.992919766388438     
  0.993313780326790     
  0.993645946394779     
  0.993513919798101     
  0.994157963383842     
  0.994590671415360     
  0.994850480022041     
  0.995025941404742     
  0.995373334423108     
  0.995598900632510     
  0.995792823053752     
  0.995888593240090     
  0.990429006389668     
  0.985539192879775     
  0.995574525147899     
  0.995516228816548     
  0.996713164040058     
  0.996890388950847     
  0.996931996932929     
  0.985270754874846     
  0.996850517424967     
  0.997325736867674     
  0.997241128689556     
  0.995441733114424     
  0.997294055668505     
  0.997539348017592     
  0.997386276464060     
  0.997205306895443     
  0.997051804762538     
  0.994891358350482     
  0.909748399767978     
  0.869038485825357     
  0.952686336461942     
  0.996305303780048     
  0.997345658150395     
  0.997713462806297     
  0.997791727057051     
  0.997696402048317     
  0.997075549339809     
  0.992163157687422     
  0.757629871072084     
  0.743698803095548     
  0.722142573991347     
  0.905788999430911     
  0.996632019040102     
  0.997879274202768     
  0.996482292920569     
  0.998172425822098     
  0.998559557202131     
  0.998653162309601     
  0.998712822485831     
  0.998760112324917     
  0.998762139871502     
  0.998489538690718     
  0.998613583168456     
  0.997841492851555     
  0.998907634071071     
  0.998962354097257     
  0.998991080663555     
  0.998794675962457     
  0.999027916383149     
  0.999063550805916     
  0.999084276910645     
  0.999104874830074     
  0.999124402663961     
  0.999142502101136     
  0.999150708541967     
  0.998737248775693     
  0.998905237186270     
  0.999192463335068     
  0.999220684440597     
  0.998720728783071     
  0.999127715810512     
  0.999269526890782     
  0.999284007007459     
  0.999293889744292     
  0.999031784779396     
  0.997965840956050     
  0.999237855541728     
  0.999340032013420     
  0.999351063826042     
  0.999339823507588     
  0.999189931159566     
  0.999324772850384     
  0.999311207552391     
  0.999257390727126     
  0.999375973124699     
  0.999367933904662     
  0.999347813576797     
  0.999306296204601     
  0.999209354701911     
  0.998879312712828     
  0.991326692795899     
  0.948967599957377     
  0.985897760491496     
  0.996913501259465     
  0.961996827905682     
  0.930383034269076     
  0.990221528946157     
  0.998598280044616     
  0.999071771204170     
  0.999250579497351     
  0.999274140524844     
  0.999163795917306     
  0.995109600642623     
  0.899914265931711     
  0.939768112843610     
  0.979847029753637     
  0.998621304647578     
  0.999377511180146     
  0.999288708129394     
  0.999524096726857     
  0.999577415474998     
  0.999592204968558     
  0.999603364306240     
  0.999612928399052     
  0.999621301011125     
  0.999628374104641     
  0.999606642825579     
  0.999605755971118     
  0.999647624753626     
  0.999652481066662     
  0.999657620801233     
  0.999424504087459     
  0.999636751955866     
  0.999634283850411     
  0.999556031249762     
  0.999649859200172     
  0.999603180247816     
  0.999345700396830     
  0.999667206215336     
  0.999688824937331     
  0.999690620846131     
  0.999662229979006     
  0.999690564748901     
  0.999679982279576     
  0.999512114067587     
  0.997729276005221     
  0.998488081504682     
  0.999631512000878     
  0.999688721834817     
  0.999645756070111     
  0.998671020485961     
  0.997101556357539     
  0.999621722047343     
  0.999711146054236     
  0.999723457633321     
  0.999701975209038     
  0.999731590123117     
  0.999647383820796     
  0.999735287027801     
  0.999741331838617     
  0.999742718933745     
  0.999745310071002     
  0.999746702282006     
  0.999747998648973     
  0.999748029700209     
  0.999707445126004     
  0.999669604013657     
  0.998593384953675     
  0.984107459732541     
  0.998532456481540     
  0.999620730427945     
  0.999753266043056     
  0.999762995133925     
  0.999766708002737     
  0.999767908730650     
  0.999731017659731     
  0.999755015681161     
  0.999752002127814     
  0.999738296104602     
  0.999089290751892     
  0.999330585877251     
  0.999639439821081     
  0.999673780440861     
  0.999776289413504     
  0.999776080520657     
  0.999771319028737     
  0.999674249668567     
  0.999612780268585     
  0.998983469982101     
  0.976483172170022     
  0.985593434484231     
  0.968835873412439     
  0.962405188907614     
  0.999656115915586     
  0.999599102431317     
  0.999552821379287     
  0.998522633250433     
  0.993483279415856     
  0.999533784642897     
  0.999736845775942     
  0.999770719495634     
  0.999757043542728     
  0.999711190200964     
  0.999012968624526     
  0.951167845409435     
  0.932559602223996     
  0.997902558424955     
  0.999514887958594     
  0.999147571702075     
  0.999727984255644     
  0.999789612000482     
  0.999794579030586     
  0.999801865257597     
  0.999805879787667     
  0.999804956667183     
  0.999809560593421     
  0.999809453485898     
  0.999753475068827     
  0.999552493826315     
  0.998726682470787     
  0.999705655379526     
  0.999813809310374     
  0.999817392821342     
  0.999817296556284     
  0.999810131654112     
  0.999509433225724     
  0.999775099484785     
  0.999818110760101     
  0.999820747949139     
  0.999821900635898     
  0.999821946354418     
  0.999815954638028     
  0.999821623403037     
  0.999822985533830     
  0.999822448635863     
  0.999510054975176     
  0.999084349900310     
  0.999813337860890     
  0.999767288683128     
  0.999587893988447     
  0.999320364445950     
  0.999074285915627     
  0.999820367167812     
  0.999814525102162     
  0.999770176731280     
  0.995352305992270     
  0.995333403967533     
  0.999757467932993     
  0.999776936824429     
  0.999738639331542     
  0.998710241661256     
  0.998710630296004     
  0.999742679933442     
  0.999806006668337     
  0.999790360899046     
  0.999784189630899     
  0.999655510395036     
  0.991996737560320     
  0.982603590134886     
  0.998917939286831     
  0.999746334340267     
  0.998893155127928     
  0.974593125144616     
  0.994710300774099     
  0.999650324680320     
  0.999801535601887     
  0.999717690835631     
  0.997504889788268     
  0.998447882183415     
  0.999797753791976     
  0.999763255638666     
  0.999807065760379     
  0.999820080636546     
  0.999818853527693     
  0.999816093158614     
  0.999812975867782     
  0.999806713582586     
  0.999590794587110     
  0.999748535512258     
  0.999770866474682     
  0.999754314923077     
  0.999689643103350     
  0.999210684049666     
  0.981834951781518     
  0.924297247549756     
  0.952178213044032     
  0.997404696422203     
  0.995714392572888     
  0.962880036584734     
  0.976705404352580     
  0.998579332081096     
  0.999469009751550     
  0.998284578915846     
  0.997972424376155     
  0.999632482643121     
  0.999563584297619     
  0.998805583369559     
  0.905751498558981     
  0.904784582602160     
  0.999106370022499     
  0.999474973032581     
  0.999698466331400     
  0.999746536424809     
  0.999753320647634     
  0.999747461263118     
  0.999530780901075     
  0.999113718725864     
  0.998862305575551     
  0.998880991410671     
  0.999406457135928     
  0.994470354147967     
  0.869219750113924     
  0.898742160699185     
  0.997329195366702     
  0.995190578001517     
  0.926628016147876     
  0.910083819155249     
  0.992159570041453     
  0.997595486539536     
  0.976138511589800     
  0.975706109944029     
  0.997002397183776     
  0.984037955645243     
  0.934166933351389     
  0.966285852767227     
  0.997819944334287     
  0.999277018277699     
  0.999353586533477     
  0.999158296204839     
  0.994301010078526     
  0.963497683995337     
  0.912324976920958     
  0.964084203823864     
  0.997393317390394     
  0.998638944640514     
  0.991896810003642     
  0.986406695366317     
  0.997963136452667     
  0.999465360642121     
  0.990382064459011     
  0.990597419347590     
  0.988457622328755     
  0.962696094791213     
  0.994168644038392     
  0.999365865485450     
  0.999741307008176     
  0.999605293148020     
  0.999319058319632     
  0.999759466168306     
  0.999762872121976     
  0.999766571787218     
  0.999782687972720     
  0.999730728189935     
  0.999641644389877     
  0.999642023431380     
  0.999745866167344     
  0.999782845508120     
  0.999783445795044     
  0.999782011310663     
  0.999633534699433     
  0.999734933738592     
  0.999780352947348     
  0.999769509715436     
  0.999778551458285     
  0.999776966366440     
  0.999765878631966     
  0.999768959415846     
  0.999772028685624     
  0.999768731261589     
  0.999766560100699     
  0.999761894946291     
  0.999753227101263     
  0.999737359877783     
  0.999280085047576     
  0.990920033026545     
  0.995480407981551     
  0.999280866674841     
  0.978304742826140     
  0.953533134786573     
  0.998699188542130     
  0.999670498824432     
  0.999681290120755     
  0.999596151125489     
  0.996287640189927     
  0.960261722457623     
  0.976123751232756     
  0.998935103260421     
  0.999650396954844     
  0.999673897430015     
  0.999423072541609     
  0.999317831803562     
  0.999641602058602     
  0.999685000980583     
  0.994075951584988     
  0.998010756200175     
  0.995795070251778     
  0.996837363963127     
  0.999683567506172     
  0.999681211795202     
  0.999669579421975     
  0.999684450966545     
  0.999680842466554     
  0.999676271989294     
  0.999671817943935     
  0.999665825104051     
  0.999651116520129     
  0.999645697808945     
  0.999574549344997     
  0.999602397754748     
  0.999627286334076     
  0.999626544379226     
  0.998939562016986     
  0.999594442265689     
  0.999571994106904     
  0.999381323028921     
  0.999491742108415     
  0.999509602574635     
  0.998791035748204     
  0.991766600702616     
  0.973290026624762     
  0.998681596747107     
  0.999435172176819     
  0.999411031183608     
  0.997746826404944     
  0.994904781052437     
  0.998197312943263     
  0.996903018824123     
  0.947269882789354     
  0.977255151235902     
  0.768697755353080     
  0.984277247832056     
  0.998999975543023     
  0.999249515410602     
  0.999293733492923     
  0.999285969370783     
  0.999236026519849     
  0.999059545059103     
  0.996834958385168     
  0.930838428170695     
  0.930891467637417     
  0.996783714466613     
  0.997365890121638     
  0.989085468581667     
  0.997397791876769     
  0.999151640039103     
  0.999180959440322     
  0.999170440343476     
  0.999148922446514     
  0.999134396304790     
  0.999120918716351     
  0.999098641316675     
  0.999076057307618     
  0.999040865514572     
  0.999024286470062     
  0.998992440962512     
  0.998957780677765     
  0.998816073502578     
  0.998454988804732     
  0.998741715559176     
  0.998824622593825     
  0.998759376542856     
  0.998095457145779     
  0.998711428545067     
  0.998659936191462     
  0.998313287153984     
  0.998427442245132     
  0.998499757489314     
  0.998407882691038     
  0.997200299363310     
  0.986169920934430     
  0.993183568927444     
  0.955743823986367     
  0.967868941841291     
  0.997087049973714     
  0.990419527124805     
  0.977281800415633     
  0.994753711514958     
  0.989565706349163     
  0.990862935704411     
  0.993929563821356     
  0.996888364042620     
  0.997321300749484     
  0.997201101577476     
  0.997066753070564     
  0.996911737885863     
  0.996712856380499     
  0.996584098916094     
  0.996398318658452     
  0.996178886387209     
  0.995972758467625     
  0.995717398474161     
  0.991569471076801     
  0.985559019449812     
  0.994768225620214     
  0.994576110660479     
  0.994217718579515     
  0.993794634036282     
  0.993681968972505     
  0.993375530592654     
  0.993029512087094     
  0.992642204938666     
  0.992233963144972     
  0.991806560078812     
  0.991324435032783     
  0.990796160234797     
  0.990283761711024     
  0.989548014645048     
  0.988869373645312     
  0.988115265193746     
  0.987135825488694     
  0.982002381143768     
  0.976937953775760     
  0.981349655353362     
  0.983167533716326     
  0.982116000070196     
  0.980519540164441     
  0.979428413316139     
  0.978258096281881     
  0.976811912485862     
  0.975530478023614     
  0.974204225465933     
  0.972933116859265     
  0.971834481627516     
  0.970774560073085     
  0.969492970306537     
  0.968246258300587     
  0.968062705345930     
  0.969209978140635     
  0.970525939295458     
  0.971629131815294     
  0.972718119465223     
  0.973936284533159     
  0.974834447299931     
  0.975784780601596     
  0.977839578913993     
  0.979227303284601     
  0.980578592632095     
  0.981870126064979     
  0.982989042574666     
  0.984187268165490     
  0.985223798819365     
  0.986124602491574     
  0.987078830898400     
  0.987758439318436     
  0.988668598206564     
  0.989045969768171     
  0.989108184149577     
  0.990212124498847     
  0.991197249887376     
  0.991696857466345     
  0.990673365558987     
  0.978490089003618     
  0.987676736405769     
  0.990904961799187     
  0.993599826457716     
  0.993732135872940     
  0.994282174446390     
  0.994586872654381     
  0.994904494950660     
  0.995181950383074     
  0.995237642050224     
  0.995338322563843     
  0.987209561480369     
  0.968000993618053     
  0.991694632369378     
  0.996317575229316     
  0.996687688761880     
  0.996894094252789     
  0.997052051601129     
  0.997050892427093     
  0.993579540860022     
  0.994312895361415     
  0.997488203670717     
  0.997546240762422     
  0.997663619459693     
  0.997900871160159     
  0.997988232948049     
  0.998070314645021     
  0.998147447682268     
  0.998219001815141     
  0.998287815163119     
  0.998351884026001     
  0.998411298148409     
  0.998452753502895     
  0.998326976086365     
  0.998571058814006     
  0.998618888296092     
  0.998660509731239     
  0.998705354591292     
  0.998745863578070     
  0.997922399642305     
  0.998552902054842     
  0.998853432511308     
  0.998885057220627     
  0.998913391225805     
  0.998939087129515     
  0.998961955110251     
  0.998982478032361     
  0.999000099287662     
  0.999012637354269     
  0.999020772982179     
  0.999011115653671     
  0.998838462148802     
  0.998869885053092     
  0.998459270749053     
  0.998699992040250     
  0.998786615553516     
  0.998585481065849     
  0.998165201464194     
  0.997058390633317     
  0.981637538763655     
  0.755903739698600     
  0.474536466169044     
  0.945200936124354     
  0.995386534459305     
  0.997199670297690     
  0.983176916539893     
  0.993297583182042     
  0.992820241325085     
  0.998686746174599     
  0.999202693465694     
  0.999154394124521     
  0.997837243900814     
  0.994830613000541     
  0.997966723731341     
  0.999129618712384     
  0.999427973756313     
  0.999411078727464     
  0.999447719739537     
  0.999522221735389     
  0.999537314625878     
  0.999544448456214     
  0.999505582891348     
  0.998853132818990     
  0.998159420260981     
  0.999439435416486     
  0.999578115461470     
  0.999561516882860     
  0.999627082566274     
  0.999636010502015     
  0.999644762202489     
  0.999650939370422     
  0.999656898179390     
  0.999662251722159     
  0.999664743962454     
  0.999662885428039     
  0.999649237115927     
  0.999494509491735     
  0.993911621459939     
  0.997659625564015     
  0.999468946251867     
  0.993748813451752     
  0.983962464846887     
  0.998273206427328     
  0.999221649678178     
  0.999663670473194     
  0.999708267078242     
  0.999718373868089     
  0.999717568261290     
  0.999693152115300     
  0.998659834817445     
  0.989505377401383     
  0.997841516917261     
  0.999699284477493     
  0.999745370557671     
  0.999757734332901     
  0.999761793311374     
  0.999771724870373     
  0.999774772848146     
  0.999769606164883     
