  0.999450928156219     
  0.999450583825083     
  0.999442765403448     
  0.999446080668309     
  0.999435323295680     
  0.999390354732677     
  0.999347834669329     
  0.999336858661600     
  0.999409770434216     
  0.999392120882341     
  0.999214589990913     
  0.989104725042263     
  0.997374991989127     
  0.999225809390553     
  0.999256447143673     
  0.999184590654113     
  0.998915993788132     
  0.997128600581115     
  0.897513109367549     
  0.764969678531087     
  0.964920415224087     
  0.988819881912193     
  0.978773188692895     
  0.997823435231670     
  0.999084421390312     
  0.999146346276833     
  0.999282772855722     
  0.999297696907372     
  0.999303526589435     
  0.999304830524962     
  0.999300654597810     
  0.999144169292331     
  0.999049337509568     
  0.999283085057619     
  0.999281751147788     
  0.999274256929191     
  0.999265809408424     
  0.999257987260410     
  0.999248249176034     
  0.999219795061089     
  0.999227970611756     
  0.999219212727823     
  0.999163276383574     
  0.999153232892076     
  0.999184961849690     
  0.999167049168136     
  0.999158417754275     
  0.999141885566628     
  0.999118519781338     
  0.999050076208668     
  0.998689062132505     
  0.992705701814240     
  0.996236859638066     
  0.998928179477840     
  0.998978577153079     
  0.996427483531132     
  0.950023920955921     
  0.986198312991483     
  0.986140485884779     
  0.988696144734047     
  0.998768376154303     
  0.998637379826950     
  0.998862278618009     
  0.998888428887413     
  0.998870940441714     
  0.998851422973546     
  0.998830495207456     
  0.998808316474034     
  0.998784878952889     
  0.998761426191464     
  0.998736303188010     
  0.998631604070134     
  0.998684784637791     
  0.998644309491837     
  0.998629265110620     
  0.998590717801930     
  0.997995188668057     
  0.998490830114236     
  0.997788633138229     
  0.992722753225796     
  0.997567047676150     
  0.998310238121409     
  0.998339409682346     
  0.998300953165934     
  0.998148167678658     
  0.998215265796907     
  0.998160272051409     
  0.997999470356794     
  0.994654758103106     
  0.997226847233917     
  0.997773213797616     
  0.997305041582156     
  0.995135084971469     
  0.995455616646678     
  0.990373861786633     
  0.997543437823530     
  0.997599111985527     
  0.997545558810403     
  0.997465309151693     
  0.996791163547792     
  0.997039733993315     
  0.997230521155158     
  0.997140089688274     
  0.997042612663025     
  0.996939905762292     
  0.996820706309256     
  0.996674979601248     
  0.996561022073941     
  0.995865471334085     
  0.996328650524873     
  0.996182343585188     
  0.996044788371392     
  0.995880970367842     
  0.995707128269696     
  0.995519835484780     
  0.995311793229309     
  0.995083204045554     
  0.994823038132225     
  0.994510018154149     
  0.994109822878413     
  0.993474598994645     
  0.991096120713832     
  0.872257319088418     
  0.753036821972292     
  0.976893648802015     
  0.991406774335989     
  0.991531452692210     
  0.990348563144053     
  0.951978756382409     
  0.821538802959922     
  0.964829296523515     
  0.965079697264715     
  0.901713779645785     
  0.980655282526525     
  0.986615194026702     
  0.985584997426219     
  0.984462943360222     
  0.982626746607652     
  0.935167802427793     
  0.891513764276602     
  0.971289936488822     
  0.834301901455113     
  0.831338157854073     
  0.832891966381953     
  0.966179291577921     
  0.966267383978915     
  0.963148822066520     
  0.957420438786632     
  0.944050079519824     
  0.949493834168811     
  0.933871340412931     
  0.935895204305793     
  0.925516381176126     
  0.907926210596144     
  0.815209857427672     
  0.841689191940180     
  0.880439179700257     
  0.863370915506852     
  0.843801384550689     
  0.832967675596446     
  0.840220281641460     
  0.855808917787648     
  0.869037244272803     
  0.876791809344914     
  0.876144124866203     
  0.864954013722930     
  0.839831933444549     
  0.793777733860830     
  0.721712328507899     
  0.595391503187430     
  0.497615372545964     
  0.486616522808651     
  0.535637805759991     
  0.618212866744254     
  0.707085312747004     
  0.774366421469781     
  0.815501358054246     
  0.841675543450994     
  0.862232478053158     
  0.879860007518821     
  0.895798604150674     
  0.911802619116444     
  0.927083217050680     
  0.938060754504645     
  0.945340212485369     
  0.951976094904946     
  0.958288643532828     
  0.962618687966046     
  0.965663035852875     
  0.968503526032444     
  0.971079381664785     
  0.973501234943650     
  0.975638291740766     
  0.977621317842677     
  0.979459340326844     
  0.981263675480381     
  0.982898922338152     
  0.984518173931094     
  0.985960911349836     
  0.987242736944177     
  0.988311074499174     
  0.987833690867116     
  0.989077810740425     
  0.990354419709674     
  0.991448943271352     
  0.991954428058185     
  0.992478389271205     
  0.992992195626311     
  0.993379045078425     
  0.993705081104848     
  0.993585133311812     
  0.994214143429540     
  0.994641956759190     
  0.994902450326701     
  0.995080068486893     
  0.995421182270806     
  0.995644586950880     
  0.995836175938515     
  0.995927402896780     
  0.990672868329400     
  0.985988958134732     
  0.995606613184088     
  0.995549106841939     
  0.996738560847361     
  0.996920249021542     
  0.996955796783731     
  0.985784872511539     
  0.996879755726481     
  0.997352284039371     
  0.997278020437081     
  0.995517515922634     
  0.997329781314689     
  0.997565666821785     
  0.997417688720923     
  0.997231185127369     
  0.997018022532268     
  0.994382635533611     
  0.910923906665407     
  0.871099608522162     
  0.952643802339650     
  0.995988142355358     
  0.997348363478653     
  0.997736729007257     
  0.997814968537609     
  0.997712705621439     
  0.996910227047167     
  0.990756166436430     
  0.760683403071319     
  0.746671300448194     
  0.726144696612915     
  0.905865932606145     
  0.995985777741124     
  0.997838952647546     
  0.996558948486874     
  0.998185399965091     
  0.998571350360777     
  0.998666217772445     
  0.998725322078505     
  0.998771553775524     
  0.998771599536743     
  0.998502242682931     
  0.998628642962966     
  0.997882871344941     
  0.998918339959356     
  0.998972020820497     
  0.999000318761483     
  0.998832782456647     
  0.999037651525405     
  0.999071925638939     
  0.999092516968829     
  0.999112965417998     
  0.999132322326844     
  0.999149637734006     
  0.999154797303277     
  0.998743610394366     
  0.998917825768415     
  0.999198276994766     
  0.999223050383639     
  0.998720522975836     
  0.999125644768265     
  0.999273620774784     
  0.999290018046572     
  0.999298559995657     
  0.999041006819198     
  0.998013636766677     
  0.999243011986947     
  0.999345337479921     
  0.999356913752716     
  0.999346288994164     
  0.999201098279688     
  0.999331878102460     
  0.999324595161188     
  0.999278396387701     
  0.999382268442363     
  0.999374863848608     
  0.999355337407160     
  0.999315335928988     
  0.999222929017995     
  0.998929421192616     
  0.991701601893370     
  0.950627519418906     
  0.986452568861411     
  0.997128331804533     
  0.963408546334005     
  0.932675304253579     
  0.990710504578976     
  0.998669317434609     
  0.999089788058009     
  0.999262387076246     
  0.999283261721016     
  0.999137838249294     
  0.994931259713443     
  0.902063834717306     
  0.940828087835798     
  0.980223698749088     
  0.998592601199083     
  0.999375140401713     
  0.999307444472649     
  0.999529639994536     
  0.999580979801723     
  0.999595587990342     
  0.999606416542410     
  0.999615881270403     
  0.999624042575635     
  0.999630698712174     
  0.999609808374574     
  0.999609539919011     
  0.999649887905354     
  0.999654472898523     
  0.999657154843353     
  0.999422339236789     
  0.999633247994695     
  0.999638849205065     
  0.999560293109477     
  0.999643918185564     
  0.999602167199095     
  0.999383754971971     
  0.999668969729803     
  0.999690316519481     
  0.999692085101962     
  0.999665160023734     
  0.999691306729973     
  0.999674699403681     
  0.999474410373969     
  0.997656960485074     
  0.998421546587593     
  0.999607874154112     
  0.999685609905350     
  0.999634856539569     
  0.998647366869722     
  0.997111680674580     
  0.999601113160794     
  0.999709580719010     
  0.999724408242536     
  0.999703986932829     
  0.999732986946774     
  0.999652590996807     
  0.999736334342796     
  0.999742165462745     
  0.999743532705502     
  0.999746135332088     
  0.999747474452772     
  0.999748750511629     
  0.999748832671326     
  0.999712662851580     
  0.999678791350092     
  0.998654316610106     
  0.984499560147388     
  0.998594786793405     
  0.999633541567336     
  0.999754196517063     
  0.999763453001842     
  0.999767242954643     
  0.999768366640022     
  0.999733892093312     
  0.999764776875488     
  0.999749408374390     
  0.999734290595546     
  0.999106062838552     
  0.999339584776333     
  0.999654005105558     
  0.999689073575053     
  0.999776555383512     
  0.999776474530570     
  0.999771208585260     
  0.999676600936364     
  0.999622248564539     
  0.999048360842578     
  0.977084372438566     
  0.985999265515776     
  0.969620743534914     
  0.963999055405504     
  0.999614615695449     
  0.999596001284836     
  0.999541423870599     
  0.998464152101000     
  0.993432986097322     
  0.999482102888629     
  0.999729637892511     
  0.999770517264574     
  0.999757258625495     
  0.999699535564512     
  0.998900223691595     
  0.952187855226982     
  0.934096585038749     
  0.997772783231008     
  0.999493879804176     
  0.999148559110603     
  0.999723790837970     
  0.999788261556558     
  0.999793882435729     
  0.999801253109008     
  0.999805390330839     
  0.999804431261255     
  0.999808743918867     
  0.999804559869294     
  0.999735979124581     
  0.999536936678564     
  0.998745096746434     
  0.999708656889461     
  0.999814706608434     
  0.999816774928851     
  0.999816079830962     
  0.999806775502505     
  0.999507266774771     
  0.999772607592791     
  0.999816515105484     
  0.999819762643441     
  0.999821030959618     
  0.999820968574695     
  0.999820177707970     
  0.999821577807828     
  0.999821967857796     
  0.999822281823354     
  0.999518270602486     
  0.999101895636300     
  0.999812939078976     
  0.999763111253093     
  0.999586506043404     
  0.999339568430873     
  0.999108144248816     
  0.999818003768427     
  0.999805886574941     
  0.999677151410327     
  0.995088797011170     
  0.995070828287431     
  0.999665170780898     
  0.999766416961508     
  0.999715358951295     
  0.998659206158200     
  0.998660166170805     
  0.999719978395234     
  0.999801597806288     
  0.999789605116520     
  0.999783543063314     
  0.999655639734959     
  0.992306776345450     
  0.983331331592821     
  0.998941115555760     
  0.999748673662218     
  0.998928436169173     
  0.975086596646713     
  0.994827835759814     
  0.999661492198504     
  0.999799437198385     
  0.999715119992437     
  0.997585207770428     
  0.998484845920379     
  0.999792869873864     
  0.999766058138282     
  0.999806018281053     
  0.999817671961997     
  0.999816258354435     
  0.999813378977415     
  0.999810097584893     
  0.999803284614278     
  0.999595537279782     
  0.999745819046459     
  0.999766532176696     
  0.999747477555109     
  0.999635026350084     
  0.998619330805234     
  0.979677537776103     
  0.921471581370779     
  0.949515002043415     
  0.996096359349300     
  0.995206801262964     
  0.962604702028945     
  0.976337864174466     
  0.998336677288232     
  0.999434112892534     
  0.998305679259319     
  0.998001468612701     
  0.999628034341795     
  0.999522526717549     
  0.998443959911162     
  0.907607598822349     
  0.906671762360496     
  0.998735699550085     
  0.999433014068397     
  0.999692140201840     
  0.999742749722173     
  0.999749852030068     
  0.999743301899969     
  0.999529850159524     
  0.999113463506063     
  0.998828287564435     
  0.998843027435850     
  0.999332868696321     
  0.994121059868947     
  0.871660378264176     
  0.900454754762328     
  0.996745525341442     
  0.993197117414713     
  0.923359897199580     
  0.906944515210152     
  0.989878295223070     
  0.997024108919696     
  0.975918476199356     
  0.975496773625140     
  0.996660059887257     
  0.983401182340014     
  0.933691038313899     
  0.965665094687749     
  0.997503394998031     
  0.999229867816691     
  0.999336252463697     
  0.999078956266174     
  0.993868071890655     
  0.962619819498549     
  0.911587576610083     
  0.963159826550032     
  0.996991734061232     
  0.998523290068664     
  0.991792850909044     
  0.986354308774049     
  0.997850838093561     
  0.999457835247080     
  0.990599449588387     
  0.990532981504058     
  0.987431095741439     
  0.961489981351261     
  0.993262945412609     
  0.999173002183845     
  0.999719192510981     
  0.999601392622798     
  0.999327013654441     
  0.999752020234863     
  0.999758628858778     
  0.999761982360522     
  0.999775110259437     
  0.999722628429953     
  0.999628062214184     
  0.999628346799194     
  0.999736933686326     
  0.999774809237026     
  0.999775672344061     
  0.999773897524329     
  0.999630594274721     
  0.999727855407474     
  0.999771897377260     
  0.999761447558847     
  0.999769987488649     
  0.999768283422417     
  0.999757543915496     
  0.999760208486127     
  0.999762973715195     
  0.999759445206230     
  0.999757217494169     
  0.999752294392305     
  0.999743006509562     
  0.999725142325833     
  0.999288011495330     
  0.991131519145950     
  0.995591939228539     
  0.999291650310694     
  0.978687898500589     
  0.954395264469954     
  0.998708878745575     
  0.999658443699052     
  0.999659290941174     
  0.999418549213132     
  0.995348579983129     
  0.958798136180338     
  0.974722088867596     
  0.998348761438833     
  0.999565851101777     
  0.999645135029903     
  0.999378211198580     
  0.999270001772906     
  0.999609854727022     
  0.999668550285054     
  0.994735079389108     
  0.998189810492592     
  0.996242878570759     
  0.997158739909805     
  0.999669056065226     
  0.999666355271163     
  0.999654837600484     
  0.999668341804878     
  0.999664311528837     
  0.999659343002616     
  0.999654517254710     
  0.999647837716764     
  0.999631675028009     
  0.999625748147842     
  0.999556571292926     
  0.999583633637037     
  0.999607365245057     
  0.999605597775784     
  0.998953734812172     
  0.999572156276964     
  0.999546122211000     
  0.999352910008822     
  0.999462917688599     
  0.999472338828487     
  0.998697423000553     
  0.991566032248706     
  0.973798208877298     
  0.998542874527203     
  0.999387991759077     
  0.999354919234708     
  0.997627566267513     
  0.994770925573555     
  0.998093433047120     
  0.996770594627997     
  0.948543511490240     
  0.976478435952897     
  0.773470632763060     
  0.983471541365478     
  0.998756664481407     
  0.999208049408463     
  0.999261543912341     
  0.999253324504147     
  0.999202500672717     
  0.999000633567687     
  0.996636472373917     
  0.932846600652587     
  0.932880775830353     
  0.996534619201268     
  0.997076292780699     
  0.988749296973726     
  0.997115721350716     
  0.999050898347136     
  0.999128825250277     
  0.999121399003247     
  0.999097281231721     
  0.999080989396387     
  0.999065604107106     
  0.999041448299597     
  0.999017040064796     
  0.998980204481660     
  0.998961308403794     
  0.998928639684075     
  0.998885617503979     
  0.998721212621955     
  0.998345534274556     
  0.998642003177641     
  0.998741554190618     
  0.998678939834314     
  0.998039783660378     
  0.998625170130352     
  0.998571932659030     
  0.998228049319100     
  0.998335425680966     
  0.998400533883192     
  0.998295312810514     
  0.997062063238122     
  0.986194033355314     
  0.992224795146229     
  0.954676431054883     
  0.967170245548345     
  0.996580628056604     
  0.989967048677890     
  0.976877615914512     
  0.994368287629509     
  0.989543564005123     
  0.990873233279677     
  0.993863779136346     
  0.996733832434739     
  0.997139267567295     
  0.997007803544026     
  0.996863447711540     
  0.996698058586596     
  0.996490361002411     
  0.996346322873903     
  0.996147386761462     
  0.995924903804817     
  0.995693697360272     
  0.995435150402229     
  0.991391554110109     
  0.985500804973169     
  0.994443317753759     
  0.994203499704513     
  0.993824081608791     
  0.993390375620121     
  0.993244831725945     
  0.992915141250741     
  0.992543762676746     
  0.992128314180071     
  0.991692218182489     
  0.991236722588531     
  0.990721155722062     
  0.990151867618649     
  0.989598845906916     
  0.988825355062023     
  0.988104157421447     
  0.987297419927556     
  0.986248243426879     
  0.981145927565819     
  0.976023840967046     
  0.980213929797585     
  0.981987797695309     
  0.980888591539929     
  0.979228417522787     
  0.978029196882911     
  0.976770213693830     
  0.975223820611451     
  0.973846596225923     
  0.972419109584960     
  0.971046170213352     
  0.969851256428102     
  0.968698256199007     
  0.967332366738298     
  0.966026322552315     
  0.965836845318512     
  0.967032509737303     
  0.968429075693304     
  0.969626136307615     
  0.970811232059725     
  0.972128180016384     
  0.973128125785609     
  0.974182391849195     
  0.976323004861492     
  0.977804519038269     
  0.979248080062081     
  0.980627256980341     
  0.981822768792527     
  0.983101065077800     
  0.984208086253718     
  0.985171103756156     
  0.986191604355907     
  0.986935361921021     
  0.987899732128289     
  0.988334481607988     
  0.988456842794714     
  0.989590427152540     
  0.990593923124350     
  0.991090274153008     
  0.989931025231001     
  0.977754932325801     
  0.986937459003586     
  0.990496320688927     
  0.993157965714577     
  0.993323898453494     
  0.993885429640358     
  0.994211276190399     
  0.994550790219124     
  0.994847635456995     
  0.994918222265626     
  0.994922886850225     
  0.986556821528753     
  0.967411055150417     
  0.991101888339812     
  0.995999073360918     
  0.996455080245914     
  0.996679404026973     
  0.996839478050763     
  0.996783738045963     
  0.993243601890319     
  0.993987382033593     
  0.997257316558213     
  0.997388009160518     
  0.997520110654657     
  0.997756692356989     
  0.997849979384568     
  0.997937962220402     
  0.998020587292528     
  0.998098318096789     
  0.998171132543814     
  0.998239934736973     
  0.998303595514485     
  0.998349600908948     
  0.998237121377334     
  0.998475262176179     
  0.998526733531669     
  0.998574866035571     
  0.998621467482782     
  0.998662690101563     
  0.997877026313565     
  0.998487284170813     
  0.998779498322278     
  0.998814518884413     
  0.998845560886577     
  0.998873712254925     
  0.998899119605639     
  0.998922166508432     
  0.998942261405900     
  0.998957270034252     
  0.998967619219613     
  0.998958068640971     
  0.998786021292285     
  0.998822141333599     
  0.998429797350930     
  0.998670793839440     
  0.998759477492025     
  0.998568104774733     
  0.998162151889633     
  0.996943876179246     
  0.980662370430252     
  0.756792571287303     
  0.481899213878789     
  0.942023952270220     
  0.994534675012891     
  0.997225601175697     
  0.983545393151440     
  0.993416080013044     
  0.992949018951790     
  0.998686265190518     
  0.999181781637723     
  0.999111212642219     
  0.997758243303163     
  0.994800459515591     
  0.997894767551149     
  0.999057765587850     
  0.999385347194143     
  0.999382761859376     
  0.999422167096264     
  0.999497955769356     
  0.999513690322055     
  0.999517402733795     
  0.999449457235603     
  0.998733691105136     
  0.998044783866025     
  0.999364215708594     
  0.999548791612042     
  0.999542264627445     
  0.999607192862388     
  0.999616731140180     
  0.999626020319702     
  0.999632567915861     
  0.999639009348487     
  0.999644908527469     
  0.999647818955481     
  0.999646591225303     
  0.999633989446204     
  0.999484268783940     
  0.994039177330806     
  0.997697193436169     
  0.999497045851198     
  0.994040342952908     
  0.984580926704727     
  0.998319666988421     
  0.999175286833639     
  0.999628640926044     
  0.999691856099448     
  0.999705570695774     
  0.999706121621962     
  0.999692512712395     
  0.998734733902925     
  0.989915806880763     
  0.997950760059517     
  0.999703934365457     
  0.999735562333339     
  0.999746510672545     
  0.999750661440183     
  0.999760787078985     
  0.999764355582447     
  0.999762344255303     
