  0.999448500628025     
  0.999448236518202     
  0.999440572154009     
  0.999443878049236     
  0.999432812308409     
  0.999386976256205     
  0.999344420265886     
  0.999333235852098     
  0.999407365034537     
  0.999394798749156     
  0.999268834571854     
  0.989196681586733     
  0.997497466744263     
  0.999252076095858     
  0.999253957577111     
  0.999180177732113     
  0.998926182040971     
  0.997302649839336     
  0.896702500396773     
  0.762622190477060     
  0.965027572880753     
  0.988995993395263     
  0.978870393170287     
  0.997968000722953     
  0.999114825311234     
  0.999145096453266     
  0.999279973422924     
  0.999294626089633     
  0.999300492178340     
  0.999301813365896     
  0.999297763091598     
  0.999139422847399     
  0.999043213542534     
  0.999280219844544     
  0.999278777203707     
  0.999271214107060     
  0.999262763514524     
  0.999254885538681     
  0.999245127008146     
  0.999216236042543     
  0.999224730252781     
  0.999215969653549     
  0.999159618717090     
  0.999149574369008     
  0.999181591781737     
  0.999163478265672     
  0.999154965402576     
  0.999138399586993     
  0.999115146481427     
  0.999049679589570     
  0.998705143965497     
  0.992698544724937     
  0.996254225653177     
  0.998934451666156     
  0.998967349272730     
  0.996332126364335     
  0.949518027766557     
  0.986011259841216     
  0.985997000044756     
  0.988591765723006     
  0.998757784268050     
  0.998627414786785     
  0.998856798694199     
  0.998883815890405     
  0.998866179503228     
  0.998846548602243     
  0.998825545448425     
  0.998803226100711     
  0.998779704758281     
  0.998756173829878     
  0.998730898490886     
  0.998623939881569     
  0.998679156856036     
  0.998638259885802     
  0.998623683733294     
  0.998587272672130     
  0.997991068254038     
  0.998488845293504     
  0.997774148936502     
  0.992609248649203     
  0.997548815951490     
  0.998302007744432     
  0.998332267741267     
  0.998293664136043     
  0.998137624547718     
  0.998207825817471     
  0.998154688659283     
  0.998005404172213     
  0.994659110588540     
  0.997223045370559     
  0.997778393210586     
  0.997360762293704     
  0.995253083219104     
  0.995596792072312     
  0.990422257477165     
  0.997570068489762     
  0.997593121901225     
  0.997535710720223     
  0.997456808789477     
  0.996782846336824     
  0.997027376966435     
  0.997219581377973     
  0.997127448995775     
  0.997029817604032     
  0.996927069045531     
  0.996808807529593     
  0.996664271709852     
  0.996550152738400     
  0.995812749302757     
  0.996313158867822     
  0.996166148249874     
  0.996027725730972     
  0.995863070920597     
  0.995688409380430     
  0.995500248164719     
  0.995291068158261     
  0.995061465178168     
  0.994800037585387     
  0.994485210475254     
  0.994082475753795     
  0.993440494531949     
  0.991013313490707     
  0.870651497583831     
  0.749861622021204     
  0.976628723235106     
  0.991356923867525     
  0.991498236332665     
  0.990380120196843     
  0.951795597808854     
  0.819812063171486     
  0.964829546428454     
  0.964952607118967     
  0.900750488185789     
  0.980644994947303     
  0.986582342077875     
  0.985529487286982     
  0.984409832259648     
  0.982622266885472     
  0.934679305209636     
  0.890467032624057     
  0.971308914793770     
  0.832021140755058     
  0.829398147731097     
  0.830920912002430     
  0.966008095781319     
  0.966162130438980     
  0.963088604714301     
  0.957470841104719     
  0.944046910511959     
  0.949417145303875     
  0.933625599669626     
  0.935723385572631     
  0.925338202033316     
  0.907595142325501     
  0.813669252039290     
  0.840677791867374     
  0.880265497109809     
  0.863263452500076     
  0.843697336110908     
  0.832843629284818     
  0.840091021501345     
  0.855681085380056     
  0.868902707456168     
  0.876660140899819     
  0.876008120591958     
  0.864824126476206     
  0.839754153964967     
  0.793845282128553     
  0.722074787119364     
  0.595741701592933     
  0.497601609536765     
  0.486561934183479     
  0.535818895624513     
  0.618500141454280     
  0.707381002628506     
  0.774536310640527     
  0.815560323782938     
  0.841673401532854     
  0.862198066939462     
  0.879782235567016     
  0.895672114396353     
  0.911643759425168     
  0.926909589943351     
  0.937886150128384     
  0.945170370944517     
  0.951814513894385     
  0.958136195226405     
  0.962476205575598     
  0.965530185152526     
  0.968380059803604     
  0.970963853949097     
  0.973395093385804     
  0.975539483772230     
  0.977529637249062     
  0.979374502390590     
  0.981184878707518     
  0.982823869505549     
  0.984449937784975     
  0.985898075549597     
  0.987184296587482     
  0.988252674064276     
  0.987767226248966     
  0.989018930332898     
  0.990304345355017     
  0.991407161843738     
  0.991914682553965     
  0.992442265681456     
  0.992960006311010     
  0.993350039834050     
  0.993678800199219     
  0.993553484290484     
  0.994189175646932     
  0.994619164300621     
  0.994879353453909     
  0.995056013088555     
  0.995399917516899     
  0.995624282832669     
  0.995816908854555     
  0.995910154933989     
  0.990564490101222     
  0.985789071414481     
  0.995592352472585     
  0.995534495039337     
  0.996727273881545     
  0.996906978471212     
  0.996945219543901     
  0.985556385964139     
  0.996866761504298     
  0.997340485821221     
  0.997261624833605     
  0.995483836170348     
  0.997313903954360     
  0.997553970094200     
  0.997403728336495     
  0.997219684200184     
  0.997033036192642     
  0.994608724569402     
  0.910401482230258     
  0.870183594419243     
  0.952662705560741     
  0.996129096777398     
  0.997347161163488     
  0.997726388928360     
  0.997804639444677     
  0.997705459907130     
  0.996983700398062     
  0.991381468470186     
  0.759326337176625     
  0.745350248325375     
  0.724366053219532     
  0.905831741577839     
  0.996272983559641     
  0.997856872557221     
  0.996524880830883     
  0.998179633930376     
  0.998566109184951     
  0.998660415596726     
  0.998719766945255     
  0.998766468907031     
  0.998767395423373     
  0.998496596708780     
  0.998621950010690     
  0.997864481698820     
  0.998913581992401     
  0.998967724684555     
  0.998996213117304     
  0.998815846967026     
  0.999033324981851     
  0.999068203651093     
  0.999088854878204     
  0.999109369755613     
  0.999128802627754     
  0.999146466477629     
  0.999152980153898     
  0.998740783129337     
  0.998912231082360     
  0.999195693256451     
  0.999221998898306     
  0.998720614441809     
  0.999126565192245     
  0.999271801348292     
  0.999287346587342     
  0.999296484416655     
  0.999036908308998     
  0.997992395086022     
  0.999240720330729     
  0.999342979594745     
  0.999354313895399     
  0.999343415566152     
  0.999196135324996     
  0.999328720346026     
  0.999318645363928     
  0.999269060932195     
  0.999379470641270     
  0.999371784003158     
  0.999351993623178     
  0.999311318442512     
  0.999216896241888     
  0.998907151691228     
  0.991534982610299     
  0.949889808323513     
  0.986205997678106     
  0.997032855552544     
  0.962781142118666     
  0.931656560092083     
  0.990493191132585     
  0.998637746575853     
  0.999081780900513     
  0.999257139481500     
  0.999279208024371     
  0.999149374512077     
  0.995010519063772     
  0.901108510369770     
  0.940357007327462     
  0.980056297225659     
  0.998605357760550     
  0.999376194037548     
  0.999299117552229     
  0.999527176421472     
  0.999579395721694     
  0.999594084486916     
  0.999605060048721     
  0.999614568936992     
  0.999622824152479     
  0.999629665595595     
  0.999608401521493     
  0.999607858233162     
  0.999648882101236     
  0.999653587676051     
  0.999657361927299     
  0.999423301353439     
  0.999634805247388     
  0.999636820241063     
  0.999558399026560     
  0.999646558529337     
  0.999602617424720     
  0.999366842512594     
  0.999668185977314     
  0.999689653620880     
  0.999691434347876     
  0.999663857834180     
  0.999690976973901     
  0.999677047253965     
  0.999491166896902     
  0.997689099424253     
  0.998451116474232     
  0.999618379442247     
  0.999686992929668     
  0.999639700581338     
  0.998657879167350     
  0.997107181158062     
  0.999610272299998     
  0.999710276395785     
  0.999723985766402     
  0.999703092868998     
  0.999732366160976     
  0.999650276788429     
  0.999735868887965     
  0.999741794977845     
  0.999743171043515     
  0.999745768563923     
  0.999747131279357     
  0.999748416363673     
  0.999748475809382     
  0.999710343954030     
  0.999674708250574     
  0.998627236941444     
  0.984325300159260     
  0.998567085522476     
  0.999627847951405     
  0.999753782989298     
  0.999763249512974     
  0.999767005207557     
  0.999768163132713     
  0.999732614617241     
  0.999760438736411     
  0.999750561108693     
  0.999736070752375     
  0.999098608868215     
  0.999335585421288     
  0.999647531897485     
  0.999682276890524     
  0.999776437179207     
  0.999776299421842     
  0.999771257669350     
  0.999675555968877     
  0.999618040595614     
  0.999019521573462     
  0.976817182623443     
  0.985818903117175     
  0.969271925795111     
  0.963290697534098     
  0.999633059529210     
  0.999597379519264     
  0.999546489235794     
  0.998490142727330     
  0.993455337827773     
  0.999505071678933     
  0.999732841273885     
  0.999770607141614     
  0.999757163036797     
  0.999704715205611     
  0.998950330643554     
  0.951734534768683     
  0.933413507517004     
  0.997830458905830     
  0.999503216407641     
  0.999148120278989     
  0.999725654508609     
  0.999788861731157     
  0.999794192021745     
  0.999801525164775     
  0.999805607859000     
  0.999804664766200     
  0.999809106871665     
  0.999806734728181     
  0.999743754807515     
  0.999543850706788     
  0.998736912930990     
  0.999707322935052     
  0.999814307824233     
  0.999817049537459     
  0.999816620577556     
  0.999808267069733     
  0.999508229605934     
  0.999773715059065     
  0.999817224258909     
  0.999820200540796     
  0.999821417468045     
  0.999821403127332     
  0.999818300857590     
  0.999821598071614     
  0.999822420141521     
  0.999822355959507     
  0.999514619347366     
  0.999094097818988     
  0.999813116308853     
  0.999764967820339     
  0.999587122885190     
  0.999331033639902     
  0.999093096652781     
  0.999819054129659     
  0.999809725779818     
  0.999718494485393     
  0.995205907835126     
  0.995187524330448     
  0.999706190241779     
  0.999771092285847     
  0.999725705410487     
  0.998681887779509     
  0.998682593856460     
  0.999730067601777     
  0.999803557229522     
  0.999789941007705     
  0.999783830416294     
  0.999655582252627     
  0.992168986302718     
  0.983007902605485     
  0.998930815362767     
  0.999747634000980     
  0.998912756269959     
  0.974867283853633     
  0.994775599862099     
  0.999656529034954     
  0.999800369788775     
  0.999716262548548     
  0.997549512165062     
  0.998468418179347     
  0.999795040426712     
  0.999764812627286     
  0.999806483810844     
  0.999818742445938     
  0.999817411723779     
  0.999814585237334     
  0.999811376776349     
  0.999804808546173     
  0.999593429491023     
  0.999747026321876     
  0.999768458463265     
  0.999750516278007     
  0.999659299606332     
  0.998882145207484     
  0.980636354691151     
  0.922727388845033     
  0.950698609803320     
  0.996677822093653     
  0.995432389496011     
  0.962727068659874     
  0.976501209654309     
  0.998444520097198     
  0.999449622066737     
  0.998296301655559     
  0.997988560512332     
  0.999630011295884     
  0.999540773897389     
  0.998604675874825     
  0.906782693946811     
  0.905833044822237     
  0.998900436288497     
  0.999451661853095     
  0.999694951718013     
  0.999744432643143     
  0.999751393584825     
  0.999745150442263     
  0.999530263808233     
  0.999113576933202     
  0.998843406162409     
  0.998859899735997     
  0.999365573551209     
  0.994276296468503     
  0.870575691650968     
  0.899693627786781     
  0.997004925410181     
  0.994083069767368     
  0.924812345164696     
  0.908339714057078     
  0.990892160770077     
  0.997278045928354     
  0.976016266397323     
  0.975589808844212     
  0.996812204659538     
  0.983684183151383     
  0.933902540091037     
  0.965940977879233     
  0.997644078860460     
  0.999250822873090     
  0.999343956236137     
  0.999114217278893     
  0.994060482418694     
  0.963009968442550     
  0.911915299127436     
  0.963570647178621     
  0.997170209589388     
  0.998574690388557     
  0.991839053413921     
  0.986377590930150     
  0.997900746818748     
  0.999461179756209     
  0.990502837174638     
  0.990561619598336     
  0.987887314708266     
  0.962026014080936     
  0.993665464868836     
  0.999258716385102     
  0.999729020853225     
  0.999603126132625     
  0.999323478066079     
  0.999755329430166     
  0.999760514691796     
  0.999764022039021     
  0.999778478021996     
  0.999726228205816     
  0.999634098539956     
  0.999634425104475     
  0.999740903548768     
  0.999778380797030     
  0.999779127099043     
  0.999777503534686     
  0.999631901087829     
  0.999731001230662     
  0.999775655286994     
  0.999765030623920     
  0.999773793574690     
  0.999772142384405     
  0.999761248114804     
  0.999764097663301     
  0.999766998017386     
  0.999763572209690     
  0.999761369630836     
  0.999756561168772     
  0.999747548849702     
  0.999730572175718     
  0.999284488741894     
  0.991037528306556     
  0.995542371361419     
  0.999286857735873     
  0.978517612493226     
  0.954012107868466     
  0.998704572124877     
  0.999663801363030     
  0.999669068045267     
  0.999497480903902     
  0.995765926909310     
  0.959448598470759     
  0.975345030307188     
  0.998609349608969     
  0.999603425856105     
  0.999657917917732     
  0.999398148948370     
  0.999291258898749     
  0.999623964210939     
  0.999675861476951     
  0.994442142835381     
  0.998110233285792     
  0.996043858841825     
  0.997015910592293     
  0.999675505394496     
  0.999672957966230     
  0.999661389318509     
  0.999675501211165     
  0.999671658385671     
  0.999666866764960     
  0.999662206213414     
  0.999655831865534     
  0.999640315426067     
  0.999634614392175     
  0.999564561293703     
  0.999591972989906     
  0.999616218791960     
  0.999614907093228     
  0.998947435984120     
  0.999582060859203     
  0.999557620481572     
  0.999365537633943     
  0.999475728152883     
  0.999488899991117     
  0.998739027405614     
  0.991655171085774     
  0.973572356926497     
  0.998604526985438     
  0.999408960201195     
  0.999379857127438     
  0.997680569178396     
  0.994830415109984     
  0.998139600504539     
  0.996829448062726     
  0.947977471228964     
  0.976823632429230     
  0.771349417224603     
  0.983829622456278     
  0.998864799512677     
  0.999226478195018     
  0.999275849967990     
  0.999267832903740     
  0.999217400608189     
  0.999026815678840     
  0.996724685774917     
  0.931954105862827     
  0.931996664888225     
  0.996645324952734     
  0.997204998930010     
  0.988898702194649     
  0.997241082356306     
  0.999095671122362     
  0.999151995324241     
  0.999143194518232     
  0.999120232213585     
  0.999104725108909     
  0.999090187662828     
  0.999066866679836     
  0.999043269189382     
  0.999007164159356     
  0.998989297845220     
  0.998956994987974     
  0.998917689099488     
  0.998763371797348     
  0.998394179331063     
  0.998686318516584     
  0.998778472419981     
  0.998714688456471     
  0.998064526722347     
  0.998663506105909     
  0.998611044221633     
  0.998265931719275     
  0.998376320765112     
  0.998444632007280     
  0.998345342444868     
  0.997123499769862     
  0.986183317028064     
  0.992650904745709     
  0.955150814479471     
  0.967480768451404     
  0.996805698106396     
  0.990168144536100     
  0.977057248408388     
  0.994539582313255     
  0.989553404770193     
  0.990868656707958     
  0.993893015954116     
  0.996802511225646     
  0.997220168940816     
  0.997093711381360     
  0.996953803128430     
  0.996793024518767     
  0.996589245086682     
  0.996451998179839     
  0.996258908956142     
  0.996037781826709     
  0.995817721089684     
  0.995560590526304     
  0.991470626137463     
  0.985526677361504     
  0.994587717280426     
  0.994369100027969     
  0.993999026577888     
  0.993570041108985     
  0.993439109635327     
  0.993119753149333     
  0.992759645416485     
  0.992356703852290     
  0.991932987171660     
  0.991489976814252     
  0.990989272583958     
  0.990438212130905     
  0.989903244689931     
  0.989146528414591     
  0.988444244336803     
  0.987660896909308     
  0.986642713718009     
  0.981526563361581     
  0.976430102413200     
  0.980718683171366     
  0.982512110771683     
  0.981434091852530     
  0.979802234484358     
  0.978651054272573     
  0.977431477240610     
  0.975929620463363     
  0.974594968277751     
  0.973212473403086     
  0.971884790986441     
  0.970732666575528     
  0.969621033593187     
  0.968292609715724     
  0.967012934734041     
  0.966826090483751     
  0.968000248116200     
  0.969360990690049     
  0.970516333275441     
  0.971658715461668     
  0.972931761085635     
  0.973886471169304     
  0.974894546119203     
  0.976997020277627     
  0.978436851198626     
  0.979839403670777     
  0.981179628955285     
  0.982341099307991     
  0.983583809552973     
  0.984659502431258     
  0.985594870069348     
  0.986585917132838     
  0.987301164712635     
  0.988241441631297     
  0.988650690479650     
  0.988746320448273     
  0.989866730039049     
  0.990862061526636     
  0.991359859885662     
  0.990260945895565     
  0.978081660351927     
  0.987266018430744     
  0.990677934376199     
  0.993354343318780     
  0.993505332741930     
  0.994061756235864     
  0.994378203765505     
  0.994707988385446     
  0.994996216153358     
  0.995060183069804     
  0.995107520341711     
  0.986846920950746     
  0.967673243505108     
  0.991365323588948     
  0.996140626236302     
  0.996558459247992     
  0.996774819544798     
  0.996933952850191     
  0.996902470396845     
  0.993392904419782     
  0.994132051063198     
  0.997359930530475     
  0.997458332590692     
  0.997583890782260     
  0.997820770256337     
  0.997911423910548     
  0.997996784084114     
  0.998076968313368     
  0.998151953999129     
  0.998222990224999     
  0.998289688768690     
  0.998351462191438     
  0.998395445396562     
  0.998277055838377     
  0.998517837432194     
  0.998567690217864     
  0.998612928984605     
  0.998658749746638     
  0.998699655204713     
  0.997897191754700     
  0.998516446977862     
  0.998812357177893     
  0.998845868509412     
  0.998875706987276     
  0.998902767065164     
  0.998927045834950     
  0.998948970996250     
  0.998967966524274     
  0.998981877152127     
  0.998991242558335     
  0.998981644537386     
  0.998809327793218     
  0.998843360267862     
  0.998442896332915     
  0.998683770514878     
  0.998771538571817     
  0.998575827391249     
  0.998163507224663     
  0.996994770312960     
  0.981095768553715     
  0.756397544150475     
  0.478626957013488     
  0.943435912592534     
  0.994913270510349     
  0.997214076605492     
  0.983381629520116     
  0.993363415959454     
  0.992891785758129     
  0.998686478956338     
  0.999191075571901     
  0.999130403975922     
  0.997793353883142     
  0.994813860760860     
  0.997926747352211     
  0.999089699588517     
  0.999404291905608     
  0.999395346850674     
  0.999433523571273     
  0.999508740401062     
  0.999524189777337     
  0.999529422785920     
  0.999474401414269     
  0.998786775127381     
  0.998095732240462     
  0.999397645946718     
  0.999561824144761     
  0.999550820995805     
  0.999616032535218     
  0.999625299556181     
  0.999634349861696     
  0.999640732827004     
  0.999646959765230     
  0.999652616444833     
  0.999655341015984     
  0.999653832934767     
  0.999640766040300     
  0.999488820110387     
  0.993982487066695     
  0.997680496966943     
  0.999484557411326     
  0.993910777092120     
  0.984306060711622     
  0.998299018295899     
  0.999195892098230     
  0.999644209278699     
  0.999699149711133     
  0.999711260872562     
  0.999711208908317     
  0.999692796885386     
  0.998701446130598     
  0.989733397663365     
  0.997902208583962     
  0.999701867792433     
  0.999739921451808     
  0.999751498860559     
  0.999755608834065     
  0.999765648217186     
  0.999768985380954     
  0.999765571702928     
