  0.999451117530389     
  0.999450766941117     
  0.999442936501297     
  0.999446252497082     
  0.999435519180607     
  0.999390618291416     
  0.999348101030792     
  0.999337141281063     
  0.999409958082159     
  0.999391911978902     
  0.999210358309348     
  0.989097551407603     
  0.997365437593415     
  0.999223760294739     
  0.999256641357606     
  0.999184934911229     
  0.998915198990761     
  0.997115022797266     
  0.897576345909296     
  0.765152808793028     
  0.964912055729995     
  0.988806143250369     
  0.978765605658858     
  0.997812157508666     
  0.999082049544797     
  0.999146443777025     
  0.999282991242768     
  0.999297936465465     
  0.999303763307428     
  0.999305065897110     
  0.999300880167642     
  0.999144539568146     
  0.999049815247527     
  0.999283308576316     
  0.999281983148716     
  0.999274494303386     
  0.999266047022266     
  0.999258229229453     
  0.999248492740119     
  0.999220072704436     
  0.999228223396093     
  0.999219465723991     
  0.999163561722601     
  0.999153518297931     
  0.999185224752804     
  0.999167327738604     
  0.999158687076461     
  0.999142157512179     
  0.999118782936619     
  0.999050107149402     
  0.998687807568813     
  0.992706260147702     
  0.996235504893706     
  0.998927690176614     
  0.998979453054011     
  0.996434922462752     
  0.950063386317670     
  0.986212905242576     
  0.986151679395678     
  0.988704287472289     
  0.998769202440714     
  0.998638157212319     
  0.998862706113795     
  0.998888788753158     
  0.998871311848580     
  0.998851803229462     
  0.998830881344470     
  0.998808713580576     
  0.998785282598449     
  0.998761835934941     
  0.998736724815400     
  0.998632201963382     
  0.998685223668313     
  0.998644781429449     
  0.998629700521105     
  0.998590986560974     
  0.997995510106940     
  0.998490984952685     
  0.997789763069721     
  0.992731607866284     
  0.997568469956889     
  0.998310880183923     
  0.998339966834564     
  0.998301521792775     
  0.998148990162222     
  0.998215846199547     
  0.998160707619222     
  0.997999007451948     
  0.994654418560063     
  0.997227143822312     
  0.997772809744669     
  0.997300694734819     
  0.995125879769862     
  0.995444603361948     
  0.990370086373827     
  0.997541360329284     
  0.997599579280092     
  0.997546327073245     
  0.997465972276472     
  0.996791812384743     
  0.997040697981793     
  0.997231374582095     
  0.997141075805962     
  0.997043610823088     
  0.996940907172168     
  0.996821634549392     
  0.996675814938588     
  0.996561870005775     
  0.995869584252371     
  0.996329859050458     
  0.996183607005718     
  0.996046119451635     
  0.995882366728594     
  0.995708588556300     
  0.995521363518931     
  0.995313410021049     
  0.995084899925002     
  0.994824832437120     
  0.994511953436019     
  0.994111956266074     
  0.993477259531843     
  0.991102580622307     
  0.872382591497183     
  0.753284523823054     
  0.976914316021947     
  0.991410663241947     
  0.991534043947737     
  0.990346101333214     
  0.951993044844312     
  0.821673508404499     
  0.964829277027714     
  0.965089611749497     
  0.901788927399824     
  0.980656085075306     
  0.986617756854681     
  0.985589327852545     
  0.984467086634189     
  0.982627096077211     
  0.935205910806348     
  0.891595421338248     
  0.971288455963323     
  0.834479826932240     
  0.831489500888338     
  0.833045731229396     
  0.966192646813983     
  0.966275594962707     
  0.963153519711044     
  0.957416506827219     
  0.944050326739184     
  0.949499816781013     
  0.933890511014118     
  0.935908608141249     
  0.925530281196983     
  0.907952037726779     
  0.815330042360110     
  0.841768092776540     
  0.880452728940301     
  0.863379298857961     
  0.843809501526453     
  0.832977352636517     
  0.840230365420493     
  0.855818890187478     
  0.869047739694086     
  0.876802081000540     
  0.876154734766772     
  0.864964146425181     
  0.839838001140697     
  0.793772464317417     
  0.721684052556714     
  0.595364183672219     
  0.497616446218701     
  0.486620781350530     
  0.535623678660022     
  0.618190456000337     
  0.707062245522375     
  0.774353168152908     
  0.815496758046737     
  0.841675710545810     
  0.862235162518182     
  0.879866074630434     
  0.895808471814185     
  0.911815012009561     
  0.927096761973356     
  0.938074375666003     
  0.945353462090892     
  0.951988700093934     
  0.958300536265562     
  0.962629803242343     
  0.965673399746160     
  0.968513157828580     
  0.971088394165233     
  0.973509515215303     
  0.975645999907710     
  0.977628469991983     
  0.979465958669737     
  0.981269822542660     
  0.982904777329817     
  0.984523497142268     
  0.985965813271525     
  0.987247295970372     
  0.988315630411127     
  0.987838875879189     
  0.989082404096103     
  0.990358326091034     
  0.991452202708148     
  0.991957528669383     
  0.992481207331069     
  0.992994706767123     
  0.993381307824756     
  0.993707131321152     
  0.993587602303636     
  0.994216091207097     
  0.994643734836209     
  0.994904252151636     
  0.995081945088046     
  0.995422841169259     
  0.995646170908606     
  0.995837678995548     
  0.995928748438876     
  0.990681323094436     
  0.986004551629259     
  0.995607725685871     
  0.995550246732977     
  0.996739441362366     
  0.996921284279321     
  0.996956621931879     
  0.985802697129308     
  0.996880769427511     
  0.997353204438159     
  0.997279299485679     
  0.995520143336883     
  0.997331019934330     
  0.997566579303241     
  0.997418777794095     
  0.997232082334159     
  0.997016851291119     
  0.994364997943712     
  0.910964661882264     
  0.871171068339961     
  0.952642327666126     
  0.995977146260040     
  0.997348457273283     
  0.997737535654503     
  0.997815774327855     
  0.997713270872045     
  0.996904495264571     
  0.990707385546800     
  0.760789270122804     
  0.746774358006360     
  0.726283451661215     
  0.905868599906856     
  0.995963372316502     
  0.997837554684213     
  0.996561606163922     
  0.998185849783502     
  0.998571759234046     
  0.998666670410307     
  0.998725755444158     
  0.998771950455013     
  0.998771927507002     
  0.998502683135292     
  0.998629165091941     
  0.997884305953619     
  0.998918711136749     
  0.998972355969651     
  0.999000639050044     
  0.998834103624135     
  0.999037989046729     
  0.999072215997814     
  0.999092802655040     
  0.999113245922024     
  0.999132596904842     
  0.999149885129379     
  0.999154939062355     
  0.998743830954386     
  0.998918262219903     
  0.999198478556833     
  0.999223132411902     
  0.998720515840434     
  0.999125572964339     
  0.999273762711531     
  0.999290226451931     
  0.999298721915324     
  0.999041326551404     
  0.998015293868713     
  0.999243190763220     
  0.999345521422834     
  0.999357116572323     
  0.999346513155528     
  0.999201485448857     
  0.999332124444816     
  0.999325059315763     
  0.999279124663702     
  0.999382486703974     
  0.999375104113015     
  0.999355598261900     
  0.999315649340509     
  0.999223399646001     
  0.998931158477631     
  0.991714600172379     
  0.950685069629965     
  0.986471804337532     
  0.997135780084598     
  0.963457491305656     
  0.932754778386249     
  0.990727457606991     
  0.998671780336360     
  0.999090412711354     
  0.999262796450952     
  0.999283577957496     
  0.999136938283712     
  0.994925076542098     
  0.902138361371186     
  0.940864837715661     
  0.980236758058244     
  0.998591606035532     
  0.999375058205586     
  0.999308094071500     
  0.999529832182543     
  0.999581103378824     
  0.999595705281512     
  0.999606522365072     
  0.999615983648034     
  0.999624137627154     
  0.999630779307587     
  0.999609918125884     
  0.999609671110552     
  0.999649966370056     
  0.999654541956436     
  0.999657138688335     
  0.999422264180215     
  0.999633126510392     
  0.999639007488458     
  0.999560440870552     
  0.999643712207217     
  0.999602132076107     
  0.999385074345780     
  0.999669030871869     
  0.999690368233499     
  0.999692135868563     
  0.999665261610090     
  0.999691332454893     
  0.999674516243280     
  0.999473103164683     
  0.997654453263270     
  0.998419239782530     
  0.999607054615856     
  0.999685502012887     
  0.999634478646283     
  0.998646546784535     
  0.997112031690714     
  0.999600398638160     
  0.999709526447882     
  0.999724441200735     
  0.999704056680519     
  0.999733035375507     
  0.999652771532810     
  0.999736370653852     
  0.999742194365003     
  0.999743560919475     
  0.999746163944409     
  0.999747501224413     
  0.999748776579182     
  0.999748860510840     
  0.999712843753430     
  0.999679109880929     
  0.998656429149806     
  0.984513154521822     
  0.998596947825697     
  0.999633985737860     
  0.999754228777215     
  0.999763468876425     
  0.999767261501775     
  0.999768382516046     
  0.999733991751816     
  0.999765115302562     
  0.999749318447220     
  0.999734151721854     
  0.999106644338058     
  0.999339896774217     
  0.999654510093814     
  0.999689603798383     
  0.999776564604888     
  0.999776488191161     
  0.999771204756110     
  0.999676682456416     
  0.999622576836914     
  0.999050610653851     
  0.977105216471624     
  0.986013335962027     
  0.969647955533506     
  0.964054315878465     
  0.999613176853452     
  0.999595893765894     
  0.999541028710854     
  0.998462124517798     
  0.993431242392206     
  0.999480311045064     
  0.999729387989999     
  0.999770510253082     
  0.999757266082576     
  0.999699131489786     
  0.998896314742428     
  0.952223219713720     
  0.934149873361144     
  0.997768283829376     
  0.999493151435933     
  0.999148593344807     
  0.999723645449066     
  0.999788214735662     
  0.999793858284260     
  0.999801231885357     
  0.999805373360999     
  0.999804413045034     
  0.999808715604136     
  0.999804390203903     
  0.999735372526885     
  0.999536397300398     
  0.998745735183464     
  0.999708760954120     
  0.999814737718437     
  0.999816753506044     
  0.999816037646148     
  0.999806659142125     
  0.999507191662234     
  0.999772521196938     
  0.999816459782886     
  0.999819728482127     
  0.999821000807252     
  0.999820934674297     
  0.999820324125147     
  0.999821576227009     
  0.999821932574159     
  0.999822276039830     
  0.999518555444898     
  0.999102503961136     
  0.999812925252887     
  0.999762966418211     
  0.999586457922230     
  0.999340234248680     
  0.999109318144904     
  0.999817921827438     
  0.999805587070090     
  0.999673926145580     
  0.995079660936574     
  0.995061724570511     
  0.999661970761694     
  0.999766052229063     
  0.999714551801007     
  0.998657436714463     
  0.998658416537090     
  0.999719191313713     
  0.999801444947298     
  0.999789578912902     
  0.999783520646268     
  0.999655644219284     
  0.992317525655600     
  0.983356563014044     
  0.998941919096954     
  0.999748754768529     
  0.998929659393501     
  0.975103705733213     
  0.994831910800341     
  0.999661879386117     
  0.999799364444899     
  0.999715030859047     
  0.997587992465479     
  0.998486127485723     
  0.999792700544109     
  0.999766155303425     
  0.999805981964025     
  0.999817588451107     
  0.999816168377468     
  0.999813284874328     
  0.999809997792249     
  0.999803165728882     
  0.999595701713215     
  0.999745724864133     
  0.999766381902670     
  0.999747240497352     
  0.999633132737550     
  0.998598828048736     
  0.979602738259787     
  0.921373612935605     
  0.949422666070215     
  0.996050998095957     
  0.995189202602646     
  0.962595155924934     
  0.976325121214834     
  0.998328264220124     
  0.999432902985787     
  0.998306410828063     
  0.998002475603737     
  0.999627880114997     
  0.999521103212407     
  0.998431422082761     
  0.907671951581958     
  0.906737192680443     
  0.998722848050364     
  0.999431559310898     
  0.999691920868852     
  0.999742618433540     
  0.999749731769757     
  0.999743157690822     
  0.999529817889808     
  0.999113454657323     
  0.998827108126862     
  0.998841711187779     
  0.999330317313011     
  0.994108949493097     
  0.871744997244291     
  0.900514132088008     
  0.996725288924065     
  0.993128002158948     
  0.923246588269534     
  0.906835672417582     
  0.989799201146839     
  0.997004298685722     
  0.975910847352616     
  0.975489515725510     
  0.996648190708361     
  0.983379104767229     
  0.933674538554020     
  0.965643572377069     
  0.997492419910926     
  0.999228233062209     
  0.999335651473839     
  0.999076205469369     
  0.993853061480030     
  0.962589383035982     
  0.911562010185269     
  0.963127777437255     
  0.996977810751770     
  0.998519280204747     
  0.991789246539293     
  0.986352492476524     
  0.997846944592196     
  0.999457574333772     
  0.990606986559143     
  0.990530747376363     
  0.987395504982505     
  0.961448164124833     
  0.993231543881680     
  0.999166315408307     
  0.999718425777827     
  0.999601257387437     
  0.999327289474399     
  0.999751762076378     
  0.999758481740284     
  0.999761823240162     
  0.999774847531958     
  0.999722347602523     
  0.999627591305444     
  0.999627872615534     
  0.999736623987495     
  0.999774530610761     
  0.999775402830037     
  0.999773616210489     
  0.999630492326976     
  0.999727609993964     
  0.999771604213339     
  0.999761168034981     
  0.999769690566355     
  0.999767982375134     
  0.999757254941628     
  0.999759905081659     
  0.999762659769276     
  0.999759123248309     
  0.999756893575542     
  0.999751961530322     
  0.999742652150147     
  0.999724718729537     
  0.999288286314266     
  0.991138851609394     
  0.995595806143520     
  0.999292024191622     
  0.978701182944657     
  0.954425155490504     
  0.998709214716037     
  0.999658025734076     
  0.999658528204401     
  0.999412391550794     
  0.995316021685124     
  0.958747391958415     
  0.974673491615451     
  0.998328432289349     
  0.999562919799040     
  0.999644137804096     
  0.999376655803616     
  0.999268343449993     
  0.999608754009959     
  0.999667979920183     
  0.994757932122397     
  0.998196018515191     
  0.996258404612357     
  0.997169882393115     
  0.999668552936377     
  0.999665840177831     
  0.999654326483994     
  0.999667783281033     
  0.999663738381466     
  0.999658756054386     
  0.999653917419040     
  0.999647214072409     
  0.999631000968036     
  0.999625056468987     
  0.999555947972102     
  0.999582983062334     
  0.999606674556712     
  0.999604871531566     
  0.998954226200231     
  0.999571383594539     
  0.999545225200746     
  0.999351924894639     
  0.999461918310618     
  0.999471046848644     
  0.998694177331315     
  0.991559078293363     
  0.973815828183565     
  0.998538064856141     
  0.999386355955495     
  0.999352973763742     
  0.997623431370144     
  0.994766284637319     
  0.998089831401243     
  0.996766003315133     
  0.948587669794832     
  0.976451506256448     
  0.773636114436731     
  0.983443606504113     
  0.998748228578855     
  0.999206611729585     
  0.999260427858685     
  0.999252192665067     
  0.999201338288818     
  0.998998591030934     
  0.996629590609387     
  0.932916226568106     
  0.932949747701678     
  0.996525982747207     
  0.997066252066978     
  0.988737641469626     
  0.997105941600080     
  0.999047405501908     
  0.999127017690142     
  0.999119698676130     
  0.999095490763455     
  0.999079137709090     
  0.999063686277212     
  0.999039465342715     
  0.999014993859493     
  0.998978101283863     
  0.998959124871252     
  0.998926427609529     
  0.998883115511327     
  0.998717923669570     
  0.998341739340756     
  0.998638546016836     
  0.998738674098484     
  0.998676150986360     
  0.998037853386263     
  0.998622179435690     
  0.998568881458614     
  0.998225094008940     
  0.998332235342944     
  0.998397093667088     
  0.998291409860839     
  0.997057270404769     
  0.986194869365483     
  0.992191553158306     
  0.954639423092713     
  0.967146020797363     
  0.996563069718196     
  0.989951360632504     
  0.976863602285908     
  0.994354924455413     
  0.989542796299930     
  0.990873590311023     
  0.993861498290946     
  0.996728474610942     
  0.997132956225548     
  0.997001101633849     
  0.996856398833027     
  0.996690650028643     
  0.996482646778202     
  0.996338078847187     
  0.996138686602254     
  0.995916097873405     
  0.995684021920587     
  0.995425364465284     
  0.991385385478788     
  0.985498786595592     
  0.994432052739339     
  0.994190580755659     
  0.993810433657285     
  0.993376359407054     
  0.993229675556150     
  0.992899178896694     
  0.992526921051950     
  0.992110496853489     
  0.991673435109710     
  0.991216965506431     
  0.990700239162871     
  0.990129529067964     
  0.989575098890494     
  0.988800299412908     
  0.988077626270577     
  0.987269064050009     
  0.986217469671787     
  0.981116233078245     
  0.975992147348270     
  0.980174552540184     
  0.981946894528009     
  0.980846035494078     
  0.979183652412228     
  0.977980683998731     
  0.976718626620055     
  0.975168759130185     
  0.973788213562424     
  0.972357216981586     
  0.970980746981719     
  0.969782495071052     
  0.968626267660610     
  0.967257455398471     
  0.965949354071654     
  0.965759671428506     
  0.966957013651634     
  0.968356374291505     
  0.969556689448521     
  0.970745117408357     
  0.972065490312154     
  0.973068965047519     
  0.974126834613272     
  0.976270422947591     
  0.977755188955715     
  0.979201949175390     
  0.980584164823516     
  0.981782332308611     
  0.983063404764217     
  0.984172869951574     
  0.985138044500190     
  0.986160842855974     
  0.986906824568049     
  0.987873074362835     
  0.988309813221153     
  0.988434259788305     
  0.989568871947816     
  0.990573004854400     
  0.991069242971719     
  0.989905287141962     
  0.977729443303460     
  0.986911827106898     
  0.990482152465125     
  0.993142645713356     
  0.993309744224325     
  0.993871673877072     
  0.994198253672272     
  0.994538526720795     
  0.994836044232867     
  0.994907147478694     
  0.994908483038806     
  0.986534190003881     
  0.967390601051824     
  0.991081336965604     
  0.995988030396083     
  0.996447015339385     
  0.996671960375581     
  0.996832107787430     
  0.996774475377739     
  0.993231954350215     
  0.993976095966427     
  0.997249311332589     
  0.997382523017394     
  0.997515134974196     
  0.997751693446319     
  0.997845185911184     
  0.997933373348709     
  0.998016188838235     
  0.998094133797385     
  0.998167086968721     
  0.998236053273837     
  0.998299861289520     
  0.998346024441010     
  0.998234005968460     
  0.998471940750741     
  0.998523538375685     
  0.998571896628743     
  0.998618558979484     
  0.998659806340861     
  0.997875453145788     
  0.998485009090911     
  0.998776934902230     
  0.998812073203976     
  0.998843209096687     
  0.998871445599861     
  0.998896940994579     
  0.998920075407804     
  0.998940256070389     
  0.998955350357080     
  0.998965776290013     
  0.998956229412425     
  0.998784203080048     
  0.998820485978844     
  0.998428775458762     
  0.998669781488758     
  0.998758536569732     
  0.998567502309411     
  0.998162046155689     
  0.996939905769280     
  0.980628559689848     
  0.756823388582015     
  0.482154492845486     
  0.941913800832245     
  0.994505139594153     
  0.997226500243418     
  0.983558168865332     
  0.993420188501026     
  0.992953483892815     
  0.998686248514003     
  0.999181056588743     
  0.999109715465964     
  0.997755504216343     
  0.994799414042160     
  0.997892272706075     
  0.999055274315808     
  0.999383869257447     
  0.999381780064488     
  0.999421281141787     
  0.999497114426154     
  0.999512871226347     
  0.999516465011474     
  0.999447511261181     
  0.998729549852210     
  0.998040809221617     
  0.999361607709524     
  0.999547774902741     
  0.999541597117945     
  0.999606503251385     
  0.999616062690762     
  0.999625370505593     
  0.999631930945105     
  0.999638389111099     
  0.999644307208218     
  0.999647232135501     
  0.999646026276387     
  0.999633460782403     
  0.999483913720391     
  0.994043599920145     
  0.997698495981346     
  0.999498020114535     
  0.994050450802255     
  0.984602369885048     
  0.998321277859446     
  0.999173679350571     
  0.999627426388659     
  0.999691287101262     
  0.999705126786713     
  0.999705724746325     
  0.999692490543148     
  0.998737330789831     
  0.989930037214597     
  0.997954547717550     
  0.999704095585539     
  0.999735222264362     
  0.999746121527795     
  0.999750275477907     
  0.999760407845774     
  0.999763994396792     
  0.999762092471599     
