  0.999449539830789     
  0.999449241378933     
  0.999441511064133     
  0.999444820970400     
  0.999433887239171     
  0.999388422551163     
  0.999345881940829     
  0.999334786743747     
  0.999408394764145     
  0.999393652378886     
  0.999245612963604     
  0.989157315832743     
  0.997445036425060     
  0.999240831560458     
  0.999255023337693     
  0.999182066863459     
  0.998921820543680     
  0.997228140954418     
  0.897049514630076     
  0.763627128471573     
  0.964981699677093     
  0.988920601695425     
  0.978828780831301     
  0.997906113572919     
  0.999101809674041     
  0.999145631491163     
  0.999281171834164     
  0.999295940678224     
  0.999301791181563     
  0.999303104983662     
  0.999299000918518     
  0.999141454756300     
  0.999045835155779     
  0.999281446415551     
  0.999280050321418     
  0.999272516710796     
  0.999264067433234     
  0.999256213356737     
  0.999246463578987     
  0.999217759625035     
  0.999226117420072     
  0.999217357983210     
  0.999161184529758     
  0.999151140548346     
  0.999183034476130     
  0.999165006935404     
  0.999156443321819     
  0.999139891902017     
  0.999116590559302     
  0.999049849378464     
  0.998698259484695     
  0.992701608607187     
  0.996246791426326     
  0.998931766601703     
  0.998972155821967     
  0.996372947863640     
  0.949734595841667     
  0.986091335518980     
  0.986058424969569     
  0.988636449385131     
  0.998762318553768     
  0.998631680725588     
  0.998859144597355     
  0.998885790670420     
  0.998868217615540     
  0.998848635274019     
  0.998827664392924     
  0.998805405240806     
  0.998781919781420     
  0.998758422315510     
  0.998733212189861     
  0.998627220847091     
  0.998681566055316     
  0.998640849663958     
  0.998626073067206     
  0.998588747499017     
  0.997992832163553     
  0.998489694976122     
  0.997780349483472     
  0.992657838862280     
  0.997556620776625     
  0.998305531089224     
  0.998335325137129     
  0.998296784499153     
  0.998142137959905     
  0.998211010800518     
  0.998157078855269     
  0.998002863963474     
  0.994657247331746     
  0.997224672911301     
  0.997776175954326     
  0.997336908799938     
  0.995202569319721     
  0.995536356250099     
  0.990401539754515     
  0.997558668161829     
  0.997595686197734     
  0.997539926591237     
  0.997460447711277     
  0.996786406853291     
  0.997032666888420     
  0.997224264589183     
  0.997132860352042     
  0.997035295042991     
  0.996932564317683     
  0.996813901280024     
  0.996668855652668     
  0.996554805793799     
  0.995835319084383     
  0.996319790693291     
  0.996173081312951     
  0.996035030078686     
  0.995870733496918     
  0.995696422751649     
  0.995508633302431     
  0.995299940355755     
  0.995070771371669     
  0.994809883891180     
  0.994495830396159     
  0.994094182785978     
  0.993455094313124     
  0.991048762438413     
  0.871338933768437     
  0.751220893456540     
  0.976742135226339     
  0.991378264355217     
  0.991512455924213     
  0.990366610938235     
  0.951874006161118     
  0.820551263178748     
  0.964829439446869     
  0.965007013135603     
  0.901162863589776     
  0.980649398956695     
  0.986596405666921     
  0.985553250619145     
  0.984432568587107     
  0.982624184609449     
  0.934888425943770     
  0.890915127883646     
  0.971300790373181     
  0.832997511365607     
  0.830228646446184     
  0.831764700434795     
  0.966081382967968     
  0.966207188412643     
  0.963114383152015     
  0.957449264383972     
  0.944048267131816     
  0.949449975027391     
  0.933730798781784     
  0.935796939423111     
  0.925414478709172     
  0.907736869277091     
  0.814328769489522     
  0.841110761913300     
  0.880339848852256     
  0.863309456314486     
  0.843741878183398     
  0.832896732240828     
  0.840146356443008     
  0.855735809123089     
  0.868960301286988     
  0.876716506809226     
  0.876066342624317     
  0.864879729870994     
  0.839787450559802     
  0.793816365410480     
  0.721919622322179     
  0.595591785266508     
  0.497607501339460     
  0.486585303010776     
  0.535741372924735     
  0.618377162121093     
  0.707254420849237     
  0.774463582845133     
  0.815535081165112     
  0.841674318465521     
  0.862212797979919     
  0.879815528931858     
  0.895726263345764     
  0.911711765607116     
  0.926983917901285     
  0.937960896443652     
  0.945243078338234     
  0.951883685039916     
  0.958201456755362     
  0.962537200798828     
  0.965587057148789     
  0.968432914404754     
  0.971013310154921     
  0.973440531474909     
  0.975581782427846     
  0.977568884749526     
  0.979410820620622     
  0.981218610778383     
  0.982855998834419     
  0.984479148961560     
  0.985924974894497     
  0.987209314288882     
  0.988277674675212     
  0.987795679051352     
  0.989044136414338     
  0.990325781657793     
  0.991425048031706     
  0.991931697184364     
  0.992457729808294     
  0.992973786216331     
  0.993362456672090     
  0.993690050776500     
  0.993567032901005     
  0.994199864089806     
  0.994628921510179     
  0.994889240979788     
  0.995066310948852     
  0.995409020731815     
  0.995632974809506     
  0.995825156887921     
  0.995917538602963     
  0.990610885664372     
  0.985874640785230     
  0.995598457330818     
  0.995540750195808     
  0.996732105710864     
  0.996912659451745     
  0.996949747546968     
  0.985654198605939     
  0.996872324191443     
  0.997345536511778     
  0.997268643615356     
  0.995498254110298     
  0.997320700881576     
  0.997558977337425     
  0.997409704626769     
  0.997224607623207     
  0.997026609006532     
  0.994511938292512     
  0.910625126492078     
  0.870575730163154     
  0.952654613296725     
  0.996068755713946     
  0.997347675861617     
  0.997730815404154     
  0.997809061217423     
  0.997708561718851     
  0.996952247254005     
  0.991113783460971     
  0.759907282338018     
  0.745915776372859     
  0.725127471100819     
  0.905846378385124     
  0.996150033878576     
  0.997849201239312     
  0.996539464822732     
  0.998182102306887     
  0.998568352875064     
  0.998662899444723     
  0.998722145037029     
  0.998768645683573     
  0.998769195158259     
  0.998499013688430     
  0.998624815190155     
  0.997872354104507     
  0.998915618825802     
  0.998969563813144     
  0.998997970698430     
  0.998823096863812     
  0.999035177127511     
  0.999069796993082     
  0.999090422578826     
  0.999110909019013     
  0.999130309372083     
  0.999147824057457     
  0.999153758055464     
  0.998741993450218     
  0.998914626105548     
  0.999196799326215     
  0.999222449027528     
  0.998720575286230     
  0.999126171168952     
  0.999272580224575     
  0.999288490209360     
  0.999297372948954     
  0.999038662835630     
  0.998001488413093     
  0.999241701363235     
  0.999343988979112     
  0.999355426865326     
  0.999344645648620     
  0.999198259910482     
  0.999330072146276     
  0.999321192405623     
  0.999273057336270     
  0.999380668348596     
  0.999373102450495     
  0.999353425059620     
  0.999313038283411     
  0.999219478805630     
  0.998916685014656     
  0.991606310452817     
  0.950205614147393     
  0.986311552026949     
  0.997073727860876     
  0.963049726793555     
  0.932092672980458     
  0.990586220566907     
  0.998651261704020     
  0.999085208674171     
  0.999259385917486     
  0.999280943366047     
  0.999144435968599     
  0.994976589033883     
  0.901517473893393     
  0.940558671549496     
  0.980127959917825     
  0.998599896821496     
  0.999375742988025     
  0.999302682212178     
  0.999528231049069     
  0.999580073848318     
  0.999594728119602     
  0.999605640748203     
  0.999615130731955     
  0.999623345745524     
  0.999630107861003     
  0.999609003779217     
  0.999608578143642     
  0.999649312674470     
  0.999653966629655     
  0.999657273277036     
  0.999422889482329     
  0.999634138605379     
  0.999637688817260     
  0.999559209861699     
  0.999645428228526     
  0.999602424688317     
  0.999374082541796     
  0.999668521492726     
  0.999689937400131     
  0.999691712928193     
  0.999664415286498     
  0.999691118138667     
  0.999676042166394     
  0.999483993623236     
  0.997675341116278     
  0.998438457948154     
  0.999613882250126     
  0.999686400872992     
  0.999637626903258     
  0.998653378974782     
  0.997109107348859     
  0.999606351378953     
  0.999709978584649     
  0.999724166623519     
  0.999703475607317     
  0.999732631912146     
  0.999651267474068     
  0.999736068143750     
  0.999741953578106     
  0.999743325866789     
  0.999745925573090     
  0.999747278187884     
  0.999748559408506     
  0.999748628577806     
  0.999711336646922     
  0.999676456177633     
  0.998638829430061     
  0.984399898815470     
  0.998578944111316     
  0.999630285321499     
  0.999753960015673     
  0.999763336624163     
  0.999767106984284     
  0.999768250251794     
  0.999733161489692     
  0.999762295842602     
  0.999750067636741     
  0.999735308688259     
  0.999101799824852     
  0.999337297497903     
  0.999650303001293     
  0.999685186470723     
  0.999776487781069     
  0.999776374383813     
  0.999771236657034     
  0.999676003307056     
  0.999619841977130     
  0.999031867321788     
  0.976931563405377     
  0.985896114113426     
  0.969421250515755     
  0.963593937099776     
  0.999625163943879     
  0.999596789513545     
  0.999544320813414     
  0.998479016450604     
  0.993445769318924     
  0.999495239014450     
  0.999731469944648     
  0.999770568666328     
  0.999757203957174     
  0.999702497863337     
  0.998928880458309     
  0.951928595818039     
  0.933705924803917     
  0.997805768642279     
  0.999499219519920     
  0.999148308137519     
  0.999724856693633     
  0.999788604803638     
  0.999794059491698     
  0.999801408700979     
  0.999805514737816     
  0.999804564805551     
  0.999808951495954     
  0.999805803697357     
  0.999740426131612     
  0.999540890894895     
  0.998740416323367     
  0.999707893984786     
  0.999814478538921     
  0.999816931980840     
  0.999816389090494     
  0.999807628547898     
  0.999507817429593     
  0.999773240966203     
  0.999816920678945     
  0.999820013082263     
  0.999821252008490     
  0.999821217100639     
  0.999819104314376     
  0.999821589396935     
  0.999822226524375     
  0.999822324222725     
  0.999516182405076     
  0.999097435969255     
  0.999813040438909     
  0.999764173046621     
  0.999586858822773     
  0.999334687279352     
  0.999099538344170     
  0.999818604482902     
  0.999808082263340     
  0.999700796022796     
  0.995155774130680     
  0.995137568189475     
  0.999688630315338     
  0.999769090837062     
  0.999721276218773     
  0.998672178056990     
  0.998672992840826     
  0.999725748536972     
  0.999802718424630     
  0.999789797216837     
  0.999783707404038     
  0.999655606860106     
  0.992227972514656     
  0.983146358549712     
  0.998935224747757     
  0.999748079067064     
  0.998919468640258     
  0.974961168937505     
  0.994797961401026     
  0.999658653703592     
  0.999799970558422     
  0.999715773434493     
  0.997564793009453     
  0.998475450690714     
  0.999794111240083     
  0.999765345815020     
  0.999806284523349     
  0.999818284185122     
  0.999816917980760     
  0.999814068852527     
  0.999810829170471     
  0.999804156169981     
  0.999594331809025     
  0.999746509502377     
  0.999767633844104     
  0.999749215438806     
  0.999648908529642     
  0.998769637658687     
  0.980225897204091     
  0.922189793435500     
  0.950191922194753     
  0.996428905204870     
  0.995335818012119     
  0.962674685045681     
  0.976431283512257     
  0.998398353950311     
  0.999442982784912     
  0.998300316089329     
  0.997994086307043     
  0.999629164986822     
  0.999532962510464     
  0.998535875404570     
  0.907135825280158     
  0.906192089175282     
  0.998829914579181     
  0.999443678972997     
  0.999693748143620     
  0.999743712206047     
  0.999750733664818     
  0.999744359104805     
  0.999530086730481     
  0.999113528376496     
  0.998836934083127     
  0.998852676919272     
  0.999351573019804     
  0.994209841660580     
  0.871040032145924     
  0.900019456525131     
  0.996893879555500     
  0.993703804892566     
  0.924190570769635     
  0.907742447286600     
  0.990458137913341     
  0.997169338748689     
  0.975974403666655     
  0.975549981659659     
  0.996747073434970     
  0.983563034137296     
  0.933811998895709     
  0.965822875830007     
  0.997583853908027     
  0.999241852283040     
  0.999340658350309     
  0.999099122493483     
  0.993978113951061     
  0.962842950709070     
  0.911775005343627     
  0.963394780169518     
  0.997093806520822     
  0.998552686575831     
  0.991819274718917     
  0.986367624140212     
  0.997879381539557     
  0.999459748015161     
  0.990544195696724     
  0.990549360001480     
  0.987692013288195     
  0.961796545428106     
  0.993493151518775     
  0.999222023249744     
  0.999724813467735     
  0.999602384039628     
  0.999324991605428     
  0.999753912806766     
  0.999759707391264     
  0.999763148879255     
  0.999777036326785     
  0.999724687188763     
  0.999631514467733     
  0.999631823061414     
  0.999739204102564     
  0.999776851858913     
  0.999777648163652     
  0.999775959848874     
  0.999631341658264     
  0.999729654544996     
  0.999774046575130     
  0.999763496760789     
  0.999772164239237     
  0.999770490413485     
  0.999759662395778     
  0.999762432757710     
  0.999765275266584     
  0.999761805493860     
  0.999759592155838     
  0.999754734618017     
  0.999745604333804     
  0.999728247728644     
  0.999285996786101     
  0.991077764542942     
  0.995563590710040     
  0.999288909373761     
  0.978590509679590     
  0.954176132137077     
  0.998706415732142     
  0.999661507818059     
  0.999664882596598     
  0.999463691293848     
  0.995587266227459     
  0.959170144197529     
  0.975078357349273     
  0.998497795275788     
  0.999587340603284     
  0.999652445733468     
  0.999389613863001     
  0.999282159006183     
  0.999617924128829     
  0.999672731653149     
  0.994567545067753     
  0.998144299226214     
  0.996129056530543     
  0.997077053914901     
  0.999672744522867     
  0.999670131440812     
  0.999658584615735     
  0.999672436365242     
  0.999668513294740     
  0.999663645943213     
  0.999658914673384     
  0.999652409677793     
  0.999636616587749     
  0.999630818872163     
  0.999561140881832     
  0.999588403025157     
  0.999612428707720     
  0.999610921899813     
  0.998950132427551     
  0.999577820841068     
  0.999552698227013     
  0.999360131918001     
  0.999470244166041     
  0.999481810381051     
  0.998721217121972     
  0.991617011954447     
  0.973669041092166     
  0.998578134402329     
  0.999399983895004     
  0.999369181553366     
  0.997657879350589     
  0.994804948446078     
  0.998119836842482     
  0.996804253706432     
  0.948219785375849     
  0.976675858510242     
  0.772257480748050     
  0.983676332814607     
  0.998818508378289     
  0.999218589082577     
  0.999269725740589     
  0.999261622055772     
  0.999211022149169     
  0.999015607474616     
  0.996686922823427     
  0.932336170681861     
  0.932375140690111     
  0.996597933335829     
  0.997149901589977     
  0.988834743866351     
  0.997187417028259     
  0.999076504511344     
  0.999142076533497     
  0.999133864157475     
  0.999110407213476     
  0.999094564176544     
  0.999079663780607     
  0.999055985420886     
  0.999032040862106     
  0.998995623092530     
  0.998977315950911     
  0.998944856473176     
  0.998903959691695     
  0.998745324036006     
  0.998373355053834     
  0.998667347731981     
  0.998762668236081     
  0.998699384965500     
  0.998053934559731     
  0.998647095005242     
  0.998594301103152     
  0.998249714788467     
  0.998358814146311     
  0.998425754211779     
  0.998323925452410     
  0.997097199643298     
  0.986187904539030     
  0.992468493146166     
  0.954947737528439     
  0.967347837914565     
  0.996709348749583     
  0.990082058198293     
  0.976980350238933     
  0.994466253445852     
  0.989549192075699     
  0.990870615874329     
  0.993880500080264     
  0.996773110793945     
  0.997185536192726     
  0.997056935436683     
  0.996915123237790     
  0.996752370931738     
  0.996546914194338     
  0.996406760061400     
  0.996211167867415     
  0.995989460328267     
  0.995764628271118     
  0.995506891370052     
  0.991436776513048     
  0.985515601755430     
  0.994525901873465     
  0.994298208859296     
  0.993924135099203     
  0.993493128843561     
  0.993355941999848     
  0.993032161680083     
  0.992667229060475     
  0.992258933456388     
  0.991829917366413     
  0.991381562257116     
  0.990874495543898     
  0.990315632093107     
  0.989772935875999     
  0.989009038646788     
  0.988298657942661     
  0.987505297561321     
  0.986473846575970     
  0.981363618573709     
  0.976256187650552     
  0.980502605415275     
  0.982287659788548     
  0.981200570918682     
  0.979556591599997     
  0.978384845968917     
  0.977148399727045     
  0.975627477597306     
  0.974274600865454     
  0.972872845663424     
  0.971525789396689     
  0.970355347472459     
  0.969226005769957     
  0.967881543419279     
  0.966590580166004     
  0.966402608780905     
  0.967585973168314     
  0.968962051226205     
  0.970135252708705     
  0.971295919966364     
  0.972587759555053     
  0.973561834391953     
  0.974589683099312     
  0.976708483957792     
  0.978166158885961     
  0.979586266533606     
  0.980943166456115     
  0.982119209471387     
  0.983377153591356     
  0.984466257665902     
  0.985413461815616     
  0.986417117516383     
  0.987144569812575     
  0.988095160723173     
  0.988515326026284     
  0.988622399245764     
  0.989748448766270     
  0.990747275353778     
  0.991244454133876     
  0.990119711635192     
  0.977941792816352     
  0.987125366901918     
  0.990600188190501     
  0.993270276915876     
  0.993427663357063     
  0.993986273381513     
  0.994306744496562     
  0.994640694136190     
  0.994932610918777     
  0.994999411715777     
  0.995028481432680     
  0.986722733614511     
  0.967561004491335     
  0.991252550800160     
  0.996080029515343     
  0.996514204205923     
  0.996733973554706     
  0.996893509568499     
  0.996851642812456     
  0.993328990189512     
  0.994070120367390     
  0.997316002990346     
  0.997428228159600     
  0.997556587443622     
  0.997793339446384     
  0.997885120409553     
  0.997971603306783     
  0.998052832425460     
  0.998128993256543     
  0.998200790713143     
  0.998268389798621     
  0.998330971170549     
  0.998375820045529     
  0.998259960483101     
  0.998499611591741     
  0.998550157263624     
  0.998596634796918     
  0.998642789759054     
  0.998683830989238     
  0.997888559226927     
  0.998503962810739     
  0.998798290787208     
  0.998832448198309     
  0.998862801887384     
  0.998890329130817     
  0.998915091029630     
  0.998937496392075     
  0.998956962544080     
  0.998971343209874     
  0.998981129757542     
  0.998971552046128     
  0.998799350626350     
  0.998834276757443     
  0.998437288853487     
  0.998678215393169     
  0.998766375403085     
  0.998572521454132     
  0.998162927025950     
  0.996972983293130     
  0.980910237282779     
  0.756566649375329     
  0.480027761324597     
  0.942831473471466     
  0.994751199436194     
  0.997219010101715     
  0.983451734280761     
  0.993385960652539     
  0.992916286431318     
  0.998686387446380     
  0.999187096977963     
  0.999122188453722     
  0.997778323570583     
  0.994808123888956     
  0.997913057279587     
  0.999076029122532     
  0.999396181959336     
  0.999389959405112     
  0.999428662035141     
  0.999504123662524     
  0.999519695118611     
  0.999524277182662     
  0.999463723187306     
  0.998764050657847     
  0.998073922009926     
  0.999383334966307     
  0.999556245114278     
  0.999547158143756     
  0.999612248404865     
  0.999621631546837     
  0.999630784110759     
  0.999637237552100     
  0.999643556312190     
  0.999649316802159     
  0.999652120935871     
  0.999650732868733     
  0.999637865083153     
  0.999486871756598     
  0.994006755308068     
  0.997687644471798     
  0.999489903522640     
  0.993966242267230     
  0.984423726662414     
  0.998307857686913     
  0.999187071298159     
  0.999637544704062     
  0.999696027427116     
  0.999708824994626     
  0.999709031118621     
  0.999692675235258     
  0.998715696117682     
  0.989811484263076     
  0.997922992728650     
  0.999702752460738     
  0.999738055379868     
  0.999749363493605     
  0.999753490930493     
  0.999763567238389     
  0.999767003435171     
  0.999764190082088     
