  0.999450381470055     
  0.999450055204971     
  0.999442271477494     
  0.999445584632276     
  0.999434757814243     
  0.999389593890206     
  0.999347065735982     
  0.999336042794599     
  0.999409228731356     
  0.999392723945598     
  0.999226806025685     
  0.989125433919309     
  0.997402573655441     
  0.999231724728107     
  0.999255886486121     
  0.999183596851361     
  0.998918288212119     
  0.997167796977797     
  0.897330557879322     
  0.764441017408814     
  0.964944547440437     
  0.988859542731092     
  0.978795079424383     
  0.997855991802772     
  0.999091268442304     
  0.999146064812903     
  0.999282142415236     
  0.999297005350182     
  0.999302843231112     
  0.999304151051830     
  0.999300003422056     
  0.999143100378863     
  0.999047958374002     
  0.999282439803107     
  0.999281081406712     
  0.999273571676557     
  0.999265123464000     
  0.999257288743377     
  0.999247546054446     
  0.999218993559400     
  0.999227240873144     
  0.999218482377702     
  0.999162452666015     
  0.999152408981595     
  0.999184202900159     
  0.999166244990045     
  0.999157640274162     
  0.999141100513386     
  0.999117760103897     
  0.999049986888837     
  0.998692683810568     
  0.992704090015732     
  0.996240770518001     
  0.998929591993955     
  0.998976048599821     
  0.996406008802803     
  0.949909992244637     
  0.986156188042422     
  0.986108172428232     
  0.988672638256225     
  0.998765990828540     
  0.998635135668832     
  0.998861044522047     
  0.998887390026047     
  0.998869868263435     
  0.998850325249812     
  0.998829380506138     
  0.998807170105910     
  0.998783713707912     
  0.998760243343010     
  0.998735086033082     
  0.998629878070529     
  0.998683517243434     
  0.998642947101280     
  0.998628008166634     
  0.998589941947690     
  0.997994260737618     
  0.998490383126249     
  0.997785371249506     
  0.992697191630304     
  0.997562941833067     
  0.998308384613981     
  0.998337801294157     
  0.998299311652833     
  0.998145793331432     
  0.998213590289411     
  0.998159014653368     
  0.998000806671345     
  0.994655738296924     
  0.997225991041898     
  0.997774380218363     
  0.997317590068902     
  0.995161658563922     
  0.995487409816438     
  0.990384760655311     
  0.997549435137389     
  0.997597762998766     
  0.997543340987923     
  0.997463394841961     
  0.996789290484268     
  0.997036951149799     
  0.997228057480920     
  0.997137242962184     
  0.997039731173021     
  0.996937014890757     
  0.996818026664237     
  0.996672568148203     
  0.996558574263084     
  0.995853598155461     
  0.996325161751552     
  0.996178696341073     
  0.996040945807162     
  0.995876939351804     
  0.995702912712453     
  0.995515424353885     
  0.995307125872931     
  0.995078308378685     
  0.994817858330733     
  0.994504431380231     
  0.994103664212506     
  0.993466918552925     
  0.991077472243290     
  0.871895682571502     
  0.752321756023372     
  0.976833986651742     
  0.991395547838527     
  0.991523972253291     
  0.990355669901596     
  0.951937508437146     
  0.821149935166674     
  0.964829352803194     
  0.965051076121604     
  0.901496843050732     
  0.980652965727842     
  0.986607795652971     
  0.985572496348483     
  0.984450982554118     
  0.982625737758529     
  0.935057791136214     
  0.891278036621435     
  0.971294210470190     
  0.833788266087793     
  0.830901260708302     
  0.832448077949025     
  0.966140737676739     
  0.966243680507504     
  0.963135260904394     
  0.957431789568427     
  0.944049365847707     
  0.949476563562128     
  0.933815998717062     
  0.935856510110647     
  0.925476254593037     
  0.907851652830538     
  0.814862907544040     
  0.841461420994796     
  0.880400065753197     
  0.863346714448742     
  0.843777952464938     
  0.832939739916929     
  0.840191171788180     
  0.855780129464220     
  0.869006946091358     
  0.876762157130483     
  0.876113496206523     
  0.864924762639538     
  0.839814417220582     
  0.793792945978471     
  0.721793955519115     
  0.595470369157394     
  0.497612273066046     
  0.486604229249299     
  0.535678587866950     
  0.618277562072106     
  0.707151903203808     
  0.774404681141135     
  0.815514637355162     
  0.841675061082770     
  0.862224728541822     
  0.879842492984803     
  0.895770118185144     
  0.911766843319360     
  0.927044115575345     
  0.938021432943750     
  0.945301963531959     
  0.951939706253121     
  0.958254311599523     
  0.962586600393802     
  0.965633117372869     
  0.968475720970228     
  0.971053364385163     
  0.973477331461796     
  0.975616039810555     
  0.977600671023930     
  0.979440234500166     
  0.981245930146357     
  0.982882020153418     
  0.984502806889890     
  0.985946760486903     
  0.987229575951705     
  0.988297922496987     
  0.987818722779567     
  0.989064550646032     
  0.990343142772063     
  0.991439533932681     
  0.991945477217134     
  0.992470254099104     
  0.992984946467871     
  0.993372512984941     
  0.993699162542878     
  0.993578005829193     
  0.994208520587723     
  0.994636823808692     
  0.994897248820806     
  0.995074651117172     
  0.995416393364999     
  0.995640014383877     
  0.995831836915584     
  0.995923518587771     
  0.990648461125879     
  0.985943942857578     
  0.995603401615587     
  0.995545816206253     
  0.996736018978007     
  0.996917260441039     
  0.996953414747376     
  0.985733416433762     
  0.996876829375986     
  0.997349627033675     
  0.997274328081817     
  0.995509931107953     
  0.997326205669694     
  0.997563032671944     
  0.997414544786445     
  0.997228595072451     
  0.997021403668903     
  0.994433551693710     
  0.910806254580454     
  0.870893318455532     
  0.952648059421952     
  0.996019885860794     
  0.997348092712434     
  0.997734400379613     
  0.997812642383992     
  0.997711073857156     
  0.996926773544651     
  0.990896987001123     
  0.760377786298831     
  0.746373794117189     
  0.725744138850521     
  0.905858232647036     
  0.996050457668640     
  0.997842988284756     
  0.996551276310828     
  0.998184101430359     
  0.998570170026400     
  0.998664911098552     
  0.998724071039565     
  0.998770408642123     
  0.998770652753015     
  0.998500971186154     
  0.998627135682351     
  0.997878729920260     
  0.998917268445411     
  0.998971053312797     
  0.998999394153300     
  0.998828968513727     
  0.999036677169715     
  0.999071087431704     
  0.999091692250679     
  0.999112155659749     
  0.999131529675830     
  0.999148923553737     
  0.999154388073589     
  0.998742973682356     
  0.998916565821513     
  0.999197695125983     
  0.999222813584696     
  0.998720543574351     
  0.999125852051649     
  0.999273211032217     
  0.999289416422602     
  0.999298092566437     
  0.999040083817246     
  0.998008853049623     
  0.999242495896186     
  0.999344806474100     
  0.999356328253723     
  0.999345641885866     
  0.999199980601002     
  0.999331166962150     
  0.999323255241270     
  0.999276294002946     
  0.999381638365499     
  0.999374170254122     
  0.999354584372564     
  0.999314431173655     
  0.999221570410689     
  0.998924406004331     
  0.991664078507420     
  0.950461383673667     
  0.986397039957831     
  0.997106830136542     
  0.963267252167540     
  0.932445878618373     
  0.990661564640368     
  0.998662207538966     
  0.999087984811039     
  0.999261205294877     
  0.999282348810720     
  0.999140436266453     
  0.994949109268420     
  0.901848691460378     
  0.940721998425017     
  0.980185999185984     
  0.998595474033217     
  0.999375377685176     
  0.999305569213239     
  0.999529085186941     
  0.999580623059854     
  0.999595249394677     
  0.999606111053986     
  0.999615585727062     
  0.999623768181299     
  0.999630466049702     
  0.999609491544961     
  0.999609161195820     
  0.999649661393755     
  0.999654273542445     
  0.999657201479592     
  0.999422555909787     
  0.999633598695026     
  0.999638392273216     
  0.999559866553445     
  0.999644512802932     
  0.999602268591952     
  0.999379946209440     
  0.999668793225182     
  0.999690167231701     
  0.999691938549177     
  0.999664866764710     
  0.999691232467401     
  0.999675228150293     
  0.999478184019590     
  0.997664198321317     
  0.998428205861613     
  0.999610239993224     
  0.999685921368783     
  0.999635947440062     
  0.998649734287575     
  0.997110667362756     
  0.999603175841211     
  0.999709737388636     
  0.999724313098957     
  0.999703785585517     
  0.999732847142935     
  0.999652069826351     
  0.999736229520207     
  0.999742082027823     
  0.999743451257540     
  0.999746052734188     
  0.999747397168520     
  0.999748675259953     
  0.999748752304349     
  0.999712140625009     
  0.999677871816956     
  0.998648218141739     
  0.984460315979942     
  0.998588548336992     
  0.999632259338245     
  0.999754103388662     
  0.999763407175191     
  0.999767189412875     
  0.999768320809213     
  0.999733604399659     
  0.999763799906031     
  0.999749667975620     
  0.999734691495318     
  0.999104384169013     
  0.999338684102553     
  0.999652547308282     
  0.999687542929298     
  0.999776528763338     
  0.999776435095246     
  0.999771219639233     
  0.999676365604677     
  0.999621300909750     
  0.999041866100650     
  0.977024200007288     
  0.985958647035258     
  0.969542188098978     
  0.963839529796995     
  0.999618769335885     
  0.999596311669889     
  0.999542564615352     
  0.998470005315937     
  0.993438019815243     
  0.999487275571695     
  0.999730359309562     
  0.999770537505319     
  0.999757237098453     
  0.999700702044933     
  0.998911508021641     
  0.952085765246435     
  0.933942752642330     
  0.997785772075217     
  0.999495982453013     
  0.999148460283565     
  0.999724210545744     
  0.999788396718825     
  0.999793952156022     
  0.999801314377306     
  0.999805439319252     
  0.999804483847720     
  0.999808825657627     
  0.999805049658258     
  0.999737730246823     
  0.999538493751932     
  0.998743253710644     
  0.999708356476310     
  0.999814616800254     
  0.999816836772074     
  0.999816201609784     
  0.999807111410867     
  0.999507483609138     
  0.999772856999720     
  0.999816674810374     
  0.999819861260113     
  0.999821118003247     
  0.999821066438126     
  0.999819755031858     
  0.999821582371336     
  0.999822069714363     
  0.999822298519189     
  0.999517448321431     
  0.999100139528506     
  0.999812978992038     
  0.999763529361418     
  0.999586644959295     
  0.999337646352736     
  0.999104755453918     
  0.999818240315105     
  0.999806751183386     
  0.999686462081125     
  0.995115170964916     
  0.995097108831005     
  0.999674408572774     
  0.999767469868426     
  0.999717689026797     
  0.998664314175356     
  0.998665217000468     
  0.999722250536283     
  0.999802039078455     
  0.999789680760939     
  0.999783607776685     
  0.999655626789644     
  0.992275745317907     
  0.983258493716843     
  0.998938795899124     
  0.999748439525132     
  0.998924904974718     
  0.975037206269483     
  0.994816071964768     
  0.999660374468320     
  0.999799647222581     
  0.999715377302015     
  0.997577168934422     
  0.998481146307568     
  0.999793358693680     
  0.999765777642714     
  0.999806123120793     
  0.999817913040573     
  0.999816518099241     
  0.999813650633460     
  0.999810385665511     
  0.999803627811730     
  0.999595062594695     
  0.999746090931222     
  0.999766965986553     
  0.999748161891492     
  0.999640492815239     
  0.998678517994255     
  0.979893468405124     
  0.921754395846506     
  0.949781556769399     
  0.996227307837840     
  0.995257604928703     
  0.962632259643207     
  0.976374650443952     
  0.998360964062252     
  0.999437605641118     
  0.998303567372958     
  0.997998561639626     
  0.999628479562407     
  0.999526636079984     
  0.998480154006161     
  0.907421825827157     
  0.906482878675175     
  0.998772799147731     
  0.999437213649687     
  0.999692773370401     
  0.999743128725033     
  0.999750199196502     
  0.999743718201660     
  0.999529943315447     
  0.999113489050476     
  0.998831692354438     
  0.998846827169156     
  0.999340234006857     
  0.994156019993164     
  0.871416100951019     
  0.900283344832083     
  0.996803943647868     
  0.993396638707869     
  0.923686996394295     
  0.907258721598136     
  0.990106623279013     
  0.997081296921536     
  0.975940499086128     
  0.975517725665090     
  0.996694323723396     
  0.983464915673984     
  0.933738669673146     
  0.965727225096823     
  0.997535077777135     
  0.999234587010664     
  0.999337987395656     
  0.999086897240558     
  0.993911403802851     
  0.962707683193894     
  0.911661381530056     
  0.963252345627156     
  0.997031927738310     
  0.998534865705549     
  0.991803255969365     
  0.986359552044750     
  0.997862077815850     
  0.999458588449134     
  0.990577691934688     
  0.990539430962447     
  0.987533838798184     
  0.961610698915001     
  0.993353595044481     
  0.999192305501662     
  0.999721405908706     
  0.999601783018930     
  0.999326217420106     
  0.999752765484230     
  0.999759053558975     
  0.999762441707595     
  0.999775868698528     
  0.999723439119765     
  0.999629421628795     
  0.999629715667856     
  0.999737827721777     
  0.999775613572535     
  0.999776450374437     
  0.999774709618289     
  0.999630888576443     
  0.999728563864709     
  0.999772743679878     
  0.999762254485471     
  0.999770844640884     
  0.999769152482639     
  0.999758378122297     
  0.999761084351018     
  0.999763880011034     
  0.999760374631004     
  0.999758152579107     
  0.999753255294804     
  0.999744029470601     
  0.999726365159183     
  0.999287218151005     
  0.991110351868510     
  0.995580776259637     
  0.999290570995239     
  0.978649549110261     
  0.954308975393388     
  0.998707908869719     
  0.999659650275911     
  0.999661492801513     
  0.999436325086398     
  0.995442568926451     
  0.958944624054866     
  0.974862378890364     
  0.998407447406601     
  0.999574313154625     
  0.999648013810520     
  0.999382701295786     
  0.999274789001369     
  0.999613032264998     
  0.999670196808102     
  0.994669108367963     
  0.998171889240834     
  0.996198058164178     
  0.997126573911544     
  0.999670508491976     
  0.999667842236830     
  0.999656313085860     
  0.999669954145264     
  0.999665966084232     
  0.999661037398219     
  0.999656248853550     
  0.999649638046249     
  0.999633620896693     
  0.999627744878487     
  0.999558370688377     
  0.999585511708686     
  0.999609359116287     
  0.999607694289284     
  0.998952316278727     
  0.999574386847711     
  0.999548711689873     
  0.999355753825099     
  0.999465802681401     
  0.999476068500960     
  0.998706792560623     
  0.991586106846463     
  0.973747345669561     
  0.998556759029227     
  0.999392713977643     
  0.999360535397425     
  0.997639502840575     
  0.994784322973800     
  0.998103830235669     
  0.996783848775163     
  0.948416035820015     
  0.976556176277617     
  0.772992922244654     
  0.983552183386931     
  0.998781017143257     
  0.999212199682540     
  0.999264765722584     
  0.999256591883554     
  0.999205856228457     
  0.999006529937913     
  0.996656338567417     
  0.932645605404959     
  0.932681668671442     
  0.996559550810403     
  0.997105278189537     
  0.988782943940104     
  0.997143953414065     
  0.999060981449519     
  0.999134043292519     
  0.999126307486512     
  0.999102449933304     
  0.999086334824232     
  0.999071140474553     
  0.999047172674763     
  0.999022947024686     
  0.998986275966728     
  0.998967611798119     
  0.998935025473018     
  0.998892840224823     
  0.998730707128135     
  0.998356489441387     
  0.998651983265582     
  0.998749868403980     
  0.998686990645080     
  0.998045355951062     
  0.998633803629479     
  0.998580740825355     
  0.998236580670606     
  0.998344635507794     
  0.998410465054724     
  0.998306579795262     
  0.997075899127404     
  0.986191619971749     
  0.992320757684190     
  0.954783265160586     
  0.967240177244366     
  0.996631315238056     
  0.990012336722359     
  0.976918070275620     
  0.994406864264932     
  0.989545780206932     
  0.990872202606866     
  0.993870363451091     
  0.996749299329758     
  0.997157487065121     
  0.997027150529434     
  0.996883796320337     
  0.996719445512992     
  0.996512630321912     
  0.996370121619958     
  0.996172502264410     
  0.995950324649275     
  0.995721628289260     
  0.995463400312970     
  0.991409361632014     
  0.985506631599016     
  0.994475837444510     
  0.994240793950313     
  0.993863480329147     
  0.993430837432514     
  0.993288584349483     
  0.992961221155514     
  0.992592380847869     
  0.992179748993303     
  0.991746440898091     
  0.991293757060381     
  0.990781537355878     
  0.990216354237325     
  0.989667398464429     
  0.988897685361648     
  0.988180747178381     
  0.987379277279383     
  0.986337080673082     
  0.981231649196667     
  0.976115333661297     
  0.980327603510963     
  0.982105876382697     
  0.981011441732649     
  0.979357644810988     
  0.978169243189605     
  0.976919134525915     
  0.975382771312017     
  0.974015134466308     
  0.972597780267755     
  0.971235033061310     
  0.970049755726539     
  0.968906071675990     
  0.967548619714173     
  0.966248514050491     
  0.966059629787292     
  0.967250450742692     
  0.968638949043918     
  0.969826614489886     
  0.971002090871653     
  0.972309151739376     
  0.973298910139345     
  0.974342773664387     
  0.976474797559493     
  0.977946924396183     
  0.979381250027322     
  0.980751654783994     
  0.981939500237838     
  0.983209782314711     
  0.984309748153669     
  0.985266538726346     
  0.986280406197305     
  0.987017743127299     
  0.987976687368536     
  0.988405693939090     
  0.988522035080153     
  0.989652652394756     
  0.990654309672157     
  0.991150986650847     
  0.990005325558351     
  0.977828513651441     
  0.987011452775140     
  0.990537221302229     
  0.993202191261459     
  0.993364758666933     
  0.993925139568182     
  0.994248869396935     
  0.994586192298564     
  0.994881096825283     
  0.994950192790569     
  0.994964467551433     
  0.986622153866472     
  0.967470101729031     
  0.991161215729290     
  0.996030952020913     
  0.996478361893210     
  0.996700892244418     
  0.996860754412506     
  0.996810477372385     
  0.993277225827781     
  0.994019962476260     
  0.997280425918388     
  0.997403846472646     
  0.997534474371076     
  0.997771123133908     
  0.997863817108253     
  0.997951209303048     
  0.998033284681072     
  0.998110397266279     
  0.998182811246073     
  0.998251139683318     
  0.998314375415935     
  0.998359925399822     
  0.998246114890173     
  0.998484850414258     
  0.998535957256997     
  0.998583438071739     
  0.998629863703516     
  0.998671014895742     
  0.997881567709018     
  0.998493851834847     
  0.998786898361969     
  0.998821579035197     
  0.998852349995599     
  0.998880255598007     
  0.998905408784697     
  0.998928203063742     
  0.998948050375786     
  0.998962811726999     
  0.998972939358645     
  0.998963378095802     
  0.998791270077522     
  0.998826919984498     
  0.998432747332425     
  0.998673716276732     
  0.998762193730898     
  0.998569843961617     
  0.998162457120525     
  0.996955337892306     
  0.980759974706472     
  0.756703608426349     
  0.481162278819023     
  0.942341935589068     
  0.994619937362961     
  0.997223005761987     
  0.983508512436255     
  0.993404219699532     
  0.992936129635694     
  0.998686313332066     
  0.999183874696873     
  0.999115534665259     
  0.997766150452392     
  0.994803477570280     
  0.997901969627297     
  0.999064957349543     
  0.999389613676584     
  0.999385596088100     
  0.999424724654519     
  0.999500384544522     
  0.999516054873533     
  0.999520109734479     
  0.999455074841061     
  0.998745646002663     
  0.998056257800815     
  0.999371744435172     
  0.999551726630845     
  0.999544191582323     
  0.999609183619488     
  0.999618660808358     
  0.999627896191796     
  0.999634406711954     
  0.999640799838957     
  0.999646644405392     
  0.999649512977152     
  0.999648222109956     
  0.999635515583590     
  0.999485293775186     
  0.994026410277861     
  0.997693433271783     
  0.999494233365075     
  0.994011163792379     
  0.984519024911656     
  0.998315016754630     
  0.999179927287215     
  0.999632147030960     
  0.999693498673255     
  0.999706852164536     
  0.999707267315485     
  0.999692576710193     
  0.998727237256468     
  0.989874727008359     
  0.997939825916491     
  0.999703468958265     
  0.999736544038347     
  0.999747634048593     
  0.999751775629125     
  0.999761881842545     
  0.999765398246659     
  0.999763071099938     
