  0.999444898132005     
  0.999444753072331     
  0.999437317332408     
  0.999440609323179     
  0.999429085958708     
  0.999381962537491     
  0.999339353231295     
  0.999327859539654     
  0.999403795379753     
  0.999398772749608     
  0.999349334457938     
  0.989333146661893     
  0.997679221350335     
  0.999291056327684     
  0.999250263018782     
  0.999173628882656     
  0.998941301576201     
  0.997560941791075     
  0.895499543481551     
  0.759138480196277     
  0.965186596568140     
  0.989257345652440     
  0.979014646158782     
  0.998182538194452     
  0.999159945206865     
  0.999143241695627     
  0.999275819021361     
  0.999290068948968     
  0.999295989066049     
  0.999297335856234     
  0.999293472053017     
  0.999132379052510     
  0.999034125485101     
  0.999275967826423     
  0.999274363827537     
  0.999266698515233     
  0.999258243364520     
  0.999250282539747     
  0.999240493667193     
  0.999210954409498     
  0.999219921515345     
  0.999211156886931     
  0.999154190690343     
  0.999144145071457     
  0.999176590555817     
  0.999158178999002     
  0.999149842067150     
  0.999133226347606     
  0.999110140460553     
  0.999049091001720     
  0.998729009611477     
  0.992687923513436     
  0.996279997038620     
  0.998943759672099     
  0.998950686958945     
  0.996190615155383     
  0.948767276102242     
  0.985733670705278     
  0.985784065339707     
  0.988436866031973     
  0.998742065784449     
  0.998612626551380     
  0.998848666424269     
  0.998876970150391     
  0.998859114216977     
  0.998839314981020     
  0.998818199951601     
  0.998795671931356     
  0.998772026197860     
  0.998748379269447     
  0.998722877863541     
  0.998612566146048     
  0.998670805170017     
  0.998629282208860     
  0.998615400913109     
  0.998582160065153     
  0.997984953518939     
  0.998485899800142     
  0.997752654240966     
  0.992440806770081     
  0.997521759899179     
  0.998289793787726     
  0.998321669034355     
  0.998282847148687     
  0.998121978445552     
  0.998196784821113     
  0.998146402855771     
  0.998014210006374     
  0.994665569714551     
  0.997217403372839     
  0.997786079503165     
  0.997443452293736     
  0.995428193587983     
  0.995806297547328     
  0.990494077068048     
  0.997609588607861     
  0.997584232569738     
  0.997521096079280     
  0.997444194188104     
  0.996770503534206     
  0.997009039048479     
  0.997203346670083     
  0.997108690118697     
  0.997010829647327     
  0.996908019269717     
  0.996791149660086     
  0.996648381127657     
  0.996534022573038     
  0.995734509466903     
  0.996290169149972     
  0.996142114270610     
  0.996002404667203     
  0.995836508032138     
  0.995660630436960     
  0.995471180466801     
  0.995260312033393     
  0.995029204576033     
  0.994765904646333     
  0.994448395744978     
  0.994041892475361     
  0.993389883331732     
  0.990890427149832     
  0.868268450476467     
  0.745149609850238     
  0.976235572435478     
  0.991282945541268     
  0.991448943104938     
  0.990426951002351     
  0.951523789698914     
  0.817249574098582     
  0.964829917288554     
  0.964764004838850     
  0.899320959944601     
  0.980629728141232     
  0.986533589666281     
  0.985447110044400     
  0.984331015204732     
  0.982615618962964     
  0.933954373775133     
  0.888913679619697     
  0.971337078654873     
  0.828636485346954     
  0.826519167374245     
  0.827995862108999     
  0.965754040787604     
  0.966005933932544     
  0.962999242025722     
  0.957545638254525     
  0.944042207697547     
  0.949303338878049     
  0.933260919952113     
  0.935468406273827     
  0.925073783895052     
  0.907103836508495     
  0.811382991468259     
  0.839176872840889     
  0.880007751937664     
  0.863103977281001     
  0.843542928124430     
  0.832659544450662     
  0.839899199355367     
  0.855491382004230     
  0.868703054747760     
  0.876464744870889     
  0.875806290205806     
  0.864631373775172     
  0.839638729209620     
  0.793945523756676     
  0.722612675653723     
  0.596261395945196     
  0.497581185236303     
  0.486480924688590     
  0.536087632885006     
  0.618926456936572     
  0.707819806187047     
  0.774788426021380     
  0.815647828865994     
  0.841670222928267     
  0.862147000887748     
  0.879666822092610     
  0.895484403781814     
  0.911408011889105     
  0.926651927605165     
  0.937627037545345     
  0.944918326420829     
  0.951574728001068     
  0.957909962265593     
  0.962264762029571     
  0.965333035028413     
  0.968196836227258     
  0.970792411119765     
  0.973237579602236     
  0.975392853026186     
  0.977393583517143     
  0.979248603150998     
  0.981067944544057     
  0.982712491345149     
  0.984348675571903     
  0.985804827437854     
  0.987097571304468     
  0.988166008030636     
  0.987668593002688     
  0.988931552032002     
  0.990230035207891     
  0.991345158372126     
  0.991855700388499     
  0.992388658425896     
  0.992912237505560     
  0.993306996179251     
  0.993639799453916     
  0.993506517289059     
  0.994152123575568     
  0.994585340402381     
  0.994845077809118     
  0.995020314999400     
  0.995368360732416     
  0.995594151628962     
  0.995788316606428     
  0.995884559052736     
  0.990403657423488     
  0.985492440674987     
  0.995571189660527     
  0.995512811211556     
  0.996710524092948     
  0.996887285056685     
  0.996929522986600     
  0.985217313390553     
  0.996847478163119     
  0.997322977343458     
  0.997237293868084     
  0.995433855647428     
  0.997290342061371     
  0.997536612232449     
  0.997383011225314     
  0.997202616907264     
  0.997055316354701     
  0.994944239018592     
  0.909626208308118     
  0.868824236485514     
  0.952690757795274     
  0.996338272034810     
  0.997345376937357     
  0.997711044334659     
  0.997789311155223     
  0.997694707327161     
  0.997092734233617     
  0.992309411365466     
  0.757312463094124     
  0.743389818515177     
  0.721726562152208     
  0.905781002398215     
  0.996699194391613     
  0.997883465538832     
  0.996474324745603     
  0.998171077188996     
  0.998558331329791     
  0.998651805223671     
  0.998711523181442     
  0.998758923012087     
  0.998761156560836     
  0.998488218139732     
  0.998612017737327     
  0.997837191652302     
  0.998906521218677     
  0.998961349263745     
  0.998990120384724     
  0.998790714881219     
  0.999026904437864     
  0.999062680261657     
  0.999083420375974     
  0.999104033832545     
  0.999123579433749     
  0.999141760369041     
  0.999150283524969     
  0.998736587500611     
  0.998903928633333     
  0.999191859019121     
  0.999220438506529     
  0.998720750176208     
  0.999127931090332     
  0.999269101341503     
  0.999283382174615     
  0.999293404283099     
  0.999030826171016     
  0.997960872699300     
  0.999237319541991     
  0.999339480523327     
  0.999350455740707     
  0.999339151436379     
  0.999188770365359     
  0.999324034277254     
  0.999309815944156     
  0.999255207241753     
  0.999375318742362     
  0.999367213554582     
  0.999347031493787     
  0.999305356548333     
  0.999207943686520     
  0.998874104065039     
  0.991287721960910     
  0.948795055618374     
  0.985840089599207     
  0.996891170182680     
  0.961850083455917     
  0.930144758799019     
  0.990170701211690     
  0.998590895894839     
  0.999069898399774     
  0.999249352130793     
  0.999273192400732     
  0.999166494147796     
  0.995128138705968     
  0.899690824016615     
  0.939657931292147     
  0.979807876027172     
  0.998624288293510     
  0.999377757616145     
  0.999286760537481     
  0.999523520519294     
  0.999577044972978     
  0.999591853312719     
  0.999603047034678     
  0.999612621456213     
  0.999621016033070     
  0.999628132468128     
  0.999606313775557     
  0.999605362640279     
  0.999647389505326     
  0.999652274021322     
  0.999657669236248     
  0.999424729117581     
  0.999637116182738     
  0.999633809294737     
  0.999555588241561     
  0.999650476751722     
  0.999603285551357     
  0.999341744732879     
  0.999667022903076     
  0.999688669891663     
  0.999690468640970     
  0.999661925409349     
  0.999690487622125     
  0.999680531419139     
  0.999516033256418     
  0.997736792991627     
  0.998494997613883     
  0.999633969085479     
  0.999689045310703     
  0.999646889044080     
  0.998673479209280     
  0.997100503964974     
  0.999623864279710     
  0.999711308766161     
  0.999723358820340     
  0.999701766096386     
  0.999731444927500     
  0.999646842550555     
  0.999735178162572     
  0.999741245185915     
  0.999742634344640     
  0.999745224287624     
  0.999746622017208     
  0.999747920495147     
  0.999747946233823     
  0.999706902759481     
  0.999668649018335     
  0.998587051296139     
  0.984066702108249     
  0.998525977439082     
  0.999619398749891     
  0.999753169323185     
  0.999762947539989     
  0.999766652396164     
  0.999767861132411     
  0.999730718871428     
  0.999754001035904     
  0.999752271740259     
  0.999738712464544     
  0.999087547346929     
  0.999329650470441     
  0.999637925806430     
  0.999672190768689     
  0.999776261766776     
  0.999776039564599     
  0.999771330508980     
  0.999674005261907     
  0.999611796069987     
  0.998976724788499     
  0.976420679364820     
  0.985551249676565     
  0.968754288738559     
  0.962239511730644     
  0.999660429726669     
  0.999599424785242     
  0.999554006112565     
  0.998528712171771     
  0.993488507238616     
  0.999539156788969     
  0.999737595011348     
  0.999770740516876     
  0.999757021185597     
  0.999712401661238     
  0.999024688080405     
  0.951061818834576     
  0.932399838063369     
  0.997916048116282     
  0.999517071684858     
  0.999147469064302     
  0.999728420147101     
  0.999789752374509     
  0.999794651439232     
  0.999801928888342     
  0.999805930665019     
  0.999805011281317     
  0.999809645483919     
  0.999809962160411     
  0.999755293711567     
  0.999554110937764     
  0.998724768370913     
  0.999705343383029     
  0.999813716039380     
  0.999817457049098     
  0.999817423030610     
  0.999810480514267     
  0.999509658420644     
  0.999775358508153     
  0.999818276622748     
  0.999820850368169     
  0.999821991035651     
  0.999822047991134     
  0.999815515665011     
  0.999821628142496     
  0.999823091317597     
  0.999822465975420     
  0.999509200990331     
  0.999082526084445     
  0.999813379312822     
  0.999767722911810     
  0.999588038260279     
  0.999318368261790     
  0.999070766465690     
  0.999820612834522     
  0.999815423045366     
  0.999779846371335     
  0.995379696779637     
  0.995360697739682     
  0.999767061880442     
  0.999778030325175     
  0.999741059240560     
  0.998715546611686     
  0.998715875853450     
  0.999745039673463     
  0.999806464953026     
  0.999790439459804     
  0.999784256839167     
  0.999655496950644     
  0.991964510200236     
  0.982527944166067     
  0.998915530201616     
  0.999746091176640     
  0.998889487797969     
  0.974541830663639     
  0.994698083461361     
  0.999649163859576     
  0.999801753722878     
  0.999717958064907     
  0.997496541043438     
  0.998444039945603     
  0.999798261456389     
  0.999762964329688     
  0.999807174641792     
  0.999820331008908     
  0.999819123285851     
  0.999816375287168     
  0.999813275054050     
  0.999807070010430     
  0.999590301602790     
  0.999748817878219     
  0.999771317007915     
  0.999755025640544     
  0.999695320299406     
  0.999272152882380     
  0.982059206423130     
  0.924590964331975     
  0.952455043234566     
  0.997540692847324     
  0.995767154662332     
  0.962908656508915     
  0.976743608679449     
  0.998604555071588     
  0.999472637139489     
  0.998282385620237     
  0.997969405345120     
  0.999632945026013     
  0.999567852066378     
  0.998843172656920     
  0.905558564506027     
  0.904588417977447     
  0.999144899701290     
  0.999479334494871     
  0.999699123906578     
  0.999746930036960     
  0.999753681196120     
  0.999747893611730     
  0.999530877647810     
  0.999113745254926     
  0.998865841606452     
  0.998884937607814     
  0.999414106347461     
  0.994506661829585     
  0.868966057030931     
  0.898564143726213     
  0.997389865414993     
  0.995397789843738     
  0.926967723335911     
  0.910410136542803     
  0.992396698911707     
  0.997654878822718     
  0.976161383333450     
  0.975727869563097     
  0.997037981688268     
  0.984104145514184     
  0.934216400604095     
  0.966350377912057     
  0.997852848281396     
  0.999281919365726     
  0.999355388335474     
  0.999166543249778     
  0.994346012135404     
  0.963588934214992     
  0.912401626486570     
  0.964180288831305     
  0.997435060233032     
  0.998650966429931     
  0.991907616098087     
  0.986412140723448     
  0.997974809375704     
  0.999466142873924     
  0.990359468229150     
  0.990604117377732     
  0.988564325242310     
  0.962821464954971     
  0.994262787403681     
  0.999385912770986     
  0.999743605711969     
  0.999605698590263     
  0.999318231398032     
  0.999760240139848     
  0.999763313190216     
  0.999767048837573     
  0.999783475642023     
  0.999731570123596     
  0.999643056195915     
  0.999643445055645     
  0.999746794658421     
  0.999783680842160     
  0.999784253810065     
  0.999782854701941     
  0.999633840343221     
  0.999735669498893     
  0.999781231865303     
  0.999770347739790     
  0.999779441643748     
  0.999777868918675     
  0.999766744987479     
  0.999769869034749     
  0.999772969908091     
  0.999769696504197     
  0.999767531221470     
  0.999762892879434     
  0.999754289484379     
  0.999738629835569     
  0.999279261130146     
  0.990898050029142     
  0.995468814828464     
  0.999279745766220     
  0.978264915584931     
  0.953443520441890     
  0.998698181290852     
  0.999671751898085     
  0.999683576832009     
  0.999614612007996     
  0.996385251070306     
  0.960413855337563     
  0.976269447406057     
  0.998996050716127     
  0.999659185095280     
  0.999676887144860     
  0.999427735664746     
  0.999322803507333     
  0.999644902042193     
  0.999686710951724     
  0.994007438408602     
  0.997992144366182     
  0.995748522731048     
  0.996803958482236     
  0.999685075900421     
  0.999682756059038     
  0.999671111762902     
  0.999686125435712     
  0.999682560777151     
  0.999678031674996     
  0.999673616266160     
  0.999667694805043     
  0.999653137368057     
  0.999647771478401     
  0.999576418075231     
  0.999604348192518     
  0.999629357033195     
  0.999628721675390     
  0.998938088824921     
  0.999596758784070     
  0.999574683362451     
  0.999384276421566     
  0.999494738263848     
  0.999513475955943     
  0.998800766327789     
  0.991787448794066     
  0.973237203614411     
  0.998696016229014     
  0.999440076345226     
  0.999416863739577     
  0.997759222897742     
  0.994918694656473     
  0.998208110735590     
  0.996916783651753     
  0.947137495520537     
  0.977335886861197     
  0.768201638933145     
  0.984360996930534     
  0.999025266490931     
  0.999253825590318     
  0.999297079435581     
  0.999289362637831     
  0.999239511360042     
  0.999065668606645     
  0.996855589987211     
  0.930629688971836     
  0.930684689299963     
  0.996809606634927     
  0.997395992269326     
  0.989120411880705     
  0.997427111646657     
  0.999162111615328     
  0.999186378518476     
  0.999175537935603     
  0.999154290281700     
  0.999139947674240     
  0.999126668380957     
  0.999104586231551     
  0.999082191840797     
  0.999047170910684     
  0.999030832709182     
  0.998999072769758     
  0.998965281659526     
  0.998825933790725     
  0.998466366024972     
  0.998752080133801     
  0.998833257114324     
  0.998767737512044     
  0.998101244108881     
  0.998720394648474     
  0.998669083689930     
  0.998322147172282     
  0.998437006875524     
  0.998510071252513     
  0.998419583727290     
  0.997214668267312     
  0.986167414577929     
  0.993283228308121     
  0.955854773733968     
  0.967941567554105     
  0.997139689798865     
  0.990466559813551     
  0.977323813205834     
  0.994793774239130     
  0.989568007925277     
  0.990861865326993     
  0.993936401781257     
  0.996904426761408     
  0.997340222105743     
  0.997221193852048     
  0.997087885550311     
  0.996933948678186     
  0.996735983554060     
  0.996608814428834     
  0.996424401647876     
  0.996205286476465     
  0.996001765328901     
  0.995746736600404     
  0.991587964559831     
  0.985565070521173     
  0.994801997988084     
  0.994614841496569     
  0.994258634949766     
  0.993836654443493     
  0.993727406947447     
  0.993423385489716     
  0.993080003018015     
  0.992695621001588     
  0.992290274492520     
  0.991865791483072     
  0.991387142522278     
  0.990863130822305     
  0.990354954845461     
  0.989623131027334     
  0.988948913544676     
  0.988200275578635     
  0.987228084612228     
  0.982091404631661     
  0.977032970606269     
  0.981467707560377     
  0.983290160551295     
  0.982243582180599     
  0.980653744982163     
  0.979573853853563     
  0.978412753145546     
  0.976976985516300     
  0.975705507851590     
  0.974389777978758     
  0.973129254076792     
  0.972040626427715     
  0.970990379845532     
  0.969717552525690     
  0.968477007737117     
  0.968294070558408     
  0.969436313307514     
  0.970743896045985     
  0.971837331509217     
  0.972916329268664     
  0.974124226419465     
  0.975011809426576     
  0.975951339515704     
  0.977997217883235     
  0.979375193344538     
  0.980716891584706     
  0.981999314984684     
  0.983110269856040     
  0.984300172562998     
  0.985329376136255     
  0.986223713041802     
  0.987171052839914     
  0.987843993330231     
  0.988748517267407     
  0.989119924729556     
  0.989175887202947     
  0.990276746228882     
  0.991259962099651     
  0.991759908172277     
  0.990750527387830     
  0.978566504127802     
  0.987753579848477     
  0.990947437583160     
  0.993645755218391     
  0.993774569688467     
  0.994323413670992     
  0.994625913633567     
  0.994941260413935     
  0.995216700390997     
  0.995270843796193     
  0.995381504579408     
  0.987277409823158     
  0.968062314123550     
  0.991756244493586     
  0.996350681552524     
  0.996711866994297     
  0.996916409987135     
  0.997074147318658     
  0.997078661485778     
  0.993614459652308     
  0.994346730470188     
  0.997512202964839     
  0.997562687962335     
  0.997678536314618     
  0.997915857656273     
  0.998002603551150     
  0.998084071860296     
  0.998160634033620     
  0.998231546138920     
  0.998299943596632     
  0.998363520458432     
  0.998422493166667     
  0.998463475572063     
  0.998336315922624     
  0.998581016275948     
  0.998628467207342     
  0.998669411856955     
  0.998714074130105     
  0.998754508938636     
  0.997927115914527     
  0.998559722620741     
  0.998861117504105     
  0.998892389235334     
  0.998920441760741     
  0.998945882433860     
  0.998968486462620     
  0.998988747032420     
  0.999006111167821     
  0.999018392434766     
  0.999026297977019     
  0.999016629552098     
  0.998843913040719     
  0.998874847707241     
  0.998462334319940     
  0.998703027005920     
  0.998789436380725     
  0.998587287219593     
  0.998165518447888     
  0.997070293672943     
  0.981738901222452     
  0.755811351404199     
  0.473771156180971     
  0.945531163023999     
  0.995475079725711     
  0.997196974951349     
  0.983138615790631     
  0.993285266207218     
  0.992806855729465     
  0.998686796169722     
  0.999204867113655     
  0.999158882557332     
  0.997845455495999     
  0.994833747257917     
  0.997974203104413     
  0.999137087372880     
  0.999432404507244     
  0.999414022079541     
  0.999450375768439     
  0.999524744022493     
  0.999539770216253     
  0.999547259680264     
  0.999511416781839     
  0.998865547993832     
  0.998171335953930     
  0.999447254005663     
  0.999581163480674     
  0.999563518026671     
  0.999629149968464     
  0.999638014463074     
  0.999646710296049     
  0.999652848960308     
  0.999658757603643     
  0.999664054431056     
  0.999666503203411     
  0.999664579101009     
  0.999650822008705     
  0.999495573944396     
  0.993898362886316     
  0.997655720636991     
  0.999466025488159     
  0.993718510930151     
  0.983898179920956     
  0.998268377166597     
  0.999226468781502     
  0.999667311556853     
  0.999709972887963     
  0.999719704670744     
  0.999718758061480     
  0.999693218576853     
  0.998652049568673     
  0.989462716061606     
  0.997830161839881     
  0.999698801153459     
  0.999746390055328     
  0.999758900955343     
  0.999762950392873     
  0.999772861778523     
  0.999775855651148     
  0.999770360990289     
