  0.999446331572426     
  0.999446139142421     
  0.999438612432408     
  0.999441909955754     
  0.999430568680600     
  0.999383957505994     
  0.999341369414239     
  0.999329998784803     
  0.999405215752277     
  0.999397191487186     
  0.999317303399453     
  0.989278846949777     
  0.997606900849100     
  0.999275546020113     
  0.999251733090431     
  0.999176234682018     
  0.998935285485106     
  0.997458166947785     
  0.895978202236817     
  0.760524654857386     
  0.965123320753414     
  0.989153353118263     
  0.978957247637199     
  0.998097173351979     
  0.999141991920350     
  0.999143979706952     
  0.999277472065011     
  0.999291882243165     
  0.999297780862210     
  0.999299117465014     
  0.999295179464584     
  0.999135181790425     
  0.999037741638437     
  0.999277659711533     
  0.999276119917234     
  0.999268495276655     
  0.999260041939595     
  0.999252114080495     
  0.999242337281027     
  0.999213055979741     
  0.999221834919616     
  0.999213071894369     
  0.999156350510703     
  0.999146305397419     
  0.999178580551357     
  0.999160287585366     
  0.999151880650155     
  0.999135284787421     
  0.999112132363823     
  0.999049325201700     
  0.998719513435259     
  0.992692149709377     
  0.996269742566366     
  0.998940056002867     
  0.998957316917878     
  0.996246922670191     
  0.949066001270128     
  0.985844123818950     
  0.985868792360720     
  0.988498500837008     
  0.998748320190976     
  0.998618510810640     
  0.998851902265592     
  0.998879694079622     
  0.998861925503866     
  0.998842193248532     
  0.998821122734476     
  0.998798677745217     
  0.998775081506997     
  0.998751480735049     
  0.998726069281367     
  0.998617091769751     
  0.998674128316329     
  0.998632854437650     
  0.998618696657450     
  0.998584194377701     
  0.997987386579469     
  0.998487071815474     
  0.997761207005921     
  0.992507829992790     
  0.997532525534117     
  0.998294653735307     
  0.998325886272071     
  0.998287151240342     
  0.998128204047358     
  0.998201178045989     
  0.998149699786222     
  0.998010706155196     
  0.994662999621478     
  0.997219648329792     
  0.997783021119057     
  0.997410549854763     
  0.995358516987946     
  0.995722935100688     
  0.990465499979234     
  0.997593863512568     
  0.997587769643662     
  0.997526911259440     
  0.997449213550384     
  0.996775414747407     
  0.997016335723651     
  0.997209806475791     
  0.997116154293530     
  0.997018384972969     
  0.996915599193053     
  0.996798175742445     
  0.996654704004631     
  0.996540440780221     
  0.995765641166451     
  0.996299316778780     
  0.996151677411727     
  0.996012479940113     
  0.995847077427892     
  0.995671683701754     
  0.995482746527775     
  0.995272549920531     
  0.995042041095567     
  0.994779486169871     
  0.994463044354976     
  0.994058040593180     
  0.993410021566829     
  0.990939323717205     
  0.869216666684748     
  0.747024522928573     
  0.976392007421140     
  0.991312381569544     
  0.991468556914492     
  0.990408316992625     
  0.951631942328304     
  0.818269190198623     
  0.964829769722490     
  0.964839049806743     
  0.899889770133635     
  0.980635802812642     
  0.986552988280551     
  0.985479887998607     
  0.984362376557302     
  0.982618264175056     
  0.934242824403938     
  0.889531759644468     
  0.971325872238796     
  0.829983241542789     
  0.827664715170229     
  0.829159740965592     
  0.965855129397522     
  0.966068084599270     
  0.963034799482415     
  0.957515876433423     
  0.944044078950179     
  0.949348622506015     
  0.933406026172282     
  0.935569862646192     
  0.925178995982753     
  0.907299327293083     
  0.812292695455346     
  0.839774089101011     
  0.880110308839038     
  0.863167432529426     
  0.843604367117357     
  0.832732791869638     
  0.839975525451347     
  0.855566865038948     
  0.868782496623022     
  0.876542493010020     
  0.875886598575421     
  0.864708070129148     
  0.839684656751216     
  0.793905637587385     
  0.722398649673024     
  0.596054609438497     
  0.497589312068736     
  0.486513158382775     
  0.535980702272440     
  0.618756825921704     
  0.707645206169767     
  0.774688109267866     
  0.815613010579869     
  0.841671487696399     
  0.862167320077982     
  0.879712745130177     
  0.895559093858679     
  0.911501815859988     
  0.926754451475104     
  0.937730138464785     
  0.945018614955892     
  0.951670138823397     
  0.957999980372577     
  0.962348895425214     
  0.965411481068663     
  0.968269740891682     
  0.970860628222833     
  0.973300254336178     
  0.975451197397972     
  0.977447719293742     
  0.979298698454078     
  0.981114472642502     
  0.982756808709138     
  0.984388967800041     
  0.985841930854709     
  0.987132079287440     
  0.988200492437474     
  0.987707839161577     
  0.988966319848521     
  0.990259603206715     
  0.991369829545594     
  0.991879169384056     
  0.992409988745015     
  0.992931244705760     
  0.993324123242305     
  0.993655317843554     
  0.993525205450115     
  0.994166866587433     
  0.994598798924437     
  0.994858716080652     
  0.995034519260830     
  0.995380917169320     
  0.995606140827280     
  0.995799693454386     
  0.995894743646812     
  0.990467652699658     
  0.985610469957514     
  0.995579610336889     
  0.995521439199755     
  0.996717188828317     
  0.996895121059648     
  0.996935768641254     
  0.985352230245524     
  0.996855150997434     
  0.997329943960119     
  0.997246975149819     
  0.995453742877701     
  0.997299717328995     
  0.997543518918390     
  0.997391254554973     
  0.997209407975633     
  0.997046451088095     
  0.994810737972172     
  0.909934689436170     
  0.869365124355433     
  0.952679595823027     
  0.996255041303438     
  0.997346086879973     
  0.997717149940516     
  0.997795410273466     
  0.997698985772897     
  0.997049349730319     
  0.991940183407316     
  0.758113782438225     
  0.744169872392845     
  0.722776814080993     
  0.905801191486056     
  0.996529605362960     
  0.997872884208010     
  0.996494440979674     
  0.998174481910846     
  0.998561426133243     
  0.998655231285359     
  0.998714803369476     
  0.998761925518493     
  0.998763638999881     
  0.998491551966433     
  0.998615969781758     
  0.997848050341907     
  0.998909330695319     
  0.998963886038903     
  0.998992544678384     
  0.998800714918710     
  0.999029459167296     
  0.999064878013942     
  0.999085582760055     
  0.999106156992002     
  0.999125657738348     
  0.999143632925730     
  0.999151356511342     
  0.998738256937724     
  0.998907232170624     
  0.999193384658804     
  0.999221059385033     
  0.998720696167640     
  0.999127387600716     
  0.999270175671735     
  0.999284959610773     
  0.999294629865359     
  0.999033246247962     
  0.997973415426828     
  0.999238672712544     
  0.999340872800428     
  0.999351990896653     
  0.999340848129365     
  0.999191700875381     
  0.999325898859252     
  0.999313329161188     
  0.999260719610758     
  0.999376970778583     
  0.999369032131229     
  0.999349005919766     
  0.999307728779589     
  0.999211505898543     
  0.998887253679162     
  0.991386106698834     
  0.949230656492271     
  0.985985684009733     
  0.996947546629523     
  0.962220550623805     
  0.930746302773242     
  0.990299019572313     
  0.998609537725236     
  0.999074626432581     
  0.999252450708216     
  0.999275586010030     
  0.999159682265774     
  0.995081337996195     
  0.900254919639826     
  0.939936092762647     
  0.979906722504969     
  0.998616755858724     
  0.999377135470243     
  0.999291677377465     
  0.999524975197953     
  0.999577980332771     
  0.999592741093949     
  0.999603848010254     
  0.999613396356170     
  0.999621735481308     
  0.999628742497433     
  0.999607144486761     
  0.999606355633193     
  0.999647983407135     
  0.999652796722671     
  0.999657546958452     
  0.999424161012297     
  0.999636196664913     
  0.999635007345860     
  0.999556706648757     
  0.999648917696852     
  0.999603019704747     
  0.999351731101454     
  0.999667485688548     
  0.999689061316012     
  0.999690852894259     
  0.999662694318186     
  0.999690682334432     
  0.999679145075299     
  0.999506138971378     
  0.997717815797421     
  0.998477537378980     
  0.999627765991630     
  0.999688228671626     
  0.999644028766508     
  0.998667271978223     
  0.997103160808940     
  0.999618456053607     
  0.999710897987715     
  0.999723608281121     
  0.999702294016957     
  0.999731811484728     
  0.999648209027911     
  0.999735453001017     
  0.999741463947171     
  0.999742847896185     
  0.999745440854207     
  0.999746824651721     
  0.999748117800355     
  0.999748156950992     
  0.999708272004600     
  0.999671059975906     
  0.998603041091475     
  0.984169597800654     
  0.998542334269962     
  0.999622760671543     
  0.999753413499790     
  0.999763067694475     
  0.999766792779154     
  0.999767981297760     
  0.999731473185069     
  0.999756562584562     
  0.999751591083258     
  0.999737661332390     
  0.999091948704662     
  0.999332011975733     
  0.999641748051074     
  0.999676204016523     
  0.999776331563034     
  0.999776142961275     
  0.999771301526237     
  0.999674622285063     
  0.999614280754010     
  0.998993753541602     
  0.976578447195342     
  0.985657748426835     
  0.968960255446014     
  0.962657776359204     
  0.999649539182634     
  0.999598610978235     
  0.999551015163262     
  0.998513365472161     
  0.993475309201584     
  0.999525594397083     
  0.999735703509495     
  0.999770687447151     
  0.999757077627878     
  0.999709343237398     
  0.998995101420077     
  0.951329491014723     
  0.932803174883858     
  0.997881992360518     
  0.999511558701117     
  0.999147728181178     
  0.999727319705802     
  0.999789397989542     
  0.999794468638061     
  0.999801768247659     
  0.999805802221248     
  0.999804873403751     
  0.999809431171354     
  0.999808677972640     
  0.999750702408618     
  0.999550028415954     
  0.998729600662772     
  0.999706131042102     
  0.999813951509165     
  0.999817294901190     
  0.999817103736464     
  0.999809599790016     
  0.999509089898746     
  0.999774704583752     
  0.999817857889742     
  0.999820591803451     
  0.999821762814515     
  0.999821791401422     
  0.999816623886205     
  0.999821616177365     
  0.999822824258321     
  0.999822422200368     
  0.999511356940909     
  0.999087130448254     
  0.999813274664217     
  0.999766626667976     
  0.999587674034892     
  0.999323407782961     
  0.999079651589109     
  0.999819992629921     
  0.999813156118309     
  0.999755434617041     
  0.995310546617150     
  0.995291792498895     
  0.999742841217216     
  0.999775269697844     
  0.999734949992720     
  0.998702153853006     
  0.998702633036825     
  0.999739082326734     
  0.999805307977761     
  0.999790241127073     
  0.999784087166677     
  0.999655530892059     
  0.992045870675589     
  0.982718918295871     
  0.998921612124615     
  0.999746705062131     
  0.998898746257742     
  0.974671327572381     
  0.994728927018372     
  0.999652094441964     
  0.999801203059439     
  0.999717283423783     
  0.997517618100796     
  0.998453739974663     
  0.999796979817974     
  0.999763699761942     
  0.999806899762163     
  0.999819698924330     
  0.999818442260305     
  0.999815663031586     
  0.999812519734935     
  0.999806170180473     
  0.999591546180262     
  0.999748105023265     
  0.999770179601510     
  0.999753231378658     
  0.999680987773508     
  0.999116970000466     
  0.981493058011142     
  0.923849453291882     
  0.951756163712430     
  0.997197359206349     
  0.995633952627864     
  0.962836403263003     
  0.976647158855926     
  0.998540877650925     
  0.999463479513600     
  0.998287922767336     
  0.997977027126272     
  0.999631777704023     
  0.999557077748324     
  0.998748275542104     
  0.906045641718985     
  0.905083651028686     
  0.999047628491065     
  0.999468323639508     
  0.999697463806184     
  0.999745936332034     
  0.999752770963006     
  0.999746802113525     
  0.999530633403042     
  0.999113678280239     
  0.998856914616975     
  0.998874975121137     
  0.999394795308146     
  0.994415000215692     
  0.869606525293459     
  0.899013561665779     
  0.997236699074680     
  0.994874667136888     
  0.926110105620991     
  0.909586322430883     
  0.991798048279628     
  0.997504938293801     
  0.976103641800493     
  0.975672935676309     
  0.996948145781955     
  0.983937043933419     
  0.934091516591216     
  0.966187479055125     
  0.997769779651858     
  0.999269546179335     
  0.999350839543002     
  0.999145722928752     
  0.994232400861536     
  0.963358565769824     
  0.912208118549235     
  0.963937714574250     
  0.997329677100699     
  0.998620616464287     
  0.991880335250799     
  0.986398393484647     
  0.997945340150065     
  0.999464168067275     
  0.990416514215319     
  0.990587207665418     
  0.988294945210606     
  0.962504957953040     
  0.994025114950258     
  0.999335301795221     
  0.999737802450304     
  0.999604675018861     
  0.999320319027834     
  0.999758286186686     
  0.999762199678103     
  0.999765844485717     
  0.999781487107707     
  0.999729444594542     
  0.999639491978295     
  0.999639856051085     
  0.999744450608157     
  0.999781571974292     
  0.999782213911235     
  0.999780725492880     
  0.999633068720910     
  0.999733812012850     
  0.999779012966219     
  0.999768232079872     
  0.999777194298890     
  0.999775590352875     
  0.999764557803198     
  0.999767572628534     
  0.999770593716109     
  0.999767259671404     
  0.999765079548755     
  0.999760373516698     
  0.999751607412454     
  0.999735423724607     
  0.999281341176177     
  0.990953547881420     
  0.995498082679941     
  0.999282575590580     
  0.978365462674092     
  0.953669759099678     
  0.998700724178096     
  0.999668588412245     
  0.999677803844370     
  0.999568006015692     
  0.996138824498732     
  0.960029783556938     
  0.975901625610478     
  0.998842183924781     
  0.999636998722283     
  0.999669339367256     
  0.999415963232067     
  0.999310252037691     
  0.999636570965723     
  0.999682393990706     
  0.994180405490291     
  0.998039131454229     
  0.995866035732816     
  0.996888293336654     
  0.999681267836396     
  0.999678857439277     
  0.999667243243445     
  0.999681898101884     
  0.999678222762014     
  0.999673589204979     
  0.999669076255037     
  0.999662974592347     
  0.999648035572533     
  0.999642536330561     
  0.999571700313142     
  0.999599424153038     
  0.999624129384073     
  0.999623224913266     
  0.998941808018770     
  0.999590910543981     
  0.999567894116846     
  0.999376820340176     
  0.999487174224246     
  0.999503697287755     
  0.998776200682967     
  0.991734816079213     
  0.973370559631994     
  0.998659613065254     
  0.999427695370030     
  0.999402138973725     
  0.997727926934674     
  0.994883568621027     
  0.998180850822541     
  0.996882033214258     
  0.947471718057941     
  0.977132063141748     
  0.769454125620588     
  0.984149565445311     
  0.998961417412545     
  0.999242944186894     
  0.999288632327856     
  0.999280796055692     
  0.999230713593856     
  0.999050209206240     
  0.996803503807328     
  0.931156668297788     
  0.931206718275205     
  0.996744239719714     
  0.997319996912669     
  0.989032194636258     
  0.997353091465756     
  0.999135675255913     
  0.999172697607728     
  0.999162668642770     
  0.999140738737789     
  0.999125932782751     
  0.999112152876800     
  0.999089577801777     
  0.999066704703769     
  0.999031252415873     
  0.999014306186084     
  0.998982330222674     
  0.998946344809155     
  0.998801040675545     
  0.998437643288628     
  0.998725913905055     
  0.998811458550549     
  0.998746629551043     
  0.998086634439854     
  0.998697758975431     
  0.998645990069747     
  0.998299779319434     
  0.998412860170634     
  0.998484033299295     
  0.998390043487569     
  0.997178392773148     
  0.986173742083811     
  0.993031629902149     
  0.955574671851175     
  0.967758217889210     
  0.997006796172582     
  0.990347821868678     
  0.977217748411256     
  0.994692632549279     
  0.989562197403832     
  0.990864567583676     
  0.993919138780175     
  0.996863875085929     
  0.997292453560704     
  0.997170469225337     
  0.997034534838083     
  0.996877875675055     
  0.996677597069172     
  0.996546418048057     
  0.996358552956977     
  0.996138637239739     
  0.995928535076959     
  0.995672670041413     
  0.991541276210829     
  0.985549794083271     
  0.994716736811447     
  0.994517062249808     
  0.994155338137442     
  0.993730570396037     
  0.993612694962003     
  0.993302571780119     
  0.992952534418166     
  0.992560767658802     
  0.992148111758889     
  0.991716256819254     
  0.991228832187347     
  0.990694057936101     
  0.990175221782407     
  0.989433493392851     
  0.988748108366765     
  0.987985659696987     
  0.986995168676616     
  0.981866657328874     
  0.976793092601901     
  0.981169674801523     
  0.982980578754805     
  0.981921490369275     
  0.980314933583053     
  0.979206676926604     
  0.978022308819527     
  0.976560244691723     
  0.975263630244281     
  0.973921334957684     
  0.972634089066959     
  0.971520196421937     
  0.970445524546444     
  0.969150575680813     
  0.967894461222472     
  0.967709969458471     
  0.968864910977928     
  0.970193645733293     
  0.971311713708330     
  0.972415931789144     
  0.973649751163857     
  0.974564043668463     
  0.975530847381605     
  0.977599244904363     
  0.979001832312466     
  0.980367744115407     
  0.981673166565303     
  0.982804221267150     
  0.984015135800045     
  0.985062837209492     
  0.985973500015671     
  0.986938230690878     
  0.987628004935627     
  0.988546754784582     
  0.988933219122175     
  0.989004965068557     
  0.990113603156259     
  0.991101639765696     
  0.991600731280314     
  0.990555725758690     
  0.978373587615202     
  0.987559582007397     
  0.990840203833873     
  0.993529804132353     
  0.993667441889254     
  0.994219301717686     
  0.994527351337900     
  0.994848442852050     
  0.995128971017880     
  0.995187023142217     
  0.995272487878332     
  0.987106120861889     
  0.967907505244391     
  0.991600699398384     
  0.996267101797592     
  0.996650826970355     
  0.996860071998981     
  0.997018364781378     
  0.997008556110802     
  0.993526304159481     
  0.994261310828819     
  0.997451614682818     
  0.997521165591204     
  0.997640877430699     
  0.997878022956818     
  0.997966323726277     
  0.998049340585468     
  0.998127343953613     
  0.998199876912520     
  0.998269324320735     
  0.998334143281393     
  0.998394230377489     
  0.998436406783372     
  0.998312736699939     
  0.998555877803649     
  0.998604284418689     
  0.998646937671586     
  0.998692060900902     
  0.998732682978582     
  0.997915209277502     
  0.998542503512184     
  0.998841716074823     
  0.998873878929568     
  0.998902642074809     
  0.998928727099446     
  0.998951997497636     
  0.998972920398392     
  0.998990933655084     
  0.999003863234872     
  0.999012349648163     
  0.999002709236940     
  0.998830151790798     
  0.998862319055814     
  0.998454600069042     
  0.998695364971308     
  0.998782314957221     
  0.998582727427421     
  0.998164718195038     
  0.997040243414003     
  0.981483002877221     
  0.756044593704185     
  0.475703247904345     
  0.944697476452462     
  0.995251539485316     
  0.997203779588239     
  0.983235309371363     
  0.993316361484179     
  0.992840648833249     
  0.998686669952632     
  0.999199379549596     
  0.999147551116734     
  0.997824724606711     
  0.994825834551494     
  0.997955320773461     
  0.999118232086459     
  0.999421218689010     
  0.999406591329707     
  0.999443670391021     
  0.999518376287890     
  0.999533570863322     
  0.999540162498912     
  0.999496688614181     
  0.998834204796926     
  0.998141253742554     
  0.999427515291690     
  0.999573468488824     
  0.999558465963518     
  0.999623930630166     
  0.999632955287429     
  0.999641792162760     
  0.999648028032877     
  0.999654063323712     
  0.999659503333988     
  0.999662061844923     
  0.999660303274630     
  0.999646820807449     
  0.999492886639967     
  0.993931835322466     
  0.997665578969045     
  0.999473399213338     
  0.993795012315485     
  0.984060472881719     
  0.998280569060939     
  0.999214302530204     
  0.999658119320000     
  0.999705666420808     
  0.999716344941978     
  0.999715754305848     
  0.999693050788771     
  0.998671704116846     
  0.989570418383608     
  0.997858828736327     
  0.999700021347688     
  0.999743816243310     
  0.999755955713767     
  0.999760029238215     
  0.999769991553242     
  0.999773122019072     
  0.999768455366673     
