  0.999453599345612     
  0.999453449210458     
  0.999446060095979     
  0.999449257084874     
  0.999437444713692     
  0.999388779995951     
  0.999347165070979     
  0.999335451403193     
  0.999412328190862     
  0.999405804684659     
  0.999339527105495     
  0.989349260627994     
  0.997657026132041     
  0.999282846699858     
  0.999255026014790     
  0.999178608570393     
  0.998936423720197     
  0.997488665687772     
  0.894050834693712     
  0.756764356450800     
  0.964795699999122     
  0.989369534591386     
  0.979066743466321     
  0.998149748232474     
  0.999157770100300     
  0.999152355653913     
  0.999285546725664     
  0.999300181678407     
  0.999306377481512     
  0.999307835943037     
  0.999304393981826     
  0.999142295398559     
  0.999042829437767     
  0.999287538388558     
  0.999286040011446     
  0.999278506596561     
  0.999270415794602     
  0.999262427114999     
  0.999252847253651     
  0.999222847065354     
  0.999232589407848     
  0.999224107191809     
  0.999167909064422     
  0.999158225844701     
  0.999190264137584     
  0.999171666142845     
  0.999163997840260     
  0.999147754459186     
  0.999125082752554     
  0.999063624611826     
  0.998746748537091     
  0.992807999596623     
  0.996352352379471     
  0.998960459286523     
  0.998972198241779     
  0.996215767906724     
  0.949577537204249     
  0.986032851723308     
  0.986029686696809     
  0.988624863700259     
  0.998767478944180     
  0.998623263682002     
  0.998865071667310     
  0.998895733340409     
  0.998877964866183     
  0.998858301005236     
  0.998837515764341     
  0.998815190598530     
  0.998791992393699     
  0.998768812452621     
  0.998743391141652     
  0.998628971420530     
  0.998692195212159     
  0.998650576118127     
  0.998637639264235     
  0.998604167596514     
  0.998008826894206     
  0.998508043278739     
  0.997764332997792     
  0.992298730366933     
  0.997530820174557     
  0.998311788657960     
  0.998348451803616     
  0.998310405578401     
  0.998143345457287     
  0.998225876589631     
  0.998175832379672     
  0.998044228950577     
  0.994782541289843     
  0.997236449165386     
  0.997815632490358     
  0.997474494533384     
  0.995495584168333     
  0.995851656471531     
  0.990532394892456     
  0.997637066594222     
  0.997622441565308     
  0.997561300860927     
  0.997484925529616     
  0.996827717637699     
  0.997045948276662     
  0.997248081279358     
  0.997153587992670     
  0.997058569313454     
  0.996957405597294     
  0.996842078939629     
  0.996700616363418     
  0.996587205246776     
  0.995674596118271     
  0.996346232584107     
  0.996204597021380     
  0.996067376781772     
  0.995904494936781     
  0.995731747193976     
  0.995545793835101     
  0.995338139001029     
  0.995111344255509     
  0.994852740024333     
  0.994540313271599     
  0.994140856237450     
  0.993501640602099     
  0.991063868095889     
  0.868224870748040     
  0.744333955837761     
  0.976509993342111     
  0.991434740653946     
  0.991593112073925     
  0.990562928382493     
  0.951450827205568     
  0.816264632702917     
  0.964895823799265     
  0.964812159859944     
  0.898872147906753     
  0.980826156842795     
  0.986779117325032     
  0.985714981606748     
  0.984623855959189     
  0.982920929166471     
  0.933837712465801     
  0.888324882741784     
  0.971655199636241     
  0.825874961708921     
  0.826218431189513     
  0.827747951761300     
  0.966410459336892     
  0.966638011090801     
  0.963664458135038     
  0.958214032514169     
  0.944767992453427     
  0.950202317290935     
  0.934382543706885     
  0.936613154279566     
  0.926235002874524     
  0.908267744597517     
  0.811668478526155     
  0.840033928048127     
  0.881647552732433     
  0.864733483208418     
  0.845015947207362     
  0.833916573900902     
  0.841120370831313     
  0.856768024497115     
  0.869969779073610     
  0.877762736647730     
  0.877045173028935     
  0.865789880526780     
  0.840794837159555     
  0.794932018552539     
  0.723046086710618     
  0.595286668948830     
  0.496142765946246     
  0.485047925149767     
  0.534924331825778     
  0.618158286485098     
  0.708368262491901     
  0.776218964370152     
  0.817338746462373     
  0.843488872780058     
  0.864093114827361     
  0.881506439066400     
  0.897038656515571     
  0.912683233693737     
  0.927664120492336     
  0.938450564266181     
  0.945617103423153     
  0.952172507432342     
  0.958396422540852     
  0.962690441302817     
  0.965728721898309     
  0.968562974413362     
  0.971128269999509     
  0.973552617490795     
  0.975687728419821     
  0.977669383844358     
  0.979506157064488     
  0.981298944795949     
  0.982911513998019     
  0.984525473562001     
  0.985959345532548     
  0.987230236076724     
  0.988271305580086     
  0.987785649358251     
  0.989035241016158     
  0.990318751613207     
  0.991426529715461     
  0.991932355465530     
  0.992466814756535     
  0.992991099140079     
  0.993385027572798     
  0.993716469996243     
  0.993573241417297     
  0.994221299264603     
  0.994651644673310     
  0.994906675771577     
  0.995075565707767     
  0.995423191821832     
  0.995645945758013     
  0.995836802736024     
  0.995928719652928     
  0.990315198695116     
  0.985252992286509     
  0.995612579213209     
  0.995571673689794     
  0.996750325597688     
  0.996925005334986     
  0.996963352321253     
  0.984848943403669     
  0.996872938647042     
  0.997356325570051     
  0.997273835120393     
  0.995491129436002     
  0.997326842435307     
  0.997565969711530     
  0.997404871869432     
  0.997230524264829     
  0.997081881757011     
  0.994927056053422     
  0.908295179554278     
  0.867026670798014     
  0.952156757354498     
  0.996332755856112     
  0.997369649495424     
  0.997738794000422     
  0.997817223683047     
  0.997724446972998     
  0.997103557512461     
  0.992177146570897     
  0.756512584070264     
  0.742451862726828     
  0.720608727094830     
  0.905501928961684     
  0.996650221808281     
  0.997905515912230     
  0.996453813889304     
  0.998193243769812     
  0.998578404822323     
  0.998670921295419     
  0.998730179687811     
  0.998777016068891     
  0.998779289427937     
  0.998510580198993     
  0.998631618925418     
  0.997862863010370     
  0.998923251949967     
  0.998977380935204     
  0.999005370720305     
  0.998768367253269     
  0.999040319820121     
  0.999077493931884     
  0.999097983037950     
  0.999118134383420     
  0.999137246899038     
  0.999155338382457     
  0.999163417796496     
  0.998757621910408     
  0.998911985942910     
  0.999204201975513     
  0.999232484207163     
  0.998744882711236     
  0.999142261761000     
  0.999280928716895     
  0.999295133697806     
  0.999304867498335     
  0.999039364612828     
  0.997950333747610     
  0.999248155068226     
  0.999350508199045     
  0.999361214709601     
  0.999349727453543     
  0.999200671960151     
  0.999335003835295     
  0.999310412884403     
  0.999246193595518     
  0.999385509359062     
  0.999377514492944     
  0.999358112727167     
  0.999316950813027     
  0.999221373669291     
  0.998896512850362     
  0.991410857666732     
  0.949178661502111     
  0.986005889390020     
  0.996953109256574     
  0.962162233712556     
  0.930901352388142     
  0.990352054232442     
  0.998618442750823     
  0.999084760443815     
  0.999260340123932     
  0.999282703986457     
  0.999169968699036     
  0.995116775160710     
  0.899169784274187     
  0.939376278651713     
  0.979595531080354     
  0.998628336479653     
  0.999384891993256     
  0.999275304858308     
  0.999528802541680     
  0.999584900056738     
  0.999599252320809     
  0.999610439531835     
  0.999619659999410     
  0.999627960246202     
  0.999635032164340     
  0.999611893959333     
  0.999610218314321     
  0.999653725491025     
  0.999658529469664     
  0.999662931653866     
  0.999430690962162     
  0.999641539470142     
  0.999633449627445     
  0.999558130446143     
  0.999655614224179     
  0.999601640658381     
  0.999295327407336     
  0.999672518598493     
  0.999694473995023     
  0.999696338613216     
  0.999666482670802     
  0.999696481518259     
  0.999686302014501     
  0.999524148393551     
  0.997782636290234     
  0.998525419071421     
  0.999639660011413     
  0.999694573218729     
  0.999650007083485     
  0.998681058166490     
  0.997122073765671     
  0.999625959661758     
  0.999716305405842     
  0.999728524374107     
  0.999706339492792     
  0.999735809787992     
  0.999648603813892     
  0.999740168066865     
  0.999746326367854     
  0.999747760724023     
  0.999750217004064     
  0.999751686950388     
  0.999752997145879     
  0.999752866992289     
  0.999706248307991     
  0.999674726231088     
  0.998617539472636     
  0.984214847214017     
  0.998557990642857     
  0.999622386735718     
  0.999758052538711     
  0.999767842611902     
  0.999771239113925     
  0.999772521430427     
  0.999732478127663     
  0.999738262836169     
  0.999757542356912     
  0.999743473337346     
  0.999082792485087     
  0.999329001973622     
  0.999620169363842     
  0.999655468716883     
  0.999780924491849     
  0.999780432968453     
  0.999775819533945     
  0.999676354192334     
  0.999617977960943     
  0.999005069078946     
  0.976649408415562     
  0.985746911333208     
  0.968808382181702     
  0.960915758428605     
  0.999658780272421     
  0.999605786205720     
  0.999560402687592     
  0.998548522680232     
  0.993638319156575     
  0.999538644684160     
  0.999740336267406     
  0.999775165267543     
  0.999761579478685     
  0.999715767694977     
  0.999020144905066     
  0.950751248385162     
  0.931958050489707     
  0.997911690094792     
  0.999519082163201     
  0.999161626040112     
  0.999733638664578     
  0.999793966158352     
  0.999799059055374     
  0.999806140445422     
  0.999810142805623     
  0.999809395156756     
  0.999813766968286     
  0.999813608527921     
  0.999756503138636     
  0.999555029388379     
  0.998736863955613     
  0.999711643125211     
  0.999816254872792     
  0.999821505707807     
  0.999821704633059     
  0.999814664827301     
  0.999520587356134     
  0.999779034268497     
  0.999822723271600     
  0.999825169234128     
  0.999826187889813     
  0.999826464502809     
  0.999810448114689     
  0.999824253936850     
  0.999827586005407     
  0.999826848144659     
  0.999517379965799     
  0.999094105436447     
  0.999817949322711     
  0.999772837566346     
  0.999593134745946     
  0.999302136060500     
  0.999042546728774     
  0.999824713330671     
  0.999818560967686     
  0.999770908047957     
  0.995368819973393     
  0.995348935885943     
  0.999758305035419     
  0.999780402336236     
  0.999745938802898     
  0.998742548778950     
  0.998742125594331     
  0.999749621338886     
  0.999810746773714     
  0.999794295055444     
  0.999787889451000     
  0.999656891598382     
  0.991761021756040     
  0.982015750055909     
  0.998905109821789     
  0.999750729441296     
  0.998920944019280     
  0.974939306868759     
  0.994803549963105     
  0.999652513290472     
  0.999807000136558     
  0.999719509761036     
  0.997439689362101     
  0.998422766548850     
  0.999802873907590     
  0.999761232435620     
  0.999810664116599     
  0.999825508989047     
  0.999824561614294     
  0.999821991263291     
  0.999818974218206     
  0.999812993488035     
  0.999590388094015     
  0.999754656976475     
  0.999778716436447     
  0.999763267618157     
  0.999699516072263     
  0.999213010496358     
  0.982137929607214     
  0.925593912956624     
  0.953013894513919     
  0.997431596040290     
  0.995821047995605     
  0.963695815774198     
  0.977220370352695     
  0.998616968971572     
  0.999484840681441     
  0.998311755735883     
  0.998000657200890     
  0.999642286679058     
  0.999570136104193     
  0.998800374118477     
  0.904632169218313     
  0.903654142879571     
  0.999106087365101     
  0.999486250977551     
  0.999706710473439     
  0.999754427427185     
  0.999761367537859     
  0.999755775885060     
  0.999536945067304     
  0.999113751338149     
  0.998887539572873     
  0.998909401877887     
  0.999418627884956     
  0.994495846482641     
  0.868487508013639     
  0.898207529938042     
  0.997347248124297     
  0.995231175151224     
  0.927898719705274     
  0.911534652353854     
  0.992281423236181     
  0.997658287738631     
  0.976642688213944     
  0.976217626289384     
  0.997101809058273     
  0.984453166144519     
  0.935488635399740     
  0.967035153566746     
  0.997897766623207     
  0.999309598603713     
  0.999383788768682     
  0.999194449339012     
  0.994462782260057     
  0.964299400091175     
  0.914069388265136     
  0.964908919582471     
  0.997513782925018     
  0.998717580041011     
  0.992100332886762     
  0.986706214369353     
  0.998028505088887     
  0.999493122306655     
  0.990478319035594     
  0.990688531607854     
  0.988667874794915     
  0.963331905805709     
  0.994273279703125     
  0.999365599719588     
  0.999753812647489     
  0.999614169125578     
  0.999319171402962     
  0.999770966871942     
  0.999769477712913     
  0.999773837289564     
  0.999794299301514     
  0.999741256261772     
  0.999656692626381     
  0.999656936020291     
  0.999756493421713     
  0.999794338037923     
  0.999794791443964     
  0.999793468984104     
  0.999640919374903     
  0.999745320894271     
  0.999791981516588     
  0.999780974388830     
  0.999790250389815     
  0.999788687478989     
  0.999777191778542     
  0.999780659473213     
  0.999783846654872     
  0.999780876507097     
  0.999778597687929     
  0.999774305638674     
  0.999765657835162     
  0.999750165410793     
  0.999297665260879     
  0.990998463942727     
  0.995535645897231     
  0.999303687562286     
  0.978588653227347     
  0.954010604157159     
  0.998737563283031     
  0.999686361661331     
  0.999696897338584     
  0.999608054308877     
  0.996350610067879     
  0.960945169912812     
  0.976545439486974     
  0.998949239372117     
  0.999665363877881     
  0.999690540816432     
  0.999445694436866     
  0.999342564165197     
  0.999658350531580     
  0.999697970836934     
  0.993081062484346     
  0.997737281313796     
  0.995118400172168     
  0.996350723757784     
  0.999698100142186     
  0.999697050762951     
  0.999685444602854     
  0.999701592868022     
  0.999698345905855     
  0.999694170019253     
  0.999689867542891     
  0.999684161683751     
  0.999670719316372     
  0.999665846667098     
  0.999595046156778     
  0.999622959104872     
  0.999647561723707     
  0.999647142641433     
  0.998926790842605     
  0.999615672371581     
  0.999595084988780     
  0.999408653910460     
  0.999517396554110     
  0.999535068680842     
  0.998799642839794     
  0.991897060498097     
  0.972801615322466     
  0.998718561142872     
  0.999464163898095     
  0.999441043222472     
  0.997809507870332     
  0.995010713704729     
  0.998214865311544     
  0.996894038513516     
  0.946276063433184     
  0.977174635800152     
  0.766830951447764     
  0.984241292553334     
  0.999027020374455     
  0.999282579895444     
  0.999327046957235     
  0.999319284454510     
  0.999268182315396     
  0.999085990846783     
  0.996808543064257     
  0.929006905213066     
  0.929089036075288     
  0.996762456230313     
  0.997423516971598     
  0.989268579273729     
  0.997465453721503     
  0.999195691601693     
  0.999227659432520     
  0.999216752416624     
  0.999199272367613     
  0.999186239333442     
  0.999174323315230     
  0.999153815914589     
  0.999132713971006     
  0.999099099978206     
  0.999084208199146     
  0.999051035070973     
  0.999019808034063     
  0.998883760313312     
  0.998529036185679     
  0.998813501820600     
  0.998896016530383     
  0.998832809233275     
  0.998148524216136     
  0.998790829432046     
  0.998741937155079     
  0.998401873945678     
  0.998517332013594     
  0.998590688233048     
  0.998502516310537     
  0.997298809812161     
  0.986108200352346     
  0.993352546177897     
  0.956451350877829     
  0.968271713648184     
  0.997215507585929     
  0.990658616593719     
  0.977681042332004     
  0.994941083720632     
  0.989756061781365     
  0.991049635777480     
  0.994091959845620     
  0.997045502271899     
  0.997478357156400     
  0.997364623667876     
  0.997237063145102     
  0.997089371608923     
  0.996895373692147     
  0.996778776056917     
  0.996601940265401     
  0.996369548495956     
  0.996196257722025     
  0.995953649976252     
  0.991845189427107     
  0.985862696913592     
  0.995045547346526     
  0.994864591496682     
  0.994515946654393     
  0.994093482699128     
  0.994006492183411     
  0.993713586009429     
  0.993381203655009     
  0.993008073552579     
  0.992615141634375     
  0.992204853176312     
  0.991740602534082     
  0.991230197182082     
  0.990735423162184     
  0.990027074650280     
  0.989364192500838     
  0.988624207552688     
  0.987658328410408     
  0.982431650597495     
  0.977358444671051     
  0.981901090963370     
  0.983737523116726     
  0.982691403072870     
  0.981081086391065     
  0.980001710748887     
  0.978823532614918     
  0.977362391379835     
  0.976056270197951     
  0.974697936259680     
  0.973387994831652     
  0.972251035682337     
  0.971165748379948     
  0.969878371299758     
  0.968632444218975     
  0.968449102892302     
  0.969594758813680     
  0.970913409267336     
  0.972038380606928     
  0.973163824998080     
  0.974420858174321     
  0.975359968406032     
  0.976342088181570     
  0.978401179450799     
  0.979799020055304     
  0.981153438990071     
  0.982443786340964     
  0.983560331944025     
  0.984748037392822     
  0.985774539444845     
  0.986666311537482     
  0.987604825976793     
  0.988269520246147     
  0.989161065048675     
  0.989530206223054     
  0.989570276779657     
  0.990643561300062     
  0.991613870785922     
  0.992093676896567     
  0.991060004786600     
  0.978878320149967     
  0.988027906662574     
  0.991083081693684     
  0.993920569438382     
  0.994039784500352     
  0.994582262629116     
  0.994873902319572     
  0.995177172344476     
  0.995441641107751     
  0.995479948954547     
  0.995580442066168     
  0.987560913678741     
  0.968563978498603     
  0.991975305417621     
  0.996517179639953     
  0.996874557310294     
  0.997071300223430     
  0.997220477475222     
  0.997213090633158     
  0.993783652098102     
  0.994503161024622     
  0.997630405243648     
  0.997674117118436     
  0.997786162121069     
  0.998026410942361     
  0.998109257918793     
  0.998186576866165     
  0.998259404828774     
  0.998324715679731     
  0.998391582358581     
  0.998451662596643     
  0.998507625415254     
  0.998545191273339     
  0.998407293229825     
  0.998657490613421     
  0.998702521760639     
  0.998735932855237     
  0.998780534425200     
  0.998820866537563     
  0.997965734472814     
  0.998611439247567     
  0.998921161436111     
  0.998950390280612     
  0.998976411994426     
  0.999000133509802     
  0.999020857058123     
  0.999039097925740     
  0.999054503516754     
  0.999064914488422     
  0.999070553560527     
  0.999058999660234     
  0.998886373109933     
  0.998913718386953     
  0.998500985300667     
  0.998735046170444     
  0.998813003320443     
  0.998602003226561     
  0.998162254302398     
  0.997005394469917     
  0.980297224752307     
  0.753221270343857     
  0.469405858367289     
  0.944058361561274     
  0.995246523623875     
  0.997179814133598     
  0.983277490987808     
  0.993389264174161     
  0.992876363978740     
  0.998712819342729     
  0.999224422461277     
  0.999177365475928     
  0.997871180464350     
  0.994869341127685     
  0.997953904190874     
  0.999153512978398     
  0.999451566783934     
  0.999434574198716     
  0.999471893822988     
  0.999544953558552     
  0.999559828693173     
  0.999566725997556     
  0.999528455894530     
  0.998889321336102     
  0.998185301023598     
  0.999463665104690     
  0.999598122858519     
  0.999579967173974     
  0.999646335929254     
  0.999654980551029     
  0.999663166454049     
  0.999669205541099     
  0.999674725641190     
  0.999679573831049     
  0.999681945378914     
  0.999679816977430     
  0.999665920012249     
  0.999512462599665     
  0.994022392462847     
  0.997696228758318     
  0.999489835510591     
  0.993787280564210     
  0.983964162617452     
  0.998313427770701     
  0.999237368717710     
  0.999677740198062     
  0.999722304118115     
  0.999732188419926     
  0.999731222068861     
  0.999707748805696     
  0.998684775040147     
  0.989493747288208     
  0.997867703015089     
  0.999713148547821     
  0.999757629877894     
  0.999769899843701     
  0.999773559432615     
  0.999783324732619     
  0.999786098498120     
  0.999781121264764     
