  0.999464517306962     
  0.999463984054163     
  0.999455874234395     
  0.999459120606042     
  0.999448758439937     
  0.999404107209778     
  0.999362684457086     
  0.999351938222554     
  0.999423148655640     
  0.999393329589612     
  0.999090847557639     
  0.988885815293805     
  0.997088672649177     
  0.999162427283667     
  0.999266299495472     
  0.999198803241571     
  0.998890943654215     
  0.996704397361217     
  0.897883400574541     
  0.767724063534971     
  0.964360807351035     
  0.988584346008563     
  0.978545108656244     
  0.997484107763609     
  0.999018309638797     
  0.999157658404069     
  0.999298133908843     
  0.999313989308638     
  0.999320028021665     
  0.999321372500929     
  0.999317340817988     
  0.999163864386986     
  0.999070766449609     
  0.999300389801636     
  0.999299388409519     
  0.999292141878786     
  0.999284062534778     
  0.999276326562019     
  0.999266827579934     
  0.999238838548374     
  0.999247105694976     
  0.999238624573083     
  0.999184345291317     
  0.999174648809741     
  0.999205335976878     
  0.999187666130577     
  0.999179456255258     
  0.999163354802244     
  0.999140186994097     
  0.999065266609875     
  0.998673739416583     
  0.992849011927582     
  0.996277369736363     
  0.998931933703218     
  0.999023414178564     
  0.996653463961457     
  0.951915942559890     
  0.986892409369020     
  0.986694143913808     
  0.989109355758136     
  0.998816018009388     
  0.998668804147702     
  0.998889768740933     
  0.998916417248658     
  0.998899290308083     
  0.998880134264525     
  0.998859707393798     
  0.998837980083929     
  0.998815158981897     
  0.998792335760231     
  0.998767597059718     
  0.998663614893119     
  0.998717400802250     
  0.998677721241527     
  0.998662618937320     
  0.998619337385952     
  0.998024659582521     
  0.998516475839159     
  0.997830631297902     
  0.992821748312124     
  0.997614261807381     
  0.998348922082519     
  0.998380462906254     
  0.998343089296818     
  0.998191000301650     
  0.998259210287306     
  0.998200703608550     
  0.998016686937693     
  0.994756837382553     
  0.997253965583866     
  0.997791598483907     
  0.997219459414335     
  0.994964790587102     
  0.995207849489124     
  0.990281670339864     
  0.997514307079237     
  0.997648908119914     
  0.997605392472133     
  0.997522876415187     
  0.996863824040809     
  0.997101662552297     
  0.997297050132921     
  0.997210105344520     
  0.997115918850610     
  0.997014945826470     
  0.996895134500578     
  0.996747640432971     
  0.996634865051560     
  0.995901062109436     
  0.996415423669179     
  0.996277238659963     
  0.996143960444465     
  0.995984828887491     
  0.995815733059617     
  0.995633679215102     
  0.995431134591504     
  0.995208913765756     
  0.994956010646903     
  0.994651728922501     
  0.994263803909019     
  0.993655839401004     
  0.991444697075460     
  0.875635384563514     
  0.758975030799114     
  0.977729299076741     
  0.991661508360007     
  0.991742546394039     
  0.990419898750149     
  0.952342857885950     
  0.824348435177881     
  0.964933348008550     
  0.965417732270679     
  0.903343673320872     
  0.980880391969788     
  0.986926507657145     
  0.985965001216853     
  0.984863011958855     
  0.982940568356634     
  0.936139691188153     
  0.893239848779080     
  0.971585158697818     
  0.836698991947534     
  0.835185856519268     
  0.836849432976060     
  0.967195274069907     
  0.967117918073807     
  0.963937714346923     
  0.957968232987636     
  0.944719543671868     
  0.950555494582963     
  0.935516462827270     
  0.937408901244059     
  0.927068232782135     
  0.909813670850942     
  0.818808225976483     
  0.844723170867648     
  0.882475577238984     
  0.865257648303541     
  0.845522177216452     
  0.834513708092828     
  0.841740724519498     
  0.857381104192385     
  0.870613857769199     
  0.878394360903099     
  0.877698203774554     
  0.866415064138820     
  0.841173105921462     
  0.794614114226465     
  0.721324525572494     
  0.593633880362170     
  0.496191735632626     
  0.485287787896749     
  0.534070446570371     
  0.616802429171289     
  0.706971867478389     
  0.775438854703401     
  0.817096497627383     
  0.843534079205131     
  0.864285234383172     
  0.881891246360983     
  0.897640018556862     
  0.913426092559569     
  0.928467405150564     
  0.939253266253336     
  0.946395143123513     
  0.952910461702220     
  0.959090540067213     
  0.963338113795411     
  0.966332127567533     
  0.969123386956090     
  0.971652538539582     
  0.974033846827617     
  0.976135395247189     
  0.978084515306222     
  0.979890083822083     
  0.981655261387252     
  0.983250844586816     
  0.984833634952904     
  0.986242893439828     
  0.987493961747273     
  0.988535424940579     
  0.988087439339450     
  0.989302475524594     
  0.990545565980263     
  0.991614985979180     
  0.992111594903287     
  0.992629557678849     
  0.993135862551981     
  0.993514998769723     
  0.993833953437700     
  0.993716055551721     
  0.994333051320048     
  0.994753381248589     
  0.995010509616559     
  0.995183971435923     
  0.995518811589403     
  0.995737265751184     
  0.995923495397650     
  0.996006518528610     
  0.990814082463437     
  0.986173767392281     
  0.995677125483343     
  0.995638957758332     
  0.996800861006440     
  0.996984811859987     
  0.997011012645438     
  0.985927251193875     
  0.996932563747350     
  0.997409258308953     
  0.997347769372893     
  0.995645126315643     
  0.997398221468311     
  0.997618473018269     
  0.997468073329305     
  0.997282309550907     
  0.997013130778920     
  0.993901635701358     
  0.910757163249449     
  0.871310780794605     
  0.952108474904491     
  0.995693343372030     
  0.997374813008597     
  0.997785237279649     
  0.997863612969447     
  0.997756791636984     
  0.996770238053936     
  0.989343321671524     
  0.762771297100384     
  0.748543721644112     
  0.728798717554146     
  0.905694802477152     
  0.995348024898738     
  0.997823917176121     
  0.996611296068135     
  0.998219134201713     
  0.998601796791701     
  0.998696894751758     
  0.998755068181276     
  0.998799772155083     
  0.998798098640045     
  0.998536412838134     
  0.998661527606751     
  0.997944457178847     
  0.998944569202155     
  0.998996610777566     
  0.999023725306865     
  0.998841167743714     
  0.999059519451814     
  0.999094171969836     
  0.999114365663706     
  0.999134219355543     
  0.999152988980964     
  0.999169489925312     
  0.999171431105854     
  0.998769837378216     
  0.998937541864945     
  0.999215734370946     
  0.999237047331130     
  0.998743525012069     
  0.999137643806224     
  0.999289001381932     
  0.999307049549239     
  0.999314109141429     
  0.999058274844199     
  0.998049200646198     
  0.999258532786616     
  0.999361036837640     
  0.999372805893789     
  0.999362591733968     
  0.999222757367895     
  0.999349076945591     
  0.999336201541857     
  0.999286384996154     
  0.999398024757671     
  0.999391327298801     
  0.999373143847403     
  0.999335028704245     
  0.999248690987599     
  0.998998812075621     
  0.992183444570194     
  0.952604439468944     
  0.987151136374520     
  0.997393734710254     
  0.965078095513530     
  0.935622682476128     
  0.991360349753727     
  0.998763574602249     
  0.999121059813735     
  0.999284066681111     
  0.999301070698566     
  0.999118057678244     
  0.994762686726380     
  0.903604588490031     
  0.941577420231472     
  0.980381122799567     
  0.998571358433431     
  0.999379607182957     
  0.999313038671193     
  0.999539861043506     
  0.999591884009350     
  0.999605878224418     
  0.999616411720717     
  0.999625461378552     
  0.999633328233352     
  0.999639576073546     
  0.999618203555376     
  0.999617786367284     
  0.999658139793295     
  0.999662396659304     
  0.999661743325727     
  0.999425039370288     
  0.999634099102228     
  0.999642618527885     
  0.999566818856973     
  0.999643339013113     
  0.999599057184068     
  0.999369931117856     
  0.999675996564026     
  0.999697355937317     
  0.999699157664132     
  0.999672321436020     
  0.999697846627367     
  0.999675483346499     
  0.999447201662791     
  0.997629385224355     
  0.998386296752886     
  0.999591551402234     
  0.999688153446237     
  0.999628043801517     
  0.998632620992245     
  0.997139307098718     
  0.999584452931991     
  0.999713047728402     
  0.999730335065547     
  0.999710316258407     
  0.999738492567282     
  0.999659214151684     
  0.999742153925849     
  0.999747897318040     
  0.999749310877807     
  0.999751789819962     
  0.999753159729496     
  0.999754410831767     
  0.999754409325720     
  0.999716518805050     
  0.999693346005335     
  0.998742202701485     
  0.985027217005021     
  0.998685616354230     
  0.999648539245674     
  0.999759858824021     
  0.999768691533937     
  0.999772223363017     
  0.999773352640925     
  0.999738240445431     
  0.999757722145339     
  0.999751515970075     
  0.999734861042021     
  0.999117078457730     
  0.999347119190808     
  0.999648770739674     
  0.999685475779096     
  0.999781360186210     
  0.999781093230465     
  0.999775471090628     
  0.999681161548970     
  0.999637397263023     
  0.999137655471329     
  0.977893411871540     
  0.986579992183900     
  0.970445790779305     
  0.964233809576452     
  0.999575850142301     
  0.999599617352400     
  0.999537441441565     
  0.998430229699336     
  0.993527592937501     
  0.999433386189415     
  0.999725661333502     
  0.999774632786126     
  0.999761898100796     
  0.999692271063812     
  0.998794059704801     
  0.952861992939851     
  0.935131170132443     
  0.997652226586136     
  0.999477026997023     
  0.999164411804517     
  0.999725132542247     
  0.999791135013445     
  0.999797609461667     
  0.999804837648222     
  0.999809082117844     
  0.999808236788418     
  0.999812000868986     
  0.999803453103352     
  0.999719619597894     
  0.999519668899883     
  0.998775144710231     
  0.999717718896736     
  0.999817819032506     
  0.999820159906772     
  0.999819165685367     
  0.999807797940466     
  0.999515756698439     
  0.999773984472800     
  0.999819433433799     
  0.999823098410239     
  0.999824340877501     
  0.999824408490792     
  0.999818452917554     
  0.999823976787274     
  0.999825448115165     
  0.999826433436337     
  0.999534293628576     
  0.999130440723238     
  0.999817075651043     
  0.999764188378956     
  0.999590172118209     
  0.999341768737697     
  0.999112183817857     
  0.999819816577309     
  0.999800850723835     
  0.999581391501318     
  0.994812996491193     
  0.994794799402527     
  0.999570281632414     
  0.999758937687737     
  0.999698554214247     
  0.998635205153568     
  0.998635809858724     
  0.999703403298633     
  0.999801734011099     
  0.999792697052762     
  0.999786543965261     
  0.999657609143400     
  0.992401982614881     
  0.983519155963247     
  0.998953857914280     
  0.999755747435075     
  0.998993825719756     
  0.975958631420071     
  0.995045694826214     
  0.999675786059345     
  0.999802723638058     
  0.999714391824295     
  0.997606060695259     
  0.998499991489172     
  0.999793003346457     
  0.999766631163272     
  0.999808438289101     
  0.999820522758789     
  0.999819226578795     
  0.999816412769125     
  0.999813067917122     
  0.999806003782668     
  0.999600178856413     
  0.999749169725885     
  0.999769908613077     
  0.999749345501853     
  0.999588568203011     
  0.998010976318559     
  0.977692395588446     
  0.919628742539461     
  0.947448848706542     
  0.994769236402834     
  0.994799311701679     
  0.963197162913141     
  0.976512429130527     
  0.998128658476542     
  0.999414392782062     
  0.998354837220512     
  0.998059461149851     
  0.999632759455022     
  0.999487302737886     
  0.998072446051348     
  0.908443030983807     
  0.907528840641988     
  0.998359574363848     
  0.999401302234767     
  0.999693683396775     
  0.999746611934250     
  0.999754195255272     
  0.999747212444713     
  0.999535263664106     
  0.999113909169044     
  0.998815875695944     
  0.998829612710113     
  0.999270286943522     
  0.993797478047825     
  0.873518359416460     
  0.901754284616105     
  0.996168487892724     
  0.991169940712083     
  0.921045412405749     
  0.904922516272179     
  0.987624654314798     
  0.996497606655545     
  0.976153913966032     
  0.975749418979376     
  0.996408547127622     
  0.983141992362780     
  0.934409659329696     
  0.965721754987592     
  0.997258001119421     
  0.999214492961758     
  0.999348767179187     
  0.999034433428194     
  0.993584746365311     
  0.962472700344875     
  0.912432228807143     
  0.962976747167724     
  0.996701326906823     
  0.998483296750339     
  0.991901875888860     
  0.986622054407930     
  0.997803430916274     
  0.999478086536711     
  0.990928076652578     
  0.990565156351468     
  0.986540133987069     
  0.960753775393203     
  0.992413000151186     
  0.998973701324311     
  0.999708598686107     
  0.999606244980218     
  0.999335792200733     
  0.999755593040446     
  0.999760731907606     
  0.999764338299146     
  0.999778630190704     
  0.999724562933115     
  0.999628338484174     
  0.999628390361224     
  0.999738096711593     
  0.999777742456028     
  0.999778725990743     
  0.999776722402943     
  0.999634851977750     
  0.999730712148137     
  0.999774557247001     
  0.999764372718664     
  0.999772601276731     
  0.999770809325656     
  0.999760007140611     
  0.999762636179221     
  0.999765226037175     
  0.999761795472172     
  0.999759370157102     
  0.999754574606910     
  0.999744663005982     
  0.999725117977593     
  0.999312407502934     
  0.991436905212055     
  0.995765842173572     
  0.999327472754250     
  0.979383710292769     
  0.955796630493919     
  0.998759918837912     
  0.999662089708005     
  0.999652035464880     
  0.999247027932538     
  0.994431098176604     
  0.957837512942829     
  0.973613355228469     
  0.997755817848108     
  0.999493435240947     
  0.999631932902045     
  0.999354589780536     
  0.999245748255662     
  0.999593653953997     
  0.999664284121594     
  0.994392828411057     
  0.998093110313524     
  0.996009127257786     
  0.996989760540428     
  0.999668335563365     
  0.999666601709729     
  0.999655221019892     
  0.999668566965460     
  0.999664480917764     
  0.999659516238839     
  0.999654437643147     
  0.999647308437906     
  0.999630703087559     
  0.999624803946692     
  0.999558261776766     
  0.999584556097126     
  0.999606748677856     
  0.999604279988611     
  0.998955845293701     
  0.999570128648848     
  0.999542153114582     
  0.999349900719203     
  0.999458319143310     
  0.999459196844287     
  0.998609752006928     
  0.991464725021119     
  0.973853783191451     
  0.998436794517720     
  0.999368224875925     
  0.999326818655477     
  0.997562569800775     
  0.994723199997530     
  0.998003600119438     
  0.996628113587005     
  0.948887503537745     
  0.975616439650635     
  0.776595350591986     
  0.982622655407495     
  0.998536167114507     
  0.999198104060692     
  0.999261282434628     
  0.999252634401559     
  0.999199819843808     
  0.998966975007637     
  0.996415259778637     
  0.933259162312422     
  0.933305809634456     
  0.996266008272495     
  0.996829178662531     
  0.988545990701969     
  0.996884771181616     
  0.998990566804845     
  0.999121328558353     
  0.999116734312063     
  0.999093944830068     
  0.999077278271779     
  0.999061477713897     
  0.999037130753054     
  0.999012309386414     
  0.998975341469238     
  0.998955686892170     
  0.998920473405339     
  0.998872422508314     
  0.998690467670256     
  0.998307258874079     
  0.998610331510159     
  0.998726590822406     
  0.998668710316780     
  0.998035309687107     
  0.998614795674870     
  0.998562262402231     
  0.998228070491625     
  0.998329521055960     
  0.998388071039149     
  0.998272879117206     
  0.997017607759834     
  0.986162482556652     
  0.991387145644170     
  0.954160373388840     
  0.966820501895201     
  0.996185090341106     
  0.989712725677119     
  0.976782802662736     
  0.994149823766170     
  0.989718437457964     
  0.991074997233397     
  0.993960062510372     
  0.996729607974442     
  0.997105934115648     
  0.996969059776469     
  0.996820938658633     
  0.996651947122568     
  0.996439762500024     
  0.996291777884899     
  0.996087848837238     
  0.995848697429827     
  0.995624206782047     
  0.995374813491528     
  0.991481229002671     
  0.985748335020741     
  0.994378487679628     
  0.994099786183768     
  0.993707764976542     
  0.993263173708143     
  0.993108389408553     
  0.992767359332520     
  0.992382475619098     
  0.991950841802103     
  0.991500097176921     
  0.991031907292189     
  0.990498463655212     
  0.989904071035099     
  0.989327318478308     
  0.988537524874226     
  0.987785177763215     
  0.986935009841125     
  0.985823961449793     
  0.980659255420713     
  0.975439190658207     
  0.979530520838163     
  0.981289879867942     
  0.980141354909970     
  0.978395072190784     
  0.977087797115824     
  0.975720763439321     
  0.974045770204617     
  0.972533810501293     
  0.970956847942427     
  0.969425479677507     
  0.968077943509469     
  0.966789437596923     
  0.965319155090839     
  0.963945437254335     
  0.963749121184419     
  0.964999234594375     
  0.966492310541363     
  0.967821898500828     
  0.969157582220683     
  0.970629992265100     
  0.971790621983807     
  0.972996852448965     
  0.975237652150957     
  0.976834936234637     
  0.978384888788288     
  0.979860580954124     
  0.981139076793185     
  0.982495203353968     
  0.983670016765509     
  0.984692670647731     
  0.985770028381445     
  0.986569063808222     
  0.987573930827762     
  0.988063046650265     
  0.988228142845837     
  0.989362762509525     
  0.990371326215971     
  0.990845554799527     
  0.989528263989369     
  0.977286027116784     
  0.986479802527001     
  0.990242873739111     
  0.993012689936853     
  0.993201561942509     
  0.993767618495545     
  0.994102921039888     
  0.994451330992154     
  0.994755776958601     
  0.994825168300273     
  0.994731577197148     
  0.986200546819887     
  0.967258578284375     
  0.990753858972843     
  0.995866691589514     
  0.996398274007294     
  0.996631707574066     
  0.996785476964587     
  0.996666737048338     
  0.993083039834880     
  0.993826188330635     
  0.997158592060940     
  0.997350653994851     
  0.997492772304529     
  0.997731660589041     
  0.997826649478206     
  0.997916073554563     
  0.998000165662873     
  0.998078146994617     
  0.998153188105688     
  0.998222952000274     
  0.998287628034067     
  0.998334517156726     
  0.998223843096169     
  0.998461840312818     
  0.998514338166065     
  0.998560453430674     
  0.998608947182065     
  0.998651087091903     
  0.997873713512898     
  0.998477664977972     
  0.998770258706251     
  0.998806372094769     
  0.998837938743450     
  0.998866711392015     
  0.998892586929373     
  0.998916006842004     
  0.998936458112235     
  0.998951906009964     
  0.998962076408990     
  0.998950740256998     
  0.998778723134308     
  0.998815913322068     
  0.998441247948907     
  0.998675548763218     
  0.998757559341725     
  0.998566501211049     
  0.998156097271408     
  0.996776993407204     
  0.978355335032696     
  0.755357258624427     
  0.484622542215224     
  0.937761322117518     
  0.993540310233341     
  0.997234404732785     
  0.984041567541372     
  0.993631318512674     
  0.993144522355841     
  0.998712040796678     
  0.999181713928288     
  0.999089837595485     
  0.997709858426021     
  0.994802672775915     
  0.997805137429509     
  0.999003749797184     
  0.999364174798027     
  0.999376378311398     
  0.999419577179548     
  0.999495366960847     
  0.999511568218217     
  0.999511543809246     
  0.999414410676134     
  0.998647723499322     
  0.997956057554497     
  0.999310927260566     
  0.999538413860485     
  0.999540688028445     
  0.999605691488758     
  0.999615572881132     
  0.999624856592022     
  0.999631645226753     
  0.999638155855119     
  0.999644098054202     
  0.999647330154603     
  0.999646458041213     
  0.999634626776862     
  0.999491052374702     
  0.994267775154254     
  0.997770498766441     
  0.999546548067795     
  0.994385955303041     
  0.985237732955641     
  0.998408889928266     
  0.999137973217265     
  0.999605751028303     
  0.999688680525405     
  0.999705943207493     
  0.999707733849927     
  0.999706235027636     
  0.998837775139199     
  0.990338815453353     
  0.998091321683764     
  0.999722384201459     
  0.999737514824714     
  0.999746912517286     
  0.999750752552475     
  0.999760930605515     
  0.999764758962492     
  0.999766189168433     
