  0.999455356456169     
  0.999455144662787     
  0.999447639559558     
  0.999450844495808     
  0.999439265516871     
  0.999391246719650     
  0.999349662722111     
  0.999338104750312     
  0.999414069608973     
  0.999403796974874     
  0.999299505260813     
  0.989274674936861     
  0.997565556808509     
  0.999263466716154     
  0.999256840338999     
  0.999181858647032     
  0.998929104280582     
  0.997362447661298     
  0.894667637454924     
  0.758528181790951     
  0.964725709577624     
  0.989243168512602     
  0.978982793006342     
  0.998042621919637     
  0.999135325726654     
  0.999153209063521     
  0.999287572471048     
  0.999302403838791     
  0.999308574360005     
  0.999310014477287     
  0.999306477607719     
  0.999145766647944     
  0.999047325537498     
  0.999289606656562     
  0.999288188262456     
  0.999280701017571     
  0.999272612059345     
  0.999264664049332     
  0.999255097204171     
  0.999225420684922     
  0.999234925613697     
  0.999226443573477     
  0.999170554258758     
  0.999160868904429     
  0.999192689751187     
  0.999174241129425     
  0.999166485667604     
  0.999150265127716     
  0.999127513579874     
  0.999063888869648     
  0.998734998690182     
  0.992814599984804     
  0.996340284922349     
  0.998955868474686     
  0.998980440762299     
  0.996286209229179     
  0.949953872200338     
  0.986171185988442     
  0.986136622154522     
  0.988702836175746     
  0.998775290652562     
  0.998630592805449     
  0.998869046327544     
  0.998899062135469     
  0.998881396906958     
  0.998861814771882     
  0.998841087205340     
  0.998818858255846     
  0.998795720740108     
  0.998772598207689     
  0.998747286753078     
  0.998634546812971     
  0.998696251706181     
  0.998654944752949     
  0.998641659399131     
  0.998606608965307     
  0.998011374947004     
  0.998509400383021     
  0.997775002793205     
  0.992382902870816     
  0.997544248949797     
  0.998317764767777     
  0.998353603546192     
  0.998315665568602     
  0.998151014841374     
  0.998231241183829     
  0.998179835057018     
  0.998039796448487     
  0.994778404604417     
  0.997239268187836     
  0.997811764554275     
  0.997433450213116     
  0.995410160406459     
  0.995748044804712     
  0.990492044309895     
  0.997617310184247     
  0.997626700983086     
  0.997568396781428     
  0.997491033186571     
  0.996833528450451     
  0.997054914697338     
  0.997255962119301     
  0.997162683654942     
  0.997067798903071     
  0.996966665875084     
  0.996850617473255     
  0.996708184214007     
  0.996594875409110     
  0.995711042570156     
  0.996357367895058     
  0.996216287648081     
  0.996079701819266     
  0.995917423527761     
  0.995745263506572     
  0.995559937716722     
  0.995353105295533     
  0.995127046654467     
  0.994869359932833     
  0.994558244002176     
  0.994160642876919     
  0.993526456652984     
  0.991125156965684     
  0.869417484724722     
  0.746690222762355     
  0.976706222746399     
  0.991471235591845     
  0.991617161334408     
  0.990539909865990     
  0.951594386419599     
  0.817565601605013     
  0.964901862769797     
  0.964909617796112     
  0.899591773792968     
  0.980834885184260     
  0.986802837614057     
  0.985755218551847     
  0.984662344563085     
  0.982924089802409     
  0.934208181648118     
  0.889115873214365     
  0.971643927594825     
  0.827616927529675     
  0.827661604019657     
  0.829212698707107     
  0.966536763486288     
  0.966715244906613     
  0.963708434610303     
  0.958174474784365     
  0.944760195349837     
  0.950259155841473     
  0.934565030837817     
  0.936741217703388     
  0.926369098595789     
  0.908516537962744     
  0.812817512378245     
  0.840788590330927     
  0.881780810660250     
  0.864817839583202     
  0.845097417194754     
  0.834012673518060     
  0.841220207259776     
  0.856866690275924     
  0.870073433654335     
  0.877864386865385     
  0.877150268280228     
  0.865890494198806     
  0.840855713681923     
  0.794880856756822     
  0.722769028052568     
  0.595020678204764     
  0.496150646864487     
  0.485086527344707     
  0.534786912255636     
  0.617940082328194     
  0.708143534443162     
  0.776093417869459     
  0.817299760286862     
  0.843496148044072     
  0.864124033461870     
  0.881568367773381     
  0.897135436309132     
  0.912802785170533     
  0.927793396537626     
  0.938579746524610     
  0.945742316659492     
  0.952291269535665     
  0.958508129798142     
  0.962794673952571     
  0.965825830490821     
  0.968653163931761     
  0.971212642703378     
  0.973630063708633     
  0.975759773276576     
  0.977736192643901     
  0.979567943956903     
  0.981356288266060     
  0.982966123836389     
  0.984575067210716     
  0.986004978029985     
  0.987272678498151     
  0.988313811355383     
  0.987834217610583     
  0.989078248116088     
  0.990355253737355     
  0.991456858716850     
  0.991961201164189     
  0.992493005604104     
  0.993014396472995     
  0.993405944335307     
  0.993735377054342     
  0.993596225037880     
  0.994239283944941     
  0.994668017522700     
  0.994923386140449     
  0.995093011844793     
  0.995438580264792     
  0.995660642220588     
  0.995850754503419     
  0.995941240109317     
  0.990395485867399     
  0.985401175942772     
  0.995622966875948     
  0.995582501954980     
  0.996758458440489     
  0.996934630210338     
  0.996971022464808     
  0.985022479248747     
  0.996882534322011     
  0.997364844219007     
  0.997285733614269     
  0.995515912681103     
  0.997338329706505     
  0.997574419246971     
  0.997415043093964     
  0.997238858245008     
  0.997070817432700     
  0.994762031749988     
  0.908691394742632     
  0.867716126730492     
  0.952148987109460     
  0.996229853124401     
  0.997370480476563     
  0.997746268266964     
  0.997824689259468     
  0.997729652302801     
  0.997049915358365     
  0.991721090223401     
  0.757519818326208     
  0.743432244519055     
  0.721926767570687     
  0.905532968693639     
  0.996440655285334     
  0.997892383980184     
  0.996479157972152     
  0.998197410394758     
  0.998582169361763     
  0.998675101280786     
  0.998734185066441     
  0.998780678272534     
  0.998782316449239     
  0.998514737520358     
  0.998636432215569     
  0.997875994193198     
  0.998926682595921     
  0.998980475648014     
  0.999008324575399     
  0.998780083239350     
  0.999043409670013     
  0.999080177974399     
  0.999100619538678     
  0.999120722981652     
  0.999139780314738     
  0.999157615828167     
  0.999164707399717     
  0.998759587777830     
  0.998916098724595     
  0.999206057914001     
  0.999233218562551     
  0.998744664213077     
  0.999141518581741     
  0.999282227871380     
  0.999297051345814     
  0.999306354779097     
  0.999042407883401     
  0.997966244641721     
  0.999249825179888     
  0.999352202598462     
  0.999363080106854     
  0.999351797733016     
  0.999204226217352     
  0.999337268654156     
  0.999314563113549     
  0.999252661691223     
  0.999387523491032     
  0.999379737419403     
  0.999360531719475     
  0.999319860128777     
  0.999225769906343     
  0.998912976091163     
  0.991535191773433     
  0.949729979411894     
  0.986190196459566     
  0.997024020053430     
  0.962631489537491     
  0.931661165963590     
  0.990514321329981     
  0.998641799119106     
  0.999090602175659     
  0.999264158486871     
  0.999285659778326     
  0.999161614555495     
  0.995059791013084     
  0.899883485962041     
  0.939730512616596     
  0.979721957859233     
  0.998619166895046     
  0.999384041498851     
  0.999281377431057     
  0.999530582206736     
  0.999586023996949     
  0.999600318639424     
  0.999611400646857     
  0.999620593625610     
  0.999628824125769     
  0.999635763423520     
  0.999612909373453     
  0.999611436253938     
  0.999654435892098     
  0.999659151822912     
  0.999662740414285     
  0.999429781442263     
  0.999640342079829     
  0.999634925193180     
  0.999559528685742     
  0.999653638755511     
  0.999601224896008     
  0.999307333495478     
  0.999673078312669     
  0.999694937790231     
  0.999696792287167     
  0.999667422311658     
  0.999696701207194     
  0.999684560951209     
  0.999511765250496     
  0.997757973387854     
  0.998503029930327     
  0.999631917829515     
  0.999693540076397     
  0.999646472504364     
  0.998673263110923     
  0.997124847147937     
  0.999619279932640     
  0.999715781143859     
  0.999728815770853     
  0.999706979478391     
  0.999736241530798     
  0.999650311347783     
  0.999740487653399     
  0.999746579182617     
  0.999748010191971     
  0.999750470119025     
  0.999751923966293     
  0.999753224651824     
  0.999753115201590     
  0.999707901149490     
  0.999677722729748     
  0.998637601646673     
  0.984345582655135     
  0.998578529567250     
  0.999626595483050     
  0.999758343225821     
  0.999767979229665     
  0.999771397509972     
  0.999772655197828     
  0.999733405462209     
  0.999741394438525     
  0.999756572525771     
  0.999742087354102     
  0.999088310152301     
  0.999331917590600     
  0.999624772203667     
  0.999660297774223     
  0.999780994608428     
  0.999780539224842     
  0.999775763458742     
  0.999677127843188     
  0.999621103120661     
  0.999026406282440     
  0.976849606574877     
  0.985880979475882     
  0.969071891188545     
  0.961449734060971     
  0.999645434286997     
  0.999604793449293     
  0.999556707524091     
  0.998529485740393     
  0.993620499938947     
  0.999521705393611     
  0.999737974624856     
  0.999775079575118     
  0.999761630754648     
  0.999711986374652     
  0.998983760945829     
  0.951090931110170     
  0.932468701485120     
  0.997869934568060     
  0.999512314215639     
  0.999162074353698     
  0.999732269772624     
  0.999793510541687     
  0.999798825772015     
  0.999805930786070     
  0.999809972108991     
  0.999809208740396     
  0.999813482749745     
  0.999811974214612     
  0.999750567468027     
  0.999549338823184     
  0.998743024478560     
  0.999712620899187     
  0.999816506593022     
  0.999821289128066     
  0.999821296040289     
  0.999813559739567     
  0.999519809958641     
  0.999778221605332     
  0.999822193838355     
  0.999824835976697     
  0.999825890650385     
  0.999826133629127     
  0.999811736326200     
  0.999824209335231     
  0.999827241955202     
  0.999826781405737     
  0.999520101877023     
  0.999099952863742     
  0.999817808722979     
  0.999771445655378     
  0.999592657971249     
  0.999308514133231     
  0.999053753399556     
  0.999823925298087     
  0.999815710865499     
  0.999740409232466     
  0.995279371550698     
  0.995259758961315     
  0.999728046521185     
  0.999776948041242     
  0.999738313225900     
  0.998725274027153     
  0.998725016262212     
  0.999742183496426     
  0.999809296355199     
  0.999794037889851     
  0.999787672922829     
  0.999657007072460     
  0.991864171159824     
  0.982257692139115     
  0.998912954818041     
  0.999751536983380     
  0.998932672816846     
  0.975103345988395     
  0.994842518146247     
  0.999656258558650     
  0.999806311923114     
  0.999718686135752     
  0.997466463360565     
  0.998435194292116     
  0.999801285446856     
  0.999762101248082     
  0.999810305916208     
  0.999824706559615     
  0.999823703052042     
  0.999821093521552     
  0.999818023722905     
  0.999811868641650     
  0.999591963711591     
  0.999753773918833     
  0.999777299002553     
  0.999761027146652     
  0.999681661350902     
  0.999019568450257     
  0.981422514753889     
  0.924633944802062     
  0.952118318079173     
  0.997003145621004     
  0.995656621190542     
  0.963615568169798     
  0.977106442240695     
  0.998538385774319     
  0.999473503590450     
  0.998318688783332     
  0.998010120443175     
  0.999640753475495     
  0.999556805842213     
  0.998683229650385     
  0.905245445931921     
  0.904277692558494     
  0.998985952091315     
  0.999472580298874     
  0.999704614044994     
  0.999753169691438     
  0.999760213313131     
  0.999754397783550     
  0.999536674481678     
  0.999113776737742     
  0.998876006817360     
  0.998896561533494     
  0.999394755615540     
  0.994383459185202     
  0.869297114675593     
  0.898778303286035     
  0.997157552219497     
  0.994577607584329     
  0.926795828688215     
  0.910470572719621     
  0.991532017559367     
  0.997471501382069     
  0.976564030637950     
  0.976142278521727     
  0.996990243674479     
  0.984242161346239     
  0.935314997755779     
  0.966823790773504     
  0.997794810364857     
  0.999294293433246     
  0.999378152811220     
  0.999168698287782     
  0.994321481655755     
  0.964005432885226     
  0.913805923419880     
  0.964597978938532     
  0.997383036021669     
  0.998679877309298     
  0.992068395610171     
  0.986692670680235     
  0.997992284374297     
  0.999490702631885     
  0.990550697566859     
  0.990668677092872     
  0.988325462091068     
  0.962917012922624     
  0.993973909030685     
  0.999302532385766     
  0.999746536466374     
  0.999612893910814     
  0.999321846150009     
  0.999768492796608     
  0.999768070270762     
  0.999772308639239     
  0.999791777708379     
  0.999738569843974     
  0.999652129661951     
  0.999652342236005     
  0.999753532883726     
  0.999791667351409     
  0.999792206070042     
  0.999790773998231     
  0.999639942963805     
  0.999742969945422     
  0.999789177472929     
  0.999778302724321     
  0.999787410163310     
  0.999785810393960     
  0.999774426299479     
  0.999777759031748     
  0.999780850088017     
  0.999777805846868     
  0.999775503452860     
  0.999771130376908     
  0.999762279194275     
  0.999746134595798     
  0.999300037689062     
  0.991069021080326     
  0.995572690741755     
  0.999307515246341     
  0.978716599516425     
  0.954298024307720     
  0.998741160898398     
  0.999682455645288     
  0.999689677846343     
  0.999549955379558     
  0.996041708607047     
  0.960445063759580     
  0.976073587789031     
  0.998757185578577     
  0.999637695914030     
  0.999681109220118     
  0.999431033238721     
  0.999326983873761     
  0.999647939108288     
  0.999692549737022     
  0.993292160937728     
  0.997794543772358     
  0.995261742103800     
  0.996453561940577     
  0.999693310222753     
  0.999692150693859     
  0.999680580818618     
  0.999696278116172     
  0.999692896123385     
  0.999688593299703     
  0.999684165925700     
  0.999678231012873     
  0.999664279637859     
  0.999659241799439     
  0.999589126570194     
  0.999616779038617     
  0.999640993818833     
  0.999640244900923     
  0.998931466476028     
  0.999608343177061     
  0.999586566845297     
  0.999399198963396     
  0.999507889432516     
  0.999522858892216     
  0.998769084377491     
  0.991827486278276     
  0.972970936955400     
  0.998673217447481     
  0.999448724775971     
  0.999422661475497     
  0.997769769023172     
  0.994964445172102     
  0.998180867179892     
  0.996851244197285     
  0.946696312808193     
  0.976923881109781     
  0.768402299609117     
  0.983980811381709     
  0.998948029219755     
  0.999268985521014     
  0.999316463724265     
  0.999308558717844     
  0.999257181007139     
  0.999066838090462     
  0.996745253522700     
  0.929691204277336     
  0.929767624833952     
  0.996682564828912     
  0.997327872473444     
  0.989152295981296     
  0.997372006812621     
  0.999162681695602     
  0.999210548035530     
  0.999200656909807     
  0.999182322437152     
  0.999168704676668     
  0.999156163537361     
  0.999135038254106     
  0.999113337761221     
  0.999079184037427     
  0.999063525803365     
  0.999030024331101     
  0.998996089903718     
  0.998852654547893     
  0.998493346507238     
  0.998780806491117     
  0.998868751578358     
  0.998806401501757     
  0.998130305091852     
  0.998762501084183     
  0.998713022880727     
  0.998373904516771     
  0.998487108421806     
  0.998558081942335     
  0.998465561814614     
  0.997253557217009     
  0.986116935746022     
  0.993036263085351     
  0.956082674173709     
  0.968038176694265     
  0.997049687212824     
  0.990506398672117     
  0.977536492718782     
  0.994813749884196     
  0.989750007070163     
  0.991053717077420     
  0.994070734217270     
  0.996994666870994     
  0.997418424854674     
  0.997300967424446     
  0.997170098189379     
  0.997018978952910     
  0.996822054344471     
  0.996700405761133     
  0.996519209991281     
  0.996285730436255     
  0.996104200324016     
  0.995860500624820     
  0.991786619045035     
  0.985844293209836     
  0.994938200705456     
  0.994741515143259     
  0.994385889971621     
  0.993959865192851     
  0.993861964976024     
  0.993561314478627     
  0.993220483359925     
  0.992837938565827     
  0.992435703157976     
  0.992016096934771     
  0.991540711434491     
  0.991016790459715     
  0.990508824074808     
  0.989787369045680     
  0.989110089785868     
  0.988352373688043     
  0.987363133240547     
  0.982146428258058     
  0.977049589136863     
  0.981519607526609     
  0.983343636753451     
  0.982281037275072     
  0.980648840350183     
  0.979532790118448     
  0.978324220529919     
  0.976828665302783     
  0.975489419704085     
  0.974095903116231     
  0.972750328745810     
  0.971579482665168     
  0.970461492587799     
  0.969144681628818     
  0.967878189975427     
  0.967692760786163     
  0.968855226561664     
  0.970201946425056     
  0.971359845655255     
  0.972519122758932     
  0.973810815394438     
  0.974785573574025     
  0.975803758275039     
  0.977892090907182     
  0.979322026870101     
  0.980707911965198     
  0.982028085844105     
  0.983170693213781     
  0.984385501745288     
  0.985435870728381     
  0.986348704907736     
  0.987309562628933     
  0.987995875673328     
  0.988905656791360     
  0.989294104814440     
  0.989354295042130     
  0.990437449893166     
  0.991413915430984     
  0.991892824009292     
  0.990813510856653     
  0.978622081938642     
  0.987778779541971     
  0.990947872081625     
  0.993774469868398     
  0.993904894417763     
  0.994451166894688     
  0.994749832997918     
  0.995060367129967     
  0.995331269192793     
  0.995374579127653     
  0.995443839474673     
  0.987341998245894     
  0.968353908522399     
  0.991778745629809     
  0.996412500649749     
  0.996797912012160     
  0.997000559329980     
  0.997150475572826     
  0.997125169388348     
  0.993670906984867     
  0.994394220089025     
  0.997554479339054     
  0.997622064253404     
  0.997738948766943     
  0.997978978650471     
  0.998063779551991     
  0.998143046504796     
  0.998217687138445     
  0.998285036972536     
  0.998353219114078     
  0.998414857684244     
  0.998472222667851     
  0.998511288861950     
  0.998377771799730     
  0.998626005893729     
  0.998672238612400     
  0.998707694108826     
  0.998752922025118     
  0.998793545057628     
  0.997950926152041     
  0.998589911847098     
  0.998896877669788     
  0.998927214400782     
  0.998954128426555     
  0.998978662789511     
  0.999000215415263     
  0.999019289714033     
  0.999035507274336     
  0.999046728806494     
  0.999053097076267     
  0.999041578218908     
  0.998869049741701     
  0.998897979294251     
  0.998491372182813     
  0.998725471666426     
  0.998804081107640     
  0.998596290135567     
  0.998161263494824     
  0.996968639494298     
  0.979984730150847     
  0.753564999866751     
  0.471854571460907     
  0.943045023778042     
  0.994971954863209     
  0.997188599009147     
  0.983400448353852     
  0.993428216240135     
  0.992919516775889     
  0.998712694056740     
  0.999217549685808     
  0.999163280248580     
  0.997845220081332     
  0.994858612676283     
  0.997929964242611     
  0.999129412685670     
  0.999437503432699     
  0.999425209162381     
  0.999463474891077     
  0.999536973953684     
  0.999552062492307     
  0.999557845937640     
  0.999510103446405     
  0.998850442798899     
  0.998148410586900     
  0.999439086148613     
  0.999588514338131     
  0.999573646276893     
  0.999639795326246     
  0.999648638972869     
  0.999657001538474     
  0.999663161245202     
  0.999668840744120     
  0.999673864985167     
  0.999676375015788     
  0.999674448779713     
  0.999660884232470     
  0.999509017217142     
  0.994061880003514     
  0.997708180455441     
  0.999498961822025     
  0.993883620632356     
  0.984169108362520     
  0.998328789749353     
  0.999221373778216     
  0.999666155546112     
  0.999716893337833     
  0.999727964984780     
  0.999727442295357     
  0.999707505205278     
  0.998709396131090     
  0.989629737384048     
  0.997903688183705     
  0.999714634767614     
  0.999754392923489     
  0.999766200677807     
  0.999769889304918     
  0.999779721026374     
  0.999782664499185     
  0.999778718363496     
