  0.999454054268063     
  0.999453888169357     
  0.999446469024955     
  0.999449668071442     
  0.999437916126369     
  0.999389418639836     
  0.999347811722075     
  0.999336138364546     
  0.999412779050425     
  0.999405284881248     
  0.999329165303280     
  0.989329950118245     
  0.997633344389546     
  0.999277829151349     
  0.999255495749990     
  0.999179450027127     
  0.998934528690701     
  0.997455987381767     
  0.894210527178737     
  0.757221017249178     
  0.964777579227542     
  0.989336817955620     
  0.979045008386000     
  0.998122012842867     
  0.999151959170970     
  0.999152576604751     
  0.999286071198465     
  0.999300757003747     
  0.999306946261267     
  0.999308399973393     
  0.999304933440057     
  0.999143194117479     
  0.999043993494098     
  0.999288073870547     
  0.999286596201310     
  0.999279074739995     
  0.999270984415374     
  0.999263006265262     
  0.999253429773841     
  0.999223513384602     
  0.999233194259828     
  0.999224712089299     
  0.999168593914590     
  0.999158910142201     
  0.999190892137510     
  0.999172332815951     
  0.999164641947522     
  0.999148404480106     
  0.999125712102293     
  0.999063693029122     
  0.998743706460607     
  0.992809708460041     
  0.996349228072534     
  0.998959270709334     
  0.998974332259080     
  0.996234005410425     
  0.949674971639895     
  0.986068666943854     
  0.986057372656876     
  0.988645051043659     
  0.998769501422504     
  0.998625161217456     
  0.998866100720596     
  0.998896595176944     
  0.998878853433376     
  0.998859210731521     
  0.998838440422700     
  0.998816140167605     
  0.998792957675373     
  0.998769792597577     
  0.998744399728778     
  0.998630414908698     
  0.998693245452307     
  0.998651707172573     
  0.998638680090849     
  0.998604799675213     
  0.998009486593672     
  0.998508394637669     
  0.997767095444025     
  0.992320522913546     
  0.997534296929923     
  0.998313335892994     
  0.998349785607153     
  0.998311767407592     
  0.998145331086670     
  0.998227265501107     
  0.998176868686291     
  0.998043081360983     
  0.994781470287674     
  0.997237179019824     
  0.997814631068865     
  0.997463868022180     
  0.995473467672129     
  0.995824831066712     
  0.990521947991968     
  0.997631951594314     
  0.997623544342715     
  0.997563138018239     
  0.997486506822209     
  0.996829222076229     
  0.997048269712575     
  0.997250121654783     
  0.997155942889558     
  0.997060958884532     
  0.996959803113607     
  0.996844289593980     
  0.996702575704723     
  0.996589191076906     
  0.995684032224146     
  0.996349115552461     
  0.996207623762731     
  0.996070567774098     
  0.995907842191016     
  0.995735246611195     
  0.995549455731922     
  0.995342013823154     
  0.995115409657396     
  0.994857042972339     
  0.994544955595595     
  0.994145979062156     
  0.993508065557487     
  0.991079735980827     
  0.868533642327165     
  0.744944000884433     
  0.976560797761504     
  0.991444189309905     
  0.991599338504232     
  0.990556968815531     
  0.951487995144091     
  0.816601457686787     
  0.964897387309021     
  0.964837392029157     
  0.899058461326827     
  0.980828416638353     
  0.986785258582820     
  0.985725399078695     
  0.984633820779925     
  0.982921747465271     
  0.933933628101504     
  0.888529672657311     
  0.971652281270079     
  0.826325962113556     
  0.826592073137406     
  0.828127179308573     
  0.966443159873851     
  0.966658007165713     
  0.963675843781050     
  0.958203790895463     
  0.944765973757872     
  0.950217032967248     
  0.934429790186741     
  0.936646310293982     
  0.926269720669029     
  0.908332157963846     
  0.811965966916075     
  0.840229312424646     
  0.881682053616507     
  0.864755323330500     
  0.845037040034854     
  0.833941454384154     
  0.841146218785976     
  0.856793569366440     
  0.869996615558460     
  0.877789054196393     
  0.877072382506871     
  0.865815929709916     
  0.840810598274119     
  0.794918772608447     
  0.722974355389145     
  0.595217803146714     
  0.496144806342113     
  0.485057919376314     
  0.534888753489324     
  0.618101792777409     
  0.708310079728212     
  0.776186460005111     
  0.817328652823719     
  0.843490756365823     
  0.864101119751860     
  0.881522472590764     
  0.897063713089705     
  0.912714185924050     
  0.927697590442013     
  0.938484009933825     
  0.945649521498845     
  0.952203255290247     
  0.958425343877967     
  0.962717427441654     
  0.965753863597400     
  0.968586324743504     
  0.971150114338992     
  0.973572668542478     
  0.975706381043062     
  0.977686680836860     
  0.979522153870382     
  0.981313791186692     
  0.982925652643387     
  0.984538313501152     
  0.985971159918009     
  0.987241224542140     
  0.988282310447874     
  0.987798223818436     
  0.989046375677863     
  0.990328202117921     
  0.991434381980914     
  0.991939823699558     
  0.992473595641901     
  0.992997130886127     
  0.993390442982280     
  0.993721365087447     
  0.993579191942057     
  0.994225955549436     
  0.994655883650456     
  0.994911002133396     
  0.995080082561970     
  0.995427175933151     
  0.995649750713593     
  0.995840414887863     
  0.995931961234277     
  0.990335985269437     
  0.985291357450590     
  0.995615268608179     
  0.995574477157855     
  0.996752431213388     
  0.996927497242024     
  0.996965338142775     
  0.984893872316324     
  0.996875422993931     
  0.997358531071848     
  0.997276915673305     
  0.995497545886294     
  0.997329816521436     
  0.997568157319517     
  0.997407505227456     
  0.997232681955193     
  0.997079017173308     
  0.994884330811267     
  0.908397760753124     
  0.867205172824188     
  0.952154745620189     
  0.996306114059898     
  0.997369864638797     
  0.997740729108321     
  0.997819156541008     
  0.997725794646984     
  0.997089669414494     
  0.992059072357386     
  0.756773359726514     
  0.742705686204460     
  0.720949971305860     
  0.905509965233262     
  0.996595964476858     
  0.997902116020123     
  0.996460375540068     
  0.998194322520117     
  0.998579379471595     
  0.998672003504727     
  0.998731216690953     
  0.998777964223104     
  0.998780073131755     
  0.998511656540439     
  0.998632865098919     
  0.997866262708138     
  0.998924140153210     
  0.998978182164465     
  0.999006135481121     
  0.998771400552805     
  0.999041119790327     
  0.999078188837480     
  0.999098665634845     
  0.999118804578222     
  0.999137902806928     
  0.999155928019048     
  0.999163751678110     
  0.998758130878512     
  0.998913050752701     
  0.999204682482765     
  0.999232674333668     
  0.998744826141443     
  0.999142069349991     
  0.999281265071315     
  0.999295630181771     
  0.999305252559117     
  0.999040152523339     
  0.997954453118569     
  0.999248587464378     
  0.999350946883344     
  0.999361697665662     
  0.999350263454120     
  0.999201592166296     
  0.999335590202595     
  0.999311487389187     
  0.999247868201780     
  0.999386030822869     
  0.999378090014160     
  0.999358739010308     
  0.999317704042117     
  0.999222511865985     
  0.998900775224174     
  0.991443048074366     
  0.949321399071049     
  0.986053606944586     
  0.996971468236216     
  0.962283725198462     
  0.931098069985800     
  0.990394065580794     
  0.998624489771608     
  0.999086272882449     
  0.999261328707412     
  0.999283469248175     
  0.999167805791074     
  0.995102021827230     
  0.899354563368253     
  0.939467990681394     
  0.979628263278976     
  0.998625962452228     
  0.999384671798217     
  0.999276877062037     
  0.999529263301237     
  0.999585191047545     
  0.999599528393245     
  0.999610688366805     
  0.999619901717455     
  0.999628183906674     
  0.999635221489074     
  0.999612156852456     
  0.999610533641771     
  0.999653909415540     
  0.999658690598385     
  0.999662882141495     
  0.999430455485308     
  0.999641229463000     
  0.999633831654884     
  0.999558492453651     
  0.999655102770759     
  0.999601533016578     
  0.999298435811598     
  0.999672663509791     
  0.999694594072673     
  0.999696456070448     
  0.999666725945986     
  0.999696538396227     
  0.999685851249231     
  0.999520942369523     
  0.997776251008260     
  0.998519622471654     
  0.999637655542938     
  0.999694305735837     
  0.999649091972967     
  0.998679040009085     
  0.997122791800785     
  0.999624230264872     
  0.999716169673239     
  0.999728599817380     
  0.999706505186501     
  0.999735921567173     
  0.999649045898246     
  0.999740250808530     
  0.999746391822159     
  0.999747825311829     
  0.999750282536089     
  0.999751748314329     
  0.999753056047669     
  0.999752931254224     
  0.999706676232316     
  0.999675502031164     
  0.998622733613339     
  0.984248694904867     
  0.998563308215090     
  0.999623476389579     
  0.999758127798234     
  0.999767877982535     
  0.999771280123004     
  0.999772556063094     
  0.999732718216591     
  0.999739073614838     
  0.999757291265543     
  0.999743114503312     
  0.999084221021001     
  0.999329756833124     
  0.999621361048986     
  0.999656718970201     
  0.999780942645178     
  0.999780460478457     
  0.999775805015956     
  0.999676554492181     
  0.999618787071366     
  0.999010593325630     
  0.976701240137349     
  0.985781621854740     
  0.968876605213323     
  0.961054005838677     
  0.999655324969071     
  0.999605529179010     
  0.999559446002099     
  0.998543593977073     
  0.993633705723489     
  0.999534259066964     
  0.999739724833305     
  0.999775143081598     
  0.999761592754136     
  0.999714788703429     
  0.999010725023913     
  0.950839192935926     
  0.932090259072241     
  0.997900879504394     
  0.999517329927911     
  0.999161742109373     
  0.999733284255690     
  0.999793848198279     
  0.999798998657843     
  0.999806086164192     
  0.999810098611919     
  0.999809346893186     
  0.999813693383540     
  0.999813185400958     
  0.999754966381739     
  0.999553556089748     
  0.998738458927139     
  0.999711896272810     
  0.999816320043661     
  0.999821449634884     
  0.999821598847584     
  0.999814378717921     
  0.999520386086364     
  0.999778823868418     
  0.999822586200300     
  0.999825082953129     
  0.999826110933946     
  0.999826378838970     
  0.999810781635165     
  0.999824242389406     
  0.999827496930146     
  0.999826830865818     
  0.999518084673788     
  0.999095619346467     
  0.999817912921169     
  0.999772477197947     
  0.999593011308062     
  0.999303787355673     
  0.999045448157106     
  0.999824509307552     
  0.999817823070886     
  0.999763011847644     
  0.995345661609412     
  0.995325847813689     
  0.999750471049929     
  0.999779508012864     
  0.999743964526900     
  0.998738076313638     
  0.998737695956549     
  0.999747695667801     
  0.999810371257696     
  0.999794228474799     
  0.999787833391462     
  0.999656921494841     
  0.991787727325204     
  0.982078389302503     
  0.998907140905593     
  0.999750938515392     
  0.998923980625953     
  0.974981776889563     
  0.994813638895083     
  0.999653482947105     
  0.999806821956862     
  0.999719296522996     
  0.997446621198174     
  0.998425984113740     
  0.999802462652288     
  0.999761457372722     
  0.999810571377886     
  0.999825301238648     
  0.999824339331012     
  0.999821758836374     
  0.999818728133301     
  0.999812702263336     
  0.999590796024164     
  0.999754428351312     
  0.999778349460340     
  0.999762687556192     
  0.999694893454131     
  0.999162928018289     
  0.981952707472928     
  0.925345375549411     
  0.952782028240892     
  0.997320669498102     
  0.995778477616690     
  0.963675039532073     
  0.977190874171155     
  0.998596623649536     
  0.999481905489531     
  0.998313550713351     
  0.998003107249975     
  0.999641889730081     
  0.999566684877237     
  0.998770045221807     
  0.904790947578714     
  0.903815580925026     
  0.999074984145416     
  0.999482711616412     
  0.999706167704673     
  0.999754101797337     
  0.999761068707185     
  0.999755419092330     
  0.999536875012252     
  0.999113757914193     
  0.998884553723766     
  0.998906077491957     
  0.999412447316172     
  0.994466749231931     
  0.868697116472265     
  0.898355304068108     
  0.997298135554047     
  0.995061965475218     
  0.927613179472291     
  0.911259160451858     
  0.992087400930528     
  0.997609928458503     
  0.976622323641338     
  0.976198118631554     
  0.997072924606748     
  0.984398536673001     
  0.935443680336495     
  0.966980431408919     
  0.997871111089308     
  0.999305636071508     
  0.999382329610585     
  0.999187782352444     
  0.994426199317786     
  0.964223291530339     
  0.914001176806439     
  0.964828416575195     
  0.997479932354587     
  0.998707818747030     
  0.992092064277600     
  0.986702707887370     
  0.998019127491815     
  0.999492495849202     
  0.990497057943988     
  0.990683391244234     
  0.988579223640538     
  0.963224489424157     
  0.994195772197542     
  0.999349271494974     
  0.999751928833591     
  0.999613838970612     
  0.999319863898869     
  0.999770326330245     
  0.999769113324111     
  0.999773441519795     
  0.999793646457418     
  0.999740560744351     
  0.999655511268347     
  0.999655746682971     
  0.999755726934218     
  0.999793646593390     
  0.999794122086991     
  0.999792771248454     
  0.999640666580696     
  0.999744712230314     
  0.999791255545759     
  0.999780282691157     
  0.999789515051216     
  0.999787942597682     
  0.999776475792185     
  0.999779908544918     
  0.999783070839593     
  0.999780081508956     
  0.999777796586243     
  0.999773483559075     
  0.999764783100448     
  0.999749121827340     
  0.999298279485612     
  0.991016731279418     
  0.995545236856529     
  0.999304678554679     
  0.978621778689440     
  0.954085017610789     
  0.998738494710224     
  0.999685350388595     
  0.999695028202540     
  0.999593012420177     
  0.996270635076935     
  0.960815691774145     
  0.976423276467605     
  0.998899516396926     
  0.999658200606375     
  0.999688098963985     
  0.999441898633817     
  0.999338530407764     
  0.999655655000794     
  0.999696567307257     
  0.993135716145085     
  0.997752106637643     
  0.995155511581051     
  0.996377348693961     
  0.999696860026043     
  0.999695782128941     
  0.999684185363065     
  0.999700216872178     
  0.999696934950444     
  0.999692726199698     
  0.999688391387208     
  0.999682626225820     
  0.999669052075769     
  0.999664136658849     
  0.999593513568645     
  0.999621359078265     
  0.999645861285240     
  0.999645356808150     
  0.998928001369753     
  0.999613774834397     
  0.999592879631327     
  0.999406206013452     
  0.999514935149110     
  0.999531907552240     
  0.998791731218364     
  0.991879047650709     
  0.972845452890053     
  0.998706821607800     
  0.999460166691577     
  0.999436284167085     
  0.997799219437253     
  0.994998734728405     
  0.998206063156849     
  0.996882959017107     
  0.946384866472212     
  0.977109715132117     
  0.767237775243077     
  0.984173853690436     
  0.999006569477413     
  0.999279060296888     
  0.999324306946547     
  0.999316507549510     
  0.999265334064667     
  0.999081032177434     
  0.996792157334223     
  0.929184070984551     
  0.929264723439539     
  0.996741772261927     
  0.997398754509540     
  0.989238473405107     
  0.997441260218334     
  0.999187145302341     
  0.999223229273851     
  0.999212585273040     
  0.999194884012914     
  0.999181699592559     
  0.999169621729914     
  0.999148954358898     
  0.999127697450360     
  0.999093943720727     
  0.999078853505764     
  0.999045595369064     
  0.999013667386117     
  0.998875706999339     
  0.998519796092164     
  0.998805036967148     
  0.998888957607147     
  0.998825972245366     
  0.998143807266866     
  0.998783495194884     
  0.998734451221083     
  0.998394632633166     
  0.998509507096251     
  0.998582246432787     
  0.998492948755915     
  0.997287093871920     
  0.986110461954515     
  0.993270660186248     
  0.956355900127177     
  0.968211250709773     
  0.997172576536491     
  0.990619207230974     
  0.977643618299820     
  0.994908116872320     
  0.989754494210221     
  0.991050692428922     
  0.994086464510458     
  0.997032340939987     
  0.997462840628892     
  0.997348143008751     
  0.997219725857661     
  0.997071146887098     
  0.996876391247562     
  0.996758485917708     
  0.996580521324309     
  0.996347847926656     
  0.996172423981166     
  0.995929533528078     
  0.991830025503879     
  0.985857932177611     
  0.995017755209123     
  0.994832726923937     
  0.994482274869027     
  0.994058889014143     
  0.993969073968187     
  0.993674162782989     
  0.993339593037085     
  0.992964025463830     
  0.992568684865149     
  0.992155984030733     
  0.991688850565386     
  0.991174946008459     
  0.990676756475454     
  0.989965014676521     
  0.989298405104632     
  0.988553829548752     
  0.987581902147219     
  0.982357806309462     
  0.977278481731185     
  0.981802324604310     
  0.983635545632320     
  0.982585159051913     
  0.980969177560392     
  0.979880306841132     
  0.978694260338886     
  0.977224209297881     
  0.975909512182439     
  0.974542069432965     
  0.973222902612956     
  0.972077170115555     
  0.970983416044294     
  0.969688418514991     
  0.968437167254935     
  0.968253285382498     
  0.969403293390326     
  0.970729211036985     
  0.971862707433260     
  0.972996911139766     
  0.974262917676379     
  0.975211257188558     
  0.976202714199997     
  0.978269376079889     
  0.979675526196257     
  0.981038091742860     
  0.982336161203462     
  0.983459454216792     
  0.984654176673121     
  0.985686857890704     
  0.986584082972701     
  0.987528382103509     
  0.988198673488906     
  0.989094939686417     
  0.989469079417306     
  0.989514358970521     
  0.990590198926821     
  0.991562102219376     
  0.992041675959405     
  0.990996187356684     
  0.978811979919242     
  0.987963407500049     
  0.991048075844315     
  0.993882744172418     
  0.994004861377914     
  0.994548321866224     
  0.994841780699626     
  0.995146931406615     
  0.995413065755335     
  0.995452668646076     
  0.995545075577909     
  0.987504236349410     
  0.968509591260672     
  0.991924415979424     
  0.996490078191671     
  0.996854713800456     
  0.997052985367451     
  0.997202353944720     
  0.997190327775701     
  0.993754462327850     
  0.994474956158475     
  0.997610747987035     
  0.997660640604397     
  0.997773938559088     
  0.998014130697438     
  0.998097483546257     
  0.998175306833401     
  0.998248604097629     
  0.998314442842512     
  0.998381650095456     
  0.998442133786622     
  0.998498459626585     
  0.998536413922535     
  0.998399650117348     
  0.998649339204430     
  0.998694681439198     
  0.998728621830531     
  0.998773385561966     
  0.998813792993806     
  0.997961900591831     
  0.998605865793877     
  0.998914874358139     
  0.998944390035053     
  0.998970642768934     
  0.998994574731006     
  0.999015512927930     
  0.999033969571324     
  0.999049585381621     
  0.999060206207824     
  0.999066034069594     
  0.999054489242019     
  0.998881888082945     
  0.998909643529615     
  0.998498496460640     
  0.998732567327634     
  0.998810693356159     
  0.998600524105190     
  0.998161997782055     
  0.996995878593847     
  0.980216319795375     
  0.753310262052220     
  0.470039831056702     
  0.943796008067994     
  0.995175437679383     
  0.997182088540998     
  0.983309324689980     
  0.993399348876328     
  0.992887536251575     
  0.998712786906065     
  0.999222643097486     
  0.999173718806126     
  0.997864459313266     
  0.994866563528670     
  0.997947706131210     
  0.999147273405399     
  0.999447925778135     
  0.999432149588036     
  0.999469714159051     
  0.999542887636549     
  0.999557818021558     
  0.999564426947569     
  0.999523704440750     
  0.998879255672487     
  0.998175750079953     
  0.999457301606642     
  0.999595635210126     
  0.999578330692105     
  0.999644642565488     
  0.999653338714872     
  0.999661570355904     
  0.999667640671439     
  0.999673202039949     
  0.999678095809527     
  0.999680503210631     
  0.999678427149839     
  0.999664616247755     
  0.999511570589383     
  0.994032615795233     
  0.997699323055047     
  0.999492198314332     
  0.993812223026358     
  0.984017223109918     
  0.998317404989672     
  0.999233227624930     
  0.999674740929630     
  0.999720903266141     
  0.999731094971825     
  0.999730243484850     
  0.999707685737462     
  0.998691149444334     
  0.989528955145011     
  0.997877019580477     
  0.999713533330291     
  0.999756791829920     
  0.999768942129124     
  0.999772609236048     
  0.999782391732592     
  0.999785209435352     
  0.999780499153315     
