  0.999459714490246     
  0.999459349770743     
  0.999451556989291     
  0.999454781637106     
  0.999443781524532     
  0.999397364758115     
  0.999355857468181     
  0.999344685658534     
  0.999418388724830     
  0.999398817394037     
  0.999200241899815     
  0.989089685298326     
  0.997338691859934     
  0.999215399897624     
  0.999261340280501     
  0.999189919585658     
  0.998910950382152     
  0.997049397829147     
  0.896197450683232     
  0.762902876148400     
  0.964552117131257     
  0.988929751392671     
  0.978774576436880     
  0.997776923833046     
  0.999079658473471     
  0.999155325717375     
  0.999292596790130     
  0.999307915313149     
  0.999314023129834     
  0.999315417749569     
  0.999311645485598     
  0.999154376156259     
  0.999058476914698     
  0.999294736444585     
  0.999293516427484     
  0.999286143695445     
  0.999278059310564     
  0.999270212171133     
  0.999260677609620     
  0.999231803866085     
  0.999240719953522     
  0.999232238349822     
  0.999177114963719     
  0.999167424315534     
  0.999198705845048     
  0.999180627703929     
  0.999172656067073     
  0.999156492179145     
  0.999133542606629     
  0.999064544291482     
  0.998705856285956     
  0.992830970513382     
  0.996310354766582     
  0.998944482171287     
  0.999000884171560     
  0.996460920458000     
  0.950887272568540     
  0.986514287918976     
  0.986401847583362     
  0.988896226518547     
  0.998794665554385     
  0.998648770782494     
  0.998878904435303     
  0.998907318343911     
  0.998889909190214     
  0.998870529755628     
  0.998849945236073     
  0.998827954926907     
  0.998804967935468     
  0.998781987791088     
  0.998756948807459     
  0.998648375129742     
  0.998706312789699     
  0.998665780021730     
  0.998651630304703     
  0.998612664149934     
  0.998017694734670     
  0.998512766329979     
  0.997801466470145     
  0.992591671081247     
  0.997577555569468     
  0.998332586970627     
  0.998366381119129     
  0.998328711622859     
  0.998170036779308     
  0.998244546683296     
  0.998189762671814     
  0.998028802762298     
  0.994768144618187     
  0.997246260051221     
  0.997802171127101     
  0.997331650259546     
  0.995198288566992     
  0.995491062488054     
  0.990391964976694     
  0.997568309438867     
  0.997637265384927     
  0.997585996408100     
  0.997506181677920     
  0.996847940696887     
  0.997077153629168     
  0.997275508545128     
  0.997185243141314     
  0.997090690563997     
  0.996989633651882     
  0.996871795147661     
  0.996726954355760     
  0.996613899310511     
  0.995801438797270     
  0.996384986226651     
  0.996245283302529     
  0.996110270971975     
  0.995949489645196     
  0.995778787321997     
  0.995595018061850     
  0.995390225431914     
  0.995165992516039     
  0.994910581449780     
  0.994602716688133     
  0.994209718683877     
  0.993588006661201     
  0.991277168694010     
  0.872375465941284     
  0.752534355044289     
  0.977192920871166     
  0.991561752194642     
  0.991676809538704     
  0.990482818158961     
  0.951950449364429     
  0.820792331886575     
  0.964916840930621     
  0.965151338037397     
  0.901376627500884     
  0.980856533672010     
  0.986861669922187     
  0.985855016347177     
  0.984757806037488     
  0.982931928978328     
  0.935127039073631     
  0.891077730126734     
  0.971615970067858     
  0.831937445057806     
  0.831241039407125     
  0.832845643668938     
  0.966850029926428     
  0.966906804442733     
  0.963817507478511     
  0.958076361522189     
  0.944740856550681     
  0.950400129968366     
  0.935017645588771     
  0.937058847765168     
  0.926701690322404     
  0.909133609262671     
  0.815667410982219     
  0.842660346461418     
  0.882111324551200     
  0.865027065079791     
  0.845299483722772     
  0.834251025306677     
  0.841467827321435     
  0.857111406844893     
  0.870330523758024     
  0.878116505651700     
  0.877410931659128     
  0.866140042122181     
  0.841006703213197     
  0.794753962263086     
  0.722081850799528     
  0.594360952183610     
  0.496170193570826     
  0.485182270795063     
  0.534446076006213     
  0.617398879278892     
  0.707586150415882     
  0.775782029869267     
  0.817203064424480     
  0.843514192606985     
  0.864200719754763     
  0.881721967147682     
  0.897375475494161     
  0.913099304101232     
  0.928114034964575     
  0.938900152360011     
  0.946052878305030     
  0.952585830703862     
  0.958785193119590     
  0.963053198306018     
  0.966066685330251     
  0.968876857666291     
  0.971421909224073     
  0.973822150735302     
  0.975938463518283     
  0.977901896095538     
  0.979721191764960     
  0.981498515223591     
  0.983101570674213     
  0.984698072580361     
  0.986118158704113     
  0.987377946946284     
  0.988419236944814     
  0.987954679759184     
  0.989184917137959     
  0.990445788698585     
  0.991532082699169     
  0.992032746166506     
  0.992557965874493     
  0.993072180061406     
  0.993457823479153     
  0.993782271599273     
  0.993653230548742     
  0.994283890753660     
  0.994708626563495     
  0.994964832323079     
  0.995136282932630     
  0.995476747723889     
  0.995697093385990     
  0.995885358628003     
  0.995972294201181     
  0.990594619615949     
  0.985768711234064     
  0.995648731073056     
  0.995609358966933     
  0.996778630080723     
  0.996958502494966     
  0.996990046489061     
  0.985452894970094     
  0.996906334186824     
  0.997385972770232     
  0.997315245096562     
  0.995577381836175     
  0.997366821249362     
  0.997595376383820     
  0.997440270487771     
  0.997259528776369     
  0.997043374903940     
  0.994352726643184     
  0.909674116078432     
  0.869426164929480     
  0.952129714766284     
  0.995974626321047     
  0.997372541535597     
  0.997764806486119     
  0.997843205926230     
  0.997742562942035     
  0.996916868153780     
  0.990589945740366     
  0.760018034936929     
  0.745863859851241     
  0.725195869155684     
  0.905609955728875     
  0.995920872791495     
  0.997859813181805     
  0.996542018260567     
  0.998207744770173     
  0.998591506455304     
  0.998685468795324     
  0.998744119508938     
  0.998789761547174     
  0.998789824297105     
  0.998525048825085     
  0.998648370504706     
  0.997908563156301     
  0.998935191546828     
  0.998988151392383     
  0.999015650954184     
  0.998809142131308     
  0.999051073354691     
  0.999086835144772     
  0.999107158792703     
  0.999127143424654     
  0.999146063890192     
  0.999163264527265     
  0.999167905974748     
  0.998764463677082     
  0.998926299569784     
  0.999210661159232     
  0.999235039968862     
  0.998744122276974     
  0.999139675289413     
  0.999285450137875     
  0.999301807649624     
  0.999310043651931     
  0.999049956047238     
  0.998005708120882     
  0.999253967525447     
  0.999356405184822     
  0.999367706816218     
  0.999356932608243     
  0.999213041775249     
  0.999342886042590     
  0.999324856850855     
  0.999268704391601     
  0.999392519106504     
  0.999385250904530     
  0.999366531503708     
  0.999327076054198     
  0.999236673817752     
  0.998953809588647     
  0.991843575576904     
  0.951097404090753     
  0.986647330268393     
  0.997199898957177     
  0.963795377262101     
  0.933545719585304     
  0.990916789885790     
  0.998699729560213     
  0.999105091334345     
  0.999273629115120     
  0.999292990985050     
  0.999140893894750     
  0.994918454050027     
  0.901653670111405     
  0.940609114149317     
  0.980035532445950     
  0.998596423698764     
  0.999381932028952     
  0.999296439152217     
  0.999534996286635     
  0.999588811691360     
  0.999602963415930     
  0.999613784488393     
  0.999622909287146     
  0.999630966795745     
  0.999637577156898     
  0.999615427893081     
  0.999614457095380     
  0.999656197891757     
  0.999660695438677     
  0.999662266084821     
  0.999427525570057     
  0.999637372205324     
  0.999638585023280     
  0.999562996724955     
  0.999648739020377     
  0.999600193684449     
  0.999337112078401     
  0.999674466566422     
  0.999696088137182     
  0.999697917530550     
  0.999669752894488     
  0.999697246099752     
  0.999680242606652     
  0.999481051443327     
  0.997696802192560     
  0.998447498321742     
  0.999612714955464     
  0.999690977581236     
  0.999637705713671     
  0.998653929089965     
  0.997131725947343     
  0.999602712245980     
  0.999714480820332     
  0.999729538520309     
  0.999708566830612     
  0.999737312379805     
  0.999654546533788     
  0.999741280322028     
  0.999747206237657     
  0.999748628945970     
  0.999751097918731     
  0.999752511835642     
  0.999753788933708     
  0.999753730833951     
  0.999712000684633     
  0.999685154932474     
  0.998687361774894     
  0.984669845260542     
  0.998629472185424     
  0.999637034424076     
  0.999759064216084     
  0.999768318082278     
  0.999771790379222     
  0.999772986980744     
  0.999735705527612     
  0.999749161743932     
  0.999754167055721     
  0.999738649702613     
  0.999101995611955     
  0.999339149190465     
  0.999636188620156     
  0.999672275278671     
  0.999781168518522     
  0.999780802772489     
  0.999775624375454     
  0.999679046729013     
  0.999628854453672     
  0.999079328948577     
  0.977346158112536     
  0.986213508746157     
  0.969725472727591     
  0.962774154179421     
  0.999612332226769     
  0.999602331114484     
  0.999547542405321     
  0.998482268390853     
  0.993576302909522     
  0.999479690840031     
  0.999732117038007     
  0.999774867032015     
  0.999761757934541     
  0.999702607556082     
  0.998893517711264     
  0.951933447155126     
  0.933735270719664     
  0.997766368197068     
  0.999495527651669     
  0.999163186307726     
  0.999728874504702     
  0.999792380473862     
  0.999798247158345     
  0.999805410767086     
  0.999809548729388     
  0.999808746371055     
  0.999812777801141     
  0.999807920619128     
  0.999735845193448     
  0.999535224484058     
  0.998758304457939     
  0.999715046077623     
  0.999817130936160     
  0.999820751944040     
  0.999820282605125     
  0.999810818783400     
  0.999517881774777     
  0.999776205951379     
  0.999820880681405     
  0.999824009395925     
  0.999825153405267     
  0.999825312960662     
  0.999814931487006     
  0.999824098709467     
  0.999826388604695     
  0.999826615872666     
  0.999526853056908     
  0.999114456289204     
  0.999817459992244     
  0.999767993285922     
  0.999591475422576     
  0.999324333727277     
  0.999081549413240     
  0.999821970733065     
  0.999808641728195     
  0.999664762705473     
  0.995057511691220     
  0.995038572484595     
  0.999652995998825     
  0.999768380315121     
  0.999719399421536     
  0.998682427263936     
  0.998682579788104     
  0.999723735327982     
  0.999805698864791     
  0.999793400038910     
  0.999787135865341     
  0.999657293484194     
  0.992120013933882     
  0.982857784200887     
  0.998932412864662     
  0.999753539940799     
  0.998961763912593     
  0.975510214472929     
  0.994939171473994     
  0.999665547999864     
  0.999804604937574     
  0.999716643286038     
  0.997532871296883     
  0.998466019006012     
  0.999797345564072     
  0.999764256176565     
  0.999809417466327     
  0.999822716281603     
  0.999821573546793     
  0.999818866838669     
  0.999815666194386     
  0.999809078667185     
  0.999595871741290     
  0.999751583656555     
  0.999773783317914     
  0.999755470067829     
  0.999637375983634     
  0.998539770835132     
  0.979648058938851     
  0.922252919068388     
  0.949897004048213     
  0.995940452377313     
  0.995248790409648     
  0.963416528576650     
  0.976823864241980     
  0.998343474399270     
  0.999445383989280     
  0.998335884954287     
  0.998033592306595     
  0.999636950640914     
  0.999523742530531     
  0.998392673891771     
  0.906766568463855     
  0.905824295453928     
  0.998687978107733     
  0.999438672631800     
  0.999699414229824     
  0.999750050103043     
  0.999757350465087     
  0.999750979648915     
  0.999536003342266     
  0.999113839736604     
  0.998847401870943     
  0.998864713343288     
  0.999335544691505     
  0.994104702434651     
  0.871305200473404     
  0.900194005492232     
  0.996687045079433     
  0.992956548713273     
  0.924060302252990     
  0.907831310886732     
  0.989673248788001     
  0.997008210694844     
  0.976368934370216     
  0.975955391639108     
  0.996713525317120     
  0.983718800944967     
  0.934884320043029     
  0.966299542372213     
  0.997539445361713     
  0.999256331630755     
  0.999364173802336     
  0.999104827292882     
  0.993971010106906     
  0.963276298381550     
  0.913152444708333     
  0.963826744656591     
  0.997058740991501     
  0.998586362211676     
  0.991989180721578     
  0.986659077903239     
  0.997902445142796     
  0.999484701046086     
  0.990730220055482     
  0.990619431385329     
  0.987476166205383     
  0.961887942345365     
  0.993231371387053     
  0.999146104659840     
  0.999728489143481     
  0.999609730958487     
  0.999328480403502     
  0.999762356274588     
  0.999764579350169     
  0.999768517082156     
  0.999785523325197     
  0.999731906640706     
  0.999640812002663     
  0.999640948132464     
  0.999746189770293     
  0.999785043165068     
  0.999785793486705     
  0.999784089540472     
  0.999637521140622     
  0.999737138812590     
  0.999782222514186     
  0.999771676109296     
  0.999780365458030     
  0.999778674266737     
  0.999767566991606     
  0.999770564971680     
  0.999773417604415     
  0.999770189586439     
  0.999767828718384     
  0.999763254668616     
  0.999753899037269     
  0.999736136828575     
  0.999305922104417     
  0.991244026375714     
  0.995664574350371     
  0.999317009184478     
  0.979033949165852     
  0.955010922586836     
  0.998750084191351     
  0.999672767416047     
  0.999671771083864     
  0.999405850534302     
  0.995275529255254     
  0.959204632517147     
  0.974903236995137     
  0.998280827582156     
  0.999569070054272     
  0.999657715686398     
  0.999394668529398     
  0.999288339501054     
  0.999622115268243     
  0.999679103580434     
  0.993815756340035     
  0.997936574005430     
  0.995617278527855     
  0.996708635403955     
  0.999681429601640     
  0.999679996863272     
  0.999668516985686     
  0.999683095729624     
  0.999679378813951     
  0.999674761142077     
  0.999670023978359     
  0.999663520933389     
  0.999648307045207     
  0.999642859480322     
  0.999574443980338     
  0.999601450369419     
  0.999624703176649     
  0.999623136152872     
  0.998943063641237     
  0.999590164273607     
  0.999565438941333     
  0.999375747465393     
  0.999484308522153     
  0.999492574441803     
  0.998693288936323     
  0.991654918406187     
  0.973390912584985     
  0.998560749546650     
  0.999410430460545     
  0.999377068438049     
  0.997671203044761     
  0.994849683326235     
  0.998096540130774     
  0.996745099577728     
  0.947738675807738     
  0.976301923152335     
  0.772299784208098     
  0.983334728299478     
  0.998752103916468     
  0.999235266782263     
  0.999290213653210     
  0.999281955186255     
  0.999229893960558     
  0.999019332631022     
  0.996588273555975     
  0.931388502824549     
  0.931450759976819     
  0.996484406458758     
  0.997090640948569     
  0.988863873075776     
  0.997140226037174     
  0.999080805662720     
  0.999168105824948     
  0.999160734457037     
  0.999140280713707     
  0.999125212625452     
  0.999111120965058     
  0.999088463114474     
  0.999065278007374     
  0.999029785559072     
  0.999012226245642     
  0.998977910361664     
  0.998937260656464     
  0.998775501379517     
  0.998404823626206     
  0.998699710636693     
  0.998801124955042     
  0.998740901080691     
  0.998085115280641     
  0.998692236851910     
  0.998641305340212     
  0.998304530519556     
  0.998412143304142     
  0.998477206888887     
  0.998373901678234     
  0.997141314869872     
  0.986138602592684     
  0.992251769687109     
  0.955168226142975     
  0.967458922777244     
  0.996638394233566     
  0.990128844549406     
  0.977177958693933     
  0.994497917020273     
  0.989734989253285     
  0.991063840148877     
  0.994018087159155     
  0.996868577099106     
  0.997269771539677     
  0.997143077404071     
  0.997004001377986     
  0.996844380216553     
  0.996640196360602     
  0.996506019618721     
  0.996314009538434     
  0.996077831871243     
  0.995875865254169     
  0.995629457103326     
  0.991641343657757     
  0.985798645479229     
  0.994671942790577     
  0.994436241912263     
  0.994063303009766     
  0.993628446092684     
  0.993503485897008     
  0.993183626685019     
  0.992821839584376     
  0.992415942960535     
  0.991990631541004     
  0.991547913894953     
  0.991044909927756     
  0.990487465332744     
  0.989946777117846     
  0.989192813186898     
  0.988479823885823     
  0.987678128126735     
  0.986630943202777     
  0.981438974367057     
  0.976283516375324     
  0.980573391382263     
  0.982366656810413     
  0.981263182320572     
  0.979576714423962     
  0.978369697897495     
  0.977085746438764     
  0.975504831982490     
  0.974083425751527     
  0.972602643355648     
  0.971168686273287     
  0.969913788205122     
  0.968714683263696     
  0.967324865476257     
  0.966007366079394     
  0.965816758082796     
  0.967020918247930     
  0.968437260297291     
  0.969676832525421     
  0.970920026929379     
  0.972297687511933     
  0.973360865463783     
  0.974468504209788     
  0.976629365979670     
  0.978138910036685     
  0.979602842596095     
  0.980996997063753     
  0.982204247050282     
  0.983486281050483     
  0.984595848672989     
  0.985560924460457     
  0.986577201628037     
  0.987317137083773     
  0.988272150882678     
  0.988708486906972     
  0.988818581239517     
  0.989926218081914     
  0.990917952841956     
  0.991394635167441     
  0.990202115430763     
  0.977986517073080     
  0.987160852731503     
  0.990612502523680     
  0.993412089183652     
  0.993570317359828     
  0.994126001191955     
  0.994442095362157     
  0.994770647134224     
  0.995057506131120     
  0.995113223070041     
  0.995105014608152     
  0.986799007105799     
  0.967832857366424     
  0.991291204678023     
  0.996152858031663     
  0.996607803309070     
  0.996825095724159     
  0.996976844926884     
  0.996907092120612     
  0.993391257308645     
  0.994124006165430     
  0.997366154923176     
  0.997492953825846     
  0.997621842115159     
  0.997861328943900     
  0.997950976297942     
  0.998035075020795     
  0.998114211745447     
  0.998186619009316     
  0.998258063981256     
  0.998323567788872     
  0.998384410657778     
  0.998427198238322     
  0.998304547638037     
  0.998547912035589     
  0.998597125094348     
  0.998637651465378     
  0.998684432949261     
  0.998725777567123     
  0.997914195973935     
  0.998536515832203     
  0.998836644830539     
  0.998869729530346     
  0.998898856819637     
  0.998925407344972     
  0.998949016389557     
  0.998970157906381     
  0.998988389451600     
  0.999001621474674     
  0.999009798425303     
  0.998998366483957     
  0.998826081261516     
  0.998858940411064     
  0.998467528025003     
  0.998701723283376     
  0.998781950650955     
  0.998582119511369     
  0.998158805916874     
  0.996877473251104     
  0.979209625246024     
  0.754417579131671     
  0.477928307367886     
  0.940531561999815     
  0.994290920225053     
  0.997210388831935     
  0.983705429292106     
  0.993524832157061     
  0.993026552107988     
  0.998712383300380     
  0.999200502589579     
  0.999128343526520     
  0.997780828449956     
  0.994832002029393     
  0.997870584049574     
  0.999069634774273     
  0.999402620959183     
  0.999401980299887     
  0.999442592726939     
  0.999517181486778     
  0.999532799347384     
  0.999535819995035     
  0.999464582356715     
  0.998754009151410     
  0.998056908182049     
  0.999378120924268     
  0.999564681526139     
  0.999557968029284     
  0.999623572122554     
  0.999632909425980     
  0.999641710181465     
  0.999648169070216     
  0.999654243938376     
  0.999659704852987     
  0.999662558373067     
  0.999661133583995     
  0.999648393560225     
  0.999500471341660     
  0.994159824320116     
  0.997737825272232     
  0.999521598594935     
  0.994122581177576     
  0.984677452929836     
  0.998366893390790     
  0.999181700147746     
  0.999637421130535     
  0.999703472510048     
  0.999717489231459     
  0.999718066993897     
  0.999706900982171     
  0.998770465978630     
  0.989967045544853     
  0.997992945361063     
  0.999718321169800     
  0.999746364019908     
  0.999757025309553     
  0.999760785961970     
  0.999770782433734     
  0.999774146845979     
  0.999772758233190     
