  0.999466370915250     
  0.999465772618535     
  0.999457540440520     
  0.999460795196446     
  0.999450679240846     
  0.999406709405570     
  0.999365319279575     
  0.999354737292633     
  0.999424985713673     
  0.999391211614268     
  0.999048627660698     
  0.988807133242866     
  0.996992179660988     
  0.999141982909800     
  0.999268213466569     
  0.999202231820906     
  0.998883222209289     
  0.996571247037245     
  0.898534080241892     
  0.769584764649571     
  0.964286972769279     
  0.988451039370442     
  0.978456547267669     
  0.997371097562797     
  0.998994632507042     
  0.999158558687422     
  0.999300270919451     
  0.999316333523128     
  0.999322345566304     
  0.999323670694417     
  0.999319538890786     
  0.999167526302097     
  0.999075509508568     
  0.999302571674950     
  0.999301654659812     
  0.999294456835801     
  0.999286379437488     
  0.999278686368946     
  0.999269201118705     
  0.999241553535888     
  0.999249570228423     
  0.999241089292685     
  0.999187135787501     
  0.999177437054789     
  0.999207894831952     
  0.999190382564512     
  0.999182080742842     
  0.999166003386362     
  0.999142751351802     
  0.999065545383924     
  0.998661344119941     
  0.992855974894484     
  0.996264639376951     
  0.998927090702603     
  0.999032109490652     
  0.996727774900921     
  0.952312951228961     
  0.987038342960431     
  0.986806953850445     
  0.989191611659064     
  0.998824258856960     
  0.998676535901433     
  0.998893961753068     
  0.998919928915485     
  0.998902910893681     
  0.998883841066883     
  0.998863475040123     
  0.998841849233616     
  0.998819092155972     
  0.998796329498059     
  0.998771706690409     
  0.998669496591170     
  0.998721680156577     
  0.998682329886631     
  0.998666859937215     
  0.998621912883408     
  0.998027347626143     
  0.998517907503320     
  0.997841887299705     
  0.992910545336254     
  0.997628428376235     
  0.998355226528783     
  0.998385897694668     
  0.998348638281548     
  0.998199091059192     
  0.998264869626046     
  0.998204926204298     
  0.998012010899872     
  0.994752473415177     
  0.997256939493491     
  0.997787518027683     
  0.997176159942238     
  0.994874673250879     
  0.995098544889171     
  0.990239102688740     
  0.997493465142605     
  0.997653401574767     
  0.997612878285902     
  0.997529319665980     
  0.996869954138944     
  0.997111121650842     
  0.997305364003648     
  0.997219700791354     
  0.997125655586329     
  0.997024714939112     
  0.996904142212825     
  0.996755624126683     
  0.996642956680782     
  0.995939511261152     
  0.996427170858796     
  0.996289571682725     
  0.996156962741907     
  0.995998467907066     
  0.995829992099836     
  0.995648600313385     
  0.995446923298973     
  0.995225479031759     
  0.994973543845528     
  0.994670644980161     
  0.994284677867059     
  0.993682019154938     
  0.991509353938771     
  0.876893536340866     
  0.761460782525514     
  0.977936312007803     
  0.991700008839167     
  0.991767917263434     
  0.990395615260461     
  0.952494306368687     
  0.825720898988786     
  0.964939718849118     
  0.965520546073976     
  0.904102846958730     
  0.980889599987049     
  0.986951531531327     
  0.986007449457395     
  0.984903615785878     
  0.982943902692156     
  0.936530520501763     
  0.894074310493226     
  0.971573267161942     
  0.838536693702472     
  0.836708344511280     
  0.838394681206269     
  0.967328519829503     
  0.967199396642080     
  0.963984107771723     
  0.957926501150391     
  0.944711318039284     
  0.950615457033155     
  0.935708979678518     
  0.937544003228997     
  0.927209698646422     
  0.910076138419859     
  0.820020413458285     
  0.845519311403036     
  0.882616159420290     
  0.865346641182438     
  0.845608125085703     
  0.834615089714945     
  0.841846048371726     
  0.857485193080790     
  0.870723209696604     
  0.878501598328440     
  0.877809075620505     
  0.866521208103308     
  0.841237328578551     
  0.794560140266240     
  0.721032237984980     
  0.593353268969465     
  0.496200049732467     
  0.485328511940645     
  0.533925473376643     
  0.616572230801858     
  0.706734786556040     
  0.775306407118964     
  0.817055368439499     
  0.843541754389088     
  0.864317852598343     
  0.881956579266208     
  0.897742118323892     
  0.913552215799974     
  0.928603787558316     
  0.939389549757460     
  0.946527239463536     
  0.953035752319955     
  0.959208388058526     
  0.963448076319519     
  0.966434574440639     
  0.969218534425230     
  0.971741549454266     
  0.974115550510337     
  0.976211400659797     
  0.978154996836409     
  0.979955267389177     
  0.981715757274641     
  0.983308456577319     
  0.984885955003799     
  0.986291034587564     
  0.987538737455115     
  0.988580267495913     
  0.988138677672768     
  0.989347846986138     
  0.990584074857063     
  0.991646982365333     
  0.992142026447386     
  0.992657188423608     
  0.993160440711422     
  0.993537065487102     
  0.993853899967096     
  0.993740302770994     
  0.994352024771260     
  0.994770654257582     
  0.995028138706527     
  0.995202376751224     
  0.995535046084561     
  0.995752770225581     
  0.995938214237767     
  0.996019727367539     
  0.990898783898698     
  0.986330098367280     
  0.995688084275379     
  0.995650381380827     
  0.996809441009593     
  0.996994965933472     
  0.997019104513452     
  0.986110328539555     
  0.996942687022754     
  0.997418245342498     
  0.997360322090227     
  0.995671272243110     
  0.997410340358463     
  0.997627387147059     
  0.997478803816028     
  0.997291101775174     
  0.997001458078644     
  0.993727537433881     
  0.911175164659622     
  0.872038147217984     
  0.952100277389844     
  0.995584782360249     
  0.997375689682477     
  0.997793122535349     
  0.997871489059394     
  0.997762283196404     
  0.996713646217403     
  0.988862187501384     
  0.763833917859097     
  0.749578013635161     
  0.730189236107602     
  0.905727549062921     
  0.995126934342614     
  0.997810063117093     
  0.996638033831518     
  0.998223529952115     
  0.998605768346719     
  0.998701304599652     
  0.998759293821710     
  0.998803635749827     
  0.998801292123470     
  0.998540798780381     
  0.998666605592326     
  0.997958310483556     
  0.998948188510278     
  0.998999875679393     
  0.999026841605558     
  0.998853528038817     
  0.999062779225909     
  0.999097003620229     
  0.999117147158505     
  0.999136950314171     
  0.999155661722997     
  0.999171892620800     
  0.999172791632075     
  0.998771911361206     
  0.998941880835420     
  0.999217692380167     
  0.999237822073907     
  0.998743294497294     
  0.999136859753833     
  0.999290371987220     
  0.999309072664468     
  0.999315678220381     
  0.999061485490849     
  0.998065986624104     
  0.999260294753268     
  0.999362824428356     
  0.999374773887680     
  0.999364775879160     
  0.999226507110823     
  0.999351466331139     
  0.999340580037659     
  0.999293208845219     
  0.999400149670064     
  0.999393672490341     
  0.999375695889468     
  0.999338098039420     
  0.999253329029628     
  0.999016180844324     
  0.992314617463500     
  0.953186081840380     
  0.987345581048737     
  0.997468545897776     
  0.965573162508465     
  0.936424289426443     
  0.991531542366550     
  0.998788215696489     
  0.999127222873960     
  0.999288095076791     
  0.999304189077496     
  0.999109244001518     
  0.994702568056896     
  0.904357548893326     
  0.941951139710498     
  0.980514504031020     
  0.998561684447375     
  0.999378709904219     
  0.999319445287595     
  0.999541738605973     
  0.999593069776607     
  0.999607003200659     
  0.999617425706437     
  0.999626446363560     
  0.999634239635201     
  0.999640347559724     
  0.999619274828292     
  0.999619071307137     
  0.999658889274549     
  0.999663053249274     
  0.999661541565646     
  0.999424079815676     
  0.999632835840316     
  0.999644175268681     
  0.999568294018145     
  0.999641254866949     
  0.999598618548885     
  0.999382597709403     
  0.999676587070536     
  0.999697845248086     
  0.999699636296960     
  0.999673312771489     
  0.999698078402624     
  0.999673646496998     
  0.999434137246126     
  0.997603365456478     
  0.998362675833834     
  0.999583383268163     
  0.999687063463144     
  0.999624314758210     
  0.998624397068834     
  0.997142233066669     
  0.999577405694632     
  0.999712494622202     
  0.999730642494633     
  0.999710991455494     
  0.999738948064336     
  0.999661015633576     
  0.999742491096036     
  0.999748164042742     
  0.999749574071618     
  0.999752056861515     
  0.999753409786279     
  0.999754650855407     
  0.999754671191910     
  0.999718262589022     
  0.999696507378108     
  0.998763368747751     
  0.985165145883966     
  0.998707285395054     
  0.999652979572687     
  0.999760165505820     
  0.999768835668960     
  0.999772390474700     
  0.999773493768829     
  0.999739218806438     
  0.999761026064534     
  0.999750492773483     
  0.999733398793921     
  0.999122899740411     
  0.999350195243536     
  0.999653626858199     
  0.999690570564614     
  0.999781434161123     
  0.999781205333894     
  0.999775411929724     
  0.999681977772409     
  0.999640694395646     
  0.999160166836145     
  0.978104626761327     
  0.986721438020036     
  0.970723800607015     
  0.964797169852798     
  0.999561769723712     
  0.999598569964085     
  0.999533542930210     
  0.998410145136048     
  0.993508793107108     
  0.999415514701740     
  0.999723169725180     
  0.999774542377863     
  0.999761952198602     
  0.999688281646962     
  0.998755673425599     
  0.953220369522188     
  0.935669924073115     
  0.997608173091152     
  0.999469886581232     
  0.999164884790892     
  0.999723688313795     
  0.999790654321959     
  0.999797363339523     
  0.999804616450183     
  0.999808902026818     
  0.999808040112472     
  0.999811701008144     
  0.999801728843200     
  0.999713357247322     
  0.999513665143145     
  0.998781644291683     
  0.999718750485012     
  0.999818084606846     
  0.999819931406910     
  0.999818734604345     
  0.999806632030247     
  0.999514936513997     
  0.999773127081317     
  0.999818874860834     
  0.999822746810409     
  0.999824027278003     
  0.999824059405714     
  0.999819812032997     
  0.999823929730732     
  0.999825085128004     
  0.999826363024017     
  0.999537165359084     
  0.999136610006043     
  0.999816927312370     
  0.999762719853326     
  0.999589669100389     
  0.999348497880924     
  0.999124007344707     
  0.999818985168279     
  0.999797843739818     
  0.999549213891358     
  0.994718624394219     
  0.994700713722637     
  0.999538357524978     
  0.999755293248578     
  0.999690508879750     
  0.998616979491523     
  0.998617758717214     
  0.999695556026350     
  0.999800203751210     
  0.999792425730874     
  0.999786315517714     
  0.999657730974052     
  0.992510810213070     
  0.983774416604614     
  0.998962134768356     
  0.999756599431687     
  0.999006200181438     
  0.976131700852936     
  0.995086808209039     
  0.999679737505488     
  0.999801997538127     
  0.999713522857742     
  0.997634308629560     
  0.998513103395618     
  0.999791327438481     
  0.999767547805356     
  0.999808060369038     
  0.999819676153787     
  0.999818320750517     
  0.999815465604209     
  0.999812065094178     
  0.999804817009799     
  0.999601841217292     
  0.999748238052571     
  0.999768413143712     
  0.999746981682703     
  0.999569730496551     
  0.997806884336330     
  0.976937593429690     
  0.918615922887166     
  0.946503965601669     
  0.994317197158460     
  0.994625832139642     
  0.963112497139534     
  0.976392228472873     
  0.998045748693321     
  0.999402431496938     
  0.998362151988221     
  0.998069445422522     
  0.999631141835490     
  0.999473238526099     
  0.997948851699017     
  0.909090074402047     
  0.908186722835069     
  0.998232824427363     
  0.999386878843051     
  0.999691471537572     
  0.999745284946384     
  0.999752977477516     
  0.999745758462845     
  0.999534978179522     
  0.999113935967017     
  0.998803707919649     
  0.998816065342340     
  0.999245100195917     
  0.993678902338966     
  0.874372545875717     
  0.902356486917405     
  0.995968346550823     
  0.990480384842901     
  0.919881791093040     
  0.903799843191433     
  0.986833982451210     
  0.996300534817278     
  0.976070925063444     
  0.975669922122626     
  0.996290838254579     
  0.982919368269141     
  0.934226460049122     
  0.965498753084697     
  0.997149375336832     
  0.999198344972849     
  0.999342820861967     
  0.999007264315252     
  0.993435664565392     
  0.962162544777246     
  0.912154255270692     
  0.962648683278040     
  0.996563379834223     
  0.998443517736344     
  0.991868179824242     
  0.986607764864756     
  0.997765215502049     
  0.999475533608263     
  0.991004441165057     
  0.990544208418080     
  0.986178863970246     
  0.960316033465097     
  0.992097142389403     
  0.998907160695824     
  0.999700921783345     
  0.999604899535120     
  0.999338614255770     
  0.999752982708143     
  0.999759246951706     
  0.999762725459224     
  0.999775969721540     
  0.999721728560863     
  0.999623524213323     
  0.999623543571859     
  0.999734973119580     
  0.999774924678588     
  0.999775998223878     
  0.999773878986354     
  0.999633821788947     
  0.999728231715650     
  0.999771598763724     
  0.999761553904876     
  0.999769604616110     
  0.999767773775568     
  0.999757089342744     
  0.999759575984559     
  0.999762064421756     
  0.999758555681481     
  0.999756105492179     
  0.999751224451441     
  0.999741098268274     
  0.999720865142627     
  0.999314910607151     
  0.991511348726732     
  0.995804927504984     
  0.999331511274187     
  0.979518704124746     
  0.956099882400035     
  0.998763714619424     
  0.999657968538152     
  0.999644418301758     
  0.999185728727579     
  0.994105181355897     
  0.957309859110201     
  0.973115512083511     
  0.997553184921526     
  0.999464243201753     
  0.999621981768747     
  0.999339120970064     
  0.999229309719837     
  0.999582669011698     
  0.999658564395748     
  0.994615555459123     
  0.998153527157104     
  0.996160365433429     
  0.997098263780478     
  0.999663281779347     
  0.999661431706561     
  0.999650089298804     
  0.999662959432042     
  0.999658730913318     
  0.999653632302721     
  0.999648421927106     
  0.999641051047933     
  0.999623908646973     
  0.999617835214838     
  0.999552016076780     
  0.999578035565873     
  0.999599818939954     
  0.999597002242429     
  0.998960778514858     
  0.999562395675686     
  0.999533165689031     
  0.999339924877440     
  0.999448288250141     
  0.999446314384043     
  0.998577509984291     
  0.991391317728152     
  0.974032433363659     
  0.998388952661329     
  0.999351935148115     
  0.999307424175886     
  0.997520641551467     
  0.994674382298738     
  0.997967728847258     
  0.996582961486855     
  0.949330906963456     
  0.975351869294923     
  0.778253274694300     
  0.982347822517746     
  0.998452823764020     
  0.999183760669604     
  0.999250116088294     
  0.999241317696567     
  0.999188212380342     
  0.998946766957644     
  0.996348483039200     
  0.933981165800307     
  0.934021788381193     
  0.996181714855681     
  0.996728264128470     
  0.988423300142676     
  0.996786175272098     
  0.998955738016960     
  0.999103274300349     
  0.999099751916764     
  0.999076060926398     
  0.999058777417516     
  0.999042317288107     
  0.999017318392770     
  0.998991865489923     
  0.998954328095595     
  0.998933864823766     
  0.998898304894188     
  0.998847397412704     
  0.998657647842212     
  0.998269602529680     
  0.998575834508319     
  0.998697823431067     
  0.998640847376058     
  0.998016086585220     
  0.998584906265915     
  0.998531754770828     
  0.998198559765035     
  0.998297631939048     
  0.998353667911414     
  0.998233888157308     
  0.996969861402056     
  0.986171699337880     
  0.991053432769309     
  0.953771379505460     
  0.966574095030149     
  0.996010131778298     
  0.989552119147182     
  0.976630287005178     
  0.994015472593879     
  0.989712049074597     
  0.991079303457957     
  0.993937667128945     
  0.996675970996312     
  0.997042698882063     
  0.996901895352225     
  0.996750283154521     
  0.996577674990591     
  0.996362402358068     
  0.996209088401297     
  0.996000559059704     
  0.995760259889017     
  0.995527075777725     
  0.995276530323080     
  0.991419430566527     
  0.985728917011390     
  0.994265224654252     
  0.993969926468788     
  0.993570540171807     
  0.993122191784399     
  0.992955896447400     
  0.992606695170566     
  0.992212896985823     
  0.991771329527557     
  0.991310768588056     
  0.990832747322335     
  0.990287555053322     
  0.989678901808269     
  0.989088229694305     
  0.988284607104100     
  0.987517069270362     
  0.986648192809227     
  0.985512495383049     
  0.980358311796937     
  0.975113311105128     
  0.979128010043210     
  0.980874282377628     
  0.979708369507502     
  0.977939000357108     
  0.976593029006407     
  0.975193928499852     
  0.973482624146569     
  0.971935713960730     
  0.970321629209346     
  0.968752663615083     
  0.967369372352142     
  0.966046360756061     
  0.964545021639308     
  0.963149605396908     
  0.962951086141731     
  0.964218935819383     
  0.965741628289100     
  0.967105959099313     
  0.968477340393778     
  0.969986320356608     
  0.971184562995362     
  0.972428846369965     
  0.974700499277565     
  0.976331647906493     
  0.977914801137960     
  0.979421963976504     
  0.980727958198970     
  0.982112681877059     
  0.983312677863729     
  0.984357554860979     
  0.985458487544852     
  0.986280333483941     
  0.987304442093851     
  0.987813929066980     
  0.988000254056339     
  0.989145288135565     
  0.990160347214068     
  0.990633628718097     
  0.989268180552922     
  0.977015662106659     
  0.986216940566578     
  0.990100209724687     
  0.992858535532569     
  0.993059234992739     
  0.993629295048913     
  0.993972011356463     
  0.994328085876430     
  0.994639319802384     
  0.994713988987600     
  0.994587443086851     
  0.985969561533531     
  0.967036926103858     
  0.990546461802192     
  0.995756241065478     
  0.996317402809952     
  0.996557066308011     
  0.996711615417242     
  0.996573968130248     
  0.992964078319806     
  0.993711240716091     
  0.997078479808295     
  0.997295731063493     
  0.997442955710803     
  0.997681612973755     
  0.997778663511934     
  0.997870142991957     
  0.997956147708295     
  0.998036280439658     
  0.998112709536533     
  0.998184117678752     
  0.998250273182772     
  0.998298745360491     
  0.998192693841010     
  0.998428619502570     
  0.998482385174153     
  0.998530657562677     
  0.998579812189757     
  0.998622259053313     
  0.997858088628337     
  0.998454950502070     
  0.998744635863976     
  0.998781918223660     
  0.998814426382093     
  0.998844056694592     
  0.998870807021218     
  0.998895106317458     
  0.998916414326461     
  0.998932717477024     
  0.998943657279832     
  0.998932358097712     
  0.998760444451092     
  0.998799306276021     
  0.998431104700056     
  0.998665446254613     
  0.998748145093378     
  0.998560473056945     
  0.998155051822545     
  0.996738211460543     
  0.978025606809085     
  0.755719944352181     
  0.487206299435991     
  0.936692099406549     
  0.993250599107700     
  0.997243674092685     
  0.984171306030724     
  0.993672418804060     
  0.993190055062009     
  0.998711908601328     
  0.999174462110616     
  0.999074975545987     
  0.997682466279720     
  0.994791352626509     
  0.997779877135460     
  0.998978320309500     
  0.999349335811947     
  0.999366496763578     
  0.999410693914459     
  0.999486947250937     
  0.999503373680150     
  0.999502173975764     
  0.999395046005933     
  0.998606700620612     
  0.997917132419063     
  0.999284992640871     
  0.999528275375162     
  0.999534018495984     
  0.999598790130473     
  0.999608881523414     
  0.999618351639289     
  0.999625267545043     
  0.999631946362599     
  0.999638074321821     
  0.999641452541834     
  0.999640793743405     
  0.999629313231179     
  0.999487416949209     
  0.994309440790065     
  0.997783109711346     
  0.999556177783287     
  0.994487609478466     
  0.985453983540000     
  0.998425099280944     
  0.999121095985651     
  0.999593527355423     
  0.999682971279683     
  0.999701486801220     
  0.999703745577301     
  0.999705977989866     
  0.998863754388893     
  0.990482307126170     
  0.998129291901280     
  0.999723952406145     
  0.999734099308549     
  0.999743009291328     
  0.999746879965489     
  0.999757128102985     
  0.999761135528036     
  0.999763653711142     
