  0.999467567941070     
  0.999466927640247     
  0.999458616445588     
  0.999461876615965     
  0.999451919658600     
  0.999408389855625     
  0.999367020799411     
  0.999356544880607     
  0.999426172052006     
  0.999389843864629     
  0.999021362824576     
  0.988756321814321     
  0.996929866252234     
  0.999128780306185     
  0.999269449474198     
  0.999204445935014     
  0.998878235840487     
  0.996485260975449     
  0.898954277367504     
  0.770786371720615     
  0.964239291730927     
  0.988364952352164     
  0.978399355922122     
  0.997298117611832     
  0.998979342241524     
  0.999159140074221     
  0.999301650962534     
  0.999317847374816     
  0.999323842195142     
  0.999325154826690     
  0.999320958366967     
  0.999169891101612     
  0.999078572491634     
  0.999303980689968     
  0.999303118164041     
  0.999295951794030     
  0.999287875652278     
  0.999280210290585     
  0.999270733908188     
  0.999243306827013     
  0.999251161780787     
  0.999242680965327     
  0.999188937841004     
  0.999179237654612     
  0.999209547295803     
  0.999192136790097     
  0.999183775591140     
  0.999167713795842     
  0.999144407369388     
  0.999065725411353     
  0.998653339452480     
  0.992860471457872     
  0.996256418331299     
  0.998923963176535     
  0.999037724773047     
  0.996775763624175     
  0.952569332592595     
  0.987132584364963     
  0.986879804570948     
  0.989244731109833     
  0.998829580655247     
  0.998681528935821     
  0.998896669528741     
  0.998922196690084     
  0.998905249006268     
  0.998886234856891     
  0.998865908122235     
  0.998844347864983     
  0.998821632133312     
  0.998798908586553     
  0.998774360620665     
  0.998673294892814     
  0.998724443691713     
  0.998685306072329     
  0.998669598703904     
  0.998623576096577     
  0.998029083519833     
  0.998518832048141     
  0.997849156238099     
  0.992967888976605     
  0.997637576910948     
  0.998359297835536     
  0.998389407390940     
  0.998352221724033     
  0.998204315936656     
  0.998268524333577     
  0.998207653087018     
  0.998008991191589     
  0.994749655236972     
  0.997258859995479     
  0.997784882935879     
  0.997148197851472     
  0.994816476947115     
  0.995027957761058     
  0.990211613193074     
  0.997480005758679     
  0.997656303374966     
  0.997617712503127     
  0.997533480613088     
  0.996873912857331     
  0.997117230184096     
  0.997310732967464     
  0.997225897376608     
  0.997131943413913     
  0.997031023675414     
  0.996909959249161     
  0.996760779868420     
  0.996648182125711     
  0.995964341109989     
  0.996434757006764     
  0.996297536152691     
  0.996165359419114     
  0.996007275769617     
  0.995839200362220     
  0.995658236122720     
  0.995457119396973     
  0.995236176619395     
  0.994984866509219     
  0.994682860672916     
  0.994298157941640     
  0.993698925629922     
  0.991551108329985     
  0.877706031115589     
  0.763066042243818     
  0.978069997737287     
  0.991724871850402     
  0.991784301377302     
  0.990379933358770     
  0.952592109456436     
  0.826607214929356     
  0.964943833039198     
  0.965586941645635     
  0.904593109629530     
  0.980895546383160     
  0.986967691565969     
  0.986034861882029     
  0.984929837117448     
  0.982946055955107     
  0.936782912124070     
  0.894613193188538     
  0.971565587788118     
  0.839723453661786     
  0.837691544239297     
  0.839392579190978     
  0.967414567933421     
  0.967252014275809     
  0.964014067948709     
  0.957899551355529     
  0.944706006049511     
  0.950654179887443     
  0.935833304189499     
  0.937631250078852     
  0.927301055198123     
  0.910245636079605     
  0.820803226168770     
  0.846033447181474     
  0.882706945316808     
  0.865404111471672     
  0.845663628954632     
  0.834680560476647     
  0.841914064970336     
  0.857552412160565     
  0.870793827572630     
  0.878570850692677     
  0.877880675043276     
  0.866589754331726     
  0.841278802638113     
  0.794525284665561     
  0.720843482891688     
  0.593172054186112     
  0.496205418857165     
  0.485354810940617     
  0.533831851772105     
  0.616423571999251     
  0.706581683094617     
  0.775220874364617     
  0.817028807798050     
  0.843546710914045     
  0.864338916978017     
  0.881998770328555     
  0.897808052905513     
  0.913633664402983     
  0.928691861389725     
  0.939477559721773     
  0.946612545419757     
  0.953116663239816     
  0.959284492637916     
  0.963519088577688     
  0.966500733199311     
  0.969279979333307     
  0.971799031463374     
  0.974168313612870     
  0.976260483900588     
  0.978200512832293     
  0.979997362035421     
  0.981754824683543     
  0.983345661606717     
  0.984919742572689     
  0.986322123479352     
  0.987567652993026     
  0.988609226203979     
  0.988171766687825     
  0.989377147256495     
  0.990608943364703     
  0.991667645195988     
  0.992161678725024     
  0.992675031983726     
  0.993176312953930     
  0.993551315874869     
  0.993866781166604     
  0.993755961298551     
  0.994364277570906     
  0.994781808934941     
  0.995039523336652     
  0.995214262657751     
  0.995545530104889     
  0.995762782808644     
  0.995947719469059     
  0.996028257460473     
  0.990953482963972     
  0.986431054844771     
  0.995695161318696     
  0.995657758605804     
  0.996814981862836     
  0.997001523300889     
  0.997024330135816     
  0.986228557495535     
  0.996949224501878     
  0.997424049051678     
  0.997368428471852     
  0.995688156943766     
  0.997418166580685     
  0.997633143776099     
  0.997485733425749     
  0.997296779680247     
  0.996993919998930     
  0.993615107008246     
  0.911445104609397     
  0.872507871142452     
  0.952094983538106     
  0.995514675042990     
  0.997376255827262     
  0.997798214733295     
  0.997876575338405     
  0.997765829575971     
  0.996677099923880     
  0.988551477117294     
  0.764520144977985     
  0.750245946417166     
  0.731087215564543     
  0.905748696397494     
  0.994984156820668     
  0.997801116338312     
  0.996655300746550     
  0.998226368673159     
  0.998608333127750     
  0.998704152424898     
  0.998762022688154     
  0.998806130811726     
  0.998803354435804     
  0.998543631168077     
  0.998669884893226     
  0.997967256778433     
  0.998950525815319     
  0.999001984113252     
  0.999028854073395     
  0.998861510167479     
  0.999064884348574     
  0.999098832265855     
  0.999118943414322     
  0.999138713934402     
  0.999157387747715     
  0.999173444252759     
  0.999173670243636     
  0.998773250714690     
  0.998944682890870     
  0.999218956839248     
  0.999238322393594     
  0.998743145633608     
  0.999136353422061     
  0.999291257107951     
  0.999310379168472     
  0.999316691513138     
  0.999063558888812     
  0.998076826812233     
  0.999261432610762     
  0.999363978833613     
  0.999376044795256     
  0.999366186374783     
  0.999228928651390     
  0.999353009368715     
  0.999343407619743     
  0.999297615608388     
  0.999401521914087     
  0.999395186988163     
  0.999377343969052     
  0.999340080181053     
  0.999256324224363     
  0.999027397397836     
  0.992399327431049     
  0.953561699904373     
  0.987471151224764     
  0.997516858120250     
  0.965892871211128     
  0.936941958208571     
  0.991642096641262     
  0.998804128640181     
  0.999131202909636     
  0.999290696569968     
  0.999306202892039     
  0.999103552226499     
  0.994663744083108     
  0.904843802434523     
  0.942192483646030     
  0.980600640168670     
  0.998555437092875     
  0.999378130451397     
  0.999323582610716     
  0.999542951115420     
  0.999593835532255     
  0.999607729698157     
  0.999618080527478     
  0.999627082456276     
  0.999634828208727     
  0.999640845777231     
  0.999619966644885     
  0.999619901107587     
  0.999659373281567     
  0.999663477268105     
  0.999661411271120     
  0.999423460145460     
  0.999632020039088     
  0.999645180595503     
  0.999569246661741     
  0.999639908947172     
  0.999598335282848     
  0.999390777662193     
  0.999676968413502     
  0.999698161239907     
  0.999699945393094     
  0.999673952965708     
  0.999698228080703     
  0.999672460278440     
  0.999425700379577     
  0.997586562156229     
  0.998347421685029     
  0.999578108370194     
  0.999686359563117     
  0.999621906579760     
  0.998619086142060     
  0.997144122627224     
  0.999572854659545     
  0.999712137431763     
  0.999730841029258     
  0.999711427491034     
  0.999739242219796     
  0.999662179012674     
  0.999742708837195     
  0.999748336290915     
  0.999749744039585     
  0.999752229314323     
  0.999753571270492     
  0.999754805860321     
  0.999754840302536     
  0.999719388707705     
  0.999698548961909     
  0.998777037575221     
  0.985254219020229     
  0.998721279052629     
  0.999655847093143     
  0.999760363557983     
  0.999768928749986     
  0.999772498393831     
  0.999773584907885     
  0.999739850622683     
  0.999763159704231     
  0.999749832002786     
  0.999732454487872     
  0.999126659070055     
  0.999352181729554     
  0.999656762894125     
  0.999693860729586     
  0.999781481933432     
  0.999781277729247     
  0.999775373724165     
  0.999682504881983     
  0.999642823653598     
  0.999174704469295     
  0.978241027407476     
  0.986812782452391     
  0.970903336827112     
  0.965160982809937     
  0.999552676716654     
  0.999597893570158     
  0.999531025306638     
  0.998397174705246     
  0.993496652345207     
  0.999403973454442     
  0.999721560666694     
  0.999774483993007     
  0.999761987134486     
  0.999685705316771     
  0.998730883904400     
  0.953451805971363     
  0.936017846648800     
  0.997579723728780     
  0.999465275362898     
  0.999165190241396     
  0.999722755643580     
  0.999790343895549     
  0.999797204395966     
  0.999804473602396     
  0.999808785725576     
  0.999807913100829     
  0.999811507360571     
  0.999800615330671     
  0.999709313074488     
  0.999509787967894     
  0.998785841666526     
  0.999719416676039     
  0.999818256112521     
  0.999819783843616     
  0.999818456215825     
  0.999805879095140     
  0.999514406845715     
  0.999772573384996     
  0.999818514139029     
  0.999822519750130     
  0.999823824758023     
  0.999823833969429     
  0.999820689738655     
  0.999823899341998     
  0.999824850713838     
  0.999826317552312     
  0.999539019899543     
  0.999140594079404     
  0.999816831516445     
  0.999761771491187     
  0.999589344255477     
  0.999352843508272     
  0.999131642884918     
  0.999818448250871     
  0.999795901853133     
  0.999528433842511     
  0.994657679630048     
  0.994639953922094     
  0.999517741183736     
  0.999752939697919     
  0.999685313264682     
  0.998605209498956     
  0.998606101428229     
  0.999690488317766     
  0.999799215521008     
  0.999792250513253     
  0.999786167988017     
  0.999657809651363     
  0.992581090258732     
  0.983939262016130     
  0.998967479898961     
  0.999757149644762     
  0.999014191517173     
  0.976243467815522     
  0.995113358929234     
  0.999682289320407     
  0.999801528628105     
  0.999712961685472     
  0.997652550940047     
  0.998521570969715     
  0.999790245149223     
  0.999768139766202     
  0.999807816310973     
  0.999819129422342     
  0.999817735773087     
  0.999814853931855     
  0.999811417478246     
  0.999804050600286     
  0.999602914758210     
  0.999747636384501     
  0.999767447380089     
  0.999745455144824     
  0.999557565236930     
  0.997675083150740     
  0.976450147416875     
  0.917961850939198     
  0.945893766581274     
  0.994025273305018     
  0.994513800219842     
  0.963057820557757     
  0.976314603700695     
  0.997992206113284     
  0.999394706979191     
  0.998366875816418     
  0.998075893199440     
  0.999630097187525     
  0.999464155950945     
  0.997869035278697     
  0.909507930801898     
  0.908611578861344     
  0.998150970141924     
  0.999377564310056     
  0.999690043133167     
  0.999744427986149     
  0.999752191044443     
  0.999744819490635     
  0.999534793815386     
  0.999113953272961     
  0.998795850046472     
  0.998807316537358     
  0.999228834751841     
  0.993602326884865     
  0.874924174187953     
  0.902745385439187     
  0.995839096504585     
  0.990035073892280     
  0.919130331563873     
  0.903074827754667     
  0.986323371356278     
  0.996173267014626     
  0.976017331331051     
  0.975618583530664     
  0.996214822567627     
  0.982775598955362     
  0.934108151043842     
  0.965354739775175     
  0.997079225445772     
  0.999187916696313     
  0.999338980765064     
  0.998989718660172     
  0.993339388402889     
  0.961962248103625     
  0.911974741563027     
  0.962436821497276     
  0.996474294400686     
  0.998417828674775     
  0.991846419096145     
  0.986598536758374     
  0.997740536201486     
  0.999473884941322     
  0.991053756943871     
  0.990530680358517     
  0.985945557779196     
  0.960033342124473     
  0.991893163166579     
  0.998864189118472     
  0.999695964080962     
  0.999604030653908     
  0.999340436723814     
  0.999751296969443     
  0.999758287975058     
  0.999761683895712     
  0.999774251604538     
  0.999719898138091     
  0.999620415182295     
  0.999620413540433     
  0.999732955919987     
  0.999773104972403     
  0.999774236645993     
  0.999772042722403     
  0.999633156498239     
  0.999726629864864     
  0.999769688190082     
  0.999759733529023     
  0.999767669387579     
  0.999765813432341     
  0.999755205043246     
  0.999757599725834     
  0.999760022665926     
  0.999756463440357     
  0.999753997187316     
  0.999749060937117     
  0.999738796177680     
  0.999718118682002     
  0.999316527100075     
  0.991559423998917     
  0.995830168629328     
  0.999334119331585     
  0.979605882516376     
  0.956295721082824     
  0.998766165917738     
  0.999655307105528     
  0.999639499172515     
  0.999146141978805     
  0.993894705743343     
  0.956969102636697     
  0.972794007206499     
  0.997422325478460     
  0.999445391111988     
  0.999615555370674     
  0.999329131279994     
  0.999218693785037     
  0.999575574983553     
  0.999654870621434     
  0.994759391632129     
  0.998192544097380     
  0.996258034407405     
  0.997168334716899     
  0.999660018066699     
  0.999658092939923     
  0.999646775254433     
  0.999659338109867     
  0.999655017583776     
  0.999649832480483     
  0.999644537001769     
  0.999637010050376     
  0.999619520824096     
  0.999613334835183     
  0.999547982628126     
  0.999573824632117     
  0.999595343741980     
  0.999592302301904     
  0.998963964370204     
  0.999557401751002     
  0.999527361643575     
  0.999333482516332     
  0.999441810336827     
  0.999437994939070     
  0.998556688205040     
  0.991343911568119     
  0.974147804993220     
  0.998358056563751     
  0.999341415300523     
  0.999294899290273     
  0.997493564436892     
  0.994642856001057     
  0.997944563305030     
  0.996553802417055     
  0.949617255367833     
  0.975181010662255     
  0.779323956455127     
  0.982170336361368     
  0.998399000906293     
  0.999174497755142     
  0.999242904898529     
  0.999234009405377     
  0.999180716317973     
  0.998933716663736     
  0.996305358832980     
  0.934447433370748     
  0.934484165210675     
  0.996127278428611     
  0.996663093833320     
  0.988344066955159     
  0.996722502332831     
  0.998933245690576     
  0.999091614914482     
  0.999088784736239     
  0.999064511554032     
  0.999046829619839     
  0.999029943540625     
  0.999004523627427     
  0.998978662879843     
  0.998940757718307     
  0.998919772193184     
  0.998883988531334     
  0.998831236274967     
  0.998636452886977     
  0.998245284164521     
  0.998553556437230     
  0.998679245526393     
  0.998622853562540     
  0.998003672356339     
  0.998565603763176     
  0.998512053020924     
  0.998179501813023     
  0.998277038027871     
  0.998331450457588     
  0.998208707892031     
  0.996939026921396     
  0.986177651512610     
  0.990837921797993     
  0.953520168185256     
  0.966414966059559     
  0.995897143947659     
  0.989448399822735     
  0.976531792744877     
  0.993928708912177     
  0.989707923471340     
  0.991082084408540     
  0.993923204241310     
  0.996641332353182     
  0.997001861704972     
  0.996858520710631     
  0.996704653979213     
  0.996529710202725     
  0.996312443337769     
  0.996155687700945     
  0.995944187496545     
  0.995703147100237     
  0.995464348764825     
  0.995213059242209     
  0.991379521254092     
  0.985716376897836     
  0.994192079601617     
  0.993886063301237     
  0.993481920639189     
  0.993031145907525     
  0.992857416759268     
  0.992502938531474     
  0.992103383392637     
  0.991655400801688     
  0.991188500498678     
  0.990704130139028     
  0.990151350618048     
  0.989533487879486     
  0.988933826532376     
  0.988121273198926     
  0.987343925213805     
  0.986462966800006     
  0.985311351056739     
  0.980163962841465     
  0.974902858554951     
  0.978868069136313     
  0.980605890090415     
  0.979428748119186     
  0.977644469770452     
  0.976273508402644     
  0.974853699164314     
  0.973118945121081     
  0.971549463940319     
  0.969911405704264     
  0.968318159780483     
  0.966911777898951     
  0.965566482550984     
  0.964045087088332     
  0.962635658017592     
  0.962435715926926     
  0.963715019648326     
  0.965256838420394     
  0.966643606112694     
  0.968038040851112     
  0.969570637618711     
  0.970793170633702     
  0.972062028531597     
  0.974353606401453     
  0.976006624714423     
  0.977611218906360     
  0.979138705470836     
  0.980462458119083     
  0.981865649785604     
  0.983081908652905     
  0.984141137314456     
  0.985257294677704     
  0.986093871623622     
  0.987130406433656     
  0.987653049077077     
  0.987853083603099     
  0.989004843300183     
  0.990024097080725     
  0.990496766955360     
  0.989100218785803     
  0.976841060497037     
  0.986047184415382     
  0.990008077355790     
  0.992758982670108     
  0.992967320292847     
  0.993539965806686     
  0.993887469917033     
  0.994248494209742     
  0.994564111795515     
  0.994642189408324     
  0.994494361301989     
  0.985820391268487     
  0.966893783153742     
  0.990412524729612     
  0.995684912125459     
  0.996265176195216     
  0.996508862980991     
  0.996663915630976     
  0.996514057962187     
  0.992887252970089     
  0.993637007540997     
  0.997026743309823     
  0.997260261829363     
  0.997410784148915     
  0.997649292217040     
  0.997747674167382     
  0.997840481026386     
  0.997927720904330     
  0.998009243009050     
  0.998086568466547     
  0.998159038463402     
  0.998226149408829     
  0.998275643923130     
  0.998172577641400     
  0.998407165491187     
  0.998461749919534     
  0.998511415378778     
  0.998560996798918     
  0.998603641892574     
  0.997847998070195     
  0.998440281481757     
  0.998728088618476     
  0.998766125899719     
  0.998799242085050     
  0.998829426276812     
  0.998856741542298     
  0.998881608744470     
  0.998903470035413     
  0.998920325508340     
  0.998931762192173     
  0.998920486884727     
  0.998748640062557     
  0.998788581431700     
  0.998424554181164     
  0.998658922045530     
  0.998742065363130     
  0.998556580069304     
  0.998154376670605     
  0.996713166040461     
  0.977812667981460     
  0.755954167168932     
  0.488874892614841     
  0.936001594202306     
  0.993063503337173     
  0.997249660255847     
  0.984255091299225     
  0.993698961421444     
  0.993219460139155     
  0.998711823229438     
  0.999169778877621     
  0.999065377615295     
  0.997664776395667     
  0.994784042058771     
  0.997763564003203     
  0.998961897911274     
  0.999339752773921     
  0.999360115245919     
  0.999404957089000     
  0.999481509789882     
  0.999498081635204     
  0.999496122923053     
  0.999382540271964     
  0.998580207981093     
  0.997891994504480     
  0.999268244021476     
  0.999521727924694     
  0.999529711300819     
  0.999594333221639     
  0.999604560233146     
  0.999614150729530     
  0.999621148826983     
  0.999627936261265     
  0.999634184184582     
  0.999637656768763     
  0.999637135729392     
  0.999625881733412     
  0.999485069184524     
  0.994336348537887     
  0.997791253884168     
  0.999562396672581     
  0.994553257947888     
  0.985593638603988     
  0.998435567314083     
  0.999110196634619     
  0.999585633281924     
  0.999679284236732     
  0.999698608844529     
  0.999701169942226     
  0.999705811994332     
  0.998880531845804     
  0.990574974368910     
  0.998153813153537     
  0.999724965156331     
  0.999731893560339     
  0.999740488578914     
  0.999744379039697     
  0.999754672437799     
  0.999758795505348     
  0.999762016306664     
