  0.999457329604441     
  0.999457048572003     
  0.999449413219220     
  0.999452627080047     
  0.999441310189194     
  0.999394016729023     
  0.999352467461614     
  0.999341084328894     
  0.999416025136126     
  0.999401542415020     
  0.999254562686350     
  0.989190918852854     
  0.997462841222702     
  0.999241703939176     
  0.999258877736609     
  0.999185508324835     
  0.998920884905516     
  0.997220710946757     
  0.895360277007720     
  0.760508872115622     
  0.964647113717351     
  0.989101265519682     
  0.978888520703191     
  0.997922324242168     
  0.999110121777427     
  0.999154167401356     
  0.999289847285568     
  0.999304899218027     
  0.999311041349012     
  0.999312460866717     
  0.999308817419734     
  0.999149664694842     
  0.999052374442536     
  0.999291929222759     
  0.999290600645877     
  0.999283165247821     
  0.999275078360147     
  0.999267176020279     
  0.999257623791802     
  0.999228310737664     
  0.999237549062219     
  0.999229067219560     
  0.999173524687009     
  0.999163836935745     
  0.999195413600878     
  0.999177132718039     
  0.999169279380625     
  0.999153084490435     
  0.999130243284774     
  0.999064185618733     
  0.998721804162676     
  0.992822011912154     
  0.996326733732764     
  0.998950713207454     
  0.998989696728116     
  0.996365311549882     
  0.950376478883482     
  0.986326528936051     
  0.986256705706954     
  0.988790395648394     
  0.998784062838958     
  0.998638823071568     
  0.998873509687103     
  0.998902800218527     
  0.998885250930387     
  0.998865760569900     
  0.998845097769211     
  0.998822976866427     
  0.998799907501964     
  0.998776849437041     
  0.998751661346301     
  0.998640807723604     
  0.998700806963621     
  0.998659850530463     
  0.998646173827333     
  0.998609350511230     
  0.998014236294526     
  0.998510924349387     
  0.997786984488934     
  0.992477424774022     
  0.997559328855835     
  0.998324475668571     
  0.998359388720158     
  0.998321572300013     
  0.998159627213597     
  0.998237265381319     
  0.998184329883434     
  0.998034818947803     
  0.994773759293684     
  0.997242433823319     
  0.997807421035173     
  0.997387359277830     
  0.995314233339646     
  0.995631693527700     
  0.990446732406521     
  0.997595124615204     
  0.997631484119712     
  0.997576365184887     
  0.997497891814277     
  0.996840053735845     
  0.997064983590757     
  0.997264811954085     
  0.997172897681955     
  0.997078163325050     
  0.996977064758975     
  0.996860205870649     
  0.996716682577424     
  0.996603488664447     
  0.995751970335234     
  0.996369872361118     
  0.996229415709993     
  0.996093542297303     
  0.995931941770587     
  0.995760441735753     
  0.995575820679221     
  0.995369911792598     
  0.995144679765582     
  0.994888023368119     
  0.994578379434662     
  0.994182862415643     
  0.993554324004203     
  0.991193981718274     
  0.870756738750876     
  0.749336208951985     
  0.976926579920762     
  0.991512217837751     
  0.991644167620854     
  0.990514061058638     
  0.951755597262863     
  0.819026534006706     
  0.964908644272690     
  0.965019058896330     
  0.900399882979291     
  0.980844686739085     
  0.986829474489500     
  0.985800402931792     
  0.984705565632132     
  0.982927639062057     
  0.934624202856196     
  0.890004122071767     
  0.971631269566535     
  0.829573081673598     
  0.829282226340253     
  0.830857547929930     
  0.966678597741976     
  0.966801975241976     
  0.963757818349400     
  0.958130053108586     
  0.944751439531751     
  0.950322983161611     
  0.934769956282871     
  0.936885027598540     
  0.926519682516172     
  0.908795922581536     
  0.814107829739845     
  0.841636044817886     
  0.881930453803636     
  0.864912568309790     
  0.845188904631176     
  0.834120589429166     
  0.841332319461282     
  0.856977487891701     
  0.870189833495131     
  0.877978535894343     
  0.877268285946129     
  0.866003479239846     
  0.840924075532491     
  0.794823404149629     
  0.722457902468541     
  0.594721981418269     
  0.496159496808938     
  0.485129876036250     
  0.534632595644705     
  0.617695047892157     
  0.707891173934025     
  0.775952434223877     
  0.817255980388830     
  0.843504317877067     
  0.864158753849267     
  0.881637911227120     
  0.897244116136648     
  0.912937036689861     
  0.927938568363772     
  0.938724813038399     
  0.945882926126726     
  0.952424634644377     
  0.958633572601902     
  0.962911723075280     
  0.965934879585771     
  0.968754443186061     
  0.971307389910099     
  0.973717032749872     
  0.975840676806622     
  0.977811216291842     
  0.979637328204228     
  0.981420682727871     
  0.983027448539809     
  0.984630758932511     
  0.986056221536404     
  0.987320339676152     
  0.988361543679188     
  0.987888757861796     
  0.989126543412009     
  0.990396244200695     
  0.991490917005117     
  0.991993593762555     
  0.992522416909181     
  0.993040558474613     
  0.993429433049720     
  0.993756608949473     
  0.993622034756168     
  0.994259480047319     
  0.994686403601959     
  0.994942151242016     
  0.995112603186652     
  0.995455860896105     
  0.995677145785279     
  0.995866421804709     
  0.995955300103731     
  0.990485645300108     
  0.985567580545618     
  0.995634631826132     
  0.995594661685650     
  0.996767591314464     
  0.996945438580806     
  0.996979635745831     
  0.985217353446235     
  0.996893309902909     
  0.997374410340842     
  0.997299095175317     
  0.995543743334801     
  0.997351229481067     
  0.997583907758542     
  0.997426464998263     
  0.997248216993127     
  0.997058392609099     
  0.994576715605915     
  0.909136329636353     
  0.868490360092784     
  0.952140261404270     
  0.996114297170911     
  0.997371413637339     
  0.997754661591801     
  0.997833072826035     
  0.997735497696128     
  0.996989677193436     
  0.991208955706087     
  0.758650905415893     
  0.744533177327236     
  0.723406878769422     
  0.905567825172803     
  0.996205319727917     
  0.997877637298926     
  0.996507618453939     
  0.998202089363023     
  0.998586396802835     
  0.998679795252774     
  0.998738682961600     
  0.998784790794789     
  0.998785715684845     
  0.998519406042382     
  0.998641837367066     
  0.997890740039316     
  0.998930535088142     
  0.998983950899540     
  0.999011641648906     
  0.998793239872507     
  0.999046879461117     
  0.999083192058463     
  0.999103580235141     
  0.999123629885448     
  0.999142625250639     
  0.999160173318966     
  0.999166155578463     
  0.998761795377576     
  0.998920717233216     
  0.999208142067498     
  0.999234043217776     
  0.998744418847478     
  0.999140684017508     
  0.999283686776323     
  0.999299204797414     
  0.999308024943409     
  0.999045825370011     
  0.997984112021201     
  0.999251700657151     
  0.999354105350134     
  0.999365174883254     
  0.999354122585146     
  0.999208217525235     
  0.999339811967507     
  0.999319223677638     
  0.999259925139755     
  0.999389785291967     
  0.999382233689489     
  0.999363248164899     
  0.999323127190769     
  0.999230706730296     
  0.998931463748917     
  0.991674814739837     
  0.950349090669509     
  0.986397167039372     
  0.997103650474231     
  0.963158447941928     
  0.932514410926885     
  0.990696541805611     
  0.998668027533856     
  0.999097162243985     
  0.999268446380175     
  0.999288979033442     
  0.999152233131761     
  0.994995799718787     
  0.900684949140111     
  0.940128305555574     
  0.979863930924520     
  0.998608869755808     
  0.999383086421809     
  0.999288196729003     
  0.999532580711737     
  0.999587286144708     
  0.999601516080089     
  0.999612479947395     
  0.999621642057161     
  0.999629794234179     
  0.999636584603623     
  0.999614049650287     
  0.999612803960340     
  0.999655233649341     
  0.999659850705352     
  0.999662525658433     
  0.999428760080976     
  0.999638997449259     
  0.999636582205726     
  0.999561098863631     
  0.999651420367819     
  0.999600758008137     
  0.999320815946319     
  0.999673706853737     
  0.999695458617404     
  0.999697301748521     
  0.999668477498350     
  0.999696947910873     
  0.999682605792455     
  0.999497859373749     
  0.997730277730508     
  0.998477887633382     
  0.999623223603672     
  0.999692379890118     
  0.999642503283213     
  0.998664509508227     
  0.997127961568713     
  0.999611778806038     
  0.999715192414042     
  0.999729143000298     
  0.999707698162253     
  0.999736726364516     
  0.999652228855208     
  0.999740846539158     
  0.999746863085763     
  0.999748290336760     
  0.999750754359306     
  0.999752190127845     
  0.999753480133994     
  0.999753393933004     
  0.999709757239703     
  0.999681087705969     
  0.998660130854913     
  0.984492394566595     
  0.998601594153781     
  0.999631321778250     
  0.999758669658617     
  0.999768132647273     
  0.999771575383944     
  0.999772805414579     
  0.999734446830906     
  0.999744911133521     
  0.999755483434544     
  0.999740530936485     
  0.999094506327223     
  0.999335191741235     
  0.999629941055218     
  0.999665720661567     
  0.999781073347268     
  0.999780658547622     
  0.999775700487950     
  0.999677996630202     
  0.999624612582844     
  0.999050367333958     
  0.977074423226744     
  0.986031534069354     
  0.969367804086772     
  0.962049373068514     
  0.999630447134791     
  0.999603678612773     
  0.999552557962970     
  0.998508107809860     
  0.993600489476313     
  0.999502683060405     
  0.999735322568459     
  0.999774983344999     
  0.999761688336080     
  0.999707740060548     
  0.998942902802983     
  0.951472385079177     
  0.933042147950202     
  0.997823044302662     
  0.999504714003238     
  0.999162577797193     
  0.999730732545823     
  0.999792998897088     
  0.999798563801410     
  0.999805695344545     
  0.999809780421496     
  0.999808999400082     
  0.999813163580319     
  0.999810138926621     
  0.999743901876183     
  0.999542948477667     
  0.998749942573974     
  0.999713718912144     
  0.999816789267827     
  0.999821045915036     
  0.999820837201946     
  0.999812318756629     
  0.999518936962834     
  0.999777309007003     
  0.999821599299395     
  0.999824461737762     
  0.999825556858664     
  0.999825762067046     
  0.999813182952478     
  0.999824159248824     
  0.999826855596186     
  0.999826706459753     
  0.999523158509695     
  0.999106519366711     
  0.999817650833289     
  0.999769882576847     
  0.999592122566096     
  0.999315676537681     
  0.999066338190635     
  0.999823040358543     
  0.999812510276683     
  0.999706159873548     
  0.995178923347112     
  0.995159615638229     
  0.999694067009479     
  0.999773068959095     
  0.999729749903764     
  0.998705874935411     
  0.998705802931534     
  0.999733830994082     
  0.999807667573117     
  0.999793749099602     
  0.999787429767334     
  0.999657136746821     
  0.991980005263649     
  0.982529386832814     
  0.998921764546077     
  0.999752443832348     
  0.998945843955269     
  0.975287557714942     
  0.994886278419041     
  0.999660464399059     
  0.999805539076996     
  0.999717761225504     
  0.997496529879450     
  0.998449150332144     
  0.999799501645699     
  0.999763076902449     
  0.999809903666210     
  0.999823805451601     
  0.999822738908246     
  0.999820085380139     
  0.999816956340525     
  0.999810605467321     
  0.999593733090749     
  0.999752782267126     
  0.999775707259587     
  0.999758511152813     
  0.999661610941095     
  0.998802337813636     
  0.980619121525246     
  0.923555924217098     
  0.951112607750737     
  0.996522006295629     
  0.995471973907331     
  0.963525452070719     
  0.976978503745260     
  0.998450138751094     
  0.999460772311846     
  0.998326474428443     
  0.998020747436489     
  0.999639031724824     
  0.999541836277842     
  0.998551679216643     
  0.905934141017724     
  0.904977923972339     
  0.998851043035061     
  0.999457228451117     
  0.999702259805514     
  0.999751757283938     
  0.999758917145999     
  0.999752850208002     
  0.999536370620355     
  0.999113805260767     
  0.998863055802713     
  0.998882142126452     
  0.999367947612255     
  0.994257250858187     
  0.870206284198739     
  0.899419268559384     
  0.996944528091238     
  0.993843666240022     
  0.925557307415535     
  0.909275635689993     
  0.990690452111453     
  0.997261744563531     
  0.976475699978953     
  0.976057664698743     
  0.996864958277676     
  0.984005207735572     
  0.935120006623355     
  0.966586435129164     
  0.997679192801144     
  0.999277106070264     
  0.999371823757331     
  0.999139780432469     
  0.994162804226813     
  0.963675314260697     
  0.913510058271327     
  0.964248799488344     
  0.997236210135922     
  0.998637537972124     
  0.992032530751252     
  0.986677461415869     
  0.997951609303994     
  0.999487985390049     
  0.990631977084257     
  0.990646380904386     
  0.987940940039728     
  0.962451097186407     
  0.993637722214134     
  0.999231709124464     
  0.999738365470978     
  0.999611461871928     
  0.999324849833822     
  0.999765714462715     
  0.999766489743112     
  0.999770591997320     
  0.999788946012632     
  0.999735553053466     
  0.999647005548996     
  0.999647183512768     
  0.999750208261595     
  0.999788668226297     
  0.999789302749061     
  0.999787747585181     
  0.999638846474403     
  0.999740329878551     
  0.999786028589828     
  0.999775302500133     
  0.999784220647324     
  0.999782579486453     
  0.999771320723034     
  0.999774501895134     
  0.999777485004389     
  0.999774357557729     
  0.999772028689491     
  0.999767564622033     
  0.999758485048565     
  0.999741608071481     
  0.999302701878727     
  0.991148255339308     
  0.995614291365504     
  0.999311813659763     
  0.978860280667827     
  0.954620791461498     
  0.998745200949913     
  0.999678069266289     
  0.999681570498470     
  0.999484711420425     
  0.995694818306681     
  0.959883454320022     
  0.975543707523849     
  0.998541512896828     
  0.999606625326522     
  0.999670517719778     
  0.999414568995884     
  0.999309487506201     
  0.999636247279648     
  0.999686461945529     
  0.993529220466364     
  0.997858848422168     
  0.995422712370307     
  0.996569047272608     
  0.999687931233483     
  0.999686648008312     
  0.999675118879985     
  0.999690309749044     
  0.999686776119066     
  0.999682330747084     
  0.999677763115025     
  0.999671570978810     
  0.999657047997264     
  0.999651824654139     
  0.999582478982720     
  0.999609838936928     
  0.999633618181139     
  0.999632498863502     
  0.998936717127532     
  0.999600112623962     
  0.999577001123606     
  0.999388581227814     
  0.999497213105384     
  0.999509147517806     
  0.998734767768503     
  0.991749355668276     
  0.973161082147145     
  0.998622297278721     
  0.999431386913934     
  0.999402019096590     
  0.997725142994142     
  0.994912486419213     
  0.998142687869353     
  0.996803186921478     
  0.947168245582025     
  0.976642287908556     
  0.770166896589598     
  0.983688295481399     
  0.998859323500268     
  0.999253719269854     
  0.999304578933200     
  0.999296513896942     
  0.999244826723369     
  0.999045329866556     
  0.996674180424950     
  0.930459660692481     
  0.930529668707277     
  0.996592848107493     
  0.997220465281827     
  0.989021711762052     
  0.997267067468109     
  0.999125612111380     
  0.999191332216181     
  0.999182581917758     
  0.999163287940446     
  0.999149013540945     
  0.999135770399877     
  0.999113951243510     
  0.999091578588439     
  0.999056818754426     
  0.999040299802637     
  0.999006429604132     
  0.998969454819066     
  0.998817723264423     
  0.998453267560017     
  0.998744090149077     
  0.998838133463762     
  0.998776746031122     
  0.998109845298473     
  0.998730688788544     
  0.998680552597295     
  0.998342495278899     
  0.998453167792173     
  0.998521465576708     
  0.998424062479161     
  0.997202739240198     
  0.986126745459747     
  0.992681081943057     
  0.955668655790767     
  0.967775918200444     
  0.996863473411035     
  0.990335460216235     
  0.977374165657726     
  0.994670755871382     
  0.989743207721022     
  0.991058300319468     
  0.994046898149449     
  0.996937579459771     
  0.997351121753543     
  0.997229482387679     
  0.997094897513138     
  0.996939929014963     
  0.996739717769864     
  0.996612397039917     
  0.996426305072036     
  0.996191603944364     
  0.996000821166969     
  0.995755895214302     
  0.991720845328599     
  0.985823626110690     
  0.994817651920430     
  0.994603302102905     
  0.994239838110960     
  0.993809814569323     
  0.993699662900701     
  0.993390315626570     
  0.993039996652993     
  0.992646879279970     
  0.992234196170805     
  0.991804126214320     
  0.991316236408954     
  0.990777137561016     
  0.990254356315748     
  0.989518182830872     
  0.988824735794705     
  0.988047107836679     
  0.987031632936048     
  0.981826127296075     
  0.976702748390892     
  0.981091206570619     
  0.982901307449518     
  0.981820201755959     
  0.980163433574350     
  0.979006198220426     
  0.977763499386003     
  0.976229297650221     
  0.974852853715378     
  0.973419827417617     
  0.972034237659919     
  0.970825336936718     
  0.969670622006207     
  0.968320757121450     
  0.967031171662531     
  0.966843397787252     
  0.968024740784816     
  0.969402982218758     
  0.970597859039442     
  0.971795129842019     
  0.973125744607105     
  0.974140534981079     
  0.975199220141967     
  0.977320390456743     
  0.978786369108030     
  0.980207590312331     
  0.981561259015238     
  0.982733133428042     
  0.983978378390831     
  0.985055549646318     
  0.985992036291884     
  0.986977985248557     
  0.987688575917344     
  0.988618836197600     
  0.989028965581448     
  0.989111749962144     
  0.990205989072304     
  0.991189367776400     
  0.991667268423676     
  0.990536700866060     
  0.978334329215437     
  0.987499012478249     
  0.990796033139430     
  0.993610401613625     
  0.993753414290329     
  0.994303947772973     
  0.994610504456599     
  0.994929196098263     
  0.995207322683359     
  0.995256249905552     
  0.995290436174557     
  0.987096158465984     
  0.968118002097649     
  0.991558010989742     
  0.996294947204946     
  0.996711840116341     
  0.996921118017873     
  0.997071864137028     
  0.997026434705912     
  0.993544295341275     
  0.994271880494094     
  0.997469215294030     
  0.997563609395203     
  0.997685928630032     
  0.997925712646439     
  0.998012707784781     
  0.998094162326825     
  0.998170838570648     
  0.998240478161385     
  0.998310137553179     
  0.998373526113775     
  0.998432465713746     
  0.998473216769456     
  0.998344619506930     
  0.998590648843322     
  0.998638230914109     
  0.998675982253551     
  0.998721913549592     
  0.998762863281314     
  0.997934296540056     
  0.998565736767455     
  0.998869607214454     
  0.998901188090880     
  0.998929104173874     
  0.998954551356337     
  0.998977035027667     
  0.998997045261308     
  0.999014174655089     
  0.999026306438746     
  0.999033493590355     
  0.999022014084902     
  0.998849595742028     
  0.998880304422032     
  0.998480576729783     
  0.998714719575803     
  0.998794061534197     
  0.998589874379788     
  0.998160150825484     
  0.996927363943829     
  0.979633801128863     
  0.753951005426810     
  0.474604457411591     
  0.941907053159717     
  0.994663616223253     
  0.997198464357818     
  0.983538528558467     
  0.993471959122140     
  0.992967977049545     
  0.998712553361702     
  0.999209831609104     
  0.999147462640173     
  0.997816066757303     
  0.994846564700983     
  0.997903079849817     
  0.999102348226522     
  0.999421710387559     
  0.999414692291671     
  0.999454020488646     
  0.999528012912072     
  0.999543341101537     
  0.999547873690241     
  0.999489493769774     
  0.998806782459338     
  0.998106982868958     
  0.999411484141326     
  0.999577724032038     
  0.999566547950182     
  0.999632450270873     
  0.999641517420814     
  0.999650078377075     
  0.999656373538645     
  0.999662232041157     
  0.999667453986319     
  0.999670119531944     
  0.999668420326127     
  0.999655229081969     
  0.999505148073057     
  0.994106224279615     
  0.997721602141833     
  0.999509210617287     
  0.993991809977550     
  0.984399261270298     
  0.998346041165346     
  0.999203411550460     
  0.999653146045955     
  0.999710817061256     
  0.999723222090098     
  0.999723197630099     
  0.999707231643423     
  0.998737045486739     
  0.989782453551175     
  0.997944099342352     
  0.999716303784969     
  0.999750757840152     
  0.999762046533111     
  0.999765767769779     
  0.999775674082001     
  0.999778808135099     
  0.999776019916962     
