  0.999469394359300     
  0.999469153699873     
  0.999461646594759     
  0.999464709637400     
  0.999452823584257     
  0.999402976875446     
  0.999362766307703     
  0.999350953154425     
  0.999427823893808     
  0.999411563517395     
  0.999243817477592     
  0.989378940576343     
  0.997465856485814     
  0.999230802495660     
  0.999264748113997     
  0.999191250275384     
  0.998913451080849     
  0.997130697180676     
  0.892769664999360     
  0.756013928370699     
  0.963963702609034     
  0.989219996435649     
  0.979264960070225     
  0.997897751572398     
  0.999108553893880     
  0.999167585123483     
  0.999303292382729     
  0.999318948558232     
  0.999325459717968     
  0.999327159054102     
  0.999324192003976     
  0.999162802256809     
  0.999063285614710     
  0.999308133645865     
  0.999306912445928     
  0.999299734691215     
  0.999292159808798     
  0.999284214092789     
  0.999274992108374     
  0.999244871398191     
  0.999255337892408     
  0.999247289007383     
  0.999192706362002     
  0.999183578467365     
  0.999214695606302     
  0.999196069169836     
  0.999189180008528     
  0.999173534249756     
  0.999151231317111     
  0.999084770617636     
  0.998748258344997     
  0.992961662415637     
  0.996417752480457     
  0.998974832631592     
  0.999019538398580     
  0.996388408508517     
  0.951403378314077     
  0.986730435075436     
  0.986569496167635     
  0.989026258619642     
  0.998819765283053     
  0.998651505592117     
  0.998896107014652     
  0.998929096721806     
  0.998911738002254     
  0.998892441016816     
  0.998872173596302     
  0.998850446590053     
  0.998828001392374     
  0.998805575040970     
  0.998780512630198     
  0.998662897934346     
  0.998730885671163     
  0.998689639494510     
  0.998677418798877     
  0.998640433475737     
  0.998057109367685     
  0.998542552279497     
  0.997799487753533     
  0.992236929863092     
  0.997567379840503     
  0.998354628528352     
  0.998396992546356     
  0.998360211700270     
  0.998188382100150     
  0.998278142384107     
  0.998225900259266     
  0.998078448000071     
  0.994963449856194     
  0.997266459107846     
  0.997849483348680     
  0.997438630708819     
  0.995393695652158     
  0.995704558633027     
  0.990615066742478     
  0.997635779910441     
  0.997685407897585     
  0.997632899848685     
  0.997555292364536     
  0.996925104097252     
  0.997115534610257     
  0.997327663218886     
  0.997236398958600     
  0.997145192014503     
  0.997046260893951     
  0.996931957840540     
  0.996792003023221     
  0.996680380860172     
  0.995700641288278     
  0.996449191482952     
  0.996316997596196     
  0.996184428836523     
  0.996027059473803     
  0.995860025312378     
  0.995680280818178     
  0.995478853310833     
  0.995259576009974     
  0.995009382299077     
  0.994706778223644     
  0.994320813619862     
  0.993709751722955     
  0.991436252874629     
  0.870296823180646     
  0.747382555407564     
  0.977283889902449     
  0.991723183745190     
  0.991845025758472     
  0.990707530015806     
  0.951443387174127     
  0.816699519028185     
  0.964882133068668     
  0.964989943723018     
  0.899376093203985     
  0.981098243993523     
  0.987172882466256     
  0.986172118476671     
  0.985112479859905     
  0.983354791070279     
  0.934135629064011     
  0.888541793986708     
  0.972035005219193     
  0.823947861932789     
  0.828313998123998     
  0.829978053429918     
  0.967578925742160     
  0.967668282767238     
  0.964672584852309     
  0.959098509830901     
  0.945978374335206     
  0.951546068556295     
  0.936284096787081     
  0.938432833324162     
  0.928063588688450     
  0.910293546800397     
  0.814031096120000     
  0.842540609266991     
  0.884130221363303     
  0.867116168094167     
  0.847188451468191     
  0.835816532551348     
  0.842975852751455     
  0.858695951324686     
  0.871885110487342     
  0.879710930148228     
  0.878909491396452     
  0.867536957298292     
  0.842504245015202     
  0.796289589346377     
  0.723341909659081     
  0.593578297927584     
  0.494176725185476     
  0.483133114783152     
  0.533110499167433     
  0.616797705877009     
  0.708867571140276     
  0.778046532676281     
  0.819610125710435     
  0.845998076035510     
  0.866819084053988     
  0.884147042630465     
  0.899350891873783     
  0.914655668508848     
  0.929299285673549     
  0.939832177456436     
  0.946823444304629     
  0.953230860198684     
  0.959291422547174     
  0.963489045527543     
  0.966472965725787     
  0.969253419843126     
  0.971765121859612     
  0.974147858926290     
  0.976244749612751     
  0.978189763226039     
  0.979991388736035     
  0.981738865868535     
  0.983301226604996     
  0.984875112168211     
  0.986270467594417     
  0.987504199958147     
  0.988505382399663     
  0.988047638571646     
  0.989267881777579     
  0.990517769137938     
  0.991604229496610     
  0.992099881457151     
  0.992631246903803     
  0.993151055524407     
  0.993539977940171     
  0.993865725935027     
  0.993713110015965     
  0.994357400480833     
  0.994781270379288     
  0.995028296040042     
  0.995189161055089     
  0.995532643326803     
  0.995749612729430     
  0.995934185568019     
  0.996016680089355     
  0.990324789369145     
  0.985160606511111     
  0.995691295573396     
  0.995671813624943     
  0.996823833840155     
  0.996997698185931     
  0.997026898777451     
  0.984535521986835     
  0.996925384547516     
  0.997421629950462     
  0.997350365863685     
  0.995619542510580     
  0.997403175152233     
  0.997625346053921     
  0.997455378656487     
  0.997287031536596     
  0.997099115956665     
  0.994575391160195     
  0.906927411980006     
  0.865480642691452     
  0.951274963248960     
  0.996121080913707     
  0.997405845329590     
  0.997793541194717     
  0.997872178565506     
  0.997777686273121     
  0.997012364872273     
  0.991075932483432     
  0.757181013983793     
  0.742888737905814     
  0.721409211107765     
  0.905087982997485     
  0.996164136229189     
  0.997911113890252     
  0.996463860063306     
  0.998233144556147     
  0.998614928359728     
  0.998706813081752     
  0.998764977149600     
  0.998810350621938     
  0.998811285527453     
  0.998549340169908     
  0.998669588604173     
  0.997929397583849     
  0.998954051201654     
  0.999006557301082     
  0.999033249865967     
  0.998772502563112     
  0.999066394125318     
  0.999104008054639     
  0.999124128156575     
  0.999143525959043     
  0.999161921822535     
  0.999179411152261     
  0.999184862947423     
  0.998793435119985     
  0.998930485345359     
  0.999225567058176     
  0.999251199014553     
  0.998782003396225     
  0.999162178586599     
  0.999300415339230     
  0.999315861870608     
  0.999324276934940     
  0.999056098529944     
  0.997957965576937     
  0.999266560368661     
  0.999369685549210     
  0.999380457185000     
  0.999369004160046     
  0.999225400799472     
  0.999355455085495     
  0.999323064204635     
  0.999252911429233     
  0.999404174554697     
  0.999396654831770     
  0.999378637456615     
  0.999339171387091     
  0.999249031989428     
  0.998961228668215     
  0.991799328137313     
  0.950571270847720     
  0.986543437160789     
  0.997181600985552     
  0.963357289301320     
  0.933203728688863     
  0.990897480990085     
  0.998704088458984     
  0.999117261792772     
  0.999283190119947     
  0.999301654509435     
  0.999157641293823     
  0.994977457530856     
  0.899566221695185     
  0.939499749574522     
  0.979468968879864     
  0.998614062627649     
  0.999394762962668     
  0.999270472185107     
  0.999539844237535     
  0.999598618602224     
  0.999612218865052     
  0.999623160302162     
  0.999631736932872     
  0.999639802304850     
  0.999646500546813     
  0.999621812593051     
  0.999619484340618     
  0.999664397687837     
  0.999668894865282     
  0.999670407634943     
  0.999441513057291     
  0.999646039478057     
  0.999635675089354     
  0.999563709376361     
  0.999659116940545     
  0.999599351426165     
  0.999259505839577     
  0.999681463307396     
  0.999703867903185     
  0.999705835237407     
  0.999674840377461     
  0.999705683497931     
  0.999691250303512     
  0.999512933668782     
  0.997825050170585     
  0.998540733023053     
  0.999632938992711     
  0.999700655913055     
  0.999647662512041     
  0.998679207910164     
  0.997167424326446     
  0.999616135188742     
  0.999722630095754     
  0.999736633339872     
  0.999714214565081     
  0.999743160003023     
  0.999653931769043     
  0.999748151221201     
  0.999754254325816     
  0.999755676311901     
  0.999757961900542     
  0.999759475710368     
  0.999760846365814     
  0.999760450341713     
  0.999709293056278     
  0.999689734307472     
  0.998700133144496     
  0.984633634538964     
  0.998643306543898     
  0.999634684858020     
  0.999765716703028     
  0.999775172725988     
  0.999778244374568     
  0.999779569739727     
  0.999736740611323     
  0.999722736717467     
  0.999765266360947     
  0.999748694603243     
  0.999084672877642     
  0.999333359989987     
  0.999606252913499     
  0.999643729877211     
  0.999787883246813     
  0.999787200012771     
  0.999782378892223     
  0.999680982484553     
  0.999632728377677     
  0.999088946667999     
  0.977301909368014     
  0.986276003525392     
  0.969265869833746     
  0.959763205846667     
  0.999630367463354     
  0.999612898176030     
  0.999562104252859     
  0.998540308282129     
  0.993854359396035     
  0.999506956762598     
  0.999739628389002     
  0.999781544527348     
  0.999768405474564     
  0.999713290617450     
  0.998941013760898     
  0.950828667637790     
  0.932129990965468     
  0.997820255447227     
  0.999507998085493     
  0.999180058746953     
  0.999738343442597     
  0.999799232325636     
  0.999804804406124     
  0.999811760802457     
  0.999815899506646     
  0.999815463956265     
  0.999819280564603     
  0.999815588927871     
  0.999748629307439     
  0.999555645260678     
  0.998762232479851     
  0.999722564350292     
  0.999821138027925     
  0.999827059786167     
  0.999827148197868     
  0.999818606953103     
  0.999536360212837     
  0.999782571516046     
  0.999828098331227     
  0.999830814718966     
  0.999831772932459     
  0.999832261992017     
  0.999807474263062     
  0.999828427605091     
  0.999833480233981     
  0.999833214609132     
  0.999533780438795     
  0.999119947820713     
  0.999824475089275     
  0.999778051949818     
  0.999600049047958     
  0.999288557005338     
  0.999019997177380     
  0.999829336138531     
  0.999817664282892     
  0.999696467361580     
  0.995244168255154     
  0.995224373402201     
  0.999684598520538     
  0.999777007708257     
  0.999738466677977     
  0.998761991432863     
  0.998761263118142     
  0.999742147842247     
  0.999814208617321     
  0.999799431516187     
  0.999792790949975     
  0.999658552270438     
  0.991626193152772     
  0.981650092568424     
  0.998900963451175     
  0.999759199173692     
  0.998990574669062     
  0.975781417477928     
  0.995027118173882     
  0.999664400813129     
  0.999813352987698     
  0.999719941774059     
  0.997397778304098     
  0.998408752714242     
  0.999806400652608     
  0.999761239511221     
  0.999815196356362     
  0.999831623720493     
  0.999830837681622     
  0.999828451588818     
  0.999825438880094     
  0.999819349170011     
  0.999592833213683     
  0.999761164475224     
  0.999786559088165     
  0.999770821394819     
  0.999669601762220     
  0.998737558427734     
  0.981032027401837     
  0.925928761738494     
  0.952578044415138     
  0.996423162911189     
  0.995555411207646     
  0.964452944699146     
  0.977556271759477     
  0.998475692220073     
  0.999480131484264     
  0.998367067400888     
  0.998065014432998     
  0.999654152003310     
  0.999547209934668     
  0.998506732287180     
  0.904338175897236     
  0.903365627968102     
  0.998813289865518     
  0.999470554157819     
  0.999714090273423     
  0.999763028974207     
  0.999770448017995     
  0.999764700843069     
  0.999544164288081     
  0.999110861930899     
  0.998906021672434     
  0.998929819178521     
  0.999378710701921     
  0.994250091619369     
  0.869131512093347     
  0.898582765742840     
  0.996903968079582     
  0.993706605726534     
  0.927800710139320     
  0.911866771441737     
  0.990675689838919     
  0.997293963509975     
  0.977359416965142     
  0.976958273361152     
  0.996981328648126     
  0.984638309461034     
  0.937447998473117     
  0.967842091715383     
  0.997761571800533     
  0.999318492121402     
  0.999413088638188     
  0.999182883094922     
  0.994368283091987     
  0.964956253747327     
  0.916533660395335     
  0.965598159204915     
  0.997371224715016     
  0.998738716348975     
  0.992271143186120     
  0.987022374058396     
  0.998028140382261     
  0.999528497559057     
  0.990766020354427     
  0.990740556199447     
  0.988277055993515     
  0.963699837637475     
  0.993754246170853     
  0.999207920304058     
  0.999754901213377     
  0.999623727591239     
  0.999323822004839     
  0.999782322251031     
  0.999775842253883     
  0.999781035310588     
  0.999805747717575     
  0.999750596882295     
  0.999670125169791     
  0.999670121357620     
  0.999765432077572     
  0.999805289358086     
  0.999805757956617     
  0.999804320804494     
  0.999649354656245     
  0.999755349076913     
  0.999802784662333     
  0.999791761856105     
  0.999801091965975     
  0.999799436052388     
  0.999787673322301     
  0.999791362851245     
  0.999794433355911     
  0.999791727170023     
  0.999789354234124     
  0.999785336254261     
  0.999776223907233     
  0.999759721621221     
  0.999335364628392     
  0.991254023337130     
  0.995695502644124     
  0.999347355012454     
  0.979271357285366     
  0.955301435334836     
  0.998803798972872     
  0.999700723009799     
  0.999702555260519     
  0.999481809555786     
  0.995715603110423     
  0.961193987430098     
  0.976298201138280     
  0.998499725251241     
  0.999619426944958     
  0.999692638404966     
  0.999443372806484     
  0.999339986483265     
  0.999658430625658     
  0.999704802847249     
  0.992239228605365     
  0.997505507024250     
  0.994546790738134     
  0.995939629300531     
  0.999708755339232     
  0.999709223983506     
  0.999697747074144     
  0.999714787431623     
  0.999711693351178     
  0.999707719804890     
  0.999703428099694     
  0.999697643775036     
  0.999685445689884     
  0.999680954748005     
  0.999611511041352     
  0.999639017390125     
  0.999662532029494     
  0.999661655985863     
  0.998917776891659     
  0.999629934533955     
  0.999609622440940     
  0.999429653973207     
  0.999533902021236     
  0.999543862944170     
  0.998740448498145     
  0.992024907854142     
  0.972455697889093     
  0.998667863259348     
  0.999470347427299     
  0.999441223802268     
  0.997821453655465     
  0.995111443860607     
  0.998159886233580     
  0.996773739472869     
  0.945758487936504     
  0.976433988898485     
  0.767634654251359     
  0.983545313056424     
  0.998875833983968     
  0.999299425573149     
  0.999351486184826     
  0.999343276228400     
  0.999289685020473     
  0.999078796448538     
  0.996600963350363     
  0.927379240695953     
  0.927479378046976     
  0.996522046609171     
  0.997295276430917     
  0.989395109343375     
  0.997360135860345     
  0.999180784685563     
  0.999256287732615     
  0.999247344720566     
  0.999233748378538     
  0.999221673717636     
  0.999210591825772     
  0.999191280906677     
  0.999170977070466     
  0.999138433916278     
  0.999124397260671     
  0.999089850676507     
  0.999056584288763     
  0.998910390360215     
  0.998549858961340     
  0.998842424028068     
  0.998937678917240     
  0.998879650672761     
  0.998183206810486     
  0.998842164877766     
  0.998796042514758     
  0.998467023815976     
  0.998579831938557     
  0.998649572471021     
  0.998556390184380     
  0.997336888996825     
  0.986016063105881     
  0.992879031652677     
  0.957014892422727     
  0.968385948861092     
  0.997005578309998     
  0.990754527525329     
  0.978230522190136     
  0.994949439500596     
  0.989999768942386     
  0.991321478110223     
  0.994275798422515     
  0.997162157767946     
  0.997574864176139     
  0.997462471165933     
  0.997337800675108     
  0.997193485807107     
  0.997000713687063     
  0.996891085850734     
  0.996718294001867     
  0.996467143593539     
  0.996322518534805     
  0.996097986111280     
  0.992121998918668     
  0.986255362589369     
  0.995222424611522     
  0.995021900859500     
  0.994672996093268     
  0.994244881963398     
  0.994172718597078     
  0.993884065862216     
  0.993554499596578     
  0.993183702032196     
  0.992795019273051     
  0.992390565076010     
  0.991930238833437     
  0.991415633332932     
  0.990912432345929     
  0.990229479346952     
  0.989565539231241     
  0.988815148727024     
  0.987825370140304     
  0.982488776325972     
  0.977454509028824     
  0.982015949394399     
  0.983805012955100     
  0.982748366769080     
  0.981087948138210     
  0.979966489696961     
  0.978732860745755     
  0.977201254586141     
  0.975814786199061     
  0.974364764938531     
  0.972955067765283     
  0.971721411117117     
  0.970555871221419     
  0.969217916326295     
  0.967944770822633     
  0.967759743540886     
  0.968924758675393     
  0.970288021322673     
  0.971489523064962     
  0.972709511066286     
  0.974064333796208     
  0.975102706268658     
  0.976175727692666     
  0.978289727058888     
  0.979749699803281     
  0.981156592159219     
  0.982491580406445     
  0.983645348855113     
  0.984862196800651     
  0.985913285580858     
  0.986826634476550     
  0.987780832102026     
  0.988461408516103     
  0.989358355356445     
  0.989750076305200     
  0.989796618199474     
  0.990845037190140     
  0.991805138279021     
  0.992248443882655     
  0.991110591708197     
  0.979187492143363     
  0.988102588950667     
  0.991053523290334     
  0.994077844234544     
  0.994200429812446     
  0.994740119024254     
  0.995026974030006     
  0.995324177680664     
  0.995582908047171     
  0.995605071510666     
  0.995629333252516     
  0.987693229843710     
  0.969315248703996     
  0.991990105595987     
  0.996573900597530     
  0.996979034040426     
  0.997174452401434     
  0.997311050176750     
  0.997250734682091     
  0.993874106803582     
  0.994573285624677     
  0.997664648163080     
  0.997743947012296     
  0.997859511062610     
  0.998103577207216     
  0.998184083720936     
  0.998258652527693     
  0.998329103448252     
  0.998389775133761     
  0.998456668581484     
  0.998514385058912     
  0.998568321566435     
  0.998603458515059     
  0.998457489912746     
  0.998712453291225     
  0.998756005150336     
  0.998784188134699     
  0.998828752257451     
  0.998868290017469     
  0.997993444634367     
  0.998647347736802     
  0.998964731937630     
  0.998993109215641     
  0.999017719113777     
  0.999040256963749     
  0.999059834173488     
  0.999076542501619     
  0.999090571673015     
  0.999099728745128     
  0.999103338151856     
  0.999089032211197     
  0.998918989100144     
  0.998943096399723     
  0.998538672129935     
  0.998764193881506     
  0.998831369553082     
  0.998613176717822     
  0.998155846734070     
  0.996837719700322     
  0.977604503282263     
  0.749264909938827     
  0.467274879887760     
  0.939694692178908     
  0.994372732766221     
  0.997171309266750     
  0.983670832801974     
  0.993617446945737     
  0.993042369303041     
  0.998751219696035     
  0.999240804946874     
  0.999178017987968     
  0.997863326786888     
  0.994913085769665     
  0.997886670158189     
  0.999141512201321     
  0.999453642557734     
  0.999448603670671     
  0.999488395404591     
  0.999560029159389     
  0.999575030265833     
  0.999578851474408     
  0.999518096610159     
  0.998845483132093     
  0.998121712969376     
  0.999440068533189     
  0.999604863055215     
  0.999592348839827     
  0.999659588547341     
  0.999668278263585     
  0.999676045930706     
  0.999682165944487     
  0.999687390152040     
  0.999691963772835     
  0.999694429446007     
  0.999692446437032     
  0.999679113983931     
  0.999531772398564     
  0.994307738228523     
  0.997781306041726     
  0.999543781830180     
  0.994044802334470     
  0.984375103108584     
  0.998403738396741     
  0.999238074732588     
  0.999670971749199     
  0.999730241274414     
  0.999742877735180     
  0.999742746515012     
  0.999729240748029     
  0.998776574638793     
  0.989748155928230     
  0.997984339205449     
  0.999737813086919     
  0.999768290279792     
  0.999779305719571     
  0.999782503084672     
  0.999792122469458     
  0.999794923152249     
  0.999792751901053     
