  0.999467026902084     
  0.999466876799933     
  0.999459535538623     
  0.999462585032401     
  0.999450361933573     
  0.999399602456085     
  0.999359341723401     
  0.999347307200532     
  0.999425475388926     
  0.999414384831561     
  0.999299011966485     
  0.989498094258932     
  0.997594709557686     
  0.999257496720428     
  0.999262257544729     
  0.999186738950124     
  0.998923098578437     
  0.997300371095390     
  0.891870108519749     
  0.753495773214985     
  0.964039083988074     
  0.989386657981764     
  0.979410451842513     
  0.998046673255807     
  0.999139518072533     
  0.999166543438469     
  0.999300561258669     
  0.999315955813125     
  0.999322498956315     
  0.999324236478873     
  0.999321406280271     
  0.999158049777797     
  0.999057092012915     
  0.999305360102915     
  0.999304028416884     
  0.999296797117676     
  0.999289220633493     
  0.999281219440195     
  0.999271984088401     
  0.999241410171032     
  0.999252212055802     
  0.999244167171734     
  0.999189152602166     
  0.999180033938080     
  0.999211459900883     
  0.999192622909525     
  0.999185854388085     
  0.999170181283319     
  0.999147981009549     
  0.999084448895249     
  0.998764235857365     
  0.992949597500117     
  0.996432812428247     
  0.998981083285091     
  0.999008240132492     
  0.996290898353555     
  0.950878561138110     
  0.986539370821797     
  0.986419900291637     
  0.988916764169853     
  0.998808993838855     
  0.998641376156612     
  0.998890733056100     
  0.998924636801658     
  0.998907147673787     
  0.998887741233534     
  0.998867388962521     
  0.998845545066639     
  0.998823018116833     
  0.998800512543686     
  0.998775302848470     
  0.998655319798389     
  0.998725460510409     
  0.998683778211659     
  0.998672046807668     
  0.998637244601844     
  0.998054715359398     
  0.998540875410028     
  0.997784688334442     
  0.992118954440750     
  0.997548764704167     
  0.998346530850703     
  0.998390094176547     
  0.998353163495975     
  0.998177959660769     
  0.998270963668808     
  0.998220585765391     
  0.998084659676404     
  0.994971565063019     
  0.997262438811494     
  0.997854877040183     
  0.997495184384734     
  0.995508078212113     
  0.995846518536532     
  0.990681923657451     
  0.997663216192007     
  0.997679816670380     
  0.997623413976015     
  0.997547156743922     
  0.996917805375762     
  0.997103390405642     
  0.997317128741162     
  0.997224270370256     
  0.997132833748549     
  0.997033857166094     
  0.996920613087982     
  0.996782205387918     
  0.996670475278307     
  0.995655351916489     
  0.996434362488674     
  0.996301327278975     
  0.996167888278470     
  0.996009711467910     
  0.995841898641639     
  0.995661311736363     
  0.995458779446163     
  0.995238506357862     
  0.994987068951270     
  0.994682695942549     
  0.994294197476169     
  0.993676100634473     
  0.991351264143873     
  0.868630753414699     
  0.744093637470921     
  0.977011342737265     
  0.991673272871238     
  0.991812620082564     
  0.990738627201923     
  0.951224763866049     
  0.814835227030484     
  0.964859133747958     
  0.964846228701143     
  0.898358613207489     
  0.981083345201016     
  0.987140999545965     
  0.986117806801959     
  0.985060535287687     
  0.983350471738186     
  0.933598791602717     
  0.887402318403828     
  0.972044078932458     
  0.821397241353698     
  0.826291825594316     
  0.827929040877831     
  0.967404283331653     
  0.967562042241219     
  0.964612269043500     
  0.959157974707683     
  0.946012601742788     
  0.951466351623901     
  0.936029549636450     
  0.938252721368033     
  0.927871969874486     
  0.909939248972925     
  0.812414669113055     
  0.841478774478848     
  0.883934904938568     
  0.866988601502529     
  0.847065695306474     
  0.835673691980938     
  0.842828059760338     
  0.858550044686504     
  0.871732128882890     
  0.879560435629176     
  0.878753623867421     
  0.867387264531390     
  0.842412717561613     
  0.796364103012620     
  0.723747597634153     
  0.593963346690185     
  0.494169955855340     
  0.483082412453391     
  0.533308689513296     
  0.617113483607607     
  0.709193889925680     
  0.778221775827033     
  0.819655009436916     
  0.845976190811686     
  0.866764728368116     
  0.884051707297986     
  0.899209413001156     
  0.914484848588909     
  0.929117396314757     
  0.939652127645767     
  0.946649864324510     
  0.953066988332829     
  0.959138018574434     
  0.963346279127751     
  0.966340129418747     
  0.969130178613686     
  0.971649865212271     
  0.974042222072432     
  0.976146590561265     
  0.978098823223670     
  0.979907361543757     
  0.981660977571289     
  0.983227064682181     
  0.984807890849016     
  0.986208697501058     
  0.987446742191246     
  0.988447622575179     
  0.987981358001571     
  0.989209231307976     
  0.990468112065152     
  0.991563216699735     
  0.992060870328642     
  0.992595883578538     
  0.993119688795183     
  0.993511985059459     
  0.993840519186504     
  0.993681974357698     
  0.994333369243508     
  0.994759499603091     
  0.995005807281178     
  0.995165588961469     
  0.995511929741858     
  0.995729823400329     
  0.995915384898636     
  0.995999731733902     
  0.990212465450716     
  0.984953025913750     
  0.995677134512135     
  0.995656663502080     
  0.996812949173697     
  0.996984684865718     
  0.997016521227125     
  0.984283134698396     
  0.996912011365882     
  0.997410208002159     
  0.997334310041054     
  0.995585456029990     
  0.997387760308692     
  0.997614008363811     
  0.997441514385802     
  0.997275778658150     
  0.997114328252490     
  0.994799527353772     
  0.906351504531555     
  0.864491641408345     
  0.951270165777459     
  0.996260864131511     
  0.997404748432798     
  0.997783492857690     
  0.997862146617612     
  0.997770748418410     
  0.997085224328817     
  0.991694647687394     
  0.755773152077970     
  0.741518549748680     
  0.719571533186866     
  0.905031304725881     
  0.996448688915318     
  0.997929032610541     
  0.996428117622631     
  0.998227540080778     
  0.998609919581751     
  0.998701227938310     
  0.998759618176474     
  0.998805459057545     
  0.998807241593145     
  0.998543591280722     
  0.998663175190169     
  0.997912130943852     
  0.998949460635046     
  0.999002423042958     
  0.999029311760823     
  0.998757927281484     
  0.999062325907304     
  0.999100415536002     
  0.999120609468123     
  0.999140071117256     
  0.999158541574512     
  0.999176383310220     
  0.999183176609255     
  0.998791001744389     
  0.998924794112542     
  0.999223095882860     
  0.999250259594383     
  0.998782680129249     
  0.999163346314339     
  0.999298700171735     
  0.999313314635818     
  0.999322304757148     
  0.999051816048353     
  0.997935302320751     
  0.999264280160913     
  0.999367430184125     
  0.999377981925433     
  0.999366237712940     
  0.999220701727187     
  0.999352452490883     
  0.999317822222792     
  0.999244842398352     
  0.999401486921726     
  0.999393675614918     
  0.999375383316625     
  0.999335251659522     
  0.999243054455708     
  0.998938414612904     
  0.991624263173627     
  0.949791423645203     
  0.986283055307428     
  0.997082699089564     
  0.962693406302518     
  0.932133331460774     
  0.990669018320050     
  0.998671685858014     
  0.999109306486468     
  0.999278002490544     
  0.999297620360597     
  0.999168827550885     
  0.995052929806047     
  0.898557094331002     
  0.938993533074949     
  0.979286778688131     
  0.998626187468881     
  0.999396098216005     
  0.999262160088172     
  0.999537450858132     
  0.999597155625316     
  0.999610832092355     
  0.999621912716537     
  0.999630515890879     
  0.999638679363020     
  0.999645552319104     
  0.999620448313778     
  0.999617839356987     
  0.999663480346819     
  0.999668097220575     
  0.999670749255282     
  0.999443235679963     
  0.999647793852433     
  0.999633660876884     
  0.999561753025132     
  0.999661899072414     
  0.999600083161767     
  0.999243808267862     
  0.999680724723497     
  0.999703279337492     
  0.999705263602063     
  0.999673579550337     
  0.999705429723130     
  0.999693674187968     
  0.999530110524593     
  0.997861538960481     
  0.998573126015959     
  0.999643622325633     
  0.999702110356939     
  0.999652460324245     
  0.998690037997670     
  0.997164695910258     
  0.999625199290837     
  0.999723377385010     
  0.999736272649310     
  0.999713368559000     
  0.999742617533673     
  0.999651554797533     
  0.999747759802128     
  0.999753948328408     
  0.999755367786346     
  0.999757648745697     
  0.999759181946002     
  0.999760572363090     
  0.999760138436944     
  0.999707120124421     
  0.999685634683684     
  0.998672307461865     
  0.984448461418260     
  0.998614784453196     
  0.999628844720256     
  0.999765345859735     
  0.999775012566844     
  0.999778061650926     
  0.999779419699815     
  0.999735481103169     
  0.999718514818319     
  0.999766874829732     
  0.999750769707493     
  0.999076946975561     
  0.999329373640495     
  0.999600211866623     
  0.999637405985704     
  0.999787823366347     
  0.999787103016032     
  0.999782499774515     
  0.999679899998483     
  0.999628368991601     
  0.999059423310191     
  0.977018972617939     
  0.986089140985510     
  0.968887838032466     
  0.958995082730050     
  0.999648270064824     
  0.999614227139196     
  0.999567128939442     
  0.998566393728442     
  0.993882604690464     
  0.999530375600564     
  0.999742883969082     
  0.999781704951102     
  0.999768375613417     
  0.999718431196823     
  0.998990058370289     
  0.950345792843349     
  0.931406863718149     
  0.997876253051925     
  0.999517086500125     
  0.999179172946421     
  0.999740223082185     
  0.999799889849746     
  0.999805136204311     
  0.999812069572976     
  0.999816158051871     
  0.999815754023221     
  0.999819709921848     
  0.999817905900560     
  0.999757253699123     
  0.999564840910017     
  0.998753449302438     
  0.999721233307190     
  0.999820883093358     
  0.999827391126977     
  0.999827735763337     
  0.999820146692305     
  0.999537614138505     
  0.999783684186279     
  0.999828845555907     
  0.999831299545816     
  0.999832212204924     
  0.999832744124106     
  0.999805891414977     
  0.999828553851863     
  0.999833981138182     
  0.999833336865522     
  0.999529968430454     
  0.999111675645034     
  0.999824695951394     
  0.999780033706754     
  0.999600764499098     
  0.999279486363850     
  0.999004157699289     
  0.999830457773487     
  0.999821640428307     
  0.999738542893421     
  0.995374942412767     
  0.995354852693687     
  0.999726339467154     
  0.999781787362093     
  0.999748998079061     
  0.998787238218933     
  0.998786329600663     
  0.999752424033905     
  0.999816227264608     
  0.999799808462480     
  0.999793101593121     
  0.999658231994619     
  0.991479437181389     
  0.981306187912502     
  0.998889520521368     
  0.999758007958657     
  0.998974135586930     
  0.975550688156603     
  0.994972616836049     
  0.999659051071368     
  0.999814311161888     
  0.999721032460659     
  0.997359559356078     
  0.998390787563196     
  0.999808573406859     
  0.999760135901604     
  0.999815724335491     
  0.999832766473890     
  0.999832047039011     
  0.999829715809837     
  0.999826773828159     
  0.999820911810484     
  0.999590594513353     
  0.999762372963124     
  0.999788519401962     
  0.999773926579028     
  0.999694148987798     
  0.999003585524994     
  0.982039755232386     
  0.927337419528430     
  0.953870035463256     
  0.997013589263851     
  0.995778308455840     
  0.964541878244567     
  0.977699487054217     
  0.998582211645268     
  0.999495594312873     
  0.998357525689741     
  0.998052158251576     
  0.999656449448121     
  0.999565350518241     
  0.998665555003428     
  0.903476026549203     
  0.902489047106849     
  0.998976320552526     
  0.999489288552826     
  0.999717045844773     
  0.999764810117106     
  0.999772088522599     
  0.999766645848693     
  0.999544454447472     
  0.999110544097643     
  0.998922914343372     
  0.998948558639653     
  0.999411172962074     
  0.994400817180462     
  0.867989021426766     
  0.897771098462861     
  0.997162372618369     
  0.994609000613010     
  0.929401525695624     
  0.913422660831518     
  0.991714106199917     
  0.997550855190047     
  0.977485320933776     
  0.977080103512889     
  0.997134335479890     
  0.984936709824287     
  0.937734111016325     
  0.968155409886401     
  0.997902243760197     
  0.999339360117229     
  0.999420821410595     
  0.999217961552725     
  0.994562709793590     
  0.965379957360981     
  0.916954852216253     
  0.966049372719746     
  0.997550098277760     
  0.998790413817874     
  0.992310649433740     
  0.987033170580572     
  0.998076957841759     
  0.999531797543506     
  0.990663811959019     
  0.990765267129397     
  0.988764212435695     
  0.964320615998896     
  0.994173566528647     
  0.999294575424988     
  0.999765026259431     
  0.999625487562190     
  0.999319953535348     
  0.999785830582073     
  0.999777825229157     
  0.999783205291445     
  0.999809331635740     
  0.999754390394713     
  0.999676713754326     
  0.999676752363469     
  0.999769609059391     
  0.999809077481536     
  0.999809430237942     
  0.999808140665347     
  0.999650735098787     
  0.999758680184766     
  0.999806749603206     
  0.999795535419311     
  0.999805108936444     
  0.999803499294793     
  0.999791587243771     
  0.999795461098474     
  0.999798657046479     
  0.999796050166871     
  0.999793721226997     
  0.999789807971397     
  0.999780976532632     
  0.999765370903727     
  0.999332683423435     
  0.991154049249722     
  0.995643430477468     
  0.999341555657777     
  0.979090488689689     
  0.954895559478849     
  0.998798110437399     
  0.999706065165147     
  0.999712573012226     
  0.999561739503724     
  0.996144637424420     
  0.961934431966184     
  0.976979989738303     
  0.998764463899994     
  0.999657541706533     
  0.999705707733302     
  0.999463580879840     
  0.999361347454098     
  0.999672858946927     
  0.999712381645978     
  0.991956086527095     
  0.997428871203480     
  0.994354697516706     
  0.995801884158247     
  0.999715477200655     
  0.999716094159912     
  0.999704569333872     
  0.999722243565181     
  0.999719329895988     
  0.999715524663833     
  0.999711413217334     
  0.999705954306162     
  0.999694535132739     
  0.999690270705416     
  0.999619793674418     
  0.999647666772865     
  0.999671737225518     
  0.999671302228202     
  0.998911170237184     
  0.999640160274295     
  0.999621528416778     
  0.999443113873720     
  0.999547232060559     
  0.999560781044303     
  0.998782416031005     
  0.992130701591882     
  0.972215008067941     
  0.998730367320898     
  0.999491689291977     
  0.999466652787274     
  0.997878023950779     
  0.995181313295294     
  0.998206755262514     
  0.996831433990808     
  0.945168471959457     
  0.976771614478746     
  0.765441847150600     
  0.983897073331561     
  0.998983386322118     
  0.999318282343247     
  0.999366248607973     
  0.999358220673775     
  0.999304976847790     
  0.999104969949451     
  0.996684388737385     
  0.926367937551103     
  0.926474947211017     
  0.996628422323892     
  0.997429165473065     
  0.989570587644836     
  0.997491612091219     
  0.999226432078115     
  0.999280086264396     
  0.999269737558652     
  0.999257336159834     
  0.999246087164612     
  0.999235872910280     
  0.999217425262731     
  0.999197953841826     
  0.999166162453028     
  0.999153205462811     
  0.999119242563572     
  0.999089648641876     
  0.998953557631736     
  0.998598921591042     
  0.998887796687768     
  0.998975605679622     
  0.998916411694943     
  0.998208426451433     
  0.998881623420974     
  0.998836349579565     
  0.998505958129501     
  0.998621955718716     
  0.998695035797778     
  0.998607811666106     
  0.997399509912479     
  0.986001760423611     
  0.993320748886378     
  0.957570310044191     
  0.968720179210558     
  0.997234465422625     
  0.990974944583492     
  0.978460482956164     
  0.995128360942601     
  0.990006026720621     
  0.991314832813275     
  0.994304847856941     
  0.997233235280514     
  0.997658685597996     
  0.997551525804620     
  0.997431511457156     
  0.997292015794317     
  0.997103385908879     
  0.997000868737231     
  0.996834236335202     
  0.996584769322236     
  0.996451651767561     
  0.996228786237662     
  0.992204333324056     
  0.986280237660646     
  0.995373461458676     
  0.995194897510350     
  0.994855864424878     
  0.994432852742739     
  0.994376142591333     
  0.994098509601317     
  0.993780964108084     
  0.993423646661719     
  0.993048259318432     
  0.992656982778126     
  0.992212492330517     
  0.991716773161358     
  0.991231551421142     
  0.990568486986159     
  0.989925527651843     
  0.989200800786581     
  0.988244516167760     
  0.982894393997499     
  0.977903926597995     
  0.982566015536765     
  0.984367513084654     
  0.983335692669330     
  0.981707812096320     
  0.980639991228177     
  0.979451441922134     
  0.977971012039092     
  0.976634246611348     
  0.975237366270908     
  0.973881961528932     
  0.972700289632492     
  0.971584765651487     
  0.970291486909269     
  0.969049325724385     
  0.968867526211906     
  0.970007112188660     
  0.971327903885908     
  0.972479152189673     
  0.973647236575546     
  0.974949068002878     
  0.975933002889586     
  0.976951624350092     
  0.979022677597311     
  0.980435165472398     
  0.981795717895346     
  0.983086905167487     
  0.984202412005592     
  0.985379757367051     
  0.986396048204153     
  0.987278696279128     
  0.988200519241377     
  0.988849798975010     
  0.989720399128249     
  0.990084264381935     
  0.990102026772460     
  0.991136359491820     
  0.992087598272938     
  0.992531665400372     
  0.991459402649311     
  0.979578433510660     
  0.988463524569249     
  0.991243611578919     
  0.994283482587721     
  0.994390119234869     
  0.994924480058865     
  0.995201372779804     
  0.995488295170638     
  0.995737921323146     
  0.995752850931882     
  0.995819741563889     
  0.988008648000508     
  0.969647356304613     
  0.992267966893871     
  0.996719722562726     
  0.997086346774558     
  0.997273505308529     
  0.997408946529766     
  0.997373398934688     
  0.994036558610651     
  0.994729520748533     
  0.997770439751146     
  0.997816610219376     
  0.997925449570192     
  0.998169828430709     
  0.998247596086434     
  0.998319429173677     
  0.998387335258651     
  0.998445141472031     
  0.998510201496549     
  0.998565738702822     
  0.998617705253610     
  0.998650737454596     
  0.998498625979795     
  0.998756361715634     
  0.998798227965892     
  0.998823769431734     
  0.998867352140893     
  0.998906358140695     
  0.998013844564161     
  0.998677265709042     
  0.998998561642433     
  0.999025413286318     
  0.999048773483143     
  0.999070164409956     
  0.999088597635800     
  0.999104134310428     
  0.999117032904367     
  0.999125062115420     
  0.999127648801418     
  0.999113287941157     
  0.998943348192172     
  0.998965149141469     
  0.998551942195824     
  0.998777505235823     
  0.998843801325058     
  0.998621119152525     
  0.998157144577971     
  0.996886649471874     
  0.978017553478260     
  0.748665610648998     
  0.463804266579226     
  0.941030080676905     
  0.994741857551256     
  0.997158491749345     
  0.983496462376061     
  0.993563743179143     
  0.992980839671877     
  0.998751389524939     
  0.999250385435158     
  0.999197381885970     
  0.997899351470366     
  0.994929598613458     
  0.997920489210079     
  0.999176093179162     
  0.999473309961292     
  0.999461784843267     
  0.999500179926013     
  0.999571162211686     
  0.999585861466516     
  0.999591203804763     
  0.999543399742085     
  0.998898665679316     
  0.998171159768685     
  0.999473904809153     
  0.999618174722105     
  0.999601145433451     
  0.999668716098470     
  0.999677132048243     
  0.999684653372101     
  0.999690607995438     
  0.999695608115126     
  0.999699943416390     
  0.999702213712321     
  0.999699960196742     
  0.999686189664812     
  0.999536752512190     
  0.994258196007649     
  0.997765591434899     
  0.999531408333639     
  0.993909718894780     
  0.984086036895260     
  0.998382259575121     
  0.999262026889843     
  0.999687204830155     
  0.999737809944117     
  0.999748800864094     
  0.999748058409826     
  0.999729685762374     
  0.998742413743081     
  0.989556354642076     
  0.997934192557537     
  0.999735876930413     
  0.999772836432669     
  0.999784486891637     
  0.999787646437748     
  0.999797167170423     
  0.999799734979728     
  0.999796147297742     
