  0.999477191380293     
  0.999476652479075     
  0.999468599182195     
  0.999471706847805     
  0.999460930827717     
  0.999414090248660     
  0.999374044896496     
  0.999362960807417     
  0.999435558504864     
  0.999402271745784     
  0.999062038840498     
  0.988986517407221     
  0.997041489090700     
  0.999142887167687     
  0.999272950608556     
  0.999206107973291     
  0.998881677795302     
  0.996571889232363     
  0.895732285168163     
  0.764307279954192     
  0.963715439753611     
  0.988671109233954     
  0.978785793873777     
  0.997407289148500     
  0.999006575675511     
  0.999171015835920     
  0.999312287138793     
  0.999328804945287     
  0.999335210771173     
  0.999336784344430     
  0.999333366584980     
  0.999178454207386     
  0.999083683803232     
  0.999317268114276     
  0.999316410793849     
  0.999309409385545     
  0.999301839779790     
  0.999294076775770     
  0.999284898817270     
  0.999256270715615     
  0.999265632625129     
  0.999257570564568     
  0.999204410434159     
  0.999195252140780     
  0.999225352189956     
  0.999207419203586     
  0.999200132724055     
  0.999184577028846     
  0.999161935997067     
  0.999085830189766     
  0.998695637417806     
  0.993001397457478     
  0.996368153483675     
  0.998954246492128     
  0.999056748541396     
  0.996709552232780     
  0.953131831788682     
  0.987359693666381     
  0.987062181222995     
  0.989386872076589     
  0.998855240398506     
  0.998684866294160     
  0.998913805834661     
  0.998943785211644     
  0.998926855986562     
  0.998907919486521     
  0.998887931518582     
  0.998866589484070     
  0.998844413534768     
  0.998822248098109     
  0.998797670762897     
  0.998687856116125     
  0.998748753147690     
  0.998708943318260     
  0.998695111168776     
  0.998650935865010     
  0.998064993910030     
  0.998548074962548     
  0.997848228883227     
  0.992625475925696     
  0.997628687853897     
  0.998381297824696     
  0.998419711985014     
  0.998383424614092     
  0.998222707895051     
  0.998301785135154     
  0.998243403289473     
  0.998057990139551     
  0.994936722808019     
  0.997279699765337     
  0.997831719475254     
  0.997252373772346     
  0.995016981890459     
  0.995237020080278     
  0.990394876476482     
  0.997545419726317     
  0.997703822360132     
  0.997664141160455     
  0.997582086683124     
  0.996949142128097     
  0.997155531039368     
  0.997362358084508     
  0.997276343966603     
  0.997185893461422     
  0.997087112072825     
  0.996969321331337     
  0.996824271148742     
  0.996713004507046     
  0.995849800080015     
  0.996498030207531     
  0.996368607191797     
  0.996238904543682     
  0.996084194486854     
  0.995919724836289     
  0.995742754799511     
  0.995544965862391     
  0.995328968160284     
  0.995082870526250     
  0.994786092380667     
  0.994408472976855     
  0.993820580444253     
  0.991716160422716     
  0.875783969062471     
  0.758214499707051     
  0.978181515253461     
  0.991887563629625     
  0.991951752840685     
  0.990605112388702     
  0.952163416400417     
  0.822839508963285     
  0.964957880647570     
  0.965463264969034     
  0.902727134440095     
  0.981147312744612     
  0.987277887977824     
  0.986350992490706     
  0.985283557908439     
  0.983369016674863     
  0.935903689216905     
  0.892294627528495     
  0.972005121170684     
  0.832348267377729     
  0.834973973974625     
  0.836726427113657     
  0.968154106407894     
  0.968018183481848     
  0.964871233598639     
  0.958902663582943     
  0.945865647124854     
  0.951808614563979     
  0.937122442487002     
  0.939026028348023     
  0.928694681393183     
  0.911460419713219     
  0.819354767312975     
  0.846037742148911     
  0.884773492422689     
  0.867536306381252     
  0.847592746744993     
  0.836286975539568     
  0.843462606519532     
  0.859176492487069     
  0.872388953005512     
  0.880206581557413     
  0.879422838801089     
  0.868029968280833     
  0.842805689414409     
  0.796044179598485     
  0.722005781622579     
  0.592310144695571     
  0.494199019878715     
  0.483300102292348     
  0.532457761529343     
  0.615757695413845     
  0.707792843706552     
  0.777469371166725     
  0.819462301609371     
  0.846070154823582     
  0.866998104025185     
  0.884461028736901     
  0.899816851391253     
  0.915218262598585     
  0.929898336953487     
  0.940425170277651     
  0.947395128860987     
  0.953770571216632     
  0.959796657690529     
  0.963959245947502     
  0.966910461495467     
  0.969659314324249     
  0.972144719204171     
  0.974495773563122     
  0.976568036174378     
  0.978489273908463     
  0.980268132129911     
  0.981995390855358     
  0.983545478812986     
  0.985096505532667     
  0.986473907374838     
  0.987693437115243     
  0.988695614405707     
  0.988265933682784     
  0.989461047166860     
  0.990681314783396     
  0.991739305222060     
  0.992228364699557     
  0.992747716112172     
  0.993254361945793     
  0.993632172592676     
  0.993948744461752     
  0.993815655443325     
  0.994436547476599     
  0.994852972544877     
  0.995102362895374     
  0.995266795890194     
  0.995600863655402     
  0.995814789024264     
  0.995996105713566     
  0.996072499632646     
  0.990694729136046     
  0.985844275040261     
  0.995737935159471     
  0.995721710700602     
  0.996859682598457     
  0.997040557692269     
  0.997061077352265     
  0.985366762367821     
  0.996969429277451     
  0.997459248275391     
  0.997403245916429     
  0.995731806775460     
  0.997453944144306     
  0.997662686891018     
  0.997501040826555     
  0.997324093054262     
  0.997049014033480     
  0.993837195177790     
  0.908824172167815     
  0.868737934258568     
  0.951290763783128     
  0.995660702530832     
  0.997409457977583     
  0.997826635570092     
  0.997905218967291     
  0.997800536225917     
  0.996772400869847     
  0.989038181960686     
  0.761817835041512     
  0.747401480293947     
  0.727461641232084     
  0.905274654067941     
  0.995226955847340     
  0.997852098192528     
  0.996581578586875     
  0.998251603022824     
  0.998631424885625     
  0.998725207882932     
  0.998782627055724     
  0.998826461108213     
  0.998824604325072     
  0.998568274281050     
  0.998690711347123     
  0.997986265711392     
  0.998969170354047     
  0.999020173591185     
  0.999046220122640     
  0.998820506656194     
  0.999079792915703     
  0.999115840117291     
  0.999135717058867     
  0.999154904581921     
  0.999173054770073     
  0.999189383441457     
  0.999190416953759     
  0.998801449518244     
  0.998949229599406     
  0.999233705952721     
  0.999254293025111     
  0.998779774554254     
  0.999158332636701     
  0.999306064300712     
  0.999324251274613     
  0.999330772370037     
  0.999070203031395     
  0.998032607805502     
  0.999274070313731     
  0.999377113675045     
  0.999388609542220     
  0.999378115555138     
  0.999240877368463     
  0.999365344243560     
  0.999340328870607     
  0.999279487091693     
  0.999413026378134     
  0.999406466999274     
  0.999389355095617     
  0.999352081166816     
  0.999268719238682     
  0.999036367692917     
  0.992375911832937     
  0.953139730177932     
  0.987401015784408     
  0.997507338598707     
  0.965543816560265     
  0.936729128553782     
  0.991649932843881     
  0.998810807865245     
  0.999143462951104     
  0.999300275812490     
  0.999314941163268     
  0.999120798838483     
  0.994728886066060     
  0.902889830244890     
  0.941166997706142     
  0.980069021024772     
  0.998574128874776     
  0.999390365240443     
  0.999297848486051     
  0.999547726951637     
  0.999603436990079     
  0.999616786271084     
  0.999627269289043     
  0.999635758497455     
  0.999643500771961     
  0.999649623584288     
  0.999626305918625     
  0.999624902181434     
  0.999667418999517     
  0.999671521951097     
  0.999669282489766     
  0.999435839505373     
  0.999640261349230     
  0.999642309009959     
  0.999570152728634     
  0.999649953832061     
  0.999596941413097     
  0.999311206691226     
  0.999683895876145     
  0.999705806378567     
  0.999707717951967     
  0.999678992986118     
  0.999706519320348     
  0.999683267094536     
  0.999456360655641     
  0.997704872120885     
  0.998434044715670     
  0.999597752776140     
  0.999695865611718     
  0.999631860617334     
  0.998643538334636     
  0.997176410537143     
  0.999586281990443     
  0.999720168850633     
  0.999737821297516     
  0.999717000941040     
  0.999744946661266     
  0.999661760480897     
  0.999749440385805     
  0.999755262148648     
  0.999756692461471     
  0.999758993297120     
  0.999760443243230     
  0.999761748812462     
  0.999761477621482     
  0.999716449757253     
  0.999703236703313     
  0.998791778976345     
  0.985243515242776     
  0.998737246069226     
  0.999653919767631     
  0.999766938101997     
  0.999775700221692     
  0.999778846188143     
  0.999780063907128     
  0.999740888893814     
  0.999736641853661     
  0.999759968749565     
  0.999741860092366     
  0.999110118716173     
  0.999346489333015     
  0.999626149559966     
  0.999664558096789     
  0.999788080467736     
  0.999787519479044     
  0.999781980757004     
  0.999684547737039     
  0.999647086358572     
  0.999186184182135     
  0.978233784056005     
  0.986891450243546     
  0.970510947952683     
  0.962293081347734     
  0.999571403791628     
  0.999608521127439     
  0.999545555035453     
  0.998454393714380     
  0.993761331183384     
  0.999429824869426     
  0.999728905863473     
  0.999781016158227     
  0.999768503824780     
  0.999696359682453     
  0.998779481151483     
  0.952419057200798     
  0.934511672901098     
  0.997635822482940     
  0.999478064600381     
  0.999182976208670     
  0.999732152684436     
  0.999797066711952     
  0.999803711599385     
  0.999810743839266     
  0.999815047964838     
  0.999814508594709     
  0.999817866437797     
  0.999807957768333     
  0.999720224088379     
  0.999525358549131     
  0.998791160681249     
  0.999726948263524     
  0.999821977678518     
  0.999825968484413     
  0.999825212996137     
  0.999813535677617     
  0.999532230290729     
  0.999778906831310     
  0.999825637275710     
  0.999829217895442     
  0.999830326146462     
  0.999830674043526     
  0.999812687526388     
  0.999828011799051     
  0.999831830457052     
  0.999832811945743     
  0.999546335664454     
  0.999147193051258     
  0.999823747657939     
  0.999771524835286     
  0.999597692637850     
  0.999318432077257     
  0.999072166101785     
  0.999825641919755     
  0.999804568441876     
  0.999557887281945     
  0.994813450102649     
  0.994794626366733     
  0.999547120378938     
  0.999761265420099     
  0.999703780406374     
  0.998678838491246     
  0.998678704014722     
  0.999708302116686     
  0.999807559987867     
  0.999798190003336     
  0.999791767813488     
  0.999659607133270     
  0.992109549792292     
  0.982782779836259     
  0.998938651985962     
  0.999763122570674     
  0.999044718590703     
  0.976541349922075     
  0.995206624358424     
  0.999682020781302     
  0.999810197134332     
  0.999716349475769     
  0.997523656695192     
  0.998467922960933     
  0.999799244441072     
  0.999764874374477     
  0.999813457397065     
  0.999827859931822     
  0.999826854524660     
  0.999824287731744     
  0.999821042074863     
  0.999814202433020     
  0.999600206632782     
  0.999757184179738     
  0.999780102565855     
  0.999760594106906     
  0.999588752588587     
  0.997861366791662     
  0.977712956463188     
  0.921289179923025     
  0.948322717774898     
  0.994478522994703     
  0.994821272317863     
  0.964160031337756     
  0.977084574839102     
  0.998124857539337     
  0.999429202770890     
  0.998398494196188     
  0.998107357847382     
  0.999646585085500     
  0.999487461676249     
  0.997983629931131     
  0.907177772280548     
  0.906252756723459     
  0.998276327820741     
  0.999408850066963     
  0.999704355725514     
  0.999757162554152     
  0.999765044807327     
  0.999758294718702     
  0.999543208610915     
  0.999111908755318     
  0.998850383482562     
  0.998868098339136     
  0.999271792033751     
  0.993753657352482     
  0.872894454362994     
  0.901256098305721     
  0.996052878750104     
  0.990734449126052     
  0.922528212330293     
  0.906742243282791     
  0.987255527302181     
  0.996447856457041     
  0.976944735400640     
  0.976557009410813     
  0.996477380037282     
  0.983655487562972     
  0.936505648097293     
  0.966810135772939     
  0.997298249533332     
  0.999249760525681     
  0.999387619692828     
  0.999067347372479     
  0.993727911946873     
  0.963560727342081     
  0.915146406781626     
  0.964112024752118     
  0.996782079677326     
  0.998568443499589     
  0.992141023814644     
  0.986986814195090     
  0.997867353184343     
  0.999517628593093     
  0.991102658233384     
  0.990659167230520     
  0.986672536592606     
  0.961655215086275     
  0.992373154242498     
  0.998922509157174     
  0.999721552908851     
  0.999617930871500     
  0.999336563372099     
  0.999770767050723     
  0.999769311034554     
  0.999773888160136     
  0.999793943555703     
  0.999738102389368     
  0.999648424691878     
  0.999648281156189     
  0.999751674566592     
  0.999792812608512     
  0.999793662748868     
  0.999791739519955     
  0.999644807961146     
  0.999744377570921     
  0.999789725530064     
  0.999779333053503     
  0.999787861462912     
  0.999786053143909     
  0.999774782223372     
  0.999777864645433     
  0.999780521981368     
  0.999777488713075     
  0.999774970867553     
  0.999770607960197     
  0.999760570396140     
  0.999741114828009     
  0.999344195597019     
  0.991583303679709     
  0.995867010515635     
  0.999366456101947     
  0.979867076593099     
  0.956638251763039     
  0.998822535068529     
  0.999683127771476     
  0.999669560197899     
  0.999218547495520     
  0.994302509859799     
  0.958755214478787     
  0.974052620662792     
  0.997627765797720     
  0.999493889813512     
  0.999649592453449     
  0.999376814232692     
  0.999269630646700     
  0.999610908593439     
  0.999679840832685     
  0.993171803515558     
  0.997757919714651     
  0.995179481473595     
  0.996393315730973     
  0.999686615772277     
  0.999686595913240     
  0.999675276822167     
  0.999690229406776     
  0.999686541108052     
  0.999682013187280     
  0.999677127766089     
  0.999670271633475     
  0.999655508066737     
  0.999650271056837     
  0.999584230776495     
  0.999610529169257     
  0.999632213138978     
  0.999629884430234     
  0.998939537044835     
  0.999596254294359     
  0.999570408051372     
  0.999385321459097     
  0.999489997222069     
  0.999488140236723     
  0.998602221105892     
  0.991676457682767     
  0.973248452007088     
  0.998461995148138     
  0.999400054236262     
  0.999357468948992     
  0.997635129371997     
  0.994881316477717     
  0.998005514744772     
  0.996583712281905     
  0.947701811083289     
  0.975321958497635     
  0.774857058574010     
  0.982386727192920     
  0.998521590926779     
  0.999237317385959     
  0.999302863464334     
  0.999294053978011     
  0.999239318597670     
  0.998992589236748     
  0.996326186542729     
  0.930710153374946     
  0.930787655945744     
  0.996171678552872     
  0.996854288097422     
  0.988817139022552     
  0.996927094456832     
  0.999030436494851     
  0.999177902825571     
  0.999173589718911     
  0.999156057598201     
  0.999141263442579     
  0.999127323813155     
  0.999105169536051     
  0.999082123971998     
  0.999047104725051     
  0.999029511975130     
  0.998993042901802     
  0.998947680534508     
  0.998768210699058     
  0.998388261790740     
  0.998692980462242     
  0.998812759828525     
  0.998758571158728     
  0.998100141050285     
  0.998712200525811     
  0.998663283376134     
  0.998338786084320     
  0.998441089061034     
  0.998499830127397     
  0.998387023473088     
  0.997130634733103     
  0.986063171797630     
  0.991424148975555     
  0.955185514940732     
  0.967285095148078     
  0.996251693271279     
  0.990028540211182     
  0.977473100704222     
  0.994360126090522     
  0.989979157705341     
  0.991343365728969     
  0.994180118295005     
  0.996928049718408     
  0.997298781469025     
  0.997169151769338     
  0.997029145291686     
  0.996868957354932     
  0.996662541900782     
  0.996529493598110     
  0.996336414305462     
  0.996079719236417     
  0.995897191802943     
  0.995667169062855     
  0.991850813629083     
  0.986173431422578     
  0.994724953560710     
  0.994452100579761     
  0.994070681306708     
  0.993625761122974     
  0.993502699293341     
  0.993177750643950     
  0.992808591362820     
  0.992393394114194     
  0.991960920017049     
  0.991513062336924     
  0.991000577463137     
  0.990423765733456     
  0.989861346176580     
  0.989112885849068     
  0.988379840937434     
  0.987544921631175     
  0.986444823361558     
  0.981152787898381     
  0.975974256093878     
  0.980204188604578     
  0.981952297909362     
  0.980813882446018     
  0.979046292428553     
  0.977748166751430     
  0.976366057902019     
  0.974665891220584     
  0.973115714954104     
  0.971490662093763     
  0.969902140518816     
  0.968497260268899     
  0.967166981524729     
  0.965681875422408     
  0.964306675753308     
  0.964111016614738     
  0.965359787831513     
  0.966862937515090     
  0.968229959693349     
  0.969620903404058     
  0.971150264429962     
  0.972367938900785     
  0.973620138460401     
  0.975875590198873     
  0.977491964734435     
  0.979051487812597     
  0.980530744187448     
  0.981810535649207     
  0.983157494062657     
  0.984323197538937     
  0.985337666353834     
  0.986398497101260     
  0.987182156079428     
  0.988165881574898     
  0.988649351462210     
  0.988790685093238     
  0.989885500310283     
  0.990874791312024     
  0.991315588527992     
  0.989961702301914     
  0.977899836272100     
  0.986913763781163     
  0.990427423334626     
  0.993400526436158     
  0.993575643450837     
  0.994132882874260     
  0.994452550917584     
  0.994783618235026     
  0.995072335401453     
  0.995118325205000     
  0.995002178586348     
  0.986654325658670     
  0.968221373784020     
  0.991074903579079     
  0.996093601351169     
  0.996625574045666     
  0.996848198073268     
  0.996988605198076     
  0.996846710674364     
  0.993339032925933     
  0.994058687821275     
  0.997316198186666     
  0.997504613279643     
  0.997642326718538     
  0.997885362832742     
  0.997974890411082     
  0.998058469946631     
  0.998137302875549     
  0.998207412665556     
  0.998280344916062     
  0.998345239332186     
  0.998405664351876     
  0.998447733780822     
  0.998321998212334     
  0.998567830135473     
  0.998616933942681     
  0.998653817399633     
  0.998701614032564     
  0.998742903259003     
  0.997926252421885     
  0.998548805484735     
  0.998853305410063     
  0.998886707727661     
  0.998915433813225     
  0.998941749326215     
  0.998965094518781     
  0.998985661967598     
  0.999003414966527     
  0.999016286920159     
  0.999023264903350     
  0.999009139842900     
  0.998838756271681     
  0.998870460108972     
  0.998494963801012     
  0.998720349552565     
  0.998790422346435     
  0.998587016282990     
  0.998151571953036     
  0.996676556970797     
  0.976244016517029     
  0.751238855999326     
  0.478706237593706     
  0.935296246019748     
  0.993156925012679     
  0.997213527073021     
  0.984245166951939     
  0.993794334229633     
  0.993245033125356     
  0.998750660320835     
  0.999209249112810     
  0.999114237936848     
  0.997744670075287     
  0.994858696394079     
  0.997775278242875     
  0.999027610670106     
  0.999388862791583     
  0.999405188006875     
  0.999449579974301     
  0.999523359509754     
  0.999539354839628     
  0.999538165799664     
  0.999434754025754     
  0.998670312266982     
  0.997958846762073     
  0.999328619729317     
  0.999561017522726     
  0.999563374904208     
  0.999629524510811     
  0.999639115946656     
  0.999647695007910     
  0.999654359776128     
  0.999660322074042     
  0.999665680661231     
  0.999668789858939     
  0.999667697833582     
  0.999655808308902     
  0.999515369040918     
  0.994470919018616     
  0.997833066383672     
  0.999584537319831     
  0.994489736580271     
  0.985327221839930     
  0.998474484787205     
  0.999159181724240     
  0.999617503631787     
  0.999705311775877     
  0.999723368276152     
  0.999725250321967     
  0.999727774970410     
  0.998889093015783     
  0.990379906691655     
  0.998149511128446     
  0.999744190357581     
  0.999753316258093     
  0.999762240082940     
  0.999765562013221     
  0.999775506334107     
  0.999779074048808     
  0.999781568208244     
