  0.999481571389184     
  0.999480864950059     
  0.999472504828251     
  0.999475637561616     
  0.999465485108197     
  0.999420333237014     
  0.999380380696439     
  0.999369706163608     
  0.999439903460080     
  0.999397052047255     
  0.998959923779617     
  0.988766071693033     
  0.996803098508515     
  0.999093500269579     
  0.999277558403656     
  0.999214454365628     
  0.998863828977187     
  0.996257975746380     
  0.897396553821742     
  0.768966117811606     
  0.963575976647167     
  0.988362768609268     
  0.978516619398465     
  0.997131768908031     
  0.998949288784860     
  0.999172943059991     
  0.999317339999814     
  0.999334341833841     
  0.999340688488655     
  0.999342191414686     
  0.999338520467162     
  0.999187246796686     
  0.999095142625789     
  0.999322399465537     
  0.999321746557862     
  0.999314844214317     
  0.999307277573674     
  0.999299617210362     
  0.999290463984655     
  0.999262674367982     
  0.999271415769651     
  0.999263346308536     
  0.999210985287882     
  0.999201809918751     
  0.999231338610619     
  0.999213795176278     
  0.999206285500918     
  0.999190780400527     
  0.999167949439643     
  0.999086425413246     
  0.998666077168093     
  0.993023718955536     
  0.996340290821457     
  0.998942682049813     
  0.999077651664798     
  0.996889957557931     
  0.954102805957140     
  0.987713185352961     
  0.987338951537924     
  0.989589450000007     
  0.998875168873931     
  0.998703606981345     
  0.998923748314474     
  0.998952036611397     
  0.998935348660415     
  0.998916614668037     
  0.998896783686831     
  0.998875657915539     
  0.998853633220750     
  0.998831614357131     
  0.998807309519612     
  0.998701876632489     
  0.998758790388726     
  0.998719787443956     
  0.998705050044827     
  0.998656835694185     
  0.998069423136489     
  0.998551177389508     
  0.997875609744250     
  0.992843745942727     
  0.997663128308373     
  0.998396279598903     
  0.998432474884464     
  0.998396464730579     
  0.998241990800702     
  0.998315066721368     
  0.998253235818621     
  0.998046497698563     
  0.994921708576208     
  0.997287137860782     
  0.997821740408177     
  0.997147741708189     
  0.994805358390959     
  0.994974374616060     
  0.990271181898877     
  0.997494658777714     
  0.997714166913377     
  0.997681691358646     
  0.997597138729651     
  0.996962645797493     
  0.997177999545189     
  0.997381848372230     
  0.997298783592905     
  0.997208758030541     
  0.997110060759205     
  0.996990310766162     
  0.996842398197341     
  0.996731331276928     
  0.995933592036833     
  0.996525466021703     
  0.996397599584327     
  0.996269507017677     
  0.996116290866858     
  0.995953261870341     
  0.995777850428490     
  0.995582105514280     
  0.995367950178499     
  0.995124153579606     
  0.994830648239570     
  0.994457716878548     
  0.993882840078660     
  0.991873402554644     
  0.878866453473722     
  0.764299503732064     
  0.978685769577885     
  0.991979906476912     
  0.992011708377511     
  0.990547577743394     
  0.952567903728529     
  0.826288741895867     
  0.965000433010084     
  0.965729160475439     
  0.904609633805400     
  0.981174877880119     
  0.987336876469779     
  0.986451477787147     
  0.985379663713043     
  0.983377008134667     
  0.936896925325308     
  0.894402842198368     
  0.971988333322035     
  0.837067331839199     
  0.838715324377264     
  0.840517437033657     
  0.968477223658584     
  0.968214746025090     
  0.964982827851705     
  0.958792643662797     
  0.945802320712821     
  0.951956104239235     
  0.937593397485725     
  0.939359265823968     
  0.929049208596603     
  0.912115930786055     
  0.822345432304331     
  0.848002317754910     
  0.885134861258497     
  0.867772326495168     
  0.847819866804840     
  0.836551255295319     
  0.843736049192243     
  0.859446445161321     
  0.872671995683255     
  0.880485022776556     
  0.879711221115055     
  0.868306926281231     
  0.842975031385317     
  0.795906316110597     
  0.721255186739717     
  0.591597735818416     
  0.494211544340474     
  0.483393910684320     
  0.532091073753174     
  0.615173449682796     
  0.707189094966793     
  0.777145139576932     
  0.819379258563639     
  0.846110646484658     
  0.867098671988320     
  0.884637416586404     
  0.900078613322985     
  0.915534310953499     
  0.930234865910021     
  0.940758295828853     
  0.947716284121909     
  0.954073764751320     
  0.960080483755173     
  0.964223390591095     
  0.967156233677560     
  0.969887333874681     
  0.972357965833523     
  0.974691221810114     
  0.976749649119239     
  0.978657530285223     
  0.980423598530799     
  0.982139499163793     
  0.983682692649692     
  0.985220877949098     
  0.986588194001074     
  0.987799745130632     
  0.988802481313815     
  0.988388565658781     
  0.989569561994486     
  0.990773190093380     
  0.991815186948498     
  0.992300542965805     
  0.992813145242227     
  0.993312396600552     
  0.993683964974770     
  0.993995381959636     
  0.993873262619175     
  0.994481010069511     
  0.994893252844453     
  0.995143971619223     
  0.995310409014160     
  0.995639187973767     
  0.995851403293571     
  0.996030890772499     
  0.996103857543744     
  0.990902551334488     
  0.986228341670426     
  0.995764136031078     
  0.995749741546603     
  0.996879821477610     
  0.997064635026930     
  0.997080277972544     
  0.985833731320478     
  0.996994172450308     
  0.997480381265764     
  0.997432952550416     
  0.995794873919798     
  0.997482464847515     
  0.997683664007797     
  0.997526692656739     
  0.997344913262670     
  0.997020868055950     
  0.993422495516785     
  0.909889723779560     
  0.870567798026374     
  0.951299640120289     
  0.995402073560453     
  0.997411487472368     
  0.997845227161587     
  0.997923780240664     
  0.997813372761263     
  0.996637595038109     
  0.987893424023673     
  0.764422687037462     
  0.749936628328955     
  0.730861748592496     
  0.905379521328298     
  0.994700470646922     
  0.997818944600339     
  0.996647710016895     
  0.998261972546195     
  0.998640692239157     
  0.998735541643641     
  0.998792542353629     
  0.998835511597973     
  0.998832086511350     
  0.998578911019597     
  0.998702577609377     
  0.998018212898440     
  0.998977663942380     
  0.999027822907606     
  0.999053506513572     
  0.998847474252141     
  0.999087320049312     
  0.999122487100145     
  0.999142227440769     
  0.999161296834585     
  0.999179309008842     
  0.999194985649403     
  0.999193537070156     
  0.998805951828458     
  0.998959759704752     
  0.999238278203475     
  0.999256031171986     
  0.998778522439875     
  0.999156172066246     
  0.999309237764060     
  0.999328964259493     
  0.999334421364872     
  0.999078126636157     
  0.998074540206110     
  0.999278289240177     
  0.999381286637823     
  0.999393189363436     
  0.999383234144242     
  0.999249571778980     
  0.999370899765132     
  0.999350027799249     
  0.999294416745882     
  0.999417999149133     
  0.999411979272507     
  0.999395376044976     
  0.999359333616901     
  0.999279779134173     
  0.999078579272586     
  0.992699824905839     
  0.954582638970133     
  0.987882786283235     
  0.997690331496705     
  0.966772164185096     
  0.938709628561075     
  0.992072645501769     
  0.998870760739368     
  0.999158182251550     
  0.999309874223377     
  0.999322405349081     
  0.999100101454249     
  0.994589243365517     
  0.904756970338739     
  0.942103626160603     
  0.980406119020255     
  0.998551694840673     
  0.999387894682115     
  0.999313227983624     
  0.999552155314750     
  0.999606143871750     
  0.999619352156172     
  0.999629577642993     
  0.999638017739485     
  0.999645578504002     
  0.999651378050611     
  0.999628830188542     
  0.999627945827928     
  0.999669116318874     
  0.999672997801573     
  0.999668650402946     
  0.999432652203015     
  0.999637015296845     
  0.999646035831843     
  0.999573772493105     
  0.999644806154470     
  0.999595587508731     
  0.999340251354315     
  0.999685262452311     
  0.999706895381577     
  0.999708775629652     
  0.999681325852878     
  0.999706988871617     
  0.999678782258518     
  0.999424578858622     
  0.997637358040385     
  0.998374108944425     
  0.999577985723802     
  0.999693174496824     
  0.999622983363574     
  0.998623499729975     
  0.997181458849052     
  0.999569510929896     
  0.999718786161360     
  0.999738488673760     
  0.999718566284210     
  0.999745950378534     
  0.999666158532088     
  0.999750164618972     
  0.999755828328343     
  0.999757263319092     
  0.999759572720370     
  0.999760986788874     
  0.999762255793714     
  0.999762054732233     
  0.999720470287788     
  0.999710822154187     
  0.998843264288563     
  0.985586137517883     
  0.998790019962182     
  0.999664725668709     
  0.999767624266831     
  0.999775996561437     
  0.999779184278688     
  0.999780341523584     
  0.999743219342283     
  0.999744453570551     
  0.999756992622855     
  0.999738020555625     
  0.999124413849830     
  0.999353865224463     
  0.999637327234837     
  0.999676259119097     
  0.999788191263899     
  0.999787698951091     
  0.999781757089721     
  0.999686550650710     
  0.999655152491633     
  0.999240811003149     
  0.978757299699714     
  0.987237200632335     
  0.971210417616920     
  0.963714334682293     
  0.999538278711672     
  0.999606062153946     
  0.999536257881811     
  0.998406127924110     
  0.993709069024468     
  0.999386493068949     
  0.999722882072412     
  0.999780719326509     
  0.999768559076815     
  0.999686848074233     
  0.998688733940431     
  0.953312520382098     
  0.935849675548955     
  0.997532210061197     
  0.999461248293324     
  0.999184615207267     
  0.999728674782686     
  0.999795850093163     
  0.999803097672068     
  0.999810172519977     
  0.999814569577486     
  0.999813971882427     
  0.999817071995800     
  0.999803670660217     
  0.999704266321765     
  0.999508343776529     
  0.998807412258793     
  0.999729411102980     
  0.999822449386048     
  0.999825355401624     
  0.999824125818315     
  0.999810686683122     
  0.999529910139324     
  0.999776848045527     
  0.999824254677408     
  0.999828320814565     
  0.999829513355165     
  0.999829781948274     
  0.999815616291533     
  0.999827778202864     
  0.999830903626689     
  0.999832585732913     
  0.999553389083660     
  0.999162499192975     
  0.999823338993065     
  0.999767857956000     
  0.999596368825821     
  0.999335215652328     
  0.999101474188442     
  0.999823566536708     
  0.999797211300263     
  0.999480034059097     
  0.994571475921017     
  0.994553197714304     
  0.999469886180916     
  0.999752421518282     
  0.999684293910909     
  0.998632123765661     
  0.998632322896110     
  0.999689287825202     
  0.999803824833855     
  0.999797492529903     
  0.999791193022316     
  0.999660199748171     
  0.992381096373990     
  0.983419116193822     
  0.998959825163544     
  0.999765326710343     
  0.999075136308924     
  0.976968275304993     
  0.995307469846365     
  0.999691919574199     
  0.999808424194503     
  0.999714331343438     
  0.997594374454383     
  0.998501164471424     
  0.999795224121264     
  0.999766916420690     
  0.999812480459138     
  0.999825745455426     
  0.999824616808019     
  0.999821948498411     
  0.999818571972127     
  0.999811311022047     
  0.999604348983141     
  0.999754948069117     
  0.999776475322549     
  0.999754848464709     
  0.999543331896595     
  0.997369126306005     
  0.975848317181035     
  0.918682683096253     
  0.945932093432466     
  0.993386032403282     
  0.994408836082460     
  0.963995473778368     
  0.976819577345244     
  0.997927759948286     
  0.999400591208449     
  0.998416149656342     
  0.998131146228094     
  0.999642334017113     
  0.999453895304491     
  0.997689752728336     
  0.908773048548086     
  0.907874736785445     
  0.997974664145753     
  0.999374184887444     
  0.999698886883854     
  0.999753866815343     
  0.999762009297826     
  0.999754695774378     
  0.999542671713834     
  0.999112496858738     
  0.998819126075121     
  0.998833423707859     
  0.999211725352639     
  0.993474761591167     
  0.875008467992717     
  0.902757971554875     
  0.995574738277666     
  0.989064696579206     
  0.919566131555450     
  0.903863291195105     
  0.985334084924955     
  0.995972514666414     
  0.976711767832020     
  0.976331579808564     
  0.996194262272759     
  0.983103339246720     
  0.935976236572723     
  0.966230383840748     
  0.997037955455853     
  0.999211147164923     
  0.999373311255722     
  0.999002439468175     
  0.993368151741945     
  0.962776721166131     
  0.914367048141066     
  0.963277114751519     
  0.996451098074645     
  0.998472784220811     
  0.992067922746619     
  0.986966836659913     
  0.997777022901952     
  0.999511522404773     
  0.991291781526610     
  0.990613442868806     
  0.985771116674142     
  0.960506544785855     
  0.991597255758222     
  0.998762164934815     
  0.999702817800460     
  0.999614674268487     
  0.999343721486191     
  0.999764275325550     
  0.999765641787272     
  0.999769872881384     
  0.999787311960711     
  0.999731082964380     
  0.999636233328885     
  0.999636011294527     
  0.999743945572798     
  0.999785803147705     
  0.999786867637962     
  0.999784671329134     
  0.999642253618360     
  0.999738213755056     
  0.999782388880105     
  0.999772350523093     
  0.999780428534140     
  0.999778534592215     
  0.999767539970371     
  0.999770281316989     
  0.999772706532364     
  0.999769489506985     
  0.999766890249528     
  0.999762333559564     
  0.999751776204366     
  0.999730661471410     
  0.999349156864648     
  0.991768294498734     
  0.995963364236268     
  0.999377187162216     
  0.980201753870204     
  0.957389280200860     
  0.998833061078240     
  0.999673242698658     
  0.999651023441782     
  0.999070645813043     
  0.993508628291553     
  0.957385101681331     
  0.972791044028766     
  0.997137895209556     
  0.999423362500751     
  0.999625409045031     
  0.999339421322151     
  0.999230104411488     
  0.999584210491283     
  0.999665817052731     
  0.993695728674052     
  0.997899726426150     
  0.995534930353216     
  0.996648199123812     
  0.999674177646351     
  0.999673883341353     
  0.999662652911242     
  0.999676432571207     
  0.999672410434919     
  0.999667571060983     
  0.999662352084279     
  0.999654893801185     
  0.999638688928968     
  0.999633032770940     
  0.999568904554153     
  0.999594524307438     
  0.999615179793031     
  0.999612034965421     
  0.998951762040819     
  0.999577332513351     
  0.999548377145315     
  0.999360415153043     
  0.999465331205595     
  0.999456834833940     
  0.998524563988350     
  0.991480695906744     
  0.973693826959686     
  0.998346336947597     
  0.999360563004615     
  0.999310414848892     
  0.997530450985480     
  0.994752029159056     
  0.997918787650272     
  0.996476953520699     
  0.948793585390978     
  0.974697210924442     
  0.778914663708808     
  0.981735824178777     
  0.998322574247339     
  0.999202424487081     
  0.999275546808980     
  0.999266400497232     
  0.999211022306520     
  0.998944157273138     
  0.996171814510316     
  0.932581489754676     
  0.932646276194979     
  0.995974838598556     
  0.996606536811141     
  0.988492429952217     
  0.996683807754154     
  0.998945969465083     
  0.999133865439883     
  0.999132153451847     
  0.999112410166411     
  0.999096088165628     
  0.999080543024430     
  0.999056791313683     
  0.999032205412354     
  0.998995795064145     
  0.998976204456678     
  0.998938655301328     
  0.998886497279602     
  0.998688332683726     
  0.998297474802666     
  0.998609021484597     
  0.998742578951427     
  0.998690547385552     
  0.998053473805870     
  0.998639185133352     
  0.998588697830886     
  0.998266740704580     
  0.998363141762214     
  0.998415703193117     
  0.998291871334148     
  0.997014758732010     
  0.986089638002094     
  0.990606779032143     
  0.954157749334720     
  0.966666622603440     
  0.995828151741582     
  0.989620671897179     
  0.977047572240927     
  0.994029042708905     
  0.989967578063067     
  0.991355662461305     
  0.994126364024688     
  0.996796524922364     
  0.997143674768107     
  0.997004361256459     
  0.996855738801983     
  0.996686633145664     
  0.996472552661947     
  0.996326346407750     
  0.996121869331524     
  0.995862059163089     
  0.995658237638837     
  0.995425130325179     
  0.991698458107497     
  0.986127401390855     
  0.994445467577284     
  0.994131979001070     
  0.993732292578378     
  0.993277930466224     
  0.993126273116646     
  0.992780932856958     
  0.992389529602820     
  0.991949387921025     
  0.991492311162179     
  0.991020068716377     
  0.990478280301932     
  0.989866520137161     
  0.989270830645326     
  0.988485567253711     
  0.987713698156187     
  0.986831289216277     
  0.985669211595872     
  0.980402209563429     
  0.975142627665820     
  0.979186313900835     
  0.980911414313713     
  0.979727059442240     
  0.977899258701146     
  0.976501878429538     
  0.975036351037482     
  0.973241484173523     
  0.971599333983274     
  0.969875945321258     
  0.968186957055492     
  0.966685880334372     
  0.965263048329144     
  0.963695269963085     
  0.962262734265992     
  0.962061101647913     
  0.963356928099650     
  0.964938668345145     
  0.966398682388610     
  0.967885671625214     
  0.969513090966178     
  0.970831500111970     
  0.972184364795101     
  0.974519286703416     
  0.976223530267423     
  0.977868803746733     
  0.979429112295397     
  0.980779705528811     
  0.982199762136663     
  0.983429858028790     
  0.984501137671787     
  0.985621876677597     
  0.986463449163282     
  0.987495928352991     
  0.988030944343341     
  0.988225533592037     
  0.989346414961287     
  0.990352105300370     
  0.990791493168327     
  0.989316234912748     
  0.977176407185530     
  0.986245859511132     
  0.990075668580416     
  0.993019996469687     
  0.993224626586222     
  0.993791726000871     
  0.994129828984932     
  0.994479921513727     
  0.994785485799418     
  0.994844861661867     
  0.994649830843558     
  0.986070648910374     
  0.967606813315740     
  0.990560724991377     
  0.995823759701498     
  0.996426993178214     
  0.996664901866512     
  0.996807449135465     
  0.996619721844526     
  0.993038417598054     
  0.993769576326824     
  0.997120431887887     
  0.997370150692073     
  0.997520308093661     
  0.997762765498576     
  0.997857361280569     
  0.997946003213922     
  0.998029545313745     
  0.998104957612845     
  0.998181282574808     
  0.998250209693980     
  0.998314280083341     
  0.998360244313651     
  0.998245876082430     
  0.998486577746756     
  0.998538800745463     
  0.998580572303674     
  0.998630185019335     
  0.998672458246269     
  0.997888502366780     
  0.998493442282322     
  0.998790703528131     
  0.998826929013759     
  0.998857967654859     
  0.998886405533524     
  0.998911867653915     
  0.998934603234566     
  0.998954448355332     
  0.998969407405474     
  0.998978277923853     
  0.998964254478428     
  0.998793679621351     
  0.998829651361688     
  0.998470407447455     
  0.998695716787013     
  0.998767417247938     
  0.998572318736392     
  0.998149170280191     
  0.996586011935724     
  0.975479662735507     
  0.752347865933628     
  0.485128647809790     
  0.932825093360362     
  0.992473854922893     
  0.997237246057179     
  0.984567841812908     
  0.993893713811897     
  0.993358894611112     
  0.998750346050222     
  0.999191520269176     
  0.999078404730079     
  0.997678005796039     
  0.994828139090993     
  0.997712695487514     
  0.998963617940699     
  0.999352467893119     
  0.999380795993705     
  0.999427772484768     
  0.999502757570804     
  0.999519311477481     
  0.999515307548838     
  0.999387930026619     
  0.998571896771790     
  0.997867344325628     
  0.999266004906745     
  0.999536383963984     
  0.999547096592303     
  0.999612633749258     
  0.999622731792279     
  0.999631766713651     
  0.999638737536907     
  0.999645114511200     
  0.999650914111096     
  0.999654384855836     
  0.999653793406746     
  0.999642714555870     
  0.999506153193467     
  0.994562598388787     
  0.997862146744583     
  0.999607434860366     
  0.994739712755177     
  0.985862148148799     
  0.998514232047786     
  0.999114857464206     
  0.999587463769639     
  0.999691305694394     
  0.999712407321096     
  0.999715420474113     
  0.999726951455702     
  0.998952308988447     
  0.990734842000295     
  0.998242309364394     
  0.999747773288347     
  0.999744903428659     
  0.999752652123518     
  0.999756044036561     
  0.999766170914315     
  0.999770169568031     
  0.999775284887922     
