  0.999491468380201     
  0.999490383377106     
  0.999481329960564     
  0.999484519338229     
  0.999475775887728     
  0.999434439796452     
  0.999394696974095     
  0.999384947871097     
  0.999449721258639     
  0.999385257689008     
  0.998729185968110     
  0.988267955456409     
  0.996264434185552     
  0.998981906244295     
  0.999287970122175     
  0.999233313776898     
  0.998823497987379     
  0.995548660229541     
  0.901157117847298     
  0.779493180798269     
  0.963260847154539     
  0.987666045010561     
  0.977908395173192     
  0.996509205733312     
  0.998819843795910     
  0.999177297800446     
  0.999328757407259     
  0.999346852948694     
  0.999353065903314     
  0.999354409197688     
  0.999350166150215     
  0.999207114485672     
  0.999121034926678     
  0.999333994244709     
  0.999333803229590     
  0.999327124734821     
  0.999319564796569     
  0.999312136362334     
  0.999303039025212     
  0.999277144050193     
  0.999284483355811     
  0.999276397174826     
  0.999225841824587     
  0.999216627873703     
  0.999244865528907     
  0.999228202328914     
  0.999220188322411     
  0.999204797548468     
  0.999181537425745     
  0.999087770381484     
  0.998599282750352     
  0.993074156679322     
  0.996277332257350     
  0.998916550992842     
  0.999124884448407     
  0.997297602244964     
  0.956296823984911     
  0.988511937062401     
  0.987964343339304     
  0.990047196327851     
  0.998920199388841     
  0.998745953570312     
  0.998946214416542     
  0.998970681540074     
  0.998954538777858     
  0.998936262377490     
  0.998916786128961     
  0.998896149032154     
  0.998874466117669     
  0.998852778456116     
  0.998829089361451     
  0.998733557553015     
  0.998781470658563     
  0.998744290964378     
  0.998727508055878     
  0.998670167025655     
  0.998079431476763     
  0.998558187676470     
  0.997937479928027     
  0.993336952063438     
  0.997740950475338     
  0.998430132645894     
  0.998461314132737     
  0.998425930387680     
  0.998285562771848     
  0.998345078017433     
  0.998275453571021     
  0.998020529175840     
  0.994887782148771     
  0.997303945118222     
  0.997799191519476     
  0.996911313076134     
  0.994327169757689     
  0.994380895631766     
  0.989991679088052     
  0.997379958270153     
  0.997737541687869     
  0.997721348170914     
  0.997631150670198     
  0.996993158996672     
  0.997228769901699     
  0.997425889086144     
  0.997349488711033     
  0.997260423368779     
  0.997161916179819     
  0.997037739021449     
  0.996883358539466     
  0.996772742920835     
  0.996122930541411     
  0.996587460717994     
  0.996463111577361     
  0.996338657205650     
  0.996188816737757     
  0.996029043095754     
  0.995857153512221     
  0.995666027344826     
  0.995456035088562     
  0.995217437992631     
  0.994931327999371     
  0.994568989901299     
  0.994023523874224     
  0.992228711806316     
  0.885831733203076     
  0.778049374765834     
  0.979825199101850     
  0.992188567426178     
  0.992147185914968     
  0.990417570507828     
  0.953481897164330     
  0.834082748378421     
  0.965096585817582     
  0.966329987408846     
  0.908863397042664     
  0.981237165060586     
  0.987470169034166     
  0.986678538097176     
  0.985596827999356     
  0.983395065939685     
  0.939141279742628     
  0.899166645804902     
  0.971950398838051     
  0.847730716672153     
  0.847169429400432     
  0.849083756247766     
  0.969207352589920     
  0.968658906853512     
  0.965234990873900     
  0.958544038022927     
  0.945659225670538     
  0.952289378232197     
  0.938657587790474     
  0.940112263788001     
  0.929850313905474     
  0.913597152798754     
  0.829103273366349     
  0.852441561949751     
  0.885951426835875     
  0.868305648460457     
  0.848333077894356     
  0.837148434281891     
  0.844353933256728     
  0.860056443177273     
  0.873311572621741     
  0.881114202157150     
  0.880362864002625     
  0.868932754344073     
  0.843357684991226     
  0.795594792810693     
  0.719559104315579     
  0.589987940142566     
  0.494239845253225     
  0.483605885006337     
  0.531262486806785     
  0.613853257142386     
  0.705824832166108     
  0.776412488487666     
  0.819191610014330     
  0.846202143650960     
  0.867325920878016     
  0.885035992320708     
  0.900670105157826     
  0.916248471544634     
  0.930995305760669     
  0.941511045296037     
  0.948441984979119     
  0.954758878393622     
  0.960721833666443     
  0.964820267332542     
  0.967711595034066     
  0.970402580434131     
  0.972839830712646     
  0.975132868479910     
  0.977160032780518     
  0.979037732701827     
  0.980774899997021     
  0.982465135240590     
  0.983992749603251     
  0.985501917674918     
  0.986846443284899     
  0.988039965480984     
  0.989043964613584     
  0.988665672759202     
  0.989814769114545     
  0.990980797517737     
  0.991986654260347     
  0.992463641724695     
  0.992960993234672     
  0.993443535570400     
  0.993800998510746     
  0.994100767192739     
  0.994003435698691     
  0.994581480776213     
  0.994984272972728     
  0.995237993564046     
  0.995408960258760     
  0.995725788282517     
  0.995934139471888     
  0.996109493553475     
  0.996174716112460     
  0.991372161260817     
  0.987096206303401     
  0.995823341418996     
  0.995813082087700     
  0.996925328763771     
  0.997119041945338     
  0.997123665115561     
  0.986888929119377     
  0.997050083974808     
  0.997528134960177     
  0.997500079906360     
  0.995937385231825     
  0.997546912405912     
  0.997731065509791     
  0.997584657509446     
  0.997391960218495     
  0.996957267212838     
  0.992485407703439     
  0.912297527991865     
  0.874702702742568     
  0.951319697781618     
  0.994817654909504     
  0.997416073481051     
  0.997887238219509     
  0.997965722796974     
  0.997842379241154     
  0.996332976752027     
  0.985306634868682     
  0.770308825811961     
  0.755665259288726     
  0.738544914786513     
  0.905616488169600     
  0.993510780345549     
  0.997744027937626     
  0.996797146217309     
  0.998285404406742     
  0.998661633546320     
  0.998758892700063     
  0.998814947819345     
  0.998855962871855     
  0.998848993913216     
  0.998602946727716     
  0.998729391661957     
  0.998090403592621     
  0.998996856810541     
  0.999045107986960     
  0.999069971497048     
  0.998908412665007     
  0.999104329042699     
  0.999137507227798     
  0.999156938895077     
  0.999175741355818     
  0.999193441663723     
  0.999207644917511     
  0.999200587575459     
  0.998816125669507     
  0.998983554518799     
  0.999248610092082     
  0.999259958853071     
  0.998775693043533     
  0.999151289835149     
  0.999316408825767     
  0.999339614173384     
  0.999342666985938     
  0.999096031581579     
  0.998169294739896     
  0.999287822738669     
  0.999390716274006     
  0.999403538378691     
  0.999394800614516     
  0.999269218532513     
  0.999383453575687     
  0.999371944469358     
  0.999328153293024     
  0.999429236124349     
  0.999424435363668     
  0.999408981594701     
  0.999375721993883     
  0.999304771208224     
  0.999173964904273     
  0.993431772370025     
  0.957843185433417     
  0.988971445107273     
  0.998103841396452     
  0.969547867524837     
  0.943184975294677     
  0.993027851798346     
  0.999006236630148     
  0.999191443554732     
  0.999331563821833     
  0.999339272226955     
  0.999053331406862     
  0.994273691559588     
  0.908976163573095     
  0.944220134291144     
  0.981167862674453     
  0.998501000423079     
  0.999382311935042     
  0.999347981204584     
  0.999562162137763     
  0.999612260644480     
  0.999625150318266     
  0.999634793859715     
  0.999643122978272     
  0.999650273583109     
  0.999655342642514     
  0.999634534317283     
  0.999634823600543     
  0.999672951777004     
  0.999676332803732     
  0.999667222066306     
  0.999425449804097     
  0.999629680138038     
  0.999654457394945     
  0.999581952138279     
  0.999633173854929     
  0.999592528066000     
  0.999405884125173     
  0.999688350530766     
  0.999709356223109     
  0.999711165685187     
  0.999686597479764     
  0.999708049926458     
  0.999668647778667     
  0.999352760838900     
  0.997484794973815     
  0.998238670726593     
  0.999533317660311     
  0.999687093321429     
  0.999602923221657     
  0.998578218009395     
  0.997192866642994     
  0.999531612945221     
  0.999715661663327     
  0.999739996761035     
  0.999722103531055     
  0.999748218505057     
  0.999676096926594     
  0.999751801188410     
  0.999757107740266     
  0.999758553302077     
  0.999760882059578     
  0.999762215054652     
  0.999763401434086     
  0.999763358846519     
  0.999729555601488     
  0.999727963228855     
  0.998959607240580     
  0.986360371810821     
  0.998909274804127     
  0.999689144110965     
  0.999769174815868     
  0.999776666210159     
  0.999779948273208     
  0.999780968862901     
  0.999748485536525     
  0.999762105977978     
  0.999750267364847     
  0.999729344218041     
  0.999156717076797     
  0.999370532794346     
  0.999662585837465     
  0.999702700354178     
  0.999788441634173     
  0.999788104510915     
  0.999781251660151     
  0.999691076712612     
  0.999673379849699     
  0.999364253401873     
  0.979940309027464     
  0.988018506818169     
  0.972791037885186     
  0.966925999640148     
  0.999463424583887     
  0.999600505507832     
  0.999515248707736     
  0.998297059642818     
  0.993590969960063     
  0.999288574301638     
  0.999709269845447     
  0.999780048562650     
  0.999768683932324     
  0.999665354261016     
  0.998483668307884     
  0.955331520438333     
  0.938873222535306     
  0.997298072195670     
  0.999423247686055     
  0.999188318930920     
  0.999720815600357     
  0.999793100840548     
  0.999801710350440     
  0.999808881481593     
  0.999813488541807     
  0.999812759046805     
  0.999815276755126     
  0.999793982863913     
  0.999668205738695     
  0.999469894616552     
  0.998844136794069     
  0.999734976510362     
  0.999823515328438     
  0.999823969985867     
  0.999821669064387     
  0.999804248656573     
  0.999524667167276     
  0.999772195694542     
  0.999821130343741     
  0.999826293631036     
  0.999827676645153     
  0.999827766030280     
  0.999822234588625     
  0.999827250332161     
  0.999828809214608     
  0.999832074546643     
  0.999569328108517     
  0.999197087385193     
  0.999822415508771     
  0.999759571689321     
  0.999593377327985     
  0.999373142515695     
  0.999167703463158     
  0.999818876665918     
  0.999780585911480     
  0.999304104275247     
  0.994024671674045     
  0.994007626135963     
  0.999295355152065     
  0.999732436387368     
  0.999640259022240     
  0.998526559473922     
  0.998527512458944     
  0.999646319983249     
  0.999795384259787     
  0.999795916402874     
  0.999789894128289     
  0.999661538919837     
  0.992994728550088     
  0.984857088759550     
  0.999007671642272     
  0.999770307556574     
  0.999143873334785     
  0.977933028353373     
  0.995535357465553     
  0.999714288574182     
  0.999804417756745     
  0.999709770825929     
  0.997754180440652     
  0.998576282706581     
  0.999786139113495     
  0.999771530981041     
  0.999810272801054     
  0.999820967217704     
  0.999819560074459     
  0.999816662359248     
  0.999812990096761     
  0.999804777083986     
  0.999613709764175     
  0.999749894960726     
  0.999768278564981     
  0.999741864597818     
  0.999440691268347     
  0.996256772453194     
  0.971634646985966     
  0.912792578717882     
  0.940529811904102     
  0.990917245134859     
  0.993476821162934     
  0.963623609920014     
  0.976220741230512     
  0.997482362608062     
  0.999335935338239     
  0.998456047140973     
  0.998184902782882     
  0.999632727527534     
  0.999378042592187     
  0.997025653927108     
  0.912378027904923     
  0.911540061626688     
  0.997292969222677     
  0.999295849034970     
  0.999686528475329     
  0.999746419151593     
  0.999755149695331     
  0.999746562928160     
  0.999541458440745     
  0.999113825847239     
  0.998748490966258     
  0.998755066384131     
  0.999075987347989     
  0.992844515999917     
  0.879785693698786     
  0.906151889487789     
  0.994494241089658     
  0.985291405353758     
  0.912872447933065     
  0.897357459915637     
  0.980992025107784     
  0.994898340979659     
  0.976185309454627     
  0.975822155586954     
  0.995554474626918     
  0.981855597946325     
  0.934779875563349     
  0.964920263638937     
  0.996449744236204     
  0.999123888876057     
  0.999340977112354     
  0.998855760844491     
  0.992555166922088     
  0.961005026550862     
  0.912605855714967     
  0.961390387149953     
  0.995703146504927     
  0.998256613532654     
  0.991902729038039     
  0.986921691442560     
  0.997572894559696     
  0.999497723640059     
  0.991719162442509     
  0.990510114914920     
  0.983734086723487     
  0.957910777616648     
  0.989843878656284     
  0.998399818640828     
  0.999660480145862     
  0.999607314985856     
  0.999359897419757     
  0.999749605297630     
  0.999757350005321     
  0.999760799134364     
  0.999772325846640     
  0.999715220427292     
  0.999608683211863     
  0.999608283781038     
  0.999726479539122     
  0.999769963116968     
  0.999771511994056     
  0.999768698574380     
  0.999636481292868     
  0.999724284709222     
  0.999765809450411     
  0.999756571333180     
  0.999763631526541     
  0.999761544089920     
  0.999751173847718     
  0.999753144425112     
  0.999755045088482     
  0.999751412803280     
  0.999748629566725     
  0.999743634960894     
  0.999731902971194     
  0.999707038830833     
  0.999360368408747     
  0.992186339477587     
  0.996181105830410     
  0.999401437378391     
  0.980958062882162     
  0.959086466422375     
  0.998856847929333     
  0.999650904244419     
  0.999609133760999     
  0.998736414989128     
  0.991714600476688     
  0.954288895731168     
  0.969940109621317     
  0.996030876331375     
  0.999263983510778     
  0.999570758900246     
  0.999254920068320     
  0.999140782213976     
  0.999523877561255     
  0.999634125815259     
  0.994879706157471     
  0.998220184384770     
  0.996338181793973     
  0.997224190513143     
  0.999646069675595     
  0.999645155165245     
  0.999634125087495     
  0.999645254137233     
  0.999640477580062     
  0.999634934369918     
  0.999628961609353     
  0.999620142564188     
  0.999600680584301     
  0.999594077217044     
  0.999534269928322     
  0.999558356067088     
  0.999576687348774     
  0.999571698226075     
  0.998979388446220     
  0.999534572508829     
  0.999498591039288     
  0.999304131122323     
  0.999409590179108     
  0.999386089904780     
  0.998349071971957     
  0.991038307166076     
  0.974700299751547     
  0.998084968738398     
  0.999271319402789     
  0.999204080404633     
  0.997293895188376     
  0.994459861201221     
  0.997722798719938     
  0.996235696279384     
  0.951260816207690     
  0.973285383628246     
  0.788084189035549     
  0.980264889310571     
  0.997872828858736     
  0.999123572185090     
  0.999213815579033     
  0.999203908084398     
  0.999147077233729     
  0.998834708794132     
  0.995822958380433     
  0.936810411703969     
  0.936846462485707     
  0.995530011506265     
  0.996046658081330     
  0.987758638673743     
  0.996134018080119     
  0.998755087232182     
  0.999034347841200     
  0.999038513957642     
  0.999013773767855     
  0.998993999057130     
  0.998974825690331     
  0.998947464008139     
  0.998919397163116     
  0.998879843120409     
  0.998855737641210     
  0.998815747644778     
  0.998748232459563     
  0.998507820526101     
  0.998092309990897     
  0.998419286907053     
  0.998583980767595     
  0.998536823904068     
  0.997948012844097     
  0.998474181286438     
  0.998420145644466     
  0.998103928884334     
  0.998186992453630     
  0.998225588793821     
  0.998076841569731     
  0.996752896058486     
  0.986149447729439     
  0.988759642870153     
  0.951835149471418     
  0.965268964923954     
  0.994871009539365     
  0.988698948734644     
  0.976085939556670     
  0.993280842094524     
  0.989941409743160     
  0.991383451311794     
  0.994004887084839     
  0.996499297697537     
  0.996793155749472     
  0.996631958137165     
  0.996463864728429     
  0.996274606213205     
  0.996043203764193     
  0.995867262305054     
  0.995637027744116     
  0.995370177789367     
  0.995118234485519     
  0.994878156355341     
  0.991354155697784     
  0.986023379867779     
  0.993813867650066     
  0.993408548069208     
  0.992967580242218     
  0.992491880511448     
  0.992275601021942     
  0.991884178330276     
  0.991442506541199     
  0.990945993633064     
  0.990433317989330     
  0.989905969057464     
  0.989297958364115     
  0.988607219187730     
  0.987936343844384     
  0.987067910164012     
  0.986208303278157     
  0.985218573743766     
  0.983916430624881     
  0.978706000560106     
  0.973263255696579     
  0.976886049167935     
  0.978559152021404     
  0.977270979553121     
  0.975307109827752     
  0.973685426363112     
  0.972031383141252     
  0.970022505297288     
  0.968172505040148     
  0.966226889186961     
  0.964310858103105     
  0.962592388639449     
  0.960960397013846     
  0.959205788782013     
  0.957643679912212     
  0.957428547101993     
  0.958830711739931     
  0.960590056196803     
  0.962260219714607     
  0.963964259412711     
  0.965813277957283     
  0.967359334637777     
  0.968939689775190     
  0.971454204167684     
  0.973357020674109     
  0.975196079316668     
  0.976939555658366     
  0.978450152053339     
  0.980035401515925     
  0.981411016283233     
  0.982610681351131     
  0.983866805649999     
  0.984839255567689     
  0.985981912121053     
  0.986633416031235     
  0.986948356545710     
  0.988128144163788     
  0.989170894880574     
  0.989607097545712     
  0.987857552078528     
  0.975541539468174     
  0.984736471276581     
  0.989280742393721     
  0.992160041372994     
  0.992431367650072     
  0.993020749407745     
  0.993400513172990     
  0.993793600447584     
  0.994137237248534     
  0.994226864024567     
  0.993853563423749     
  0.984751602983962     
  0.966217973328682     
  0.989398736962197     
  0.995213946643034     
  0.995978221739748     
  0.996250672054253     
  0.996398055754771     
  0.996106751216073     
  0.992359058804462     
  0.993116214873864     
  0.996678020649659     
  0.997066279342265     
  0.997244558749909     
  0.997485708287110     
  0.997591757638157     
  0.997691840022717     
  0.997786024320922     
  0.997873419705181     
  0.997957411808838     
  0.998035452388191     
  0.998107760906399     
  0.998162526958428     
  0.998073847730571     
  0.998302955493914     
  0.998362227521057     
  0.998415045669637     
  0.998468762521650     
  0.998513259462240     
  0.997803190947298     
  0.998368326854405     
  0.998649229364159     
  0.998691834908187     
  0.998728099674968     
  0.998761333870392     
  0.998791580020342     
  0.998819215348660     
  0.998843788443685     
  0.998863464113290     
  0.998876611562774     
  0.998862817737634     
  0.998691810572421     
  0.998737427359910     
  0.998414912344778     
  0.998640048989528     
  0.998715427819153     
  0.998539103612410     
  0.998143742715691     
  0.996381388280283     
  0.973752291436194     
  0.754854129711727     
  0.499642726408714     
  0.927240506026512     
  0.990930176420643     
  0.997290848889843     
  0.985297058959398     
  0.994118303070075     
  0.993616211762227     
  0.998749635825866     
  0.999151454595648     
  0.998997424726372     
  0.997527350159773     
  0.994759082155756     
  0.997571263701040     
  0.998818999706741     
  0.999270218442126     
  0.999325672058120     
  0.999378489350223     
  0.999456198872999     
  0.999474015109326     
  0.999463649751736     
  0.999282111558047     
  0.998349485634736     
  0.997660556109552     
  0.999124500370831     
  0.999480714063836     
  0.999510308884589     
  0.999574461946634     
  0.999585704875778     
  0.999595769999287     
  0.999603432477120     
  0.999610746582135     
  0.999617542831196     
  0.999621830639054     
  0.999622370448973     
  0.999613123654701     
  0.999485326064851     
  0.994769786972707     
  0.997927866217325     
  0.999659181623855     
  0.995304640685479     
  0.987071042816525     
  0.998604057990771     
  0.999014687816141     
  0.999519575824051     
  0.999659652943949     
  0.999687636336052     
  0.999693205707696     
  0.999725090370090     
  0.999095172702039     
  0.991536971316998     
  0.998452027014804     
  0.999755870467830     
  0.999725891004323     
  0.999730983981115     
  0.999734534046517     
  0.999745073486639     
  0.999750046030041     
  0.999761084996623     
