  0.999488738291448     
  0.999487757715129     
  0.999478895544002     
  0.999482069296087     
  0.999472937171229     
  0.999430548494872     
  0.999390747821274     
  0.999380743437593     
  0.999447013013186     
  0.999388511169949     
  0.998792835139671     
  0.988405361145195     
  0.996413025105806     
  0.999012689534951     
  0.999285098042098     
  0.999228111394186     
  0.998834623322339     
  0.995744325481951     
  0.900119763186944     
  0.776589281615499     
  0.963347775903113     
  0.987858236835458     
  0.978076174376420     
  0.996680940368242     
  0.998855551320427     
  0.999176096541025     
  0.999325607903910     
  0.999343401744722     
  0.999349651580355     
  0.999351038908969     
  0.999346953675565     
  0.999201633960990     
  0.999113892505212     
  0.999330795811005     
  0.999330477381943     
  0.999323737137880     
  0.999316175350419     
  0.999308682937917     
  0.999299570183524     
  0.999273152568699     
  0.999280878644084     
  0.999272797074960     
  0.999221743627618     
  0.999212540319200     
  0.999241134108443     
  0.999224228094153     
  0.999216353207846     
  0.999200930896451     
  0.999177789158374     
  0.999087399369877     
  0.998617708098887     
  0.993060243350154     
  0.996294699482028     
  0.998923759289100     
  0.999111855204103     
  0.997185152749459     
  0.955691600236756     
  0.988291599972155     
  0.987791827874536     
  0.989920926160134     
  0.998907777637224     
  0.998734272183605     
  0.998940017099133     
  0.998965538300148     
  0.998949245146018     
  0.998930842517439     
  0.998911268414624     
  0.998890496515403     
  0.998868719319542     
  0.998846940294640     
  0.998823081345430     
  0.998724818302437     
  0.998775214256384     
  0.998737531613929     
  0.998721312963185     
  0.998666489547683     
  0.998076670653058     
  0.998556253872643     
  0.997920412893484     
  0.993200899993410     
  0.997719483045521     
  0.998420794201600     
  0.998453358756192     
  0.998417802214065     
  0.998273543336018     
  0.998336799326581     
  0.998269324748109     
  0.998027692658947     
  0.994897140840079     
  0.997299308792849     
  0.997805411689584     
  0.996976532539624     
  0.994459079369133     
  0.994544608410035     
  0.990068780697990     
  0.997411598720822     
  0.997731093691469     
  0.997710408728091     
  0.997621768380179     
  0.996984741843396     
  0.997214764752623     
  0.997413740327219     
  0.997335501555568     
  0.997246171332510     
  0.997147611707533     
  0.997024655794795     
  0.996872059505137     
  0.996761319392654     
  0.996070700934236     
  0.996570359289312     
  0.996445039889984     
  0.996319581909284     
  0.996168810247000     
  0.996008138603415     
  0.995835277502194     
  0.995642877236686     
  0.995431736579362     
  0.995191705181316     
  0.994903555154862     
  0.994538294867369     
  0.993984715777027     
  0.992130698547174     
  0.883910337045290     
  0.774256425613711     
  0.979510883523780     
  0.992131007575894     
  0.992109813960538     
  0.990453433464222     
  0.953229768821156     
  0.831932743724825     
  0.965070061720599     
  0.966164247114338     
  0.907689980869714     
  0.981219982912856     
  0.987433399785439     
  0.986615902661852     
  0.985536922413800     
  0.983390084626181     
  0.938522166022841     
  0.897852532304900     
  0.971960863213389     
  0.844789180533826     
  0.844837331451465     
  0.846720703358982     
  0.969005943630210     
  0.968536383317503     
  0.965165430692236     
  0.958612616892928     
  0.945698699016424     
  0.952197443238657     
  0.938364026514758     
  0.939904546181968     
  0.929629325669346     
  0.913188551499234     
  0.827239094415382     
  0.851216977604138     
  0.885726173734536     
  0.868158529304624     
  0.848191506396703     
  0.836983699861574     
  0.844183487234133     
  0.859888172539148     
  0.873135142490635     
  0.880940640221628     
  0.880183105391615     
  0.868760116851996     
  0.843252128258930     
  0.795680727931435     
  0.720026976422789     
  0.590432009697888     
  0.494232038319051     
  0.483547410906706     
  0.531491056393634     
  0.614217438461591     
  0.706201170503882     
  0.776614593767691     
  0.819243373760391     
  0.846176903716819     
  0.867263233173986     
  0.884926043270767     
  0.900506939252056     
  0.916051466846782     
  0.930785534682849     
  0.941303395628669     
  0.948241796785500     
  0.954569886366985     
  0.960544914066904     
  0.964655615864632     
  0.967558395780177     
  0.970260447037229     
  0.972706905810128     
  0.975011037965504     
  0.977046826317882     
  0.978932851882563     
  0.980677991646951     
  0.982375306814836     
  0.983907218753332     
  0.985424391374126     
  0.986775203842583     
  0.987973699410619     
  0.988977350146366     
  0.988589231268480     
  0.989747127400761     
  0.990923527879246     
  0.991939354064749     
  0.992418650036347     
  0.992920208550429     
  0.993407360159003     
  0.993768714158518     
  0.994071696087079     
  0.993967526723887     
  0.994553765365230     
  0.994959164554767     
  0.995212057075506     
  0.995381774334479     
  0.995701899089909     
  0.995911316219642     
  0.996087810520660     
  0.996155169363635     
  0.991242616615681     
  0.986856800745246     
  0.995807009263437     
  0.995795609224217     
  0.996912775308218     
  0.997104033471934     
  0.997111696512001     
  0.986597846453989     
  0.997034660442841     
  0.997514961813750     
  0.997481562416153     
  0.995898072614319     
  0.997529134151232     
  0.997717989513439     
  0.997568667546414     
  0.997378982023696     
  0.996974811902088     
  0.992743909241985     
  0.911633320085474     
  0.873562063226714     
  0.951314164754901     
  0.994978870505753     
  0.997414808401496     
  0.997875649200435     
  0.997954152673438     
  0.997834377616683     
  0.996417007678968     
  0.986020217473223     
  0.768685096030905     
  0.754084978926020     
  0.736425462894561     
  0.905551119306962     
  0.993838964295254     
  0.997764694197177     
  0.996755923244954     
  0.998278940571184     
  0.998655856746053     
  0.998752451153700     
  0.998808767120006     
  0.998850321249071     
  0.998844329891195     
  0.998596316313204     
  0.998721994821491     
  0.998070489292250     
  0.998991562325140     
  0.999040339777862     
  0.999065429516664     
  0.998891602378001     
  0.999099636992549     
  0.999133363819845     
  0.999152880636473     
  0.999171756732235     
  0.999189543070328     
  0.999204152768041     
  0.999198642643080     
  0.998813319142266     
  0.998976990547803     
  0.999245759965863     
  0.999258875373752     
  0.998776473553008     
  0.999152636634274     
  0.999314430635840     
  0.999336676316312     
  0.999340392370533     
  0.999091092369890     
  0.998143155998264     
  0.999285192852103     
  0.999388115038382     
  0.999400683525230     
  0.999391609916683     
  0.999263798827279     
  0.999379990511985     
  0.999365898589473     
  0.999318846809492     
  0.999426136318830     
  0.999420999255377     
  0.999405228399109     
  0.999371201133579     
  0.999297876951015     
  0.999147652036497     
  0.993229858955487     
  0.956943738189963     
  0.988671130027596     
  0.997989771434726     
  0.968782167832772     
  0.941950415428140     
  0.992764350544985     
  0.998968864524693     
  0.999182268157984     
  0.999325580571890     
  0.999334619362789     
  0.999066233302782     
  0.994360739086157     
  0.907812264779168     
  0.943636278241933     
  0.980957729448681     
  0.998514984894974     
  0.999383851981853     
  0.999338394241339     
  0.999559401672662     
  0.999610573281844     
  0.999623550846882     
  0.999633354922689     
  0.999641714655313     
  0.999648978406024     
  0.999654248976376     
  0.999632960785099     
  0.999632926308593     
  0.999671893733228     
  0.999675412814909     
  0.999667616085204     
  0.999427436647639     
  0.999631703604788     
  0.999652134234049     
  0.999579695712318     
  0.999636382725860     
  0.999593372039998     
  0.999387778751873     
  0.999687498657246     
  0.999708677378326     
  0.999710506367283     
  0.999685143254860     
  0.999707757225064     
  0.999671443465122     
  0.999372572480680     
  0.997526880860803     
  0.998276032574408     
  0.999545639747706     
  0.999688770868553     
  0.999608456993384     
  0.998590709383055     
  0.997189719699523     
  0.999542067450012     
  0.999716523584689     
  0.999739580741335     
  0.999721127749009     
  0.999747592821458     
  0.999673355328683     
  0.999751349725579     
  0.999756754802614     
  0.999758197448264     
  0.999760520866136     
  0.999761876226045     
  0.999763085398440     
  0.999762999094323     
  0.999727049332037     
  0.999723234701276     
  0.998927512933667     
  0.986146791917090     
  0.998876377218633     
  0.999682408050213     
  0.999768747082054     
  0.999776481481112     
  0.999779737517952     
  0.999780795805283     
  0.999747032805831     
  0.999757236389996     
  0.999752122592770     
  0.999731737670500     
  0.999147805915436     
  0.999365934881621     
  0.999655618003447     
  0.999695406278661     
  0.999788372567048     
  0.999787992633212     
  0.999781391087924     
  0.999689828153307     
  0.999668351650701     
  0.999330200578493     
  0.979613964012490     
  0.987802975632607     
  0.972355007817686     
  0.966040029350882     
  0.999484073854963     
  0.999602038365182     
  0.999521044302690     
  0.998327147243288     
  0.993623548795801     
  0.999315586199599     
  0.999713024918455     
  0.999780233599778     
  0.999768649489641     
  0.999671283552377     
  0.998540237795200     
  0.954774558231588     
  0.938039145512832     
  0.997362661578364     
  0.999433730552553     
  0.999187297219752     
  0.999722983638683     
  0.999793859250938     
  0.999802093057808     
  0.999809237628228     
  0.999813786756996     
  0.999813093620434     
  0.999815771991443     
  0.999796655346257     
  0.999678153437469     
  0.999480501230714     
  0.998834005935156     
  0.999733441232605     
  0.999823221276693     
  0.999824352167824     
  0.999822346786661     
  0.999806024656341     
  0.999526113498296     
  0.999773479096484     
  0.999821992225455     
  0.999826852851902     
  0.999828183321846     
  0.999828322143530     
  0.999820408858115     
  0.999827395951151     
  0.999829386981480     
  0.999832215563064     
  0.999564931150250     
  0.999187545844652     
  0.999822670262279     
  0.999761857549268     
  0.999594202566407     
  0.999362679961615     
  0.999149433367177     
  0.999820170420048     
  0.999785172214288     
  0.999352636513958     
  0.994175513878431     
  0.994158128308177     
  0.999343501541259     
  0.999737949515797     
  0.999652406554265     
  0.998555680603863     
  0.998556425631984     
  0.999658173161322     
  0.999797712690342     
  0.999796351195885     
  0.999790252443385     
  0.999661169493684     
  0.992825450915023     
  0.984460407120499     
  0.998994472627375     
  0.999768933531314     
  0.999124911412463     
  0.977666889779536     
  0.995472491956640     
  0.999708117819159     
  0.999805522980393     
  0.999711028899238     
  0.997710096045282     
  0.998555560439928     
  0.999788645322151     
  0.999770257999002     
  0.999810881810184     
  0.999822285352360     
  0.999820955035672     
  0.999818120604885     
  0.999814529924944     
  0.999806579550387     
  0.999611127478510     
  0.999751288922450     
  0.999770539740954     
  0.999745446356846     
  0.999469005948064     
  0.996563628972586     
  0.972797039941752     
  0.914417436884317     
  0.942020098251956     
  0.991598290789326     
  0.993733929088960     
  0.963726193206620     
  0.976385937663826     
  0.997605231048761     
  0.999353771472392     
  0.998445040917289     
  0.998170073358912     
  0.999635377599092     
  0.999398967523882     
  0.997208854013108     
  0.911383548496800     
  0.910528935054357     
  0.997481023475140     
  0.999317458982442     
  0.999689937700783     
  0.999748473685308     
  0.999757042004966     
  0.999748806478670     
  0.999541793137812     
  0.999113459228645     
  0.998767976577160     
  0.998776682270101     
  0.999113432444316     
  0.993018377470002     
  0.878467833545381     
  0.905215632781756     
  0.994792310417532     
  0.986332317343492     
  0.914718988701089     
  0.899152179294217     
  0.982189839703290     
  0.995194666015491     
  0.976330539975846     
  0.975962687022031     
  0.995730968565280     
  0.982199804018400     
  0.935109907712305     
  0.965281677818314     
  0.996612010185029     
  0.999147960246531     
  0.999349896920580     
  0.998896224119119     
  0.992779439757809     
  0.961493772457494     
  0.913091704483747     
  0.961910866556045     
  0.995909479114925     
  0.998316247161563     
  0.991948299976628     
  0.986934145367321     
  0.997629206158935     
  0.999501530218593     
  0.991601263539981     
  0.990538619353841     
  0.984296029546386     
  0.958626855872490     
  0.990327572018499     
  0.998499776895048     
  0.999672159576495     
  0.999609345146456     
  0.999355435062826     
  0.999753652229839     
  0.999759637409456     
  0.999763302254729     
  0.999776459976711     
  0.999719596331336     
  0.999616283299896     
  0.999615932807030     
  0.999731297791494     
  0.999774332813800     
  0.999775748066290     
  0.999773104885771     
  0.999638073671030     
  0.999728127235148     
  0.999770383122926     
  0.999760924248515     
  0.999768265221889     
  0.999766231163986     
  0.999755688678118     
  0.999757871883729     
  0.999759917252791     
  0.999756399523475     
  0.999753667040688     
  0.999748793240773     
  0.999737385291566     
  0.999713555480384     
  0.999357275540480     
  0.992071015657468     
  0.996121038622729     
  0.999394747600513     
  0.980749423930388     
  0.958618272634374     
  0.998850285975876     
  0.999657066636497     
  0.999620689648266     
  0.998828617507264     
  0.992209509632773     
  0.955143030078215     
  0.970726582241151     
  0.996336263966345     
  0.999307950581052     
  0.999585834958588     
  0.999278231002807     
  0.999165423079742     
  0.999540521304983     
  0.999642868319300     
  0.994553088151098     
  0.998131781225569     
  0.996116592751480     
  0.997065294572298     
  0.999653823685560     
  0.999653080269064     
  0.999641994921875     
  0.999653855183667     
  0.999649286745889     
  0.999643937700597     
  0.999638172883749     
  0.999629729226568     
  0.999611165770809     
  0.999604823706746     
  0.999543824424257     
  0.999568333635091     
  0.999587306085220     
  0.999582825740745     
  0.998971767273656     
  0.999546368520669     
  0.999512325311552     
  0.999319657949467     
  0.999424967211412     
  0.999405605999599     
  0.998397484193081     
  0.991160347036928     
  0.974422648422104     
  0.998157071271542     
  0.999295938656835     
  0.999233414439720     
  0.997359152845391     
  0.994540460359132     
  0.997776865376254     
  0.996302250924499     
  0.950580191313226     
  0.973674858704870     
  0.785554629028808     
  0.980670670229998     
  0.997996898332024     
  0.999145324858270     
  0.999230845131252     
  0.999221147622787     
  0.999164717513443     
  0.998864901925399     
  0.995919195990162     
  0.935643795060163     
  0.935687772932384     
  0.995652724292893     
  0.996201109745618     
  0.987961066962187     
  0.996285686541296     
  0.998807745218484     
  0.999061801400946     
  0.999064345948252     
  0.999040984238898     
  0.999022162017399     
  0.999003989558873     
  0.998977623749409     
  0.998950517182850     
  0.998911830383002     
  0.998888970408780     
  0.998849653761779     
  0.998786375108358     
  0.998557617809626     
  0.998148908124455     
  0.998471628357797     
  0.998627732728085     
  0.998579231100100     
  0.997977106018638     
  0.998519700368115     
  0.998466643599255     
  0.998148843266466     
  0.998235586210805     
  0.998278035061381     
  0.998136161166688     
  0.996825135311760     
  0.986132948202561     
  0.989269206751692     
  0.952475878134983     
  0.965654532593505     
  0.995135053538185     
  0.988953221806000     
  0.976351222368845     
  0.993487246043407     
  0.989948628721574     
  0.991375785279122     
  0.994038398585393     
  0.996581292941595     
  0.996889852460521     
  0.996734691963753     
  0.996571969963732     
  0.996388270973630     
  0.996161647099949     
  0.995993908624883     
  0.995770779726507     
  0.995505871832855     
  0.995267203774853     
  0.995029048681133     
  0.991449137541454     
  0.986052076026144     
  0.993988105576845     
  0.993608119210353     
  0.993178539604953     
  0.992708726252681     
  0.992510273941583     
  0.992131563924577     
  0.991703759622606     
  0.991222797739227     
  0.990725460058396     
  0.990213313254825     
  0.989623571181495     
  0.988954619800286     
  0.988304485845066     
  0.987458996206871     
  0.986623593394001     
  0.985663470205192     
  0.984399966707051     
  0.979173930292554     
  0.973781714271012     
  0.977520618644330     
  0.979208066024212     
  0.977948533579437     
  0.976022201013321     
  0.974462395721996     
  0.972860358092597     
  0.970910519152680     
  0.969117858211501     
  0.967233547877748     
  0.965380150803819     
  0.963721653212099     
  0.962147362211615     
  0.960444294542010     
  0.958917930931581     
  0.958706522517771     
  0.960079351925438     
  0.961789701096104     
  0.963401891104542     
  0.965046053516332     
  0.966833939908309     
  0.968317195880579     
  0.969834793629814     
  0.972299764169658     
  0.974147800704321     
  0.975933400164261     
  0.977626346314328     
  0.979092802906011     
  0.980632480884440     
  0.981967951596281     
  0.983132199186054     
  0.984350974956278     
  0.985287319917654     
  0.986399582012558     
  0.987018950573230     
  0.987300689955642     
  0.988464227205919     
  0.989496754149234     
  0.989933835545992     
  0.988259957450410     
  0.975992548829250     
  0.985152864779459     
  0.989500037950905     
  0.992397276418203     
  0.992650203304823     
  0.993233438070775     
  0.993601708930064     
  0.993982935296436     
  0.994316069078635     
  0.994397350573250     
  0.994073229144037     
  0.985115487263855     
  0.966601111673279     
  0.989719293843044     
  0.995382175387981     
  0.996102024043907     
  0.996364945390065     
  0.996510994876102     
  0.996248264145974     
  0.992546473161617     
  0.993296457372715     
  0.996800068427993     
  0.997150108194011     
  0.997320629602759     
  0.997562139947102     
  0.997665029612752     
  0.997761955930344     
  0.997853204374824     
  0.997937293994891     
  0.998019170971852     
  0.998094697428655     
  0.998164733301368     
  0.998217071201738     
  0.998121305158375     
  0.998353611333384     
  0.998410938750643     
  0.998460709482182     
  0.998513294130747     
  0.998557177619818     
  0.997826725805030     
  0.998402842445605     
  0.998688257843425     
  0.998729103324367     
  0.998763926363242     
  0.998795837401927     
  0.998824763784556     
  0.998851047422115     
  0.998874316213263     
  0.998892690711167     
  0.998904658285606     
  0.998890801117866     
  0.998719913216350     
  0.998762869224376     
  0.998430221797667     
  0.998655406085315     
  0.998729770163444     
  0.998548266682719     
  0.998145240020517     
  0.996437837905997     
  0.974228822232767     
  0.754162725434404     
  0.495638719587051     
  0.928781129361935     
  0.991356031937105     
  0.997276061443275     
  0.985095889351313     
  0.994056345479887     
  0.993545225500343     
  0.998749831755852     
  0.999162507542763     
  0.999019764742224     
  0.997568911649900     
  0.994778132949450     
  0.997610280607228     
  0.998858895664001     
  0.999292908671289     
  0.999340879148521     
  0.999392085134743     
  0.999469043065793     
  0.999486511063162     
  0.999477900640583     
  0.999311303809053     
  0.998410842432136     
  0.997717603000468     
  0.999163537385125     
  0.999496071782674     
  0.999520457552351     
  0.999584992447200     
  0.999595919536164     
  0.999605700457430     
  0.999613172128510     
  0.999620227706926     
  0.999626749009908     
  0.999630811414274     
  0.999631039143018     
  0.999621286937516     
  0.999491071674107     
  0.994712629560984     
  0.997909736090483     
  0.999644906167399     
  0.995148793166644     
  0.986737543195686     
  0.998579277568055     
  0.999042321774873     
  0.999538304180366     
  0.999668385039654     
  0.999694469948537     
  0.999699334132452     
  0.999725603790861     
  0.999055760643086     
  0.991315686501561     
  0.998394171834921     
  0.999753636684307     
  0.999731135996398     
  0.999736961611520     
  0.999740468047687     
  0.999750893674002     
  0.999755597549134     
  0.999765002348282     
