  0.999490769893893     
  0.999489711608110     
  0.999480707121215     
  0.999483892501093     
  0.999475049609216     
  0.999433444216653     
  0.999393686593172     
  0.999383872177224     
  0.999449028360744     
  0.999386090084100     
  0.998745470452159     
  0.988303110363706     
  0.996302450808834     
  0.998989782074131     
  0.999287235307503     
  0.999231982759939     
  0.998826344377453     
  0.995598720711971     
  0.900891713164012     
  0.778750225184287     
  0.963283087668519     
  0.987715216829319     
  0.977951321079910     
  0.996553143631009     
  0.998828979481344     
  0.999176990461076     
  0.999327951614271     
  0.999345969966284     
  0.999352192356805     
  0.999353546917217     
  0.999349344246072     
  0.999205712306193     
  0.999119207554719     
  0.999333175932846     
  0.999332952319143     
  0.999326258025936     
  0.999318697614538     
  0.999311252811583     
  0.999302151529968     
  0.999276122838718     
  0.999283561098485     
  0.999275476097400     
  0.999224793310117     
  0.999215582082050     
  0.999243910853337     
  0.999227185529815     
  0.999219207116892     
  0.999203808274137     
  0.999180578439839     
  0.999087675458997     
  0.998603996835274     
  0.993070596984515     
  0.996281775623737     
  0.998918395219730     
  0.999121550944593     
  0.997268832285465     
  0.956141978795122     
  0.988455564291975     
  0.987920205627746     
  0.990014890375504     
  0.998917021310213     
  0.998742964912418     
  0.998944628846038     
  0.998969365653012     
  0.998953184413319     
  0.998934875717684     
  0.998915374433296     
  0.998894702847538     
  0.998872995811317     
  0.998851284774601     
  0.998827552222962     
  0.998731321633757     
  0.998779869970898     
  0.998742561598393     
  0.998725923054048     
  0.998669226150392     
  0.998078725125552     
  0.998557692916681     
  0.997933113361653     
  0.993302143414909     
  0.997735458076454     
  0.998427743423573     
  0.998459278765487     
  0.998423850810591     
  0.998282487622987     
  0.998342959930709     
  0.998273885523737     
  0.998022361938992     
  0.994890176551320     
  0.997302758923469     
  0.997800782937992     
  0.996927999349977     
  0.994360918577998     
  0.994422781232224     
  0.990011405386963     
  0.997388053419311     
  0.997735891980246     
  0.997718549335154     
  0.997628750228984     
  0.996991005483750     
  0.997225186710528     
  0.997422780848820     
  0.997345910123290     
  0.997256777011680     
  0.997158256406978     
  0.997034391701966     
  0.996880467702241     
  0.996769820232022     
  0.996109567691766     
  0.996583085348511     
  0.996458487968837     
  0.996333776825465     
  0.996183698113045     
  0.996023694718829     
  0.995851556574098     
  0.995660104430831     
  0.995449818358047     
  0.995210854298290     
  0.994924222365950     
  0.994561136630652     
  0.994013594890275     
  0.992203635284186     
  0.885340147320180     
  0.777078955262376     
  0.979744782000524     
  0.992173840836956     
  0.992137624364144     
  0.990426745984577     
  0.953417390555223     
  0.833532673310530     
  0.965089799672911     
  0.966287583032069     
  0.908563180468480     
  0.981232769036901     
  0.987460761682656     
  0.986662512924071     
  0.985581501253437     
  0.983393791478928     
  0.938982880504817     
  0.898830431995093     
  0.971953076132217     
  0.846978129380638     
  0.846572765866656     
  0.848479172926279     
  0.969155822426574     
  0.968627559400197     
  0.965217194010813     
  0.958561583819530     
  0.945669324863303     
  0.952265856806764     
  0.938582480590700     
  0.940059119557695     
  0.929793774403626     
  0.913492612779225     
  0.828626326011529     
  0.852128253894920     
  0.885893796168198     
  0.868268008244274     
  0.848296857037398     
  0.837106287224780     
  0.844310324893446     
  0.860013391381595     
  0.873266433230524     
  0.881069796588313     
  0.880316873022197     
  0.868888585290479     
  0.843330678452455     
  0.795616779187984     
  0.719678808727969     
  0.590101554710182     
  0.494237847861690     
  0.483590924491623     
  0.531320966017238     
  0.613946432426794     
  0.705921117808001     
  0.776464196844031     
  0.819204853696924     
  0.846195686047493     
  0.867309882313296     
  0.885007862004269     
  0.900628359380003     
  0.916198068156320     
  0.930941636109883     
  0.941457918403954     
  0.948390767093872     
  0.954710525031636     
  0.960676569017893     
  0.964778141468304     
  0.967672399202836     
  0.970366215787126     
  0.972805822046181     
  0.975101698297627     
  0.977131069050151     
  0.979010899076101     
  0.980750106116877     
  0.982442152749676     
  0.983970866641247     
  0.985482082666417     
  0.986828216760953     
  0.988023011387765     
  0.989026921383073     
  0.988646115296077     
  0.989797463063373     
  0.990966145149257     
  0.991974552561646     
  0.992452130654553     
  0.992950558521277     
  0.993434280133801     
  0.993792738596863     
  0.994093329384051     
  0.993994248428892     
  0.994574389820088     
  0.994977849012604     
  0.995231357742832     
  0.995402004770630     
  0.995719676259309     
  0.995928300168165     
  0.996103945973487     
  0.996169715098241     
  0.991339017404824     
  0.987034954651193     
  0.995819162854622     
  0.995808611674281     
  0.996922116975546     
  0.997115202043307     
  0.997120602960952     
  0.986814455924379     
  0.997046137880216     
  0.997524764624274     
  0.997495342225471     
  0.995927327138573     
  0.997542363857460     
  0.997727720029313     
  0.997580566493464     
  0.997388639760307     
  0.996961756004348     
  0.992551545068935     
  0.912127591051413     
  0.874410871234144     
  0.951318282164630     
  0.994858901765837     
  0.997415749811720     
  0.997884273179960     
  0.997962762591749     
  0.997840332033018     
  0.996354475987213     
  0.985489204324502     
  0.769893396029005     
  0.755260945989951     
  0.738002654926510     
  0.905599763606102     
  0.993594745919105     
  0.997749315382038     
  0.996786599356010     
  0.998283750640050     
  0.998660155556954     
  0.998757244635940     
  0.998813366492664     
  0.998854519467424     
  0.998847800627087     
  0.998601250341646     
  0.998727499186417     
  0.998085308535136     
  0.998995502220739     
  0.999043888044496     
  0.999068809434978     
  0.998904111766438     
  0.999103128585346     
  0.999136447140096     
  0.999155900592742     
  0.999174721892920     
  0.999192444211546     
  0.999206751453699     
  0.999200089965961     
  0.998815407621561     
  0.998981875131649     
  0.999247880889363     
  0.999259681645675     
  0.998775892736278     
  0.999151634412755     
  0.999315902707268     
  0.999338862524688     
  0.999342085027151     
  0.999094767887654     
  0.998162607160575     
  0.999287149883958     
  0.999390050749591     
  0.999402807966304     
  0.999393984276554     
  0.999267831904424     
  0.999382567553043     
  0.999370397634825     
  0.999325772235073     
  0.999428443041029     
  0.999423556237461     
  0.999408021341874     
  0.999374565334483     
  0.999303007316584     
  0.999167232772395     
  0.993380112939423     
  0.957613062369973     
  0.988894609663480     
  0.998074656660197     
  0.969351963680106     
  0.942869113823502     
  0.992960435143784     
  0.998996674996735     
  0.999189096034271     
  0.999330033010420     
  0.999338081794043     
  0.999056632350531     
  0.994295962626585     
  0.908678380634954     
  0.944070755002399     
  0.981114100188884     
  0.998504578343766     
  0.999382705955311     
  0.999345528384441     
  0.999561455874012     
  0.999611828933500     
  0.999624741094209     
  0.999634425708296     
  0.999642762659438     
  0.999649942212588     
  0.999655062828479     
  0.999634131729709     
  0.999634338179149     
  0.999672681076917     
  0.999676097424939     
  0.999667322875895     
  0.999425958137267     
  0.999630197841284     
  0.999653863015067     
  0.999581374832496     
  0.999633994843468     
  0.999592743996488     
  0.999401251871505     
  0.999688132579197     
  0.999709182540883     
  0.999710996998902     
  0.999686225416765     
  0.999707975038894     
  0.999669363054230     
  0.999357829641906     
  0.997495562636259     
  0.998248229745260     
  0.999536470263174     
  0.999687522521437     
  0.999604339035807     
  0.998581413924414     
  0.997192061498355     
  0.999534287727906     
  0.999715882185721     
  0.999739890322485     
  0.999721853877426     
  0.999748058424033     
  0.999675395489320     
  0.999751685681737     
  0.999757017441241     
  0.999758462256945     
  0.999760789648299     
  0.999762128365411     
  0.999763320576418     
  0.999763266803973     
  0.999728914372830     
  0.999726753435742     
  0.998951395916338     
  0.986305727421421     
  0.998900857960723     
  0.999687420690584     
  0.999769065380219     
  0.999776618947245     
  0.999779894351491     
  0.999780924586120     
  0.999748113855499     
  0.999760860094291     
  0.999750742024782     
  0.999729956582710     
  0.999154437156671     
  0.999369356418610     
  0.999660803117463     
  0.999700834165253     
  0.999788423963346     
  0.999788075887004     
  0.999781287332746     
  0.999690757268721     
  0.999672093384966     
  0.999355540986618     
  0.979856813649323     
  0.987963363158729     
  0.972679479579552     
  0.966699324114528     
  0.999468707700812     
  0.999600897689449     
  0.999516731511020     
  0.998304757557210     
  0.993599305256750     
  0.999295485297759     
  0.999710230581185     
  0.999780095904408     
  0.999768675120158     
  0.999666871270816     
  0.998498141617383     
  0.955189021595760     
  0.938659823830542     
  0.997314597397573     
  0.999425929728867     
  0.999188057525973     
  0.999721370293284     
  0.999793294879964     
  0.999801808266183     
  0.999808972601765     
  0.999813564840213     
  0.999812844647523     
  0.999815403461430     
  0.999794666619027     
  0.999670750859357     
  0.999472608320874     
  0.998841544811694     
  0.999734583709208     
  0.999823440095238     
  0.999824067767203     
  0.999821842459785     
  0.999804703046535     
  0.999525037211390     
  0.999772524053249     
  0.999821350856399     
  0.999826436707842     
  0.999827806278515     
  0.999827908312012     
  0.999821767474976     
  0.999827287588821     
  0.999828957036432     
  0.999832110625730     
  0.999568203145347     
  0.999194646178961     
  0.999822480687539     
  0.999760156527348     
  0.999593588465509     
  0.999370465667676     
  0.999163029052739     
  0.999819207673370     
  0.999781759318737     
  0.999316521266726     
  0.994063264709060     
  0.994046132174607     
  0.999307673424738     
  0.999733846923484     
  0.999643366973244     
  0.998534010126901     
  0.998534909906258     
  0.999649352623910     
  0.999795979989748     
  0.999796027644854     
  0.999789985803365     
  0.999661444402005     
  0.992951418790275     
  0.984755597579460     
  0.999004294668146     
  0.999769956011554     
  0.999139021917674     
  0.977864936667101     
  0.995519273293465     
  0.999712709783402     
  0.999804700528768     
  0.999710092704644     
  0.997742901425240     
  0.998570980903781     
  0.999786780328329     
  0.999771205287914     
  0.999810428616370     
  0.999821304463186     
  0.999819916976067     
  0.999817035452208     
  0.999813384062673     
  0.999805238246046     
  0.999613049084902     
  0.999750251606643     
  0.999768857088188     
  0.999742780993002     
  0.999447935596359     
  0.996335281882326     
  0.971932045943768     
  0.913208299691516     
  0.940911102606995     
  0.991091491102997     
  0.993542602392774     
  0.963649855920593     
  0.976263006847122     
  0.997513798581036     
  0.999340498725236     
  0.998453231191028     
  0.998181108664420     
  0.999633405550178     
  0.999383396250725     
  0.997072525799736     
  0.912123589637863     
  0.911281364163874     
  0.997341083041070     
  0.999301377955991     
  0.999687400728196     
  0.999746944805573     
  0.999755633844175     
  0.999747136942269     
  0.999541544073248     
  0.999113732047633     
  0.998753476374996     
  0.998760596825540     
  0.999085567705785     
  0.992888998597139     
  0.879448518112758     
  0.905912347446731     
  0.994570502373031     
  0.985557723550961     
  0.913344886925923     
  0.897816640372793     
  0.981298486989304     
  0.994974155993602     
  0.976222466806073     
  0.975858110673978     
  0.995599630755110     
  0.981943663371167     
  0.934864314574342     
  0.965012731775608     
  0.996491260124840     
  0.999130047557904     
  0.999343259253353     
  0.998866113410350     
  0.992612547333725     
  0.961130072641676     
  0.912730160568529     
  0.961523552292796     
  0.995755936898896     
  0.998271870853528     
  0.991914388406338     
  0.986924877790986     
  0.997587301937234     
  0.999498697556884     
  0.991688997891397     
  0.990517407803784     
  0.983877860356934     
  0.958093986956782     
  0.989967632094086     
  0.998425393062499     
  0.999663468340200     
  0.999607834404539     
  0.999358755721099     
  0.999750640709464     
  0.999757935240073     
  0.999761439560362     
  0.999773383568228     
  0.999716340007023     
  0.999610627702561     
  0.999610240792603     
  0.999727712294240     
  0.999771081108683     
  0.999772595797803     
  0.999769825934021     
  0.999636888704594     
  0.999725267823784     
  0.999766979629668     
  0.999757685031493     
  0.999764817062780     
  0.999762743283194     
  0.999752328972283     
  0.999754353950877     
  0.999756291637404     
  0.999752688661490     
  0.999749918410378     
  0.999744954712914     
  0.999733305629397     
  0.999708706123451     
  0.999359577094574     
  0.992156833737471     
  0.996165737561622     
  0.999399725790452     
  0.980904682347518     
  0.958966678458596     
  0.998855169045278     
  0.999652480900118     
  0.999612090349270     
  0.998760005119978     
  0.991841223612616     
  0.954507427088731     
  0.970141329646190     
  0.996109010151033     
  0.999275232542569     
  0.999574616129336     
  0.999260884201306     
  0.999147086611751     
  0.999528135884990     
  0.999636362596477     
  0.994796140508300     
  0.998197566318881     
  0.996281487940984     
  0.997183536772928     
  0.999648053549577     
  0.999647182813872     
  0.999636138595414     
  0.999647454726829     
  0.999642731417361     
  0.999637237884616     
  0.999631318326814     
  0.999622595325255     
  0.999603363234095     
  0.999596826721703     
  0.999536714459740     
  0.999560908842161     
  0.999579404167774     
  0.999574545216796     
  0.998977438558217     
  0.999537590535651     
  0.999502104972944     
  0.999308103683834     
  0.999413524415503     
  0.999391083126575     
  0.998361458310955     
  0.991069531248861     
  0.974629262242112     
  0.998103416280387     
  0.999277618276252     
  0.999211585562176     
  0.997310591459654     
  0.994480482619182     
  0.997736631757537     
  0.996252724388872     
  0.951086677270188     
  0.973385031437878     
  0.787436997134362     
  0.980368709000957     
  0.997904572230492     
  0.999129137641162     
  0.999218172617174     
  0.999208318847950     
  0.999151590527721     
  0.998842433755717     
  0.995847580929978     
  0.936511930936058     
  0.936550009869083     
  0.995561407775387     
  0.996086174795127     
  0.987810430286423     
  0.996172822708722     
  0.998768559866098     
  0.999041371880511     
  0.999045123115927     
  0.999020735612858     
  0.999001204598284     
  0.998982287315750     
  0.998955180429485     
  0.998927359273546     
  0.998888027116611     
  0.998864240302216     
  0.998824422583623     
  0.998757991322659     
  0.998520561248133     
  0.998106790722675     
  0.998432678559382     
  0.998595174783972     
  0.998547673860335     
  0.997955456384570     
  0.998485827424732     
  0.998432042229498     
  0.998115420309723     
  0.998199425254061     
  0.998239007266331     
  0.998092018596406     
  0.996771378603222     
  0.986145226295591     
  0.988890015726064     
  0.951999081077896     
  0.965367613124200     
  0.994938565686764     
  0.988764004972611     
  0.976153812657142     
  0.993333650931369     
  0.989943256731835     
  0.991381489942331     
  0.994013461065237     
  0.996520276335995     
  0.996817895786802     
  0.996658242782659     
  0.996491523659813     
  0.996303687560512     
  0.996073507720010     
  0.995899665011054     
  0.995671248448596     
  0.995404895374966     
  0.995156348569703     
  0.994916762453238     
  0.991378456989319     
  0.986030721835860     
  0.993858446769572     
  0.993459608743413     
  0.993021554617102     
  0.992547360929564     
  0.992335642560988     
  0.991947472434328     
  0.991509348671504     
  0.991016814526288     
  0.990508063133331     
  0.989984603698856     
  0.989381267071264     
  0.988696102349073     
  0.988030533734825     
  0.987167970337386     
  0.986314556116295     
  0.985332401429726     
  0.984040144341433     
  0.978825721362742     
  0.973395904412343     
  0.977048405106393     
  0.978725178041941     
  0.977444333189002     
  0.975490067430680     
  0.973884215634102     
  0.972243478160286     
  0.970249705553060     
  0.968414375690260     
  0.966484444994005     
  0.964584438965126     
  0.962881313443516     
  0.961264084657256     
  0.959522663199820     
  0.957969699841939     
  0.957755519935465     
  0.959150179098324     
  0.960896988010494     
  0.962552318884347     
  0.964241038852036     
  0.966074416605020     
  0.967604405589413     
  0.969168704113274     
  0.971670542604405     
  0.973559343536068     
  0.975384724530130     
  0.977115272611718     
  0.978614575741448     
  0.980188165639463     
  0.981553509461792     
  0.982744112889930     
  0.983990681484923     
  0.984953893869160     
  0.986088773932802     
  0.986732055941830     
  0.987038501871791     
  0.988214131797770     
  0.989254266740538     
  0.989690694233693     
  0.987960508445141     
  0.975656931282245     
  0.984843006545349     
  0.989336849685980     
  0.992220738527377     
  0.992487357277769     
  0.993075166314223     
  0.993451989593152     
  0.993842042226988     
  0.994182991806330     
  0.994270483422954     
  0.993909765434457     
  0.984844703666749     
  0.966316000210838     
  0.989480752228226     
  0.995256988382030     
  0.996009896864984     
  0.996279909170053     
  0.996426951509171     
  0.996142957651240     
  0.992407009234750     
  0.993162330367446     
  0.996709246879497     
  0.997087727164422     
  0.997264021669005     
  0.997505263520061     
  0.997610504458074     
  0.997709779355344     
  0.997803212508343     
  0.997889762104841     
  0.997973213048326     
  0.998050610383371     
  0.998122337439769     
  0.998176482243321     
  0.998085989835813     
  0.998315915921331     
  0.998374690415331     
  0.998426728874687     
  0.998480156049800     
  0.998524496037519     
  0.997809212402278     
  0.998377157759025     
  0.998659214903305     
  0.998701370130821     
  0.998737266027973     
  0.998770161690501     
  0.998800070174725     
  0.998827359669606     
  0.998851599055222     
  0.998870941816777     
  0.998883787392278     
  0.998869977360969     
  0.998699000709887     
  0.998743936729925     
  0.998418829309895     
  0.998643978144343     
  0.998719097347163     
  0.998541448009090     
  0.998144125805321     
  0.996395831072981     
  0.973874213162788     
  0.754677232023789     
  0.498618290157274     
  0.927634678801979     
  0.991039132743650     
  0.997287065480434     
  0.985245589150937     
  0.994102451046277     
  0.993598049727100     
  0.998749685955058     
  0.999154282523394     
  0.999003140482718     
  0.997537983785157     
  0.994763956355763     
  0.997581246287895     
  0.998829207201424     
  0.999276023802245     
  0.999329562835836     
  0.999381967870785     
  0.999459485096750     
  0.999477212235213     
  0.999467295882920     
  0.999289580480262     
  0.998365183949996     
  0.997675151723128     
  0.999134488105130     
  0.999484643381198     
  0.999512905451024     
  0.999577156206174     
  0.999588318326755     
  0.999598310736346     
  0.999605924395761     
  0.999613172356042     
  0.999619898259395     
  0.999624128397154     
  0.999624588360228     
  0.999615212255036     
  0.999486796096200     
  0.994755163076896     
  0.997923227569662     
  0.999655529205130     
  0.995264766625978     
  0.986985715927142     
  0.998597717844193     
  0.999021758048594     
  0.999524367531185     
  0.999661887077330     
  0.999689384736742     
  0.999694773683967     
  0.999725221730337     
  0.999085089005132     
  0.991480354913291     
  0.998437224587787     
  0.999755298947352     
  0.999727232951837     
  0.999732513376465     
  0.999736052279233     
  0.999746562599777     
  0.999751466403598     
  0.999762087263338     
