  0.999466195665939     
  0.999466077359316     
  0.999458794327331     
  0.999461839064001     
  0.999449497625362     
  0.999398417666430     
  0.999358139320433     
  0.999346027072719     
  0.999424650807380     
  0.999415375420632     
  0.999318391253719     
  0.989539930203301     
  0.997639951040797     
  0.999266869304427     
  0.999261383083231     
  0.999185154982962     
  0.998926485901704     
  0.997359945134919     
  0.891554266125994     
  0.752611626282757     
  0.964065551060485     
  0.989445174343519     
  0.979461535311807     
  0.998098960988549     
  0.999150389871600     
  0.999166177693555     
  0.999299602336686     
  0.999314905033719     
  0.999321459406630     
  0.999323210336824     
  0.999320428188044     
  0.999156381140474     
  0.999054917384757     
  0.999304386287590     
  0.999303015808970     
  0.999295765709864     
  0.999288188663335     
  0.999280167991521     
  0.999270927946367     
  0.999240194904054     
  0.999251114547413     
  0.999243071068162     
  0.999187904846332     
  0.999178789423217     
  0.999210323816783     
  0.999191412897828     
  0.999184686734130     
  0.999169004027998     
  0.999146839798681     
  0.999084335935717     
  0.998769845698390     
  0.992945361405664     
  0.996438100104429     
  0.998983277942644     
  0.999004273215361     
  0.996256661711700     
  0.950694293396011     
  0.986472286551614     
  0.986367375920460     
  0.988878319748502     
  0.998805211894332     
  0.998637819626702     
  0.998888846214192     
  0.998923070886382     
  0.998905535971132     
  0.998886091100453     
  0.998865709037799     
  0.998843824101069     
  0.998821268447493     
  0.998798735059014     
  0.998773473651088     
  0.998652659052351     
  0.998723555691827     
  0.998681720267100     
  0.998670160657499     
  0.998636124962072     
  0.998053874803681     
  0.998540286647408     
  0.997779492137714     
  0.992077532309200     
  0.997542228778488     
  0.998343687690372     
  0.998387672103050     
  0.998350688814471     
  0.998174300258136     
  0.998268443164024     
  0.998218719803817     
  0.998086840645686     
  0.994974414378333     
  0.997261027253048     
  0.997856770808147     
  0.997515040830498     
  0.995548238837897     
  0.995896361784659     
  0.990705397651815     
  0.997672849286984     
  0.997677853546299     
  0.997620083411351     
  0.997544300263497     
  0.996915242737543     
  0.997099126480153     
  0.997313430003608     
  0.997220011928170     
  0.997128494665043     
  0.997029502120724     
  0.996916629857211     
  0.996778765362155     
  0.996666997351782     
  0.995639450467044     
  0.996429155914312     
  0.996295825309882     
  0.996162080761328     
  0.996003620449851     
  0.995835534228611     
  0.995654651546607     
  0.995451731358964     
  0.995231108642375     
  0.994979234565061     
  0.994674240470751     
  0.994284852346365     
  0.993664285482801     
  0.991321423959816     
  0.868045783778780     
  0.742938873670388     
  0.976915649385037     
  0.991655748789720     
  0.991801242207404     
  0.990749545655301     
  0.951148003591303     
  0.814180660250037     
  0.964851058513005     
  0.964795769291263     
  0.898001368460539     
  0.981078114124230     
  0.987129805217773     
  0.986098737573905     
  0.985042297167446     
  0.983348955188578     
  0.933410304045257     
  0.887002240213555     
  0.972047264777647     
  0.820501699926658     
  0.825581826173453     
  0.827209617760450     
  0.967342965122236     
  0.967524740427538     
  0.964591091729282     
  0.959178853252055     
  0.946024619234348     
  0.951438362439531     
  0.935940176320796     
  0.938189482780403     
  0.927804691149316     
  0.909814852496637     
  0.811847130163741     
  0.841105956796133     
  0.883866327969744     
  0.866943811978819     
  0.847022594759802     
  0.835623539658874     
  0.842776168610922     
  0.858498815851300     
  0.871678415980014     
  0.879507595961642     
  0.878698897700944     
  0.867334706368716     
  0.842380581644046     
  0.796390265276074     
  0.723890037469436     
  0.594098539945958     
  0.494167579091483     
  0.483064610513509     
  0.533378275489527     
  0.617224355312964     
  0.709308462667050     
  0.778283304887844     
  0.819670768420864     
  0.845968506766354     
  0.866745643725500     
  0.884018234426397     
  0.899159738823579     
  0.914424872574394     
  0.929053533748017     
  0.939588910958789     
  0.946588919240438     
  0.953009451834448     
  0.959084157424825     
  0.963296152902461     
  0.966293489716569     
  0.969086907808292     
  0.971609397847823     
  0.974005132282108     
  0.976112126277695     
  0.978066893596661     
  0.979877859050559     
  0.981633630485068     
  0.983201025951123     
  0.984784289009688     
  0.986187009623123     
  0.987426568399650     
  0.988427342729902     
  0.987958086469153     
  0.989188638753335     
  0.990450677150103     
  0.991548816845522     
  0.992047173273424     
  0.992583467290723     
  0.993108675738030     
  0.993502156582270     
  0.993831668938266     
  0.993671042432289     
  0.994324931725316     
  0.994751855747308     
  0.994997911337528     
  0.995157312652574     
  0.995504657073488     
  0.995722875244228     
  0.995908783867369     
  0.995993781061729     
  0.990173027831266     
  0.984880143090643     
  0.995672162476715     
  0.995651344201429     
  0.996809127500891     
  0.996980115809812     
  0.997012877606157     
  0.984194519991443     
  0.996907315960919     
  0.997406197687255     
  0.997328672745265     
  0.995573488062747     
  0.997382348064936     
  0.997610027633055     
  0.997436646557617     
  0.997271827705538     
  0.997119669379414     
  0.994878222894841     
  0.906149300014452     
  0.864144397217600     
  0.951268481349094     
  0.996309942837348     
  0.997404363305680     
  0.997779964827839     
  0.997858624342239     
  0.997768312497241     
  0.997110805705181     
  0.991911882164388     
  0.755278843648134     
  0.741037468807186     
  0.718926313927745     
  0.905011404655921     
  0.996548596984970     
  0.997935323974986     
  0.996415568248121     
  0.998225572317654     
  0.998608160971446     
  0.998699266962916     
  0.998757736610834     
  0.998803741601807     
  0.998805821745142     
  0.998541572813644     
  0.998660923404749     
  0.997906068530519     
  0.998947848861646     
  0.999000971482061     
  0.999027929070375     
  0.998752809819605     
  0.999060897533617     
  0.999099154183040     
  0.999119374037393     
  0.999138858103487     
  0.999157354751066     
  0.999175320218469     
  0.999182584526791     
  0.998790147373210     
  0.998922795890046     
  0.999222228239941     
  0.999249929758908     
  0.998782917733972     
  0.999163756309761     
  0.999298097967310     
  0.999312420288192     
  0.999321612315099     
  0.999050312446458     
  0.997927345132209     
  0.999263479568004     
  0.999366638313647     
  0.999377112848892     
  0.999365266398974     
  0.999219051858534     
  0.999351398264380     
  0.999315981735845     
  0.999242009319943     
  0.999400543279999     
  0.999392629596636     
  0.999374240771471     
  0.999333875423228     
  0.999240955713305     
  0.998930404482891     
  0.991562796983180     
  0.949517615372171     
  0.986191633934477     
  0.997047974140416     
  0.962460313675041     
  0.931757509679400     
  0.990588803946776     
  0.998660309145033     
  0.999106513339259     
  0.999276181088378     
  0.999296203951168     
  0.999172755100104     
  0.995079428487824     
  0.898202784820323     
  0.938815798013765     
  0.979222810832095     
  0.998630444558650     
  0.999396567029826     
  0.999259241671063     
  0.999536610531206     
  0.999596641967174     
  0.999610345189897     
  0.999621474683338     
  0.999630087177286     
  0.999638285092875     
  0.999645219391920     
  0.999619969308949     
  0.999617261795567     
  0.999663158264136     
  0.999667817163830     
  0.999670869199736     
  0.999443840500755     
  0.999648409821279     
  0.999632953677637     
  0.999561066141272     
  0.999662875891496     
  0.999600340077348     
  0.999238296779236     
  0.999680465403369     
  0.999703072689448     
  0.999705062898347     
  0.999673136868319     
  0.999705340621678     
  0.999694525224484     
  0.999536141394172     
  0.997874350335293     
  0.998584499337691     
  0.999647373290300     
  0.999702621018490     
  0.999654144856821     
  0.998693840487873     
  0.997163737951199     
  0.999628381735863     
  0.999723639761453     
  0.999736146009317     
  0.999713071522667     
  0.999742427070383     
  0.999650720232765     
  0.999747622373246     
  0.999753840891437     
  0.999755259461737     
  0.999757538795728     
  0.999759078804113     
  0.999760476159610     
  0.999760028925893     
  0.999706357199065     
  0.999684195289018     
  0.998662537751559     
  0.984383446385149     
  0.998604770232026     
  0.999626794224315     
  0.999765215655166     
  0.999774956334330     
  0.999777997495927     
  0.999779367020210     
  0.999735038884835     
  0.999717032492686     
  0.999767439569459     
  0.999751498284725     
  0.999074234381019     
  0.999327974017592     
  0.999598090831429     
  0.999635185642765     
  0.999787802342092     
  0.999787068960106     
  0.999782542216752     
  0.999679519933489     
  0.999626838394671     
  0.999049057548276     
  0.976919632465374     
  0.986023532851281     
  0.968755109658684     
  0.958725391835778     
  0.999654555734375     
  0.999614693743090     
  0.999568893125370     
  0.998575552424238     
  0.993892521718492     
  0.999538598039550     
  0.999744027014995     
  0.999781761276461     
  0.999768365129061     
  0.999720236072585     
  0.999007278106998     
  0.950176253786490     
  0.931152971182033     
  0.997895914007577     
  0.999520277474272     
  0.999178861938830     
  0.999740883030181     
  0.999800120708738     
  0.999805252699801     
  0.999812177983371     
  0.999816248827991     
  0.999815855866728     
  0.999819860670640     
  0.999818719397499     
  0.999760281752078     
  0.999568069533452     
  0.998750365499581     
  0.999720765973555     
  0.999820793584982     
  0.999827507461836     
  0.999827942059517     
  0.999820687299790     
  0.999538054396006     
  0.999784074848410     
  0.999829107908917     
  0.999831469770096     
  0.999832366434903     
  0.999832913402228     
  0.999805335671921     
  0.999828598177499     
  0.999834157007236     
  0.999833379790134     
  0.999528630022515     
  0.999108771258624     
  0.999824773496782     
  0.999780729507725     
  0.999601015696207     
  0.999276301633799     
  0.998998596410213     
  0.999830851582911     
  0.999823036464873     
  0.999753315737920     
  0.995420857608733     
  0.995400664359443     
  0.999740994836016     
  0.999783465512521     
  0.999752695684663     
  0.998796102439186     
  0.998795130515457     
  0.999756032034298     
  0.999816936017445     
  0.999799940809403     
  0.999793210660813     
  0.999658119544855     
  0.991427910746223     
  0.981185442023286     
  0.998885502876796     
  0.999757589719798     
  0.998968363780473     
  0.975469678466955     
  0.994953481269586     
  0.999657172762593     
  0.999814647579441     
  0.999721415403612     
  0.997346140581000     
  0.998384479950788     
  0.999809336266613     
  0.999759748421320     
  0.999815909710339     
  0.999833167697598     
  0.999832471647540     
  0.999830159681111     
  0.999827242531866     
  0.999821460457557     
  0.999589808499954     
  0.999762797266291     
  0.999789207673086     
  0.999775016816982     
  0.999702767579495     
  0.999096988293303     
  0.982393570945751     
  0.927832002732752     
  0.954323656661062     
  0.997220889373886     
  0.995856568211953     
  0.964573103026280     
  0.977749770283892     
  0.998619610864900     
  0.999501023348032     
  0.998354175573201     
  0.998047644417088     
  0.999657256086290     
  0.999571719718238     
  0.998721318016418     
  0.903173323969492     
  0.902181277603274     
  0.999033560986410     
  0.999495866240065     
  0.999718083552349     
  0.999765435480263     
  0.999772664507324     
  0.999767328744360     
  0.999544556323037     
  0.999110432505592     
  0.998928845395874     
  0.998955138103826     
  0.999422570528689     
  0.994453737233962     
  0.867587890615796     
  0.897486120430082     
  0.997253098970753     
  0.994925833257263     
  0.929963575234926     
  0.913968936687358     
  0.992078696213982     
  0.997641050357728     
  0.977529526068780     
  0.977122878321490     
  0.997188056470378     
  0.985041478761260     
  0.937834565690013     
  0.968265416492177     
  0.997951633945995     
  0.999346686909091     
  0.999423536401286     
  0.999230277662959     
  0.994630973359357     
  0.965528720467408     
  0.917102733438773     
  0.966207794589194     
  0.997612901097437     
  0.998808564888680     
  0.992324520145748     
  0.987036961259103     
  0.998094097734214     
  0.999532956173721     
  0.990627926423559     
  0.990773943178164     
  0.988935253857247     
  0.964538572294673     
  0.994320790576071     
  0.999325000174539     
  0.999768581179014     
  0.999626105490751     
  0.999318595309686     
  0.999787062362512     
  0.999778521454783     
  0.999783967174994     
  0.999810589954794     
  0.999755722302550     
  0.999679027016094     
  0.999679080519330     
  0.999771075603737     
  0.999810407497114     
  0.999810719581140     
  0.999809481823874     
  0.999651219774083     
  0.999759849741327     
  0.999808141699363     
  0.999796860322457     
  0.999806519300151     
  0.999804925904576     
  0.999792961426720     
  0.999796899998380     
  0.999800139989639     
  0.999797567976528     
  0.999795254483650     
  0.999791377996800     
  0.999782645185201     
  0.999767354373608     
  0.999331742049513     
  0.991118948232845     
  0.995625147880785     
  0.999339519498058     
  0.979026985527023     
  0.954753056023246     
  0.998796113186829     
  0.999707940801807     
  0.999716090255684     
  0.999589802992956     
  0.996295271821239     
  0.962194402823374     
  0.977219366420770     
  0.998857413906140     
  0.999670923837301     
  0.999710296387436     
  0.999470675954158     
  0.999368847311596     
  0.999677924744245     
  0.999715042569332     
  0.991856675074762     
  0.997401964295195     
  0.994287253410403     
  0.995753521714564     
  0.999717837252012     
  0.999718506284686     
  0.999706964634952     
  0.999724861419774     
  0.999722011093003     
  0.999718264955956     
  0.999714216798304     
  0.999708872139927     
  0.999697726442870     
  0.999693541544852     
  0.999622701712833     
  0.999650703577233     
  0.999674969176193     
  0.999674689030416     
  0.998908850636241     
  0.999643750538377     
  0.999625708612484     
  0.999447839653264     
  0.999551912245525     
  0.999566720999303     
  0.998797150855638     
  0.992167845835206     
  0.972130501738737     
  0.998752312530118     
  0.999499182431797     
  0.999475580916739     
  0.997897885809475     
  0.995205844488396     
  0.998223210999714     
  0.996851690560697     
  0.944961317089848     
  0.976890154954243     
  0.764671951696549     
  0.984020576494540     
  0.999021147986876     
  0.999324902961977     
  0.999371431699868     
  0.999363467673516     
  0.999310345813192     
  0.999114159473254     
  0.996713679412608     
  0.926012868729151     
  0.926122291273169     
  0.996665770860800     
  0.997476173945015     
  0.989632198115836     
  0.997537773421068     
  0.999242458885776     
  0.999288441933049     
  0.999277599687722     
  0.999265617833347     
  0.999254658729133     
  0.999244749102110     
  0.999226604548950     
  0.999207425388780     
  0.999175897944507     
  0.999163320024500     
  0.999129562056653     
  0.999101257537489     
  0.998968713661669     
  0.998616147480643     
  0.998903727028301     
  0.998988921765236     
  0.998929318488731     
  0.998217281066220     
  0.998895477313238     
  0.998850501387174     
  0.998519627963792     
  0.998636745373841     
  0.998710997966712     
  0.998625865741806     
  0.997421496106931     
  0.985996738753066     
  0.993475835727527     
  0.957765317076561     
  0.968837527422363     
  0.997314827637635     
  0.991052332964957     
  0.978541222134201     
  0.995191180216412     
  0.990008223826915     
  0.991312499653456     
  0.994315047106393     
  0.997258190574571     
  0.997688115273457     
  0.997582792859612     
  0.997464413281220     
  0.997326609638230     
  0.997139434088338     
  0.997039413466786     
  0.996874943642388     
  0.996626067666902     
  0.996496990390239     
  0.996274710104048     
  0.992233240897454     
  0.986288971289363     
  0.995426490421773     
  0.995255636546795     
  0.994920069400601     
  0.994498849182318     
  0.994447564643483     
  0.994173800676798     
  0.993860475666826     
  0.993507891078815     
  0.993137171744785     
  0.992750521868269     
  0.992311591354753     
  0.991822503160558     
  0.991343593917939     
  0.990687512340233     
  0.990051919339224     
  0.989336202954595     
  0.988391678038409     
  0.983036806065584     
  0.978061716772860     
  0.982759143342605     
  0.984565006444815     
  0.983541902329531     
  0.981925445833179     
  0.980876457063173     
  0.979703735172071     
  0.978241273224538     
  0.976921958450186     
  0.975543735826491     
  0.974207393094111     
  0.973043972981395     
  0.971946009525797     
  0.970668416522572     
  0.969437133886072     
  0.969256467623959     
  0.970387125432578     
  0.971693005606899     
  0.972826609965713     
  0.973976471032863     
  0.975259697257131     
  0.976224519153725     
  0.977224040835034     
  0.979280015736760     
  0.980675831716917     
  0.982020114231964     
  0.983295923022633     
  0.984397996244932     
  0.985561472287105     
  0.986565545599865     
  0.987437414646184     
  0.988347870896387     
  0.988986162397260     
  0.989847512255070     
  0.990201597403354     
  0.990209255341123     
  0.991238642383522     
  0.992186769615102     
  0.992631104107783     
  0.991581869711785     
  0.979715692508642     
  0.988590248579574     
  0.991310351317183     
  0.994355681930864     
  0.994456718927755     
  0.994989208959615     
  0.995262603933807     
  0.995545916586558     
  0.995792346260408     
  0.995804736071095     
  0.995886593640965     
  0.988119390847604     
  0.969763958794500     
  0.992365523574996     
  0.996770920432063     
  0.997124024110726     
  0.997308282630901     
  0.997443317786479     
  0.997416466160219     
  0.994093595182679     
  0.994784374650766     
  0.997807583006803     
  0.997842122153342     
  0.997948600472316     
  0.998193089126065     
  0.998269895172449     
  0.998340767752316     
  0.998407780349006     
  0.998464580499204     
  0.998528996811255     
  0.998583768878471     
  0.998635043780190     
  0.998667337007294     
  0.998513068780139     
  0.998771777885176     
  0.998813052320576     
  0.998837666353412     
  0.998880904489484     
  0.998919723788685     
  0.998021006941578     
  0.998687769853057     
  0.999010439187972     
  0.999036755184095     
  0.999059676612678     
  0.999080664856493     
  0.999098696431348     
  0.999113821740275     
  0.999126323390271     
  0.999133956611133     
  0.999136184221537     
  0.999121804078715     
  0.998951900619609     
  0.998972891813679     
  0.998556601288545     
  0.998782178824536     
  0.998848166093974     
  0.998623907724402     
  0.998157600247950     
  0.996903828607841     
  0.978162574485847     
  0.748455197948139     
  0.462585741869356     
  0.941498932593287     
  0.994871456435775     
  0.997153991547447     
  0.983435241315806     
  0.993544887910189     
  0.992959236760048     
  0.998751449151684     
  0.999253749122522     
  0.999204180505536     
  0.997911999652107     
  0.994935396233257     
  0.997932362998689     
  0.999188234478169     
  0.999480215139609     
  0.999466412721333     
  0.999504317443057     
  0.999575070999321     
  0.999589664274630     
  0.999595540677583     
  0.999552283608931     
  0.998917337938882     
  0.998188520415582     
  0.999485784640194     
  0.999622848414635     
  0.999604233895111     
  0.999671920758349     
  0.999680240589291     
  0.999687675422543     
  0.999693571977609     
  0.999698493420514     
  0.999702745048303     
  0.999704946747695     
  0.999702598257856     
  0.999688673917516     
  0.999538501016752     
  0.994240801867955     
  0.997760074079313     
  0.999527064033043     
  0.993862291470206     
  0.983984546544470     
  0.998374718420763     
  0.999270436425654     
  0.999692904219389     
  0.999740467282804     
  0.999750880457980     
  0.999749923401077     
  0.999729842005752     
  0.998730419950879     
  0.989489013762662     
  0.997916586214958     
  0.999735197151626     
  0.999774432573715     
  0.999786305985986     
  0.999789452253885     
  0.999798938350021     
  0.999801424398062     
  0.999797339411410     
