  0.999521375535248     
  0.999519745807172     
  0.999509778237744     
  0.999512880552883     
  0.999505594903438     
  0.999466641942013     
  0.999429098883399     
  0.999420174838913     
  0.999479180675068     
  0.999379314075336     
  0.998361083497557     
  0.987720333392959     
  0.995437924783282     
  0.998796168700890     
  0.999310489543537     
  0.999268796467627     
  0.998758134437662     
  0.994422534508189     
  0.903658376849917     
  0.789774590758784     
  0.962045845038248     
  0.986802898276397     
  0.977422870465715     
  0.995522318349833     
  0.998618666611086     
  0.999200244507861     
  0.999362640470166     
  0.999383162181433     
  0.999389673342736     
  0.999391109931035     
  0.999386858505190     
  0.999253343601828     
  0.999173439844202     
  0.999371710858296     
  0.999372317222811     
  0.999366271753984     
  0.999359364501255     
  0.999352235293518     
  0.999343636927587     
  0.999319506615642     
  0.999326337648035     
  0.999318769339017     
  0.999272194740593     
  0.999263600448247     
  0.999289186627260     
  0.999273478092789     
  0.999265963530260     
  0.999251426953384     
  0.999228263368055     
  0.999116218982145     
  0.998535752851960     
  0.993335211356413     
  0.996306668915427     
  0.998909633709465     
  0.999235382599547     
  0.997947611416275     
  0.960960177388258     
  0.990254465733455     
  0.989326426204448     
  0.991053005696283     
  0.999036595821288     
  0.998825285340372     
  0.999008107793293     
  0.999031611972459     
  0.999016491727924     
  0.998999145995515     
  0.998980718441703     
  0.998961268833915     
  0.998940883551059     
  0.998920480757718     
  0.998897896151465     
  0.998808397951877     
  0.998853157154350     
  0.998818309499527     
  0.998800264878676     
  0.998728675463817     
  0.998146528928210     
  0.998607854446059     
  0.998045700289478     
  0.993761437623149     
  0.997867288742893     
  0.998518568312691     
  0.998551656313674     
  0.998518522491011     
  0.998386241162424     
  0.998441319735911     
  0.998361054962206     
  0.998037494271559     
  0.995077445332523     
  0.997359681527519     
  0.997818793044739     
  0.996622589202294     
  0.993718981711604     
  0.993580805959437     
  0.989765358678656     
  0.997254502685023     
  0.997839766011107     
  0.997851721850721     
  0.997754319652976     
  0.997146076884876     
  0.997367949989168     
  0.997570714887135     
  0.997504779581177     
  0.997421719658034     
  0.997325988724586     
  0.997198081116541     
  0.997037539633626     
  0.996929281928918     
  0.996308191288676     
  0.996779214730332     
  0.996671210596259     
  0.996556358331776     
  0.996416862130111     
  0.996267540615396     
  0.996107032719080     
  0.995928373540788     
  0.995732117690805     
  0.995509434162891     
  0.995243209582153     
  0.994908772386548     
  0.994432700556157     
  0.993102352393033     
  0.895843087775920     
  0.796380328072190     
  0.982051923031881     
  0.992777205466140     
  0.992603970203224     
  0.990482463891963     
  0.954536030828235     
  0.842955986995177     
  0.965281941376652     
  0.967238739127653     
  0.913976804328087     
  0.981678576638373     
  0.988107368333334     
  0.987487464329856     
  0.986436829546220     
  0.983974500465201     
  0.941947233577223     
  0.904540749000399     
  0.972458918360765     
  0.856901084731981     
  0.858798058320497     
  0.860973813216592     
  0.971482411239060     
  0.970432939624049     
  0.966774434132564     
  0.959373206615729     
  0.946953051634536     
  0.954347176696196     
  0.942219358098164     
  0.943243558366732     
  0.933061314990831     
  0.917801689350271     
  0.839330030674039     
  0.860412982928913     
  0.890077428565680     
  0.872018386989356     
  0.851763386457039     
  0.840317796486843     
  0.847482033755191     
  0.863259664548245     
  0.876520089510240     
  0.884347915465412     
  0.883511476836541     
  0.871910763810208     
  0.846040005987995     
  0.797053506386316     
  0.718092324547242     
  0.586064496609528     
  0.491722663631986     
  0.481349672727939     
  0.528045616093102     
  0.610673962828667     
  0.704999403552444     
  0.778057607151620     
  0.822037781046861     
  0.849649684571471     
  0.871178245550198     
  0.888931738061080     
  0.904318788438568     
  0.919564351008601     
  0.933905276728199     
  0.944074425660451     
  0.950745375066972     
  0.956824468157875     
  0.962528587625706     
  0.966455696656626     
  0.969233836306091     
  0.971814096532237     
  0.974148074873559     
  0.976345734458747     
  0.978291161644520     
  0.980090435076576     
  0.981752513572892     
  0.983358263077763     
  0.984805673059420     
  0.986233967496433     
  0.987506024283861     
  0.988633964096352     
  0.989589052498614     
  0.989285825369602     
  0.990365034374751     
  0.991448224328987     
  0.992388081962786     
  0.992842781387855     
  0.993320334624558     
  0.993779748613799     
  0.994115324455916     
  0.994395397834627     
  0.994312542301403     
  0.994854553564794     
  0.995239382454775     
  0.995487429614856     
  0.995653080518253     
  0.995952461893068     
  0.996149547821984     
  0.996312883151009     
  0.996359339449147     
  0.991866299817990     
  0.987865565489406     
  0.995984805847851     
  0.996007308683259     
  0.997064898872331     
  0.997266782541407     
  0.997249613922501     
  0.987619313679259     
  0.997176354497919     
  0.997659469315724     
  0.997665628720175     
  0.996249420002659     
  0.997708850015546     
  0.997854176524126     
  0.997707452113997     
  0.997511350110260     
  0.996917893060286     
  0.991121335675481     
  0.913159889601514     
  0.877138250498054     
  0.950317051069862     
  0.993977258662972     
  0.997468073448057     
  0.997998916379580     
  0.998077463442944     
  0.997939148757308     
  0.995919831575114     
  0.981369328974026     
  0.777351248645885     
  0.762264847430154     
  0.747602252012042     
  0.905466494001239     
  0.991726556291606     
  0.997678359669807     
  0.996963040547261     
  0.998359918583365     
  0.998728865609132     
  0.998827708389269     
  0.998881443914453     
  0.998918640782634     
  0.998906579757267     
  0.998677286751653     
  0.998803870792875     
  0.998243189107676     
  0.999054988167086     
  0.999099104217229     
  0.999121668603507     
  0.998962895633233     
  0.999153820897465     
  0.999186123072372     
  0.999204710109298     
  0.999222307520884     
  0.999238809143314     
  0.999250719771498     
  0.999234748663502     
  0.998871408332392     
  0.999031267434067     
  0.999286016299256     
  0.999287512334858     
  0.998819149174188     
  0.999171260932234     
  0.999348192099510     
  0.999376434535577     
  0.999375535415611     
  0.999136295769906     
  0.998279190591921     
  0.999321105098734     
  0.999424402327683     
  0.999438143885477     
  0.999430684672410     
  0.999319502478734     
  0.999421660422473     
  0.999406762999004     
  0.999364307335796     
  0.999464049737448     
  0.999461068995052     
  0.999448514741288     
  0.999420191772359     
  0.999365284150863     
  0.999360487106738     
  0.994719202781485     
  0.963044676574120     
  0.990826689356465     
  0.998854187787227     
  0.974035697246333     
  0.950840986317506     
  0.994771009711193     
  0.999263432792448     
  0.999266547916774     
  0.999382203802725     
  0.999380316311074     
  0.998994331888839     
  0.993809476947004     
  0.913921653056329     
  0.946645691740153     
  0.981827872997661     
  0.998437281627623     
  0.999388690153459     
  0.999375496316828     
  0.999586066690084     
  0.999635527537499     
  0.999647267002064     
  0.999655996460188     
  0.999663460359753     
  0.999669864397169     
  0.999673746881287     
  0.999652807118957     
  0.999653453800754     
  0.999690208800751     
  0.999692663198938     
  0.999674753148881     
  0.999429736415246     
  0.999627017361435     
  0.999665785990734     
  0.999597105364358     
  0.999624820616485     
  0.999584674919253     
  0.999419791242085     
  0.999702668455855     
  0.999723601764494     
  0.999725462143657     
  0.999702380605613     
  0.999720663033283     
  0.999664511738152     
  0.999264328532143     
  0.997374075420598     
  0.998113947147165     
  0.999478838359678     
  0.999688337650097     
  0.999580957216273     
  0.998532320157715     
  0.997258685719413     
  0.999483124130973     
  0.999720675619405     
  0.999751704546115     
  0.999735585799544     
  0.999759698307160     
  0.999692950919146     
  0.999763421984852     
  0.999768305442453     
  0.999769784930560     
  0.999771920785756     
  0.999773228909177     
  0.999774371861971     
  0.999774199914481     
  0.999741774409704     
  0.999765413353811     
  0.999190889688848     
  0.987732602995362     
  0.999147213509596     
  0.999730791259021     
  0.999780468102614     
  0.999786559295830     
  0.999789501139271     
  0.999790437870733     
  0.999759099023794     
  0.999760197104918     
  0.999751534299555     
  0.999725917376991     
  0.999191898003627     
  0.999392421302788     
  0.999667019880522     
  0.999710895337868     
  0.999797397209067     
  0.999796946956978     
  0.999788942895948     
  0.999702003197454     
  0.999712199611898     
  0.999606103905955     
  0.982054528225726     
  0.989540856206808     
  0.975098634273203     
  0.968864625198007     
  0.999359047428033     
  0.999604903435898     
  0.999497000626575     
  0.998178418112839     
  0.993737949572074     
  0.999148573415359     
  0.999694374029302     
  0.999787304212588     
  0.999777367471620     
  0.999641668572440     
  0.998188774644564     
  0.957569419871921     
  0.942273237241370     
  0.996962995515542     
  0.999373280338017     
  0.999217457301769     
  0.999718980665917     
  0.999796856189326     
  0.999807496544514     
  0.999814590128517     
  0.999819617807880     
  0.999819113543822     
  0.999820240570950     
  0.999785337860780     
  0.999615441381586     
  0.999421507532066     
  0.998915105404407     
  0.999754741769675     
  0.999830500111965     
  0.999829512459605     
  0.999826008827145     
  0.999802638919000     
  0.999538970040105     
  0.999771991721660     
  0.999824709761237     
  0.999831324599947     
  0.999832817265742     
  0.999832990702545     
  0.999824468250321     
  0.999831779159164     
  0.999834085554689     
  0.999839688366185     
  0.999607536081211     
  0.999267627543784     
  0.999829936011296     
  0.999757681025402     
  0.999599068227424     
  0.999394935527791     
  0.999206732258879     
  0.999819929910793     
  0.999761732598568     
  0.999021973802770     
  0.993258778703941     
  0.993242971629685     
  0.999015680162504     
  0.999707053902958     
  0.999585501393165     
  0.998438258859741     
  0.998439419223826     
  0.999592706162427     
  0.999791156851061     
  0.999800797643505     
  0.999794650663369     
  0.999667334375969     
  0.993463918661169     
  0.985883806698568     
  0.999056454893869     
  0.999788457257015     
  0.999313742451935     
  0.980046554144253     
  0.996072805438751     
  0.999756067805849     
  0.999808753170871     
  0.999706272107267     
  0.997867588003400     
  0.998638678186013     
  0.999781521572817     
  0.999775322846857     
  0.999813547515112     
  0.999823785471287     
  0.999822337644650     
  0.999819439017382     
  0.999815494204561     
  0.999806262371166     
  0.999626466369970     
  0.999752901169783     
  0.999769709383171     
  0.999738264320988     
  0.999295604179428     
  0.994482714463411     
  0.965717714772041     
  0.906738158194629     
  0.934097452372351     
  0.987038426550789     
  0.992211012822325     
  0.964324742732509     
  0.976122500801313     
  0.996866312153398     
  0.999266637005539     
  0.998569372944249     
  0.998323375315890     
  0.999637278870800     
  0.999274421207956     
  0.996004654513801     
  0.915735114045121     
  0.914964154834578     
  0.996255004403524     
  0.999198692741165     
  0.999683218822836     
  0.999749641106712     
  0.999759571393639     
  0.999749553875877     
  0.999550004241519     
  0.999112711981100     
  0.998696259451115     
  0.998697452327375     
  0.998893365261742     
  0.991941096517274     
  0.885649259641536     
  0.910251111012280     
  0.992845514473894     
  0.979372915297079     
  0.905438607280863     
  0.890639696770705     
  0.974357192559344     
  0.993321514969219     
  0.976528200567086     
  0.976213008217084     
  0.994763561724141     
  0.980821491588852     
  0.935959244662584     
  0.964580024760208     
  0.995691799880660     
  0.999048917927164     
  0.999346179685307     
  0.998695986067824     
  0.991624799225359     
  0.960020949419498     
  0.913827172967608     
  0.960313669129075     
  0.994774922253853     
  0.998067420761513     
  0.991978901317987     
  0.987321468684901     
  0.997374633935169     
  0.999533222680420     
  0.992549962718035     
  0.990480944415171     
  0.981037971164868     
  0.955479700758181     
  0.987312331037943     
  0.997817730449604     
  0.999617681333866     
  0.999612109125836     
  0.999382980054248     
  0.999748848345310     
  0.999756891970831     
  0.999760512835250     
  0.999771221222915     
  0.999710519941599     
  0.999596556935832     
  0.999595648007763     
  0.999719680895227     
  0.999767389605351     
  0.999769456437476     
  0.999765884201251     
  0.999641169402525     
  0.999722566834387     
  0.999762336588512     
  0.999753905055443     
  0.999759978125381     
  0.999757602629070     
  0.999747522066608     
  0.999749000835190     
  0.999750257983679     
  0.999746535714956     
  0.999743416385561     
  0.999738347250757     
  0.999724793900028     
  0.999694837928298     
  0.999420457976240     
  0.992966971697363     
  0.996623028331460     
  0.999496808264346     
  0.982673919640329     
  0.962595864675301     
  0.998986865169581     
  0.999649166397097     
  0.999573156219938     
  0.998224968567982     
  0.989004208652976     
  0.951171751551116     
  0.966515315887961     
  0.994292631513003     
  0.999039098338671     
  0.999517329170138     
  0.999165758650880     
  0.999046924052846     
  0.999462088493500     
  0.999610174279037     
  0.994908115350072     
  0.998221832719697     
  0.996356271853810     
  0.997235475358829     
  0.999630663438665     
  0.999631076115764     
  0.999620389362164     
  0.999629977318221     
  0.999624669932222     
  0.999618703897254     
  0.999611965234355     
  0.999601570367961     
  0.999579821533951     
  0.999572739443639     
  0.999519745787853     
  0.999541759588696     
  0.999556243029177     
  0.999548826780481     
  0.998994957592854     
  0.999508988257788     
  0.999466045000731     
  0.999272330340235     
  0.999373346597532     
  0.999325566826809     
  0.998096164870864     
  0.990727196315225     
  0.975333754553825     
  0.997758305788842     
  0.999189037013788     
  0.999095131693276     
  0.997058683671801     
  0.994266024772711     
  0.997451206838277     
  0.995847556630492     
  0.953135370368890     
  0.970986416376660     
  0.798557548697528     
  0.977956829661383     
  0.997239021320536     
  0.999065320074441     
  0.999181952412907     
  0.999170750977751     
  0.999109548183280     
  0.998718454438262     
  0.995240629496029     
  0.939333508124748     
  0.939365025021160     
  0.994804537276163     
  0.995292867685905     
  0.987097242715759     
  0.995413614559536     
  0.998538137981644     
  0.998969303937390     
  0.998982341807158     
  0.998957344984713     
  0.998934946546619     
  0.998913170334920     
  0.998883903079028     
  0.998853326261148     
  0.998811922956814     
  0.998784291085757     
  0.998739394965037     
  0.998653909350929     
  0.998357647077225     
  0.997911441133144     
  0.998262662423837     
  0.998475618410675     
  0.998440168043150     
  0.997885196497175     
  0.998371627032856     
  0.998317482613577     
  0.998021995037942     
  0.998087597199692     
  0.998106932093467     
  0.997926929333074     
  0.996536821568234     
  0.986091855415636     
  0.986198649919757     
  0.949948191419389     
  0.963905023702174     
  0.993612885158437     
  0.987856218262140     
  0.975726053060842     
  0.992527257566185     
  0.990254731622525     
  0.991781001437588     
  0.994128311440437     
  0.996346674359468     
  0.996557884614379     
  0.996375497187952     
  0.996190991618424     
  0.995985241176881     
  0.995737364122496     
  0.995539660956428     
  0.995287886288511     
  0.994989912362454     
  0.994724651558443     
  0.994501548036401     
  0.991365826326129     
  0.986445447070984     
  0.993391690252408     
  0.992864268880721     
  0.992379233672929     
  0.991873434378804     
  0.991608837205820     
  0.991174194868456     
  0.990682690450158     
  0.990128643300366     
  0.989562358517245     
  0.988985085401621     
  0.988312389420034     
  0.987533961281635     
  0.986775902430118     
  0.985846761173930     
  0.984890404469253     
  0.983771499872079     
  0.982288872374425     
  0.976987165701986     
  0.971358315469416     
  0.974572173139361     
  0.976150920973650     
  0.974734346300183     
  0.972553214599757     
  0.970631803930246     
  0.968694510888552     
  0.966353311286504     
  0.964160054789317     
  0.961836523125996     
  0.959521044724008     
  0.957412286953529     
  0.955418720472141     
  0.953370507185082     
  0.951621058929036     
  0.951387733779181     
  0.952939367718055     
  0.954971505813176     
  0.956999394151661     
  0.959091430595756     
  0.961333068668457     
  0.963275752155369     
  0.965235627235306     
  0.968023855613855     
  0.970229028268625     
  0.972350562675295     
  0.974353513235669     
  0.976088455566307     
  0.977890800914264     
  0.979456501705788     
  0.980823788602552     
  0.982246238587514     
  0.983380426420513     
  0.984648543854700     
  0.985455225818424     
  0.985907465114330     
  0.987116975617520     
  0.988186056818792     
  0.988571346511529     
  0.986383228172004     
  0.974104156679538     
  0.983203868989032     
  0.988406579562232     
  0.991471516959656     
  0.991818147351357     
  0.992427080421676     
  0.992844315013978     
  0.993274417094271     
  0.993650398450632     
  0.993751523898462     
  0.993102680758890     
  0.983543461499204     
  0.965647529260833     
  0.988220264224419     
  0.994664189347702     
  0.995651666241991     
  0.995957708344445     
  0.996093613412040     
  0.995623969328421     
  0.991747749334298     
  0.992508967569482     
  0.996264513332476     
  0.996843872974309     
  0.997056070057283     
  0.997300996581965     
  0.997415800784378     
  0.997524145806691     
  0.997626206272812     
  0.997720151031443     
  0.997811858899771     
  0.997896230300208     
  0.997974410261200     
  0.998035065504314     
  0.997962138868614     
  0.998185695119081     
  0.998250316149106     
  0.998306567482093     
  0.998365061546554     
  0.998411544754574     
  0.997752152448567     
  0.998286631015674     
  0.998560615130746     
  0.998608540947127     
  0.998648361665631     
  0.998685024277164     
  0.998718623944736     
  0.998749341905032     
  0.998776969690702     
  0.998799832017598     
  0.998814754709046     
  0.998797523449393     
  0.998628399266528     
  0.998680192155545     
  0.998407890154127     
  0.998621060999290     
  0.998685590131626     
  0.998519075914662     
  0.998129979571218     
  0.995978498156503     
  0.968719434384983     
  0.753234100992028     
  0.512550118421499     
  0.916537569742699     
  0.988362054579213     
  0.997345322370911     
  0.986591735000457     
  0.994654259429017     
  0.994112381645215     
  0.998800949485503     
  0.999131879576297     
  0.998918221531896     
  0.997367457141475     
  0.994735434852169     
  0.997334705292818     
  0.998645930889825     
  0.999185748719206     
  0.999286203524215     
  0.999348872986449     
  0.999427565010040     
  0.999446846336865     
  0.999426354928257     
  0.999160992320669     
  0.998067986367724     
  0.997373097683503     
  0.998950011204942     
  0.999432588684672     
  0.999488545472161     
  0.999552317463072     
  0.999564737950284     
  0.999575336391382     
  0.999583774217709     
  0.999591690547057     
  0.999599129527553     
  0.999604356939196     
  0.999606179530863     
  0.999599379057080     
  0.999487581178633     
  0.995313929817711     
  0.998098811607423     
  0.999782147963345     
  0.996222218456421     
  0.988849672453457     
  0.998814125004794     
  0.998901291269099     
  0.999436938037489     
  0.999636523125637     
  0.999675682673912     
  0.999684988722134     
  0.999750857422978     
  0.999361768981000     
  0.992692772312095     
  0.998819587995888     
  0.999796106643592     
  0.999719919392980     
  0.999720634998307     
  0.999723785622654     
  0.999734577193858     
  0.999740595393257     
  0.999761397313451     
