  0.999485931608932     
  0.999485975103624     
  0.999478821163299     
  0.999481670006751     
  0.999468569405713     
  0.999413644010299     
  0.999377112440923     
  0.999364668145287     
  0.999444169084035     
  0.999428198504473     
  0.999259019925913     
  0.989857009033245     
  0.997562406187293     
  0.999233749564049     
  0.999272466408606     
  0.999196846933656     
  0.998907354750507     
  0.997092637745399     
  0.888510318573045     
  0.748227099222535     
  0.962988798825486     
  0.989461105933293     
  0.980154111844297     
  0.997953361036462     
  0.999123617042390     
  0.999187826959024     
  0.999321750599029     
  0.999338233920764     
  0.999345482907434     
  0.999347724037916     
  0.999345526000574     
  0.999179553898791     
  0.999075913976681     
  0.999330754335442     
  0.999329633750921     
  0.999322951306817     
  0.999316053661781     
  0.999308152766919     
  0.999299475742351     
  0.999267636212696     
  0.999280287450009     
  0.999272874569739     
  0.999219754098535     
  0.999211206655192     
  0.999240676900293     
  0.999222513161624     
  0.999217238496478     
  0.999202294064232     
  0.999180930489875     
  0.999115484742909     
  0.998792702589909     
  0.993113036981058     
  0.996549100825445     
  0.999013580678098     
  0.999057389725587     
  0.996340561438191     
  0.952705429296680     
  0.987228703458494     
  0.986955887223499     
  0.989321515440350     
  0.998866711457032     
  0.998662700948853     
  0.998926797828196     
  0.998966172311679     
  0.998949327406932     
  0.998930454571772     
  0.998910695781213     
  0.998889643594114     
  0.998868005945501     
  0.998846262874036     
  0.998821709637003     
  0.998692051977814     
  0.998773768837319     
  0.998731884041093     
  0.998721923382821     
  0.998685983861702     
  0.998128614863602     
  0.998589949031584     
  0.997808161290667     
  0.991763386067694     
  0.997567185170054     
  0.998395060790989     
  0.998450079005276     
  0.998414834114078     
  0.998223277337480     
  0.998335976329437     
  0.998285817238944     
  0.998147178855759     
  0.995246316071951     
  0.997298954850053     
  0.997915697077389     
  0.997544227040314     
  0.995556241640662     
  0.995883419255603     
  0.990996793550209     
  0.997712689776770     
  0.997764097575913     
  0.997713465027223     
  0.997638334017971     
  0.997049114695952     
  0.997183902360549     
  0.997417724357226     
  0.997325731334227     
  0.997238289764286     
  0.997140185734910     
  0.997035043478468     
  0.996903556643821     
  0.996791110162821     
  0.995436451358479     
  0.996560499290083     
  0.996441385898660     
  0.996313387234996     
  0.996162126866651     
  0.996001484722252     
  0.995828647580499     
  0.995633165041087     
  0.995422322927910     
  0.995181035429125     
  0.994888390171800     
  0.994514764953723     
  0.993925564972575     
  0.991749643172568     
  0.868977372724350     
  0.743197617742264     
  0.977668868641319     
  0.992011490696290     
  0.992128521790094     
  0.991018225386069     
  0.950901511660259     
  0.812277888593504     
  0.964830017887064     
  0.964839560539070     
  0.897146598616874     
  0.981460146262709     
  0.987661840481563     
  0.986687879329498     
  0.985680088429587     
  0.983976898305981     
  0.933085482289818     
  0.885655677281531     
  0.972602110602625     
  0.814249326571364     
  0.826088746146653     
  0.827861168419940     
  0.968762597326235     
  0.968836662672437     
  0.965929081014258     
  0.960528322250353     
  0.947925811781212     
  0.953182258328316     
  0.938263201194284     
  0.940426350082730     
  0.929991125315532     
  0.911995881915979     
  0.813065344470418     
  0.843193834959890     
  0.886813344028822     
  0.869829757925120     
  0.849631850059993     
  0.837837493424650     
  0.844933824784866     
  0.860769370047034     
  0.873929317837084     
  0.881804120853083     
  0.880866582071676     
  0.869351853061483     
  0.844455504613605     
  0.798307418544345     
  0.724974299937600     
  0.592466059299287     
  0.491434963056635     
  0.480337800105943     
  0.531206960705636     
  0.615781098802070     
  0.710427559055528     
  0.780936234571460     
  0.822691278990146     
  0.849198136299743     
  0.870235628764766     
  0.887386620804192     
  0.902082709911460     
  0.916904302816111     
  0.931114539346255     
  0.941336941127094     
  0.948116339827718     
  0.954352112756029     
  0.960224556663291     
  0.964315913574626     
  0.967244027850229     
  0.969968596251714     
  0.972418761899066     
  0.974764487098415     
  0.976823394182782     
  0.978731732463721     
  0.980498007202264     
  0.982196742757710     
  0.983696828948445     
  0.985233873020500     
  0.986589207711354     
  0.987780125022914     
  0.988717792678367     
  0.988281738417545     
  0.989480184548610     
  0.990702495032827     
  0.991778695574276     
  0.992260713810281     
  0.992795621368962     
  0.993318314387503     
  0.993705421767730     
  0.994028218937302     
  0.993848988197773     
  0.994504359555222     
  0.994923378002063     
  0.995156355352459     
  0.995301110956320     
  0.995647051022029     
  0.995857163927028     
  0.996034792519984     
  0.996108127178409     
  0.989996561911768     
  0.984367678614138     
  0.995773156847583     
  0.995781135341196     
  0.996909395458918     
  0.997075078469625     
  0.997099168593290     
  0.983349482052514     
  0.996973081224729     
  0.997491858512656     
  0.997424238685482     
  0.995727683648025     
  0.997476169207675     
  0.997685909872449     
  0.997493343105925     
  0.997340927301938     
  0.997171513531835     
  0.994699685146691     
  0.903007454304488     
  0.860053334737675     
  0.949843804237656     
  0.996212537087354     
  0.997457346847935     
  0.997847916618839     
  0.997926579451094     
  0.997837825586274     
  0.997088096477219     
  0.991237687419275     
  0.754055561417018     
  0.739640383814736     
  0.717323737710472     
  0.904267396381846     
  0.996263037747889     
  0.997971082933397     
  0.996358376135840     
  0.998277651444485     
  0.998655627975671     
  0.998745181305681     
  0.998802018968814     
  0.998846435543866     
  0.998847973005130     
  0.998591828795993     
  0.998708415056650     
  0.997980420431394     
  0.998986825980978     
  0.999035158611063     
  0.999062679101795     
  0.998679394902296     
  0.999090820323492     
  0.999133000552054     
  0.999152690920167     
  0.999171481275320     
  0.999189397207617     
  0.999206500411211     
  0.999211983125400     
  0.998838923222641     
  0.998940334842066     
  0.999250361332026     
  0.999276182449894     
  0.998837974044031     
  0.999194710585989     
  0.999324135674975     
  0.999339271170023     
  0.999347406507556     
  0.999070953770790     
  0.997921821459487     
  0.999288018738675     
  0.999391485078986     
  0.999401992391277     
  0.999389421258513     
  0.999248943099411     
  0.999377094158026     
  0.999312136330732     
  0.999210554239344     
  0.999424323916507     
  0.999416798812414     
  0.999399721017169     
  0.999361243948964     
  0.999273508867630     
  0.998993845046668     
  0.991880711268992     
  0.950313319527536     
  0.986585683960367     
  0.997245851416840     
  0.963150556220577     
  0.933407141394098     
  0.991050285184758     
  0.998741626605003     
  0.999143779828177     
  0.999302978784430     
  0.999318532488222     
  0.999172132426089     
  0.994996194863229     
  0.897228439344688     
  0.938247047104902     
  0.978750195333828     
  0.998629543315030     
  0.999414095005357     
  0.999233791989023     
  0.999550808125508     
  0.999614976662399     
  0.999629128841722     
  0.999639332462450     
  0.999647218081086     
  0.999654739978193     
  0.999661091312161     
  0.999632701528477     
  0.999628682624801     
  0.999677947714241     
  0.999682192468713     
  0.999683271957678     
  0.999464697429446     
  0.999658415459555     
  0.999637061813123     
  0.999565941195275     
  0.999672034725616     
  0.999595989885866     
  0.999143285611902     
  0.999691700871112     
  0.999715548426219     
  0.999717755607930     
  0.999682727530984     
  0.999718083441320     
  0.999704952106215     
  0.999542578526283     
  0.997986911643073     
  0.998650601601184     
  0.999651423946566     
  0.999708896619965     
  0.999657568702829     
  0.998709517113208     
  0.997231761936097     
  0.999627976805174     
  0.999733699944787     
  0.999747156019299     
  0.999723177861153     
  0.999752672258465     
  0.999653958111896     
  0.999758354962642     
  0.999764275865509     
  0.999765841813236     
  0.999767881410250     
  0.999769358287569     
  0.999770772952120     
  0.999769997453746     
  0.999702726351561     
  0.999699408697338     
  0.998749061007512     
  0.984852156711666     
  0.998693499981504     
  0.999634950015456     
  0.999775342124281     
  0.999784740606794     
  0.999787576618353     
  0.999789011159034     
  0.999739295265007     
  0.999699766968509     
  0.999780258563033     
  0.999761676137281     
  0.999070239672221     
  0.999331015012167     
  0.999549081090939     
  0.999586847955744     
  0.999797310901007     
  0.999796735543455     
  0.999791991657897     
  0.999687630298598     
  0.999641665150483     
  0.999132598307281     
  0.977648597592570     
  0.986624170480438     
  0.969012755861945     
  0.955966493545933     
  0.999640636284910     
  0.999627204782854     
  0.999579323644173     
  0.998603078152404     
  0.994244457102035     
  0.999527795929770     
  0.999747081065502     
  0.999790933987485     
  0.999778029452672     
  0.999724081549555     
  0.998967108890354     
  0.949573191067634     
  0.930314336415510     
  0.997850782953593     
  0.999516749628497     
  0.999205333960962     
  0.999750031208251     
  0.999808252908158     
  0.999813531794309     
  0.999820316327485     
  0.999824558101909     
  0.999824532816591     
  0.999827996664005     
  0.999824069827403     
  0.999761031988607     
  0.999585367469517     
  0.998782480482315     
  0.999734562646678     
  0.999827669565039     
  0.999835496448934     
  0.999835926515968     
  0.999827242475613     
  0.999561438630967     
  0.999789804732360     
  0.999837055623281     
  0.999839679783956     
  0.999840499085710     
  0.999841086016190     
  0.999802592423679     
  0.999834844241444     
  0.999842508797122     
  0.999842189134868     
  0.999548234321522     
  0.999139707435377     
  0.999834030183099     
  0.999790926063587     
  0.999610656240114     
  0.999236788441165     
  0.998931820800628     
  0.999838744142994     
  0.999827008857810     
  0.999705316121833     
  0.995469492762923     
  0.995450796163807     
  0.999693348164036     
  0.999784499793150     
  0.999755443960482     
  0.998858567867887     
  0.998857715757737     
  0.999758829166156     
  0.999824108913364     
  0.999807097151269     
  0.999795387564137     
  0.999659045151252     
  0.990979736253376     
  0.980035358012862     
  0.998861319001264     
  0.999767479512406     
  0.999045100329961     
  0.976402012535559     
  0.995203919465240     
  0.999664626092204     
  0.999824327471550     
  0.999723038897149     
  0.997212556248987     
  0.998333049280456     
  0.999812496604039     
  0.999751810594756     
  0.999820662659751     
  0.999842595027929     
  0.999841966419171     
  0.999839978788477     
  0.999837227513161     
  0.999831562656122     
  0.999586424745475     
  0.999768204156426     
  0.999797111554183     
  0.999788324398639     
  0.999691865886465     
  0.998784234183119     
  0.982263463500491     
  0.930534348381101     
  0.955649382006756     
  0.996594790559810     
  0.995786120079448     
  0.965709682462434     
  0.978401313160894     
  0.998567048060083     
  0.999515782039621     
  0.998427773467921     
  0.998133581765313     
  0.999677379370354     
  0.999563353375129     
  0.998526225112940     
  0.901080665069475     
  0.900042621189470     
  0.998847808387444     
  0.999498901344846     
  0.999731694757380     
  0.999778939550812     
  0.999786645811852     
  0.999781492461260     
  0.999556192758537     
  0.999109622547398     
  0.998977552856050     
  0.999009688451106     
  0.999410927491326     
  0.994329138606250     
  0.866756906371577     
  0.896785375694840     
  0.996987388552271     
  0.993995746992768     
  0.932279259122055     
  0.916937118908356     
  0.991220530838837     
  0.997470581084782     
  0.978777586445525     
  0.978403366322035     
  0.997222076308400     
  0.985723118597782     
  0.941174150092780     
  0.969912917101583     
  0.997945792274765     
  0.999383351936014     
  0.999470954737000     
  0.999257459121214     
  0.994761176439744     
  0.967100130782731     
  0.921377273494441     
  0.967881265818388     
  0.997653103344563     
  0.998908910580416     
  0.992613545872575     
  0.987488402021003     
  0.998160904808141     
  0.999588823787372     
  0.990967955236110     
  0.990947110307130     
  0.989085218804913     
  0.966073021935677     
  0.994171951599277     
  0.999215433058176     
  0.999783095924654     
  0.999640332907802     
  0.999315905770572     
  0.999806963926317     
  0.999790334307435     
  0.999797111441364     
  0.999830433239703     
  0.999772397047369     
  0.999705608058434     
  0.999704835148180     
  0.999787882932723     
  0.999829668810654     
  0.999829937703285     
  0.999828346227406     
  0.999662196574241     
  0.999776514173675     
  0.999826798784287     
  0.999815020034347     
  0.999825272263695     
  0.999823618167631     
  0.999811242463800     
  0.999815558728515     
  0.999818749179742     
  0.999816304298614     
  0.999814215645477     
  0.999810569290729     
  0.999801713755628     
  0.999786230246841     
  0.999383639561742     
  0.991412857907536     
  0.995810760244755     
  0.999394554696748     
  0.979839897072296     
  0.956305847603050     
  0.998885447294107     
  0.999732930280726     
  0.999734210946000     
  0.999513052894236     
  0.995982426018944     
  0.963724620476609     
  0.977885680317281     
  0.998577713298421     
  0.999652892265570     
  0.999726619816295     
  0.999490463753522     
  0.999390165606201     
  0.999693181087193     
  0.999729112239024     
  0.989585931885075     
  0.996776317846955     
  0.992748957434197     
  0.994651286744916     
  0.999736318979003     
  0.999739919671897     
  0.999728456820857     
  0.999748831985700     
  0.999746362021608     
  0.999743020903680     
  0.999739332952765     
  0.999734556383399     
  0.999725003364695     
  0.999721283778172     
  0.999652288325702     
  0.999680001934766     
  0.999703333968010     
  0.999702838658246     
  0.998867510826532     
  0.999672068167237     
  0.999656359865835     
  0.999490252031664     
  0.999587053090432     
  0.999595593604227     
  0.998750542387605     
  0.992540206612597     
  0.971273884297391     
  0.998760891676123     
  0.999529327372211     
  0.999501961587493     
  0.997987276428220     
  0.995454684011010     
  0.998194787517873     
  0.996735610192522     
  0.942994206043242     
  0.976245760231326     
  0.761977220716659     
  0.983478382297199     
  0.998947919878429     
  0.999364253742219     
  0.999415785059888     
  0.999406802946515     
  0.999350516108342     
  0.999129074223724     
  0.996527589101083     
  0.922078659778348     
  0.922181748652950     
  0.996466510922059     
  0.997469543598160     
  0.990094098702343     
  0.997561563883196     
  0.999269091337448     
  0.999346932906826     
  0.999337606204509     
  0.999330750089176     
  0.999317806688837     
  0.999310047193082     
  0.999298044490189     
  0.999280825722699     
  0.999251119023716     
  0.999241214375673     
  0.999205028081781     
  0.999178674041184     
  0.999045668914380     
  0.998692956902815     
  0.998985486274614     
  0.999078182344085     
  0.999022960578212     
  0.998268985672419     
  0.998997404158017     
  0.998957326980655     
  0.998640214119423     
  0.998756384460274     
  0.998828853028744     
  0.998743989953000     
  0.997532158358913     
  0.985777536773396     
  0.993391921679317     
  0.959534296863183     
  0.969633533624815     
  0.997297370563287     
  0.991512164014835     
  0.979781791862110     
  0.995426923191678     
  0.990391683256632     
  0.991700499037523     
  0.994602894341117     
  0.997479886113330     
  0.997892699306988     
  0.997794338567053     
  0.997684900507249     
  0.997556245550132     
  0.997373961553202     
  0.997291776435007     
  0.997139233887116     
  0.996874978316749     
  0.996789115915382     
  0.996591795346702     
  0.992704435875409     
  0.986897597270442     
  0.995809416805168     
  0.995636722572631     
  0.995307657715601     
  0.994883425632042     
  0.994875318636472     
  0.994620354569056     
  0.994325016218064     
  0.993992683316759     
  0.993644022851899     
  0.993279934897817     
  0.992865159182123     
  0.992391681101908     
  0.991925360887201     
  0.991328924226213     
  0.990721183977800     
  0.990028158014217     
  0.989098783672165     
  0.983566649458899     
  0.978774300457253     
  0.983633235365009     
  0.985353025593326     
  0.984359091672282     
  0.982724595434572     
  0.981710389905037     
  0.980540595153379     
  0.979071988179263     
  0.977733553491985     
  0.976329553729761     
  0.974961311111040     
  0.973766233774125     
  0.972651078130128     
  0.971381778067569     
  0.970167254976099     
  0.969990407119179     
  0.971102322581558     
  0.972396254218927     
  0.973543094729745     
  0.974722281047555     
  0.976037353915831     
  0.977035252968854     
  0.978060169349015     
  0.980113755704311     
  0.981511514410935     
  0.982850054404457     
  0.984114827397781     
  0.985205377520568     
  0.986347135682274     
  0.987330912978852     
  0.988184852018349     
  0.989069318277504     
  0.989685676552152     
  0.990513572741738     
  0.990864698321859     
  0.990850984521358     
  0.991820735434262     
  0.992744353904175     
  0.993140232162611     
  0.992050503226714     
  0.980786278880077     
  0.989170448247202     
  0.991376907337212     
  0.994774903083871     
  0.994861630133198     
  0.995384164425689     
  0.995639840729835     
  0.995903630391619     
  0.996132661731879     
  0.996113206006665     
  0.996152082980240     
  0.988747751664937     
  0.971487524153768     
  0.992743074003945     
  0.996995192705884     
  0.997364914254709     
  0.997537847270379     
  0.997655306704250     
  0.997589616845935     
  0.994423136030309     
  0.995072933108479     
  0.997957274279221     
  0.997995419861229     
  0.998099987833268     
  0.998354340618758     
  0.998425198971780     
  0.998489896538195     
  0.998550936871438     
  0.998600307166368     
  0.998661645905240     
  0.998711455095119     
  0.998758045285015     
  0.998784757976053     
  0.998608349529504     
  0.998882056066996     
  0.998919614469776     
  0.998931827577048     
  0.998976092885539     
  0.999014797230608     
  0.998053944537855     
  0.998752329024431     
  0.999096091562679     
  0.999119900157786     
  0.999139777338174     
  0.999157891988208     
  0.999173223936909     
  0.999185123068315     
  0.999194574064303     
  0.999199284853715     
  0.999197661132871     
  0.999179214077394     
  0.999014277791346     
  0.999027100122587     
  0.998614129868667     
  0.998825124894625     
  0.998871344452701     
  0.998628778339476     
  0.998124346130744     
  0.996700219435660     
  0.974246033459869     
  0.741899941834997     
  0.454755615365461     
  0.937032149161070     
  0.994113638636039     
  0.997097725457636     
  0.983862328250032     
  0.993810667947566     
  0.993148549637626     
  0.998796383479274     
  0.999278412619061     
  0.999222027529180     
  0.997945547659762     
  0.995018683941284     
  0.997871145981255     
  0.999211743570830     
  0.999500759538316     
  0.999496253629969     
  0.999535611012443     
  0.999600514934908     
  0.999614506438229     
  0.999621748034371     
  0.999564860871889     
  0.998922057424421     
  0.998152994004138     
  0.999490948372477     
  0.999643834374878     
  0.999626558627182     
  0.999696915137859     
  0.999704891522875     
  0.999711741612519     
  0.999717438913054     
  0.999721986215793     
  0.999725897910169     
  0.999727837627214     
  0.999725559279876     
  0.999712169745581     
  0.999568864227509     
  0.994595580612641     
  0.997861455876985     
  0.999582791681138     
  0.994026852068702     
  0.984128615210934     
  0.998468884784097     
  0.999305014176901     
  0.999699239069626     
  0.999757981153239     
  0.999770006105257     
  0.999769754769089     
  0.999756829965172     
  0.998809076823235     
  0.989554554225054     
  0.998007021443375     
  0.999764215278453     
  0.999792338709358     
  0.999802881822785     
  0.999805760542595     
  0.999814695116109     
  0.999817113319961     
  0.999815182895077     
