  0.999494877428602     
  0.999494498609381     
  0.999486634524442     
  0.999489547339532     
  0.999477914389851     
  0.999427020323357     
  0.999390233456209     
  0.999378677642260     
  0.999453005758808     
  0.999415860429458     
  0.999032387371035     
  0.989317727990417     
  0.997026203079923     
  0.999123307489613     
  0.999282063154849     
  0.999215006434881     
  0.998869692721740     
  0.996418725006611     
  0.892333566233450     
  0.758713347123463     
  0.962750805082309     
  0.988790196489955     
  0.979464769531874     
  0.997339786576972     
  0.998996171901087     
  0.999190961040313     
  0.999332070842709     
  0.999349573414004     
  0.999356636175737     
  0.999358674242673     
  0.999355957944585     
  0.999198177733684     
  0.999100528588846     
  0.999341091372599     
  0.999340406649226     
  0.999333884967123     
  0.999326984892768     
  0.999319278759682     
  0.999310621583305     
  0.999280727777810     
  0.999291910049686     
  0.999284457936290     
  0.999232989570815     
  0.999224430298307     
  0.999252920241415     
  0.999235376165597     
  0.999229536169841     
  0.999214694671451     
  0.999192876789640     
  0.999115670056879     
  0.998727851337175     
  0.993169111300526     
  0.996487913751169     
  0.998987345647597     
  0.999102313082816     
  0.996746162248675     
  0.954788831362957     
  0.987992370251455     
  0.987554183147060     
  0.989758522887237     
  0.998909588223528     
  0.998703735274276     
  0.998947319467401     
  0.998982688473751     
  0.998966278845046     
  0.998947791424545     
  0.998928368614229     
  0.998907720890531     
  0.998886399315626     
  0.998864994505622     
  0.998840938117866     
  0.998721416170198     
  0.998793805395761     
  0.998753696672409     
  0.998741695722546     
  0.998696758643898     
  0.998133136128769     
  0.998594468112527     
  0.997868112851684     
  0.992267666492935     
  0.997642927111384     
  0.998426232349760     
  0.998475715678005     
  0.998441003581315     
  0.998264407067718     
  0.998362563483514     
  0.998304806146623     
  0.998119496071719     
  0.995203695581060     
  0.997314281364202     
  0.997891239944804     
  0.997311619479037     
  0.995092544975750     
  0.995302274650718     
  0.990685998217297     
  0.997597050408938     
  0.997783195116797     
  0.997748358893830     
  0.997667606972442     
  0.997073586421061     
  0.997230353058877     
  0.997456336722541     
  0.997370920233898     
  0.997284584503951     
  0.997187079388440     
  0.997076191512578     
  0.996937371747799     
  0.996825982433466     
  0.995656464039298     
  0.996615699415246     
  0.996499389794515     
  0.996374709039896     
  0.996226417726162     
  0.996068632692996     
  0.995898907217604     
  0.995707670579454     
  0.995500509759383     
  0.995263917550055     
  0.994977940377933     
  0.994614205492971     
  0.994053557016337     
  0.992091042900171     
  0.875757798355811     
  0.756619976740944     
  0.978775072255783     
  0.992204743173408     
  0.992248516273250     
  0.990883009038554     
  0.951818797118047     
  0.820020470539641     
  0.964944074941187     
  0.965445068171523     
  0.901394224927667     
  0.981515273948648     
  0.987774283219317     
  0.986889679266891     
  0.985871075320132     
  0.983976293138481     
  0.935322016067974     
  0.890421900532212     
  0.972565971694962     
  0.825013789250230     
  0.834343928338146     
  0.836218140601217     
  0.969449023935485     
  0.969239530881494     
  0.966142431064106     
  0.960236794511307     
  0.947680306943025     
  0.953476259861732     
  0.939261653768950     
  0.941137355200674     
  0.930765977412576     
  0.913461146549124     
  0.819694000606005     
  0.847539585218579     
  0.887637129892507     
  0.870382121368779     
  0.850169804317778     
  0.838463468695811     
  0.845576937797838     
  0.861397866449362     
  0.874583172246145     
  0.882446119022454     
  0.881534095450138     
  0.869997665710924     
  0.844855397665269     
  0.797990958999741     
  0.723237443079939     
  0.590850448498640     
  0.491507572211816     
  0.480593173879582     
  0.530409109112363     
  0.614492174116240     
  0.709057616857551     
  0.780209735165554     
  0.822526351181661     
  0.849312096611594     
  0.870473523302104     
  0.887776572298626     
  0.902647043679349     
  0.917575636330093     
  0.931818855465900     
  0.942027817222290     
  0.948779845640102     
  0.954976076071370     
  0.960806038693980     
  0.964855943177958     
  0.967746207281803     
  0.970434355615365     
  0.972855198243760     
  0.975163555144852     
  0.977193822543881     
  0.979074635411723     
  0.980814613474731     
  0.982489881548714     
  0.983976673472318     
  0.985486271762451     
  0.986820589115310     
  0.987995612413200     
  0.988937676543480     
  0.988535144388002     
  0.989703498032361     
  0.990890697981111     
  0.991932489012251     
  0.992407612628429     
  0.992928045388044     
  0.993434768376349     
  0.993808870498154     
  0.994120885264493     
  0.993965977057977     
  0.994592739278044     
  0.995003129153579     
  0.995239909692610     
  0.995389938680415     
  0.995724128545591     
  0.995930953762587     
  0.996104975093265     
  0.996171526354698     
  0.990468432964197     
  0.985250449902987     
  0.995826571266531     
  0.995838215288067     
  0.996948640240227     
  0.997123459282921     
  0.997137136825722     
  0.984427068852982     
  0.997024381729249     
  0.997534158788866     
  0.997485158752778     
  0.995859355206694     
  0.997534891269260     
  0.997728375606742     
  0.997547378132284     
  0.997383937157708     
  0.997107506983518     
  0.993796612482198     
  0.905569636570983     
  0.864365073989535     
  0.949963238048116     
  0.995648417773658     
  0.997460053929585     
  0.997886024542051     
  0.997964658143279     
  0.997863396572059     
  0.996793260919523     
  0.988747206129728     
  0.759934700493014     
  0.745350123903214     
  0.724965129237828     
  0.904570012660285     
  0.995118166346052     
  0.997897208418300     
  0.996510975125910     
  0.998298413171846     
  0.998674110923255     
  0.998766008619784     
  0.998822063390713     
  0.998864657926354     
  0.998862763542225     
  0.998613395740848     
  0.998732505123013     
  0.998046735067643     
  0.999004027988892     
  0.999051296479654     
  0.999077566199131     
  0.998750941554928     
  0.999106719677400     
  0.999146406992378     
  0.999165818909796     
  0.999184308199184     
  0.999201867200141     
  0.999217659959614     
  0.999217728415033     
  0.998847121416255     
  0.998963283287015     
  0.999259359489217     
  0.999279041744382     
  0.998833223260537     
  0.999188792660348     
  0.999330206727568     
  0.999348649981287     
  0.999354505316351     
  0.999087443930791     
  0.998012009579484     
  0.999296368635921     
  0.999399792295108     
  0.999411115819810     
  0.999399834760862     
  0.999266749914752     
  0.999388341180815     
  0.999336016903126     
  0.999249356309125     
  0.999434349363326     
  0.999427971097463     
  0.999412034885255     
  0.999376120359012     
  0.999296669794523     
  0.999086372864543     
  0.992597048412289     
  0.953526272756484     
  0.987655966308068     
  0.997651739453747     
  0.965897585328843     
  0.937806832740539     
  0.991989265260154     
  0.998873312091577     
  0.999174762153652     
  0.999322972370382     
  0.999334124528574     
  0.999127261910168     
  0.994696709693240     
  0.901441207973567     
  0.940366563054657     
  0.979526890221881     
  0.998581023416162     
  0.999407683741666     
  0.999269553011440     
  0.999559706102392     
  0.999620162952421     
  0.999633706248983     
  0.999643537843499     
  0.999651317034217     
  0.999658556823274     
  0.999664285109483     
  0.999637775433639     
  0.999634933948327     
  0.999681041955289     
  0.999684834889604     
  0.999681122129636     
  0.999455874582869     
  0.999650491762389     
  0.999644310710885     
  0.999573805851684     
  0.999660119676839     
  0.999593134419129     
  0.999213065083467     
  0.999694468669956     
  0.999717580779941     
  0.999719700441238     
  0.999687687209525     
  0.999718734430645     
  0.999694746523901     
  0.999472359033152     
  0.997832255635287     
  0.998515170957327     
  0.999607870095253     
  0.999703708342064     
  0.999638234974596     
  0.998664799582441     
  0.997238556436659     
  0.999591421723471     
  0.999730413121775     
  0.999748303886592     
  0.999726309130239     
  0.999754445352445     
  0.999663798334973     
  0.999759633675643     
  0.999765292768585     
  0.999766836897007     
  0.999768900785320     
  0.999770335075603     
  0.999771681170773     
  0.999771057983730     
  0.999712580488026     
  0.999716065572688     
  0.998860560451204     
  0.985579062979736     
  0.998807998587405     
  0.999659136388760     
  0.999776635709100     
  0.999785199568470     
  0.999788062287432     
  0.999789371201621     
  0.999744292906877     
  0.999715017006290     
  0.999773009763739     
  0.999752652129424     
  0.999100941109876     
  0.999346511367203     
  0.999578843850372     
  0.999618152253283     
  0.999797332681480     
  0.999796788895208     
  0.999791222280591     
  0.999691257403015     
  0.999659465022123     
  0.999252090757546     
  0.978760464586049     
  0.987360215964219     
  0.970548568110108     
  0.959221422432485     
  0.999569575500574     
  0.999621576894540     
  0.999558548909195     
  0.998495912541085     
  0.994116636807516     
  0.999432096833094     
  0.999733780131017     
  0.999790017992508     
  0.999777862397935     
  0.999703284167728     
  0.998770691907380     
  0.951591083199069     
  0.933332229382055     
  0.997626745104029     
  0.999480544408957     
  0.999208393347640     
  0.999742195448497     
  0.999805376890142     
  0.999812008769893     
  0.999818871294041     
  0.999823311395734     
  0.999823165238382     
  0.999826039379263     
  0.999814295646197     
  0.999724291575361     
  0.999544016727067     
  0.998815948925274     
  0.999739654929340     
  0.999828383864667     
  0.999833986366264     
  0.999833423750054     
  0.999821033678273     
  0.999555768601877     
  0.999785309557429     
  0.999833940103391     
  0.999837571325903     
  0.999838560554011     
  0.999839043138823     
  0.999808112853954     
  0.999834070759078     
  0.999840383168351     
  0.999841558059117     
  0.999563199274536     
  0.999171988394539     
  0.999832997008958     
  0.999782536601394     
  0.999607731979414     
  0.999276697193627     
  0.999001195263232     
  0.999833996335275     
  0.999810536274442     
  0.999532873503633     
  0.994911615444195     
  0.994893648229851     
  0.999522337661679     
  0.999764956217784     
  0.999712558739098     
  0.998752502397373     
  0.998752158176683     
  0.999716907863211     
  0.999815793431195     
  0.999805507465480     
  0.999795201606705     
  0.999661136942162     
  0.991606620950913     
  0.981511216460935     
  0.998910561605811     
  0.999772773250797     
  0.999112892201643     
  0.977321712698482     
  0.995423182778782     
  0.999687701393753     
  0.999820397300727     
  0.999718807803660     
  0.997377853223051     
  0.998410174571505     
  0.999804680074351     
  0.999757743894738     
  0.999818867158769     
  0.999837848453234     
  0.999837013117353     
  0.999834795599426     
  0.999831743138169     
  0.999825178161110     
  0.999596529195330     
  0.999764342469802     
  0.999790196658329     
  0.999775691819431     
  0.999591869926709     
  0.997698753491611     
  0.978088175409373     
  0.924529427489849     
  0.950210797896873     
  0.994183263169744     
  0.994883949999718     
  0.965360196246595     
  0.977826260545718     
  0.998137871758815     
  0.999452910959099     
  0.998463505701654     
  0.998181475624074     
  0.999667260127791     
  0.999490442225710     
  0.997889914722148     
  0.904778667701139     
  0.903808020353536     
  0.998193523215370     
  0.999423144763790     
  0.999719462031012     
  0.999771546197394     
  0.999779813685658     
  0.999773432884068     
  0.999554631111097     
  0.999110402153625     
  0.998906569644688     
  0.998930897004080     
  0.999280322932602     
  0.993726526885874     
  0.871524305301715     
  0.900183391135425     
  0.995942206365090     
  0.990305746467322     
  0.925506153485129     
  0.910301097024899     
  0.986965154060380     
  0.996423585948915     
  0.978209965867629     
  0.977850641286468     
  0.996601683676137     
  0.984486220410946     
  0.939858198270589     
  0.968567192457088     
  0.997377010499889     
  0.999298959503242     
  0.999439468505982     
  0.999115774838647     
  0.993969731166868     
  0.965313743998304     
  0.919472053912446     
  0.965971631936241     
  0.996926813316288     
  0.998696566249582     
  0.992453397620230     
  0.987446277538413     
  0.997962494827291     
  0.999574793239961     
  0.991367163511204     
  0.990829476720027     
  0.987054554926990     
  0.963399876079943     
  0.992440978014941     
  0.998862733466131     
  0.999741354829820     
  0.999633210856963     
  0.999332831435683     
  0.999792298924447     
  0.999781895404546     
  0.999787876082805     
  0.999815491577556     
  0.999756782877838     
  0.999678089930704     
  0.999677282707613     
  0.999770672738585     
  0.999813953197746     
  0.999814675790331     
  0.999812584492921     
  0.999656890557226     
  0.999762901054550     
  0.999810532343136     
  0.999799598238378     
  0.999808795902046     
  0.999806959773815     
  0.999795163233304     
  0.999798763489626     
  0.999801466097383     
  0.999798698886869     
  0.999796350159735     
  0.999792344787747     
  0.999782303813816     
  0.999763168335394     
  0.999392930305555     
  0.991805022230522     
  0.996015727507464     
  0.999420357293834     
  0.980555032198546     
  0.957893065244010     
  0.998911038986274     
  0.999711793386665     
  0.999693570573218     
  0.999188019225718     
  0.994221551553579     
  0.960557046613990     
  0.975016499045161     
  0.997496422364737     
  0.999498008506925     
  0.999673807774696     
  0.999408528256473     
  0.999303552681781     
  0.999634867640411     
  0.999699099681463     
  0.990928920091772     
  0.997141075785953     
  0.993659218603627     
  0.995303374518727     
  0.999709658131507     
  0.999712454379506     
  0.999701187377542     
  0.999718840539712     
  0.999715654600662     
  0.999711651131049     
  0.999707193385111     
  0.999700999125131     
  0.999688368667795     
  0.999683800612069     
  0.999618843009908     
  0.999645118362011     
  0.999666217586685     
  0.999663975886043     
  0.998899670248202     
  0.999630917232045     
  0.999608336587786     
  0.999435262579391     
  0.999533127304261     
  0.999527456223513     
  0.998585419680094     
  0.992082719838904     
  0.972298333084835     
  0.998507903914052     
  0.999443460152475     
  0.999399304144290     
  0.997752960016297     
  0.995154743849771     
  0.998007156268342     
  0.996511523501808     
  0.945553172310452     
  0.974918646505574     
  0.771207694985604     
  0.982085105300432     
  0.998516706358787     
  0.999288822587992     
  0.999356781134654     
  0.999347239033582     
  0.999289711756117     
  0.999025461012733     
  0.996202845944629     
  0.926432636303085     
  0.926517663516836     
  0.996047139599394     
  0.996920295951018     
  0.989337892653280     
  0.997019565320854     
  0.999084647731945     
  0.999251644716173     
  0.999247961363608     
  0.999236527789191     
  0.999221198610199     
  0.999209902277915     
  0.999193543206460     
  0.999172953810172     
  0.999140295720828     
  0.999125917966140     
  0.999087533946405     
  0.999046259166082     
  0.998872059115735     
  0.998495755682812     
  0.998803094953417     
  0.998926136458809     
  0.998875903693648     
  0.998172143629206     
  0.998839501024593     
  0.998795874301133     
  0.998484218230311     
  0.998587628709753     
  0.998646690072395     
  0.998537820390191     
  0.997281004318478     
  0.985856848993620     
  0.991576839637144     
  0.957115430695028     
  0.968188056751151     
  0.996367663441443     
  0.990589658634393     
  0.978758406992124     
  0.994695250628211     
  0.990357126261411     
  0.991720812188139     
  0.994483142965269     
  0.997193943202223     
  0.997555886125388     
  0.997436323104665     
  0.997307943444927     
  0.997159835186402     
  0.996961000302416     
  0.996849666785391     
  0.996672085273913     
  0.996399321774455     
  0.996268192185177     
  0.996064366045380     
  0.992366666453673     
  0.986783506901003     
  0.995199355830289     
  0.994937154155883     
  0.994568733860015     
  0.994123920366497     
  0.994051094012969     
  0.993750792414884     
  0.993405956234409     
  0.993017679024026     
  0.992614106289984     
  0.992196226226641     
  0.991716370546861     
  0.991165945648868     
  0.990626012277056     
  0.989945625705246     
  0.989249920619317     
  0.988449434558192     
  0.987380460192851     
  0.981906469675666     
  0.976903049755826     
  0.981346888719767     
  0.983031091126009     
  0.981930514728805     
  0.980158088985735     
  0.978914972904800     
  0.977551519468464     
  0.975862735937680     
  0.974308608905472     
  0.972672588947020     
  0.971065335910795     
  0.969639715211423     
  0.968302915792455     
  0.966837077881899     
  0.965487581425440     
  0.965296484718634     
  0.966519353944072     
  0.967999555208412     
  0.969368707618544     
  0.970778230164368     
  0.972327099736454     
  0.973563392476272     
  0.974824223058813     
  0.977063178669339     
  0.978664668656258     
  0.980200778145618     
  0.981651812122184     
  0.982904958795372     
  0.984213399775498     
  0.985344011047750     
  0.986327480696448     
  0.987347693688342     
  0.988094713228666     
  0.989033688189541     
  0.989499761874517     
  0.989603619426433     
  0.990633867735368     
  0.991594190279137     
  0.991987397252462     
  0.990620519977830     
  0.979100227111711     
  0.987664944873606     
  0.990627426515820     
  0.993941384434275     
  0.994093691221853     
  0.994638026128058     
  0.994934467459489     
  0.995240221688131     
  0.995506332001385     
  0.995517301782931     
  0.995382652162916     
  0.987434596002926     
  0.970013966870316     
  0.991601871504065     
  0.996407030473306     
  0.996932625124187     
  0.997139144554096     
  0.997261258356477     
  0.997093642456439     
  0.993748079691368     
  0.994425990901489     
  0.997530155391327     
  0.997704860670010     
  0.997836585795118     
  0.998088560234091     
  0.998170507119467     
  0.998246217921095     
  0.998317608554562     
  0.998378225971764     
  0.998447227532669     
  0.998505757536988     
  0.998560318529550     
  0.998595595671315     
  0.998445297800102     
  0.998706350491739     
  0.998750737389563     
  0.998774062262647     
  0.998821917821619     
  0.998862584982514     
  0.997977796595704     
  0.998634824515329     
  0.998960980676356     
  0.998990874555900     
  0.999015783917463     
  0.999038578614883     
  0.999058519896977     
  0.999075167413437     
  0.999089204792372     
  0.999098495589394     
  0.999101046870037     
  0.999082906620441     
  0.998916913690648     
  0.998939569029817     
  0.998562091915214     
  0.998773635959201     
  0.998824475365426     
  0.998601098496032     
  0.998125767546411     
  0.996518116654812     
  0.972851577322132     
  0.744759744502631     
  0.469338153547711     
  0.931861019432422     
  0.992662417025166     
  0.997160198310705     
  0.984551003077131     
  0.994023520067845     
  0.993391740349471     
  0.998797535557052     
  0.999241439942667     
  0.999145372350694     
  0.997799686105824     
  0.994947215659462     
  0.997735793451001     
  0.999068980070803     
  0.999421277349702     
  0.999443254701324     
  0.999488494104733     
  0.999556876996637     
  0.999572203220758     
  0.999572447373457     
  0.999462958716798     
  0.998706562439803     
  0.997956214499312     
  0.999354461888330     
  0.999590533969136     
  0.999591735884251     
  0.999660431037857     
  0.999669528747928     
  0.999677324613786     
  0.999683713400958     
  0.999689110769458     
  0.999693912460015     
  0.999696681720260     
  0.999695438108353     
  0.999683711096151     
  0.999548355398496     
  0.994776829909430     
  0.997921343941125     
  0.999633091951386     
  0.994580772326817     
  0.985319800568792     
  0.998555993437953     
  0.999203149606389     
  0.999633057112616     
  0.999727335726411     
  0.999746207095567     
  0.999748367217593     
  0.999755323017124     
  0.998948527979678     
  0.990346365686620     
  0.998212042016653     
  0.999772261860383     
  0.999774066435013     
  0.999782129956394     
  0.999785077288805     
  0.999794480412785     
  0.999797806945724     
  0.999801612164515     
