  0.999507485270210     
  0.999506511264174     
  0.999497646335964     
  0.999500649313281     
  0.999491084812226     
  0.999445872334555     
  0.999408725667063     
  0.999398422047972     
  0.999465459806526     
  0.999398471646100     
  0.998712980532470     
  0.988557686694596     
  0.996270499472864     
  0.998967654720030     
  0.999295588439820     
  0.999240599745029     
  0.998816613274705     
  0.995468937465256     
  0.897721910739047     
  0.773492283083459     
  0.962415385252030     
  0.987844640596512     
  0.978493234743195     
  0.996475036064603     
  0.998816555097978     
  0.999195378108060     
  0.999346615848384     
  0.999365554920938     
  0.999372355228422     
  0.999374107109186     
  0.999370660395842     
  0.999224425584900     
  0.999135219665812     
  0.999355660079494     
  0.999355589650628     
  0.999349294546784     
  0.999342391053696     
  0.999334959417370     
  0.999326330219593     
  0.999299178669228     
  0.999308290626907     
  0.999300783224563     
  0.999251643298705     
  0.999243067360178     
  0.999270175696072     
  0.999253504962736     
  0.999246868209211     
  0.999232171788362     
  0.999209713621445     
  0.999115931233945     
  0.998636451466190     
  0.993248141184538     
  0.996401678043228     
  0.998950370565314     
  0.999165627105444     
  0.997317807559507     
  0.957725135628685     
  0.989068666942082     
  0.988397409697156     
  0.990374432799840     
  0.998970017934877     
  0.998761568301842     
  0.998976242299742     
  0.999005966065757     
  0.998990169915447     
  0.998972225699941     
  0.998953276422904     
  0.998933198751866     
  0.998912322654861     
  0.998891394594064     
  0.998868038467159     
  0.998762801661184     
  0.998822044656016     
  0.998784439115770     
  0.998769562613554     
  0.998711944493080     
  0.998139508348306     
  0.998600837254778     
  0.997952607939856     
  0.992978394129462     
  0.997749677054016     
  0.998470165248859     
  0.998511847771688     
  0.998477886601361     
  0.998322374969267     
  0.998400035209553     
  0.998331568971728     
  0.998080480149750     
  0.995143626545554     
  0.997335882458006     
  0.997856770202129     
  0.996983783618385     
  0.994439013161802     
  0.994483212027872     
  0.990247964524879     
  0.997434068693027     
  0.997810111131505     
  0.997797538216915     
  0.997708864209927     
  0.997108076828049     
  0.997295820611320     
  0.997510756955561     
  0.997434609448124     
  0.997349832308303     
  0.997253171321670     
  0.997134185584576     
  0.996985030795929     
  0.996875131466873     
  0.995966550344036     
  0.996693498602535     
  0.996581140646219     
  0.996461136186383     
  0.996317029493492     
  0.996163271310255     
  0.995997931458421     
  0.995812679042767     
  0.995610706687396     
  0.995380732078484     
  0.995104152981548     
  0.994754357635123     
  0.994233949890769     
  0.992572214198424     
  0.885314183314192     
  0.775537560552056     
  0.980334165281372     
  0.992477114986280     
  0.992417637650861     
  0.990692433756840     
  0.953111628861608     
  0.830932950215850     
  0.965104828242403     
  0.966298477777943     
  0.907380881473603     
  0.981592971605911     
  0.987932761487552     
  0.987174098830712     
  0.986140254911071     
  0.983975440205280     
  0.938474219912579     
  0.897139488241576     
  0.972515036947649     
  0.840185396260080     
  0.845978918685384     
  0.847996599079447     
  0.970416485555092     
  0.969807340527283     
  0.966443130525839     
  0.959825909854912     
  0.947334287737871     
  0.953890631377567     
  0.940668892818032     
  0.942139460355759     
  0.931858070141727     
  0.915526321767884     
  0.829036572814096     
  0.853664582124293     
  0.888798192350282     
  0.871160635168937     
  0.850928009719912     
  0.839345733265927     
  0.846483357001583     
  0.862283684927897     
  0.875504731223392     
  0.883350967803194     
  0.882474906322662     
  0.870907891294195     
  0.845419017785791     
  0.797544932204850     
  0.720789468402597     
  0.588573360692736     
  0.491609909636151     
  0.480953105136554     
  0.529284593400989     
  0.612675524886847     
  0.707126778539271     
  0.779185784444762     
  0.822293896770467     
  0.849472715909973     
  0.870808819537817     
  0.888326182671932     
  0.903442434360319     
  0.918521836281048     
  0.932811542512841     
  0.943001561745794     
  0.949715013839336     
  0.955855511975104     
  0.961625600235583     
  0.965617080429279     
  0.968453997356960     
  0.971090814121845     
  0.973470327995757     
  0.975726016793232     
  0.977715918496336     
  0.979557936140623     
  0.981260850785730     
  0.982903042996182     
  0.984371097571583     
  0.985842012782879     
  0.987146707545494     
  0.988299329260609     
  0.989247590057508     
  0.988892305464000     
  0.990018245570886     
  0.991155959313998     
  0.992149252166415     
  0.992614658269051     
  0.993114689669004     
  0.993598903839593     
  0.993954675813378     
  0.994251493412928     
  0.994130866542434     
  0.994717305764113     
  0.995115534164631     
  0.995357675132752     
  0.995515136716404     
  0.995832765321686     
  0.996034956745063     
  0.996203893855451     
  0.996260884291795     
  0.991133511584920     
  0.986494672212244     
  0.995901856259978     
  0.995918666684085     
  0.997003953858204     
  0.997191649715754     
  0.997190651241609     
  0.985945876590326     
  0.997096687390494     
  0.997593779067161     
  0.997571022789019     
  0.996044940275541     
  0.997617657364876     
  0.997788229159038     
  0.997623538106446     
  0.997444557660816     
  0.997017292535980     
  0.992523770441429     
  0.909180923201495     
  0.870442288202646     
  0.950131574978280     
  0.994853314992596     
  0.997463869449438     
  0.997939736111837     
  0.998018328529567     
  0.997899437859707     
  0.996377701793677     
  0.985236969610657     
  0.768221120861967     
  0.753397785319736     
  0.735735383022605     
  0.904996539033060     
  0.993504512212378     
  0.997793084974614     
  0.996726057917110     
  0.998327676089081     
  0.998700161989180     
  0.998795363996871     
  0.998850315316839     
  0.998890341757999     
  0.998883610310098     
  0.998643793638297     
  0.998766459287408     
  0.998140203417969     
  0.999028273674204     
  0.999074042301385     
  0.999098549104361     
  0.998851784389408     
  0.999129129340940     
  0.999165302974566     
  0.999184322429531     
  0.999202387380899     
  0.999219443302658     
  0.999233389032863     
  0.999225826243434     
  0.998858676549479     
  0.998995628510911     
  0.999272042156614     
  0.999283071846338     
  0.998826527151924     
  0.999180451491555     
  0.999338763727440     
  0.999361869189844     
  0.999364510919226     
  0.999110686427443     
  0.998139127672287     
  0.999308137628602     
  0.999411501133191     
  0.999423975095115     
  0.999414512371701     
  0.999291848251062     
  0.999404193630576     
  0.999369676094045     
  0.999304047069808     
  0.999448480039460     
  0.999443718225016     
  0.999429391058135     
  0.999397088394560     
  0.999329314719392     
  0.999216789260348     
  0.993606713823027     
  0.958054878836558     
  0.989164512598395     
  0.998223832498644     
  0.969769482486514     
  0.944008135003893     
  0.993312744724352     
  0.999058921028119     
  0.999218431341979     
  0.999351153081071     
  0.999356101322589     
  0.999064017434448     
  0.994274588657780     
  0.907379060645399     
  0.943353999247689     
  0.980621634120683     
  0.998512635067455     
  0.999398647121987     
  0.999319957872406     
  0.999572247730052     
  0.999627472989238     
  0.999640158072080     
  0.999649465300088     
  0.999657094483098     
  0.999663936644250     
  0.999668786749617     
  0.999644927077785     
  0.999643745160482     
  0.999685403275358     
  0.999688559372149     
  0.999678091953914     
  0.999443438805570     
  0.999639323329893     
  0.999654528018146     
  0.999584891073075     
  0.999643325427869     
  0.999589109640198     
  0.999311419236805     
  0.999698369883219     
  0.999720445384005     
  0.999722441686076     
  0.999694677884386     
  0.999719652001442     
  0.999680361730206     
  0.999373384452335     
  0.997614267476019     
  0.998324280954201     
  0.999546480758642     
  0.999696395440354     
  0.999610983987008     
  0.998601769977890     
  0.997248133324245     
  0.999539897105009     
  0.999725780322598     
  0.999749921813760     
  0.999730722677747     
  0.999756944542602     
  0.999677668212312     
  0.999761436032962     
  0.999766726102935     
  0.999768239477276     
  0.999770337604852     
  0.999771711868701     
  0.999772961314995     
  0.999772552812907     
  0.999726470010493     
  0.999739543643982     
  0.999017720341117     
  0.986603646959924     
  0.998969385933136     
  0.999693227421732     
  0.999778459035649     
  0.999785846481809     
  0.999788746845448     
  0.999789878687336     
  0.999751337163951     
  0.999736512187629     
  0.999762792457519     
  0.999739932632583     
  0.999144215335370     
  0.999368353763444     
  0.999620795018028     
  0.999662276261741     
  0.999797363381504     
  0.999796864095586     
  0.999790137827485     
  0.999696369882743     
  0.999684554322634     
  0.999420517979750     
  0.980327665916871     
  0.988397688817732     
  0.972713331061250     
  0.963809321458579     
  0.999469413617899     
  0.999613644248451     
  0.999529266403531     
  0.998344859900954     
  0.993936470821552     
  0.999297206453289     
  0.999715032110118     
  0.999788726872842     
  0.999777626929699     
  0.999673969677714     
  0.998493836603165     
  0.954435360212621     
  0.937586037662881     
  0.997310957111810     
  0.999429512062661     
  0.999212705646663     
  0.999731150702885     
  0.999801323052669     
  0.999809862018662     
  0.999816834472980     
  0.999821554122836     
  0.999821237591877     
  0.999823280521145     
  0.999800518607617     
  0.999672504706561     
  0.999485731424933     
  0.998863123867686     
  0.999746832682131     
  0.999829390695577     
  0.999831857850053     
  0.999829896009805     
  0.999812282148307     
  0.999547776483642     
  0.999778973437914     
  0.999829548658656     
  0.999834599372535     
  0.999835828117590     
  0.999836163622202     
  0.999815894121573     
  0.999832980504330     
  0.999837387007554     
  0.999840668531758     
  0.999584293002192     
  0.999217489771735     
  0.999831540705920     
  0.999770711292401     
  0.999603610106544     
  0.999332950337033     
  0.999098981652566     
  0.999827304087109     
  0.999787317421253     
  0.999289807738969     
  0.994125261590403     
  0.994108322238650     
  0.999281290309781     
  0.999737408620135     
  0.999652109964722     
  0.998602997990876     
  0.998603369619954     
  0.999657817724476     
  0.999804072346494     
  0.999803266723816     
  0.999794939490343     
  0.999664085427902     
  0.992490247110965     
  0.983591515343803     
  0.998979971627615     
  0.999780235053904     
  0.999208448445094     
  0.978618079319699     
  0.995732246253945     
  0.999720227286385     
  0.999814857509581     
  0.999712843843591     
  0.997610848507373     
  0.998518886994047     
  0.999793662234140     
  0.999766107218678     
  0.999816336297204     
  0.999831157882156     
  0.999830031150431     
  0.999827489590963     
  0.999824012588241     
  0.999816178836314     
  0.999610772021496     
  0.999758899190063     
  0.999780449693518     
  0.999757885428027     
  0.999450919474841     
  0.996168701268052     
  0.972202846617331     
  0.916065114654468     
  0.942544769851505     
  0.990784061784059     
  0.993612283429558     
  0.964867572864575     
  0.977015686518422     
  0.997532919687892     
  0.999364290031448     
  0.998513872653981     
  0.998248985210857     
  0.999652996376675     
  0.999387669036808     
  0.996992991975572     
  0.909991255332462     
  0.909115609631264     
  0.997271262945903     
  0.999316360583331     
  0.999702219145501     
  0.999761124744216     
  0.999770183318912     
  0.999762072334537     
  0.999552429856778     
  0.999111501064561     
  0.998806513648206     
  0.998819834697776     
  0.999096226198202     
  0.992877101069924     
  0.878244308925309     
  0.904973148266654     
  0.994468943373904     
  0.985104411306535     
  0.915958945422258     
  0.900947116168530     
  0.980966872874938     
  0.994947765260029     
  0.977409860516265     
  0.977071532134567     
  0.995727191475551     
  0.982742714662637     
  0.938003259694864     
  0.966670286141131     
  0.996575266935318     
  0.999180001561228     
  0.999395086110692     
  0.998916059294950     
  0.992854124221460     
  0.962795684826730     
  0.916786489354479     
  0.963279844198687     
  0.995903046810580     
  0.998397249075072     
  0.992227655136464     
  0.987386899508164     
  0.997682819039814     
  0.999555015981483     
  0.991929881961075     
  0.990663661998143     
  0.984192157539438     
  0.959631843319426     
  0.990001018656464     
  0.998365572247302     
  0.999682517053220     
  0.999623171691411     
  0.999356689676690     
  0.999771627284516     
  0.999770000007807     
  0.999774858005898     
  0.999794429941124     
  0.999734773274275     
  0.999639300595237     
  0.999638444993457     
  0.999746413370278     
  0.999791800574003     
  0.999793162692560     
  0.999790366843135     
  0.999649411224051     
  0.999743712068892     
  0.999787603240799     
  0.999777859737391     
  0.999785570882352     
  0.999783478154900     
  0.999772497994044     
  0.999775088959436     
  0.999777103896440     
  0.999773882323156     
  0.999771166988104     
  0.999766655537630     
  0.999754943561086     
  0.999730660256266     
  0.999406026546672     
  0.992357817559393     
  0.996304649706722     
  0.999456728689313     
  0.981563088454528     
  0.960130411806948     
  0.998947113120737     
  0.999681998743696     
  0.999636283738586     
  0.998729850311784     
  0.991739414322168     
  0.956092017839128     
  0.970972084869960     
  0.995972228090478     
  0.999279683356173     
  0.999599363556855     
  0.999293031380763     
  0.999181462439288     
  0.999552668534259     
  0.999656793724594     
  0.992822008290215     
  0.997655242004665     
  0.994942331710492     
  0.996222564157632     
  0.999672076714219     
  0.999673738995636     
  0.999662748052437     
  0.999676564234474     
  0.999672369034761     
  0.999667431892033     
  0.999661889018937     
  0.999653696348655     
  0.999636727875446     
  0.999630963789656     
  0.999571697986932     
  0.999595945935932     
  0.999613897743745     
  0.999609194287595     
  0.998945002707124     
  0.999572910167647     
  0.999540642130972     
  0.999357748458144     
  0.999457112522419     
  0.999431408486124     
  0.998352659522264     
  0.991437837454440     
  0.973742416785682     
  0.998151287140679     
  0.999322419908132     
  0.999254596000284     
  0.997422662448577     
  0.994731941470390     
  0.997742666962269     
  0.996195645669730     
  0.949160352006962     
  0.973047914860505     
  0.784219198795685     
  0.980121107112014     
  0.997908856781911     
  0.999182492876494     
  0.999273607645644     
  0.999263276145211     
  0.999204000284769     
  0.998879404962123     
  0.995745078856220     
  0.932570125874469     
  0.932629694749533     
  0.995455981437229     
  0.996146060062611     
  0.988271921700930     
  0.996255547486420     
  0.998824650275714     
  0.999117323471510     
  0.999121595124418     
  0.999103708976529     
  0.999085016685147     
  0.999068734669060     
  0.999046234671063     
  0.999020893877171     
  0.998984075360494     
  0.998963392111540     
  0.998921910051254     
  0.998859602412125     
  0.998627332447975     
  0.998217773609121     
  0.998545989380906     
  0.998711806875689     
  0.998668606731967     
  0.998035631371877     
  0.998616914647313     
  0.998568284278635     
  0.998264320248357     
  0.998349743850968     
  0.998389905803153     
  0.998247195351280     
  0.996926967216733     
  0.985968650802867     
  0.989018223536783     
  0.953705694082179     
  0.966150450467817     
  0.995057107957451     
  0.989289254667666     
  0.977315798476052     
  0.993663852345284     
  0.990308413171388     
  0.991749446532952     
  0.994314335950447     
  0.996790864877708     
  0.997081098575273     
  0.996931647677564     
  0.996776566883697     
  0.996601036153937     
  0.996378870163194     
  0.996226447456153     
  0.996013569589362     
  0.995728812678042     
  0.995533871974851     
  0.995320875015687     
  0.991890529436740     
  0.986622679247986     
  0.994339382181960     
  0.993951005851103     
  0.993527107735359     
  0.993053281261030     
  0.992889222693239     
  0.992525010506331     
  0.992110399117743     
  0.991643259348113     
  0.991162278832349     
  0.990668569983039     
  0.990096973478133     
  0.989438079510626     
  0.988794376319681     
  0.987995648566895     
  0.987175942550782     
  0.986223973823400     
  0.984958210363263     
  0.979566181885390     
  0.974265223064894     
  0.978123916980030     
  0.979757951597342     
  0.978507044393800     
  0.976540183617971     
  0.974974379852230     
  0.973337931747127     
  0.971338772107440     
  0.969480589994650     
  0.967517497978359     
  0.965573318814054     
  0.963822707485572     
  0.962173462680292     
  0.960430570166026     
  0.958890804315493     
  0.958679619428009     
  0.960058894474894     
  0.961801671998613     
  0.963484208480399     
  0.965218426944588     
  0.967096870762075     
  0.968669218174444     
  0.970262608417763     
  0.972762872181617     
  0.974651554839634     
  0.976466171078086     
  0.978179770680994     
  0.979662124053420     
  0.981205532159759     
  0.982543130325955     
  0.983709194901464     
  0.984920765625603     
  0.985851974158470     
  0.986947533284589     
  0.987575645728365     
  0.987845240063222     
  0.988960769502554     
  0.989972832358160     
  0.990362273164073     
  0.988604705787422     
  0.976723438329367     
  0.985542670365810     
  0.989570899789251     
  0.992766391052568     
  0.993011143874804     
  0.993586210343336     
  0.993940116989881     
  0.994305027538411     
  0.994623407082127     
  0.994677266861148     
  0.994297999756869     
  0.985583464188030     
  0.967936719199229     
  0.989993138002892     
  0.995577908064218     
  0.996323234228514     
  0.996577099710970     
  0.996705774539233     
  0.996394474880649     
  0.992796462735225     
  0.993514005758032     
  0.996928051849782     
  0.997295263311278     
  0.997465271400327     
  0.997713893007715     
  0.997811471153021     
  0.997902707076399     
  0.997988688308978     
  0.998065160573984     
  0.998144964242536     
  0.998215787802412     
  0.998281585073182     
  0.998328935359321     
  0.998215445252066     
  0.998458659859035     
  0.998512672756928     
  0.998551661727825     
  0.998604578368563     
  0.998648012430275     
  0.997870451335263     
  0.998469179118334     
  0.998770515615266     
  0.998808987827911     
  0.998840990972963     
  0.998870383056583     
  0.998896822043712     
  0.998920163290003     
  0.998940666029207     
  0.998956413203493     
  0.998964849929417     
  0.998947142139387     
  0.998779659616381     
  0.998816176497424     
  0.998488734018510     
  0.998701051990101     
  0.998758403976848     
  0.998562078187012     
  0.998127771317889     
  0.996261405981664     
  0.970885808947569     
  0.748791216658397     
  0.489895206747678     
  0.924571258173505     
  0.990616623796876     
  0.997248266580500     
  0.985521831466716     
  0.994323578865113     
  0.993734567724659     
  0.998799159649024     
  0.999189319312662     
  0.999037310997691     
  0.997594063966438     
  0.994846466247936     
  0.997544985846816     
  0.998867725100677     
  0.999309230570492     
  0.999368541597060     
  0.999422072921388     
  0.999495360132221     
  0.999512567907392     
  0.999502947664433     
  0.999319306029715     
  0.998402776485327     
  0.997678811900357     
  0.999162055075663     
  0.999515395654644     
  0.999542645769815     
  0.999608998868952     
  0.999619677312066     
  0.999628806438107     
  0.999636170010281     
  0.999642765715997     
  0.999648822035130     
  0.999652760703136     
  0.999652975762827     
  0.999643592425284     
  0.999519443724090     
  0.995032340463578     
  0.998005769300860     
  0.999704001234549     
  0.995361644865835     
  0.986999039043517     
  0.998678792334841     
  0.999059548943733     
  0.999539758964988     
  0.999684134187590     
  0.999712657093266     
  0.999718216693614     
  0.999753198637464     
  0.999145115605094     
  0.991462601535923     
  0.998501064585668     
  0.999783605329547     
  0.999748307543105     
  0.999752875511317     
  0.999755919559743     
  0.999765983202848     
  0.999770590223139     
  0.999782481129335     
