  0.999489537124370     
  0.999489410409766     
  0.999481970253153     
  0.999484844879434     
  0.999472335798916     
  0.999419035185943     
  0.999382400721214     
  0.999370314517893     
  0.999447730607677     
  0.999423225780767     
  0.999167678205292     
  0.989639657844053     
  0.997346295543158     
  0.999189237128893     
  0.999276334268959     
  0.999204165915272     
  0.998892175497000     
  0.996821024878325     
  0.890051234974398     
  0.752453461636810     
  0.962892878176573     
  0.989190703587130     
  0.979876280358156     
  0.997706066932938     
  0.999072251752963     
  0.999189090114139     
  0.999325910053215     
  0.999342804171269     
  0.999349978101791     
  0.999352137389536     
  0.999349730472937     
  0.999187060015836     
  0.999085834605058     
  0.999334920555697     
  0.999333975639487     
  0.999327357988235     
  0.999320459363731     
  0.999312636964910     
  0.999303967939556     
  0.999272912610209     
  0.999284971798338     
  0.999277543105266     
  0.999225088494839     
  0.999216536283495     
  0.999245611429455     
  0.999227697437951     
  0.999222194922860     
  0.999207291976482     
  0.999185745298747     
  0.999115559431436     
  0.998766565095606     
  0.993135637039509     
  0.996524440136088     
  0.999003006976141     
  0.999075495523330     
  0.996504033764304     
  0.953545118335813     
  0.987536489745766     
  0.987197022845873     
  0.989497645764622     
  0.998883992394141     
  0.998679239312235     
  0.998935068813410     
  0.998972828939817     
  0.998956159466961     
  0.998937441967669     
  0.998917818589047     
  0.998896929415121     
  0.998875419155334     
  0.998853812415166     
  0.998829459426172     
  0.998703886832792     
  0.998781844310381     
  0.998740675336446     
  0.998729892364773     
  0.998690326495910     
  0.998130437099803     
  0.998591770387464     
  0.997832323973237     
  0.991966629599122     
  0.997597711951891     
  0.998407624072172     
  0.998460411523682     
  0.998425381367440     
  0.998239854123361     
  0.998346691924343     
  0.998293470462274     
  0.998136021683659     
  0.995229138459451     
  0.997305131993757     
  0.997905839962765     
  0.997450477733018     
  0.995369355033797     
  0.995649196878945     
  0.990871531754785     
  0.997666082920287     
  0.997771794576539     
  0.997727528518031     
  0.997650132076891     
  0.997058977684972     
  0.997202623668377     
  0.997433286532767     
  0.997343944088865     
  0.997256948210882     
  0.997159085563956     
  0.997051627615036     
  0.996917185345041     
  0.996805164939229     
  0.995525124357813     
  0.996582746918197     
  0.996464763545147     
  0.996338102115866     
  0.996188038380901     
  0.996028547752522     
  0.995856964721416     
  0.995663193429554     
  0.995453835006450     
  0.995214439874108     
  0.994924482089759     
  0.994554843024626     
  0.993977150310341     
  0.991887239372354     
  0.871710124550255     
  0.748607303681748     
  0.978114707830711     
  0.992089378275067     
  0.992176883804330     
  0.990963728427584     
  0.951271210036966     
  0.815398421813566     
  0.964875986894957     
  0.965083601404155     
  0.898858541227809     
  0.981482364655346     
  0.987707158847885     
  0.986769211774480     
  0.985757062832052     
  0.983976654402559     
  0.933986883559646     
  0.887576631665420     
  0.972587545362928     
  0.818587780224353     
  0.829415872034596     
  0.831229318960631     
  0.969039251109844     
  0.968999032552177     
  0.966015068487482     
  0.960410826465164     
  0.947826864825188     
  0.953300751121032     
  0.938665612103182     
  0.940712909706722     
  0.930303417454148     
  0.912586434090442     
  0.815736921267216     
  0.844945321899487     
  0.887145358060390     
  0.870052379369690     
  0.849848664090610     
  0.838089782925564     
  0.845193021363002     
  0.861022675610147     
  0.874192843524241     
  0.882062868049753     
  0.881135612748361     
  0.869612137583246     
  0.844616675137575     
  0.798179874573229     
  0.724274287550311     
  0.591814913249007     
  0.491464227014013     
  0.480440724402049     
  0.530885399473775     
  0.615261618507257     
  0.709875425998704     
  0.780643430750393     
  0.822624807510675     
  0.849244066148322     
  0.870331508280959     
  0.887543784388914     
  0.902310155409404     
  0.917174872792343     
  0.931398402400072     
  0.941615387378309     
  0.948383754915757     
  0.954603590872449     
  0.960458913380775     
  0.964533563559622     
  0.967446422934647     
  0.970156312817522     
  0.972594660295922     
  0.974925324812718     
  0.976972689138429     
  0.978869933751324     
  0.980625610045662     
  0.982314887417706     
  0.983809615569191     
  0.985335598073627     
  0.986682462074174     
  0.987866973565795     
  0.988806413139391     
  0.988383869386753     
  0.989570187246585     
  0.990778347021647     
  0.991840679392154     
  0.992319918864956     
  0.992848992599526     
  0.993365249167589     
  0.993747114998575     
  0.994065566503247     
  0.993896138537993     
  0.994539979473969     
  0.994955520321954     
  0.995190030479034     
  0.995336911425999     
  0.995678115775296     
  0.995886903632625     
  0.996063078379300     
  0.996133679106211     
  0.990186741262082     
  0.984723464070031     
  0.995794684589018     
  0.995804140407581     
  0.996925212375086     
  0.997094577500719     
  0.997114471016733     
  0.983783784290476     
  0.996993756981230     
  0.997508906885823     
  0.997448791432071     
  0.995780751517251     
  0.997499836083896     
  0.997703024925699     
  0.997515120953465     
  0.997358261651064     
  0.997145716845409     
  0.994335718001231     
  0.904040095576503     
  0.861791103226291     
  0.949891939874606     
  0.995985179038469     
  0.997458437888087     
  0.997863275323288     
  0.997941926373342     
  0.997848131504870     
  0.996969268402708     
  0.990233944599416     
  0.756425040453042     
  0.741941589529772     
  0.720403459782049     
  0.904389360290517     
  0.995801618492337     
  0.997941309177934     
  0.996419878329279     
  0.998286019073098     
  0.998663077183860     
  0.998753575366553     
  0.998810097498970     
  0.998853779734501     
  0.998853934054191     
  0.998600520948660     
  0.998718124105405     
  0.998007147297851     
  0.998993758926083     
  0.999041662674367     
  0.999068679064894     
  0.998708230425719     
  0.999097228256483     
  0.999138403763105     
  0.999157981906560     
  0.999176650922502     
  0.999194423000050     
  0.999210998053825     
  0.999214298654374     
  0.998842227347276     
  0.998949583772008     
  0.999253987866179     
  0.999277334833460     
  0.998836059332333     
  0.999192325480424     
  0.999326582495228     
  0.999343051118112     
  0.999350267544642     
  0.999077599809220     
  0.997958170025397     
  0.999291384001951     
  0.999394833140215     
  0.999405669410709     
  0.999393618216654     
  0.999256119787002     
  0.999381627049580     
  0.999321760925535     
  0.999226192648889     
  0.999428364474958     
  0.999421301581036     
  0.999404683877888     
  0.999367239591029     
  0.999282843419205     
  0.999031136542959     
  0.992169416682242     
  0.951608236213971     
  0.987017039869746     
  0.997409436464837     
  0.964257691227655     
  0.935180348642552     
  0.991428722218082     
  0.998794699787497     
  0.999156266629345     
  0.999311036795214     
  0.999324816544503     
  0.999154048274425     
  0.994875493447226     
  0.898926310062137     
  0.939101274834802     
  0.979063226363361     
  0.998609988361338     
  0.999411511076740     
  0.999248204736241     
  0.999554394272457     
  0.999617066889976     
  0.999630973671480     
  0.999641027354574     
  0.999648870079510     
  0.999656278278676     
  0.999662378506033     
  0.999634746460731     
  0.999631202090924     
  0.999679194783738     
  0.999683257441412     
  0.999682405514341     
  0.999461141565414     
  0.999655221979209     
  0.999639983329510     
  0.999569110880028     
  0.999667232615635     
  0.999594839050149     
  0.999171408757256     
  0.999692816374009     
  0.999716367523420     
  0.999718539431814     
  0.999684726424260     
  0.999718345808743     
  0.999700838963305     
  0.999514278055062     
  0.997924580837152     
  0.998596019172450     
  0.999633870498339     
  0.999706805595681     
  0.999649776658343     
  0.998691494672945     
  0.997234500313589     
  0.999613244066814     
  0.999732375261663     
  0.999747618642419     
  0.999724439851439     
  0.999753386865593     
  0.999657924000415     
  0.999758870320144     
  0.999764685706176     
  0.999766242860077     
  0.999768292247138     
  0.999769751960651     
  0.999771138989783     
  0.999770424877126     
  0.999706697845156     
  0.999706121885081     
  0.998793998405732     
  0.985145120271986     
  0.998739646119111     
  0.999644697799049     
  0.999775863475029     
  0.999784925581132     
  0.999787772356505     
  0.999789156266201     
  0.999741309453444     
  0.999705913156735     
  0.999777337096107     
  0.999758039212410     
  0.999082613200322     
  0.999337260471167     
  0.999561076303946     
  0.999599464450137     
  0.999797319679133     
  0.999796757045677     
  0.999791681577716     
  0.999689092121154     
  0.999648838986311     
  0.999180757033951     
  0.978096710376580     
  0.986920816902155     
  0.969631730076611     
  0.957278318553680     
  0.999611996855415     
  0.999624936590892     
  0.999570950861985     
  0.998559887504902     
  0.994192942059756     
  0.999489226604501     
  0.999741720429446     
  0.999790564816782     
  0.999777962125108     
  0.999715699644547     
  0.998887947562251     
  0.950386455822283     
  0.931530628285398     
  0.997760489694023     
  0.999502157955527     
  0.999206566975598     
  0.999746873187699     
  0.999807093796133     
  0.999812917974861     
  0.999819733940519     
  0.999824055646149     
  0.999823981646223     
  0.999827207826292     
  0.999820130573202     
  0.999746224628932     
  0.999568702026192     
  0.998795969149337     
  0.999736614971018     
  0.999827957446627     
  0.999834887845834     
  0.999834917835444     
  0.999824740167090     
  0.999559153460323     
  0.999787993058984     
  0.999835799987157     
  0.999838830020194     
  0.999839717806771     
  0.999840262683283     
  0.999804817301027     
  0.999834532507909     
  0.999841652113438     
  0.999841934794939     
  0.999554265585824     
  0.999152717498402     
  0.999833613787169     
  0.999787544893424     
  0.999609477687528     
  0.999252872697784     
  0.998959780496285     
  0.999836830654324     
  0.999820369983412     
  0.999635817320775     
  0.995244653900854     
  0.995226251279424     
  0.999624426558012     
  0.999776623233040     
  0.999738160122028     
  0.998815820779895     
  0.998815173365327     
  0.999741933815227     
  0.999820757562877     
  0.999806456467570     
  0.999795312618577     
  0.999659888195925     
  0.991232386630882     
  0.980630166224048     
  0.998881165012440     
  0.999769613022252     
  0.999072422158901     
  0.976772674799736     
  0.995292288080649     
  0.999673926016908     
  0.999822743514335     
  0.999721333660725     
  0.997279175056788     
  0.998364132696158     
  0.999809346347880     
  0.999754201862275     
  0.999819939028238     
  0.999840682040512     
  0.999839970115735     
  0.999837889834937     
  0.999835017174387     
  0.999828989546905     
  0.999590497088103     
  0.999766647801536     
  0.999794324680924     
  0.999783233158620     
  0.999651565059287     
  0.998346758843746     
  0.980580720127431     
  0.928114218349066     
  0.953457499729027     
  0.995622886182170     
  0.995422523553585     
  0.965568831011507     
  0.978169552978966     
  0.998394079592157     
  0.999490443469830     
  0.998442174423209     
  0.998152884148683     
  0.999673301071120     
  0.999533968422894     
  0.998269776693977     
  0.902571049125387     
  0.901560167554787     
  0.998584115758502     
  0.999468369626568     
  0.999726764675759     
  0.999775959852581     
  0.999783892301819     
  0.999778244259406     
  0.999555563377426     
  0.999109936747326     
  0.998948944935194     
  0.998977933628154     
  0.999358290759122     
  0.994086271820932     
  0.868678280830581     
  0.898154856135689     
  0.996566155490285     
  0.992508589899759     
  0.929549538264715     
  0.914262646222994     
  0.989505514184914     
  0.997048617518144     
  0.978548822067235     
  0.978180605211799     
  0.996972043597994     
  0.985224619793212     
  0.940643790858331     
  0.969370558771591     
  0.997716560010127     
  0.999349339828073     
  0.999458265056413     
  0.999200357077256     
  0.994442205706661     
  0.966380175674141     
  0.920609426074968     
  0.967111639400760     
  0.997360391767011     
  0.998823330940018     
  0.992549002454744     
  0.987471424889462     
  0.998080941048395     
  0.999583169156223     
  0.991128845275632     
  0.990899701291819     
  0.988266815069317     
  0.964995683425045     
  0.993474329976925     
  0.999073287132558     
  0.999766273319052     
  0.999637462560386     
  0.999322727195557     
  0.999801053600076     
  0.999786933239659     
  0.999793389384303     
  0.999824411414477     
  0.999766104187044     
  0.999694517636911     
  0.999693730898638     
  0.999780946840247     
  0.999823335068245     
  0.999823786812529     
  0.999821993897918     
  0.999660058131557     
  0.999771027784784     
  0.999820243048272     
  0.999808804709523     
  0.999818631926091     
  0.999816904467561     
  0.999804762179827     
  0.999808789877919     
  0.999811783718047     
  0.999809208931655     
  0.999807015463561     
  0.999803224417580     
  0.999793891125328     
  0.999776935793778     
  0.999387383933559     
  0.991570908653251     
  0.995893366500450     
  0.999404953702543     
  0.980128112008916     
  0.956945530627893     
  0.998895761298377     
  0.999724411656507     
  0.999717832000432     
  0.999382057334881     
  0.995272755785395     
  0.962448020250532     
  0.976729338791421     
  0.998141929918230     
  0.999590470801561     
  0.999705335436622     
  0.999457442002293     
  0.999355258754266     
  0.999669679528778     
  0.999717016541369     
  0.990127184595569     
  0.996923323015528     
  0.993115811919849     
  0.994914091876065     
  0.999725574095842     
  0.999728850581371     
  0.999717466662500     
  0.999736744804050     
  0.999733986288007     
  0.999730378229463     
  0.999726380036061     
  0.999721032108813     
  0.999710238819301     
  0.999706177283146     
  0.999638809169245     
  0.999665943131921     
  0.999688375298111     
  0.999687176157751     
  0.998880471737340     
  0.999655483492175     
  0.999637005496367     
  0.999468090152198     
  0.999565319891948     
  0.999568132843650     
  0.998683994558473     
  0.992355830096115     
  0.971686758053418     
  0.998658932456289     
  0.999494721136780     
  0.999460588553938     
  0.997892842164879     
  0.995333802055497     
  0.998119168333486     
  0.996645298736127     
  0.944025520994012     
  0.975710906711857     
  0.765697287216645     
  0.982916863733285     
  0.998774132197596     
  0.999333853479237     
  0.999392005300352     
  0.999382797502598     
  0.999326010744557     
  0.999087316041394     
  0.996396711168599     
  0.923833398553786     
  0.923929208087170     
  0.996297496000706     
  0.997248185970520     
  0.989789332780862     
  0.997343127813028     
  0.999194756946032     
  0.999308529899427     
  0.999301477580335     
  0.999292776662330     
  0.999278871749532     
  0.999269686842720     
  0.999255928441629     
  0.999237351248442     
  0.999206455085170     
  0.999194747691902     
  0.999157675675471     
  0.999125308292474     
  0.998975700822122     
  0.998613481019313     
  0.998911979070425     
  0.999016904937591     
  0.998963693838958     
  0.998229956478250     
  0.998933766182201     
  0.998892258474805     
  0.998577344808644     
  0.998688372687667     
  0.998755437902995     
  0.998660899715764     
  0.997430938533035     
  0.985809501095621     
  0.992660409416028     
  0.958559448285024     
  0.969050979291736     
  0.996922681157843     
  0.991140377071082     
  0.979369348621569     
  0.995132045490343     
  0.990377756142420     
  0.991708685614186     
  0.994554632310281     
  0.997364645813537     
  0.997756957354456     
  0.997650051713480     
  0.997532979850184     
  0.997396484865733     
  0.997207530569228     
  0.997113598123905     
  0.996950964428613     
  0.996683280022137     
  0.996579174132034     
  0.996379231716259     
  0.992568308646576     
  0.986851616775992     
  0.995563551161608     
  0.995354783828196     
  0.995009858039842     
  0.994577331299819     
  0.994543141260027     
  0.994269905376900     
  0.993954618537542     
  0.993599739103759     
  0.993228948040019     
  0.992843180934655     
  0.992402176863906     
  0.991897687879134     
  0.991401700289248     
  0.990771430363316     
  0.990128238768790     
  0.989391904530045     
  0.988406268962179     
  0.982897567737561     
  0.978020153492927     
  0.982711797503101     
  0.984417245288923     
  0.983380332658604     
  0.981690248499860     
  0.980583788110555     
  0.979335945630297     
  0.977778603777274     
  0.976353241440417     
  0.974855733635876     
  0.973391165809476     
  0.972103175648958     
  0.970898693882155     
  0.969550185829289     
  0.968281266300529     
  0.968098676058715     
  0.969255307927085     
  0.970624309539326     
  0.971860745661409     
  0.973132761516765     
  0.974542058538711     
  0.975636034393113     
  0.976756028283414     
  0.978884321669198     
  0.980364187603554     
  0.981782351510372     
  0.983122190885170     
  0.984278270215745     
  0.985487204410455     
  0.986530158315506     
  0.987436300409986     
  0.988375474918091     
  0.989044491906247     
  0.989917154731851     
  0.990314606346830     
  0.990348275786378     
  0.991342408187012     
  0.992280819040520     
  0.992675620764140     
  0.991474196543160     
  0.980106772437791     
  0.988563705811083     
  0.991074854355697     
  0.994438981513857     
  0.994552138286555     
  0.995083458601827     
  0.995355563894021     
  0.995636265975006     
  0.995880240758740     
  0.995873047020825     
  0.995841990009687     
  0.988218528891561     
  0.970893656995507     
  0.992283151178189     
  0.996758153953979     
  0.997190694859157     
  0.997377163745636     
  0.997496498975489     
  0.997389731321840     
  0.994151077666870     
  0.994812205202907     
  0.997785138648395     
  0.997878319944616     
  0.997993832683343     
  0.998247226965528     
  0.998322554177867     
  0.998391690257163     
  0.998456901929523     
  0.998510804996173     
  0.998575231977524     
  0.998628555796708     
  0.998678358349096     
  0.998708522651515     
  0.998542637174056     
  0.998811244022125     
  0.998851554418252     
  0.998868245742209     
  0.998913957981257     
  0.998953453375755     
  0.998023255759496     
  0.998704972924538     
  0.999041639829908     
  0.999067900890905     
  0.999089806120334     
  0.999109806903891     
  0.999126996487029     
  0.999140809292480     
  0.999152108672930     
  0.999158665277152     
  0.999158724147314     
  0.999140400742302     
  0.998975038616243     
  0.998991823798163     
  0.998593157805695     
  0.998804374095675     
  0.998852455522073     
  0.998617622956873     
  0.998124918982153     
  0.996626829357679     
  0.973684047335070     
  0.743052483892108     
  0.460632589771098     
  0.934948109043541     
  0.993528775366223     
  0.997122902918075     
  0.984139874110872     
  0.993896450407221     
  0.993246558978346     
  0.998796847782967     
  0.999263512102924     
  0.999191134400904     
  0.997886763381540     
  0.994989881210969     
  0.997816596997082     
  0.999154207865062     
  0.999468727096746     
  0.999474894316756     
  0.999516622237836     
  0.999582928235172     
  0.999597457650995     
  0.999601879181326     
  0.999523792887376     
  0.998835209958019     
  0.998073689141916     
  0.999435942435766     
  0.999622353577407     
  0.999612524583324     
  0.999682211545394     
  0.999690639840863     
  0.999697871092305     
  0.999703847072411     
  0.999708736964220     
  0.999713007340110     
  0.999715281375248     
  0.999713420041184     
  0.999700700526581     
  0.999560598893812     
  0.994668626509111     
  0.997885591567856     
  0.999603063361273     
  0.994250089309362     
  0.984608678738735     
  0.998503990726303     
  0.999263961407365     
  0.999672566867435     
  0.999745630642610     
  0.999760414791587     
  0.999761135305385     
  0.999756222645334     
  0.998865277459262     
  0.989873664555970     
  0.998089647398093     
  0.999767458155208     
  0.999784974746444     
  0.999794518552838     
  0.999797424925045     
  0.999806548331055     
  0.999809332603800     
  0.999809713717214     
