  0.999513163793060     
  0.999511921718607     
  0.999502606015650     
  0.999505649602994     
  0.999497016725409     
  0.999454363218073     
  0.999417054499814     
  0.999407314867544     
  0.999471069072706     
  0.999390639787605     
  0.998569120566452     
  0.988215366091151     
  0.995930132467318     
  0.998897549086364     
  0.999301680197161     
  0.999252126916125     
  0.998792706401396     
  0.995041155013492     
  0.900148811156193     
  0.780148690145501     
  0.962264312703979     
  0.987418763656153     
  0.978055656840901     
  0.996085553552855     
  0.998735655902690     
  0.999197367550650     
  0.999353166905134     
  0.999372752978421     
  0.999379435078648     
  0.999381058063262     
  0.999377282373134     
  0.999236247608304     
  0.999150844519625     
  0.999362221823868     
  0.999362428075115     
  0.999356235024073     
  0.999349329993130     
  0.999342021992187     
  0.999333405397944     
  0.999307488963065     
  0.999315668451847     
  0.999308136149283     
  0.999260044956970     
  0.999251461514216     
  0.999277947574618     
  0.999261670197892     
  0.999254674585515     
  0.999240043509755     
  0.999217296959268     
  0.999116048868552     
  0.998595284788323     
  0.993283736404665     
  0.996362837296506     
  0.998933716905272     
  0.999194143890386     
  0.997575278019027     
  0.959047654661517     
  0.989553433880212     
  0.988777201310727     
  0.990651840428640     
  0.998997235661249     
  0.998787616481023     
  0.998989269238849     
  0.999016450372930     
  0.999000930538412     
  0.998983230987462     
  0.998964494994700     
  0.998944674080763     
  0.998923998632005     
  0.998903285304270     
  0.998880244581111     
  0.998781441869452     
  0.998834763747186     
  0.998798285655624     
  0.998782113994468     
  0.998718784273876     
  0.998142378427980     
  0.998603705949040     
  0.997990664969611     
  0.993298509653557     
  0.997797757810144     
  0.998489952870937     
  0.998528121871597     
  0.998494498926820     
  0.998348484053648     
  0.998416912699924     
  0.998343623111834     
  0.998062907135334     
  0.995116571071172     
  0.997345611730130     
  0.997841244803296     
  0.996836124153089     
  0.994144657983809     
  0.994114300548769     
  0.990050671063283     
  0.997360660559304     
  0.997822234300804     
  0.997819688948707     
  0.997727446780628     
  0.997123611571554     
  0.997325307705894     
  0.997535268257928     
  0.997463295580250     
  0.997379220449449     
  0.997282939672850     
  0.997160306598854     
  0.997006496834406     
  0.996897268612416     
  0.996106215903644     
  0.996728540039344     
  0.996617961956262     
  0.996500063750542     
  0.996357841858393     
  0.996205897415393     
  0.996042532899743     
  0.995859975845400     
  0.995660340435911     
  0.995433346470773     
  0.995161000372344     
  0.994817483546828     
  0.994315200647910     
  0.992788938627552     
  0.889618477098052     
  0.784058236583873     
  0.981036397146330     
  0.992599794142914     
  0.992493811735580     
  0.990606596579994     
  0.953693934472338     
  0.835848052182729     
  0.965177233331165     
  0.966682863138897     
  0.910077340155973     
  0.981627967529370     
  0.988004141951799     
  0.987302204759663     
  0.986261496607567     
  0.983975056033638     
  0.939894010828450     
  0.900165172154120     
  0.972492095305817     
  0.847018877698595     
  0.851219465149548     
  0.853301766789196     
  0.970852242704902     
  0.970063089357997     
  0.966578569500168     
  0.959640841977550     
  0.947178436079965     
  0.954077269877482     
  0.941302732367078     
  0.942590822223385     
  0.932349963772372     
  0.916456505420843     
  0.833244598440607     
  0.856423367414366     
  0.889321151452507     
  0.871511288990418     
  0.851269516439043     
  0.839743118142540     
  0.846891621589351     
  0.862682670753033     
  0.875919815213104     
  0.883758525379834     
  0.882898661883483     
  0.871317870884332     
  0.845672881017207     
  0.797344034776542     
  0.719686862115451     
  0.587547724269588     
  0.491656004043611     
  0.481115223957134     
  0.528778093333871     
  0.611857276481829     
  0.706257097287221     
  0.778724580126013     
  0.822189195437857     
  0.849545061533285     
  0.870959842618287     
  0.888573736518204     
  0.903800691923911     
  0.918948021030190     
  0.933258665968339     
  0.943440153276681     
  0.950136230032757     
  0.956251625469084     
  0.961994745356354     
  0.965959910301022     
  0.968772798789444     
  0.971386494968383     
  0.973747393694420     
  0.975979359881861     
  0.977951080194314     
  0.979775623808006     
  0.981461844450635     
  0.983089138719261     
  0.984548753684707     
  0.986002245342866     
  0.987293597561729     
  0.988436129207795     
  0.989387181138878     
  0.989053177807036     
  0.990160014058185     
  0.991275438270394     
  0.992246886608034     
  0.992707915773241     
  0.993198758014020     
  0.993672833778899     
  0.994020349499781     
  0.994310322000721     
  0.994205136165387     
  0.994773413091353     
  0.995166163724484     
  0.995410719155642     
  0.995571528551184     
  0.995881697628785     
  0.996081801905614     
  0.996248448986481     
  0.996301133032760     
  0.991433077409374     
  0.987055097050656     
  0.995935766269637     
  0.995954903762700     
  0.997028868334887     
  0.997222364202354     
  0.997214755330007     
  0.986629981695862     
  0.997129255491880     
  0.997620633392585     
  0.997609697907891     
  0.996128532041288     
  0.997654937118804     
  0.997815188582537     
  0.997657842327897     
  0.997471862550455     
  0.996976657832480     
  0.991950452381677     
  0.910807532236497     
  0.873179610046586     
  0.950207397949454     
  0.994495181614998     
  0.997465588051511     
  0.997963929104536     
  0.998042502978500     
  0.997915671737493     
  0.996190523746823     
  0.983655872375167     
  0.771953530239952     
  0.757022652659570     
  0.740586575049036     
  0.905188657239892     
  0.992777681606916     
  0.997746185131902     
  0.996822936691491     
  0.998340856856648     
  0.998711896059623     
  0.998808586417455     
  0.998863040717822     
  0.998901910425481     
  0.998893000240310     
  0.998657485650900     
  0.998781753140202     
  0.998182304043744     
  0.999039194577265     
  0.999084287628609     
  0.999108000369274     
  0.998897206726497     
  0.999139223261468     
  0.999173814239859     
  0.999192656921181     
  0.999210530741167     
  0.999227360064254     
  0.999240473843317     
  0.999229473730663     
  0.998863881304360     
  0.999010197707054     
  0.999277754787183     
  0.999284887118196     
  0.998823511034602     
  0.999176694391450     
  0.999342618044957     
  0.999367823500989     
  0.999369017731194     
  0.999121155520513     
  0.998196385353929     
  0.999313438726100     
  0.999416775136627     
  0.999429767290609     
  0.999421123600627     
  0.999303153285039     
  0.999411334045252     
  0.999384837198226     
  0.999328681427060     
  0.999454844921016     
  0.999450811206746     
  0.999437208804492     
  0.999406533035803     
  0.999344018990734     
  0.999275532804171     
  0.994061498204437     
  0.960094702956727     
  0.989844008644967     
  0.998481521022234     
  0.971513506011042     
  0.946801396163025     
  0.993908881572687     
  0.999142525163739     
  0.999238101330981     
  0.999363846571440     
  0.999366000373857     
  0.999035530090852     
  0.994084451730761     
  0.910053661697746     
  0.944699637578969     
  0.981114742477319     
  0.998481830716280     
  0.999394576731562     
  0.999342661883875     
  0.999577896894194     
  0.999630765672593     
  0.999643064188219     
  0.999652135224765     
  0.999659696839952     
  0.999666359896771     
  0.999670814440437     
  0.999648148420775     
  0.999647714030188     
  0.999687367762793     
  0.999690237006657     
  0.999676727058619     
  0.999437837302627     
  0.999634292681395     
  0.999659130248108     
  0.999589884243040     
  0.999635760710909     
  0.999587296738525     
  0.999355721410011     
  0.999700127127485     
  0.999721735703214     
  0.999723676440246     
  0.999697826733801     
  0.999720065308180     
  0.999673882302394     
  0.999328802734139     
  0.997516077727713     
  0.998238297172993     
  0.999518828767657     
  0.999693101442496     
  0.999598709144381     
  0.998573379128893     
  0.997252447107128     
  0.999516688512578     
  0.999723693538096     
  0.999750650588323     
  0.999732710704184     
  0.999758070271366     
  0.999683915725658     
  0.999762247882559     
  0.999767371730861     
  0.999768871252569     
  0.999770984802974     
  0.999772332028797     
  0.999773537940906     
  0.999773226141306     
  0.999732726385773     
  0.999750119073327     
  0.999088511238874     
  0.987065159363765     
  0.999042081078226     
  0.999708583354450     
  0.999779280333350     
  0.999786137876993     
  0.999789055197358     
  0.999790107278961     
  0.999754510176555     
  0.999746194471788     
  0.999758190175419     
  0.999734203262591     
  0.999163707781808     
  0.999378192457130     
  0.999639691516102     
  0.999682151500266     
  0.999797377210040     
  0.999796897968899     
  0.999789649345542     
  0.999698672752893     
  0.999695855573656     
  0.999496384535712     
  0.981033598112527     
  0.988865009555860     
  0.973688430196103     
  0.965875902237547     
  0.999424296523064     
  0.999610071052470     
  0.999516076333362     
  0.998276819431441     
  0.993855316455591     
  0.999236446115132     
  0.999706587205513     
  0.999788145297575     
  0.999777520864752     
  0.999660765176373     
  0.998369129088328     
  0.955716545022758     
  0.939502136538889     
  0.997168712530614     
  0.999406524878839     
  0.999214648093828     
  0.999726175667585     
  0.999799497026957     
  0.999808895027775     
  0.999815916999238     
  0.999820762569687     
  0.999820369294731     
  0.999822037809256     
  0.999794312817671     
  0.999649177595426     
  0.999459477123658     
  0.998884373572419     
  0.999750065863897     
  0.999829844217482     
  0.999830899070423     
  0.999828306956206     
  0.999808340062791     
  0.999544176470694     
  0.999776119361210     
  0.999827570551502     
  0.999833260668739     
  0.999834597302864     
  0.999834866555467     
  0.999819399163340     
  0.999832489403185     
  0.999836037397850     
  0.999840267847302     
  0.999593794599968     
  0.999237985717519     
  0.999830884718837     
  0.999765384618039     
  0.999601753421002     
  0.999358289407196     
  0.999143029268070     
  0.999824289581166     
  0.999776858545917     
  0.999180319334333     
  0.993771050247147     
  0.993754573802481     
  0.999172711010334     
  0.999724999856465     
  0.999624880920756     
  0.998535653977179     
  0.998536348042417     
  0.999631200655059     
  0.999798792599115     
  0.999802257384388     
  0.999794821420310     
  0.999665413570492     
  0.992888275779246     
  0.984528584489701     
  0.999011237330561     
  0.999783596219562     
  0.999251491720881     
  0.979202027355569     
  0.995871463858933     
  0.999734878574521     
  0.999812362110055     
  0.999710157376418     
  0.997715801312342     
  0.998567856554111     
  0.999788699241761     
  0.999769874483633     
  0.999815196268604     
  0.999828144108366     
  0.999826886116340     
  0.999824198591223     
  0.999820530352461     
  0.999812125078327     
  0.999617187723331     
  0.999756447256155     
  0.999776059156808     
  0.999749864507004     
  0.999387428074091     
  0.995479486138627     
  0.969551787629678     
  0.912252345767913     
  0.939091589228263     
  0.989252882991982     
  0.993039457876628     
  0.964645669305502     
  0.976650561123659     
  0.997260417222439     
  0.999324370459791     
  0.998536560609753     
  0.998279395128289     
  0.999646571220971     
  0.999341374488221     
  0.996588969826433     
  0.912339285206033     
  0.911506433977675     
  0.996855827092665     
  0.999268259206772     
  0.999694452014272     
  0.999756430355027     
  0.999765845276941     
  0.999756954922629     
  0.999551438291356     
  0.999111996074260     
  0.998761442928266     
  0.998769806117981     
  0.999013298867611     
  0.992494472697995     
  0.881271371040024     
  0.907130720927650     
  0.993805303716480     
  0.982761439826839     
  0.911658349295533     
  0.896733559309404     
  0.978264910394379     
  0.994282972628325     
  0.977049447984851     
  0.976720577387703     
  0.995333270718647     
  0.981957340854068     
  0.937167690028166     
  0.965815811606901     
  0.996214115925708     
  0.999126416109046     
  0.999375093739726     
  0.998826095961076     
  0.992351590750672     
  0.961661406029017     
  0.915576756178067     
  0.962067307427859     
  0.995441883087376     
  0.998262419250850     
  0.992125967596286     
  0.987360152184455     
  0.997556836740484     
  0.999546107147634     
  0.992183363326665     
  0.990588969311393     
  0.982902765345995     
  0.957934499229649     
  0.988901916829795     
  0.998141621407946     
  0.999656013029277     
  0.999618649454713     
  0.999367436848863     
  0.999762315544798     
  0.999764641610162     
  0.999768993884514     
  0.999784942516481     
  0.999724858825851     
  0.999621827542552     
  0.999620950143675     
  0.999735485484277     
  0.999781821690569     
  0.999783471887891     
  0.999780358662922     
  0.999646042076809     
  0.999735068178680     
  0.999777274571098     
  0.999768067384776     
  0.999775108907885     
  0.999772900589589     
  0.999762288173618     
  0.999764424489324     
  0.999766129654019     
  0.999762703404632     
  0.999759822923595     
  0.999755083500838     
  0.999742618797437     
  0.999716016586755     
  0.999411925913435     
  0.992606831238823     
  0.996434798414560     
  0.999473112654562     
  0.982017180534367     
  0.961138253967357     
  0.998963363192580     
  0.999668577348865     
  0.999610478112562     
  0.998523461904894     
  0.990621301641813     
  0.954080684054242     
  0.969150222290354     
  0.995285633425914     
  0.999181335709198     
  0.999565829099452     
  0.999241004156246     
  0.999126465126285     
  0.999515640750438     
  0.999637736385532     
  0.993674777873486     
  0.997886855846106     
  0.995520329301569     
  0.996636627062655     
  0.999655147590578     
  0.999656299054676     
  0.999645432461703     
  0.999657520211327     
  0.999652870369125     
  0.999647512633324     
  0.999641480942068     
  0.999632388050319     
  0.999613465441913     
  0.999607162578937     
  0.999550460735072     
  0.999573795401486     
  0.999590329397389     
  0.999584516996630     
  0.998965423479531     
  0.999546779898381     
  0.999510148003304     
  0.999322830885655     
  0.999422870344290     
  0.999388142103972     
  0.998247808612758     
  0.991147338758833     
  0.974392930050522     
  0.997990642709639     
  0.999267895141249     
  0.999189409582302     
  0.997273873855747     
  0.994541482338773     
  0.997623522842441     
  0.996053352595563     
  0.950785273958247     
  0.972205208382837     
  0.790080478422125     
  0.979236386497486     
  0.997635039221352     
  0.999134594595508     
  0.999236140524406     
  0.999225453413716     
  0.999165389859629     
  0.998813611112077     
  0.995538868521077     
  0.935334881439569     
  0.935382982818055     
  0.995189682216786     
  0.995797289664900     
  0.987791733149746     
  0.995911379839508     
  0.998707529009540     
  0.999056815655165     
  0.999064670792005     
  0.999043877931072     
  0.999023670638711     
  0.999005142698930     
  0.998979876372241     
  0.998952395191680     
  0.998913702502698     
  0.998890178788244     
  0.998847301129060     
  0.998775518755406     
  0.998517089888404     
  0.998092550382144     
  0.998430170410770     
  0.998615257285035     
  0.998575225120733     
  0.997974136318402     
  0.998516645522140     
  0.998465761121227     
  0.998165262122518     
  0.998242583093859     
  0.998274231338607     
  0.998116276489584     
  0.996767482864729     
  0.986019014573652     
  0.987865634061362     
  0.952169696746137     
  0.965232561794902     
  0.994466736624749     
  0.988703456186404     
  0.976665940350029     
  0.993199233761678     
  0.990286469163939     
  0.991762345580589     
  0.994238292649665     
  0.996609288218116     
  0.996867218655920     
  0.996704303957997     
  0.996537194904919     
  0.996349310964411     
  0.996116634814965     
  0.995945702359978     
  0.995716924266073     
  0.995426764531441     
  0.995203078372758     
  0.994985950088035     
  0.991676041039466     
  0.986550230197886     
  0.993951984302793     
  0.993506769139787     
  0.993057879439385     
  0.992570983164362     
  0.992365826462338     
  0.991972823888108     
  0.991526780221765     
  0.991024114514309     
  0.990508263388601     
  0.989980395214504     
  0.989367471350511     
  0.988659714301431     
  0.987969264911135     
  0.987117226851083     
  0.986241660905902     
  0.985221452296321     
  0.983867039352813     
  0.978511932715889     
  0.973076938721064     
  0.976672036950326     
  0.978283471646162     
  0.976964843177837     
  0.974910393067428     
  0.973199224768900     
  0.971439797723198     
  0.969300819504781     
  0.967305666230611     
  0.965195234297800     
  0.963099276079189     
  0.961202262318836     
  0.959412266388326     
  0.957544565525326     
  0.955919086292613     
  0.955698851288268     
  0.957148583334057     
  0.959009645628944     
  0.960833354892316     
  0.962713841987120     
  0.964740752106381     
  0.966464485207954     
  0.968207686795832     
  0.970825664501321     
  0.972843721640021     
  0.974783799574815     
  0.976615679752332     
  0.978201286168598     
  0.979850542336280     
  0.981281384023999     
  0.982529704021434     
  0.983827477694749     
  0.984841659827921     
  0.986007757105226     
  0.986708864934777     
  0.987053120588676     
  0.988207067497050     
  0.989242438275660     
  0.989630182288431     
  0.987696615391295     
  0.975652734661344     
  0.984586620869824     
  0.989094951878799     
  0.992237075721541     
  0.992523473851397     
  0.993112384273871     
  0.993492178003090     
  0.993883737419452     
  0.994225663320225     
  0.994298844271098     
  0.993809380693518     
  0.984749557846300     
  0.967000950919466     
  0.989268428001093     
  0.995204400922143     
  0.996048712751522     
  0.996323906859011     
  0.996455537269735     
  0.996079510118385     
  0.992367773116512     
  0.993103169594577     
  0.996656812815031     
  0.997110745513593     
  0.997297999493624     
  0.997545110656385     
  0.997649730426531     
  0.997747960163754     
  0.997840514223983     
  0.997924128846867     
  0.998008798685306     
  0.998085160295150     
  0.998156019329001     
  0.998208808377822     
  0.998111899660976     
  0.998347078414421     
  0.998405427674620     
  0.998451473096241     
  0.998506669665009     
  0.998551350155600     
  0.997822093613392     
  0.998394557880775     
  0.998684713397627     
  0.998727050023784     
  0.998762248812201     
  0.998794612919625     
  0.998823979026900     
  0.998850335701847     
  0.998873750993467     
  0.998892406675060     
  0.998903494711409     
  0.998885981722802     
  0.998717828137437     
  0.998760589478402     
  0.998455687060062     
  0.998668353669117     
  0.998728639497522     
  0.998544499935456     
  0.998128673996684     
  0.996145760378577     
  0.970000249628366     
  0.750607355654094     
  0.499155961715817     
  0.921287289915805     
  0.989695013133192     
  0.997287940519948     
  0.985959180772492     
  0.994458752639740     
  0.993889008395514     
  0.998799891288212     
  0.999165839422305     
  0.998988630285616     
  0.997501432933106     
  0.994801079478892     
  0.997459028592317     
  0.998777061370856     
  0.999258754393243     
  0.999334883932876     
  0.999392150694097     
  0.999467647255026     
  0.999485702647284     
  0.999471638559790     
  0.999254591539588     
  0.998265923086688     
  0.997553843980858     
  0.999075377136778     
  0.999481546354446     
  0.999520531000947     
  0.999585829014117     
  0.999597219561264     
  0.999606949306778     
  0.999614752007922     
  0.999621887551761     
  0.999628509068237     
  0.999632974542410     
  0.999633846720245     
  0.999625519190081     
  0.999506419174358     
  0.995147446587414     
  0.998043802478844     
  0.999735945499637     
  0.995713423991437     
  0.987755527665702     
  0.998734112644239     
  0.998994857523553     
  0.999497728579612     
  0.999664672088672     
  0.999697542964372     
  0.999704634011409     
  0.999752241613308     
  0.999233677534785     
  0.991965461394185     
  0.998631268148826     
  0.999788715520410     
  0.999736703254839     
  0.999739696485500     
  0.999742784100736     
  0.999753145302109     
  0.999758329174534     
  0.999773862655362     
