  0.999484656403286     
  0.999484760098010     
  0.999477707387285     
  0.999480547111890     
  0.999467237300870     
  0.999411737249542     
  0.999375242072522     
  0.999362671126288     
  0.999442909438171     
  0.999429957265734     
  0.999291325817905     
  0.989933882166579     
  0.997638840551342     
  0.999249492793004     
  0.999271098417496     
  0.999194258344700     
  0.998912723371865     
  0.997188702193246     
  0.887965324935610     
  0.746732313120808     
  0.963022724168819     
  0.989556742217850     
  0.980252375684161     
  0.998040824353148     
  0.999141783986790     
  0.999187380204606     
  0.999320279477806     
  0.999336617508690     
  0.999343893041430     
  0.999346163118272     
  0.999344038957715     
  0.999176899126451     
  0.999072405237382     
  0.999329280821959     
  0.999328098106989     
  0.999321392746997     
  0.999314495448498     
  0.999306566791191     
  0.999297886937570     
  0.999265770051296     
  0.999278630685268     
  0.999271223397803     
  0.999217867424498     
  0.999209321667638     
  0.999238931651853     
  0.999220679582510     
  0.999215485503639     
  0.999200526398759     
  0.999179227584653     
  0.999115458326949     
  0.998801946917022     
  0.993105043777418     
  0.996557822834464     
  0.999017320391601     
  0.999050986056126     
  0.996282744450931     
  0.952408447623770     
  0.987119845445680     
  0.986870602257644     
  0.989259221584508     
  0.998860599527366     
  0.998656851653083     
  0.998923872542658     
  0.998963817992836     
  0.998946911041448     
  0.998927983267224     
  0.998908176584314     
  0.998887066742856     
  0.998865384039522     
  0.998843592750566     
  0.998818968689957     
  0.998687866224079     
  0.998770912702732     
  0.998728774734577     
  0.998719104912415     
  0.998684447958400     
  0.998127970375295     
  0.998589304854263     
  0.997799615432600     
  0.991691502895681     
  0.997556388458658     
  0.998390617410335     
  0.998446424600976     
  0.998411103762579     
  0.998217414461830     
  0.998332186439421     
  0.998283110448190     
  0.998151124921963     
  0.995252391448131     
  0.997296770118995     
  0.997919183338721     
  0.997577384266776     
  0.995622339634401     
  0.995966258943164     
  0.991041096099029     
  0.997729173670521     
  0.997761375303858     
  0.997708491058030     
  0.997634161285989     
  0.997045626359220     
  0.997177281017996     
  0.997412220335421     
  0.997319289857505     
  0.997231690655953     
  0.997133501255014     
  0.997029178011620     
  0.996898736453765     
  0.996786139279063     
  0.995405089553577     
  0.996552630765153     
  0.996433117710255     
  0.996304646095095     
  0.996152962502981     
  0.995991913091939     
  0.995818632398025     
  0.995622544626718     
  0.995411177764077     
  0.995169220975624     
  0.994875625216203     
  0.994500590180312     
  0.993907320321573     
  0.991700978290366     
  0.868010855926343     
  0.741284325825150     
  0.977511184729451     
  0.991983943504933     
  0.992111417168096     
  0.991037499805617     
  0.950770757173917     
  0.811174222198509     
  0.964813759620641     
  0.964753248472689     
  0.896541120965135     
  0.981452288089563     
  0.987645812342359     
  0.986659113781509     
  0.985652864230000     
  0.983976984568658     
  0.932766675980218     
  0.884976276936637     
  0.972607262012448     
  0.812714908812030     
  0.824912013396848     
  0.826669926218192     
  0.968664750858244     
  0.968779235955905     
  0.965898669105342     
  0.960569877963357     
  0.947960807180762     
  0.953140350000488     
  0.938120877209886     
  0.940325000183021     
  0.929880674392017     
  0.911787016496161     
  0.812120466105214     
  0.842574372329964     
  0.886695917938393     
  0.869751021603569     
  0.849555167698332     
  0.837748264172623     
  0.844842152657871     
  0.860679781449395     
  0.873836114613109     
  0.881712607682527     
  0.880771431867606     
  0.869259796185652     
  0.844398502171936     
  0.798352528024872     
  0.725221878789637     
  0.592696355188162     
  0.491424613036895     
  0.480301398064689     
  0.531320689741026     
  0.615964827389766     
  0.710622836190745     
  0.781039792743892     
  0.822714788472079     
  0.849181891948636     
  0.870201718337790     
  0.887331035579523     
  0.902002267555778     
  0.916808608306696     
  0.931014143380017     
  0.941238460968006     
  0.948021761148536     
  0.954263170629930     
  0.960141669994635     
  0.964238935704657     
  0.967172445298203     
  0.969902205163636     
  0.972356550633498     
  0.974707602458069     
  0.976770591957302     
  0.978682853819402     
  0.980452876989150     
  0.982154957691034     
  0.983656938900476     
  0.985197895198430     
  0.986556225780715     
  0.987749408686013     
  0.988686449656692     
  0.988245617042613     
  0.989448352666188     
  0.990675667932087     
  0.991756773327370     
  0.992239774349210     
  0.992776745198130     
  0.993301714641630     
  0.993690675837596     
  0.994015009969096     
  0.993832312216606     
  0.994491761617431     
  0.994912010011010     
  0.995144445244166     
  0.995288449164531     
  0.995636064143568     
  0.995846645687750     
  0.996024788472872     
  0.996099090059535     
  0.989929299930350     
  0.984241845640781     
  0.995765542990706     
  0.995772998989873     
  0.996903801387645     
  0.997068182121408     
  0.997093756486691     
  0.983195879594155     
  0.996965768697798     
  0.997485828906107     
  0.997415554960212     
  0.995708914800778     
  0.997467798794916     
  0.997679856684302     
  0.997485640798476     
  0.997334796554802     
  0.997180637205111     
  0.994828411647641     
  0.902642233701755     
  0.859438727494148     
  0.949826779800524     
  0.996292948187524     
  0.997456960972806     
  0.997842484613139     
  0.997921151612870     
  0.997834180630295     
  0.997130123108530     
  0.991592687084701     
  0.753217533774574     
  0.738826502854492     
  0.716234514366051     
  0.904224260687940     
  0.996426230572405     
  0.997981613189316     
  0.996336624299814     
  0.998274692017176     
  0.998652993371593     
  0.998742212530370     
  0.998799161789249     
  0.998843838082493     
  0.998845864727381     
  0.998588754593758     
  0.998704981203251     
  0.997970967792228     
  0.998984373967990     
  0.999032858283235     
  0.999060557062004     
  0.998669196485260     
  0.999088553995060     
  0.999131089569226     
  0.999150819628571     
  0.999169652898537     
  0.999187619708833     
  0.999204909706097     
  0.999211164180018     
  0.998837754635712     
  0.998937063724545     
  0.999249078716790     
  0.999275774880384     
  0.998838651230257     
  0.999195554138530     
  0.999323270295522     
  0.999337934296535     
  0.999346394630058     
  0.999068603232770     
  0.997908965879284     
  0.999286828529165     
  0.999390300953510     
  0.999400691921611     
  0.999387936899647     
  0.999246404885113     
  0.999375490988153     
  0.999308732353461     
  0.999205023327302     
  0.999422894872779     
  0.999415206296700     
  0.999397965778608     
  0.999359123441859     
  0.999270207472850     
  0.998980655988960     
  0.991778603483042     
  0.949855340346397     
  0.986433124330863     
  0.997187995545308     
  0.962758990741985     
  0.932780003159350     
  0.990916441657873     
  0.998722855975322     
  0.999139363565614     
  0.999300128872043     
  0.999316309978327     
  0.999178528326836     
  0.995038883856466     
  0.896627946063855     
  0.937944928708626     
  0.978639484308802     
  0.998636459398223     
  0.999415008874281     
  0.999228694571917     
  0.999549539797913     
  0.999614237402941     
  0.999628476373174     
  0.999638733023006     
  0.999646633812072     
  0.999654195921230     
  0.999660636065121     
  0.999631978289077     
  0.999627791555169     
  0.999677506658244     
  0.999681815815632     
  0.999683578396044     
  0.999465955045790     
  0.999659544910015     
  0.999636028549145     
  0.999564820160731     
  0.999673733105943     
  0.999596396906101     
  0.999133339193490     
  0.999691306347062     
  0.999715258733105     
  0.999717478390078     
  0.999682020575129     
  0.999717990648895     
  0.999706406816158     
  0.999552587654399     
  0.998008956400373     
  0.998669905960669     
  0.999657632135585     
  0.999709636159735     
  0.999660324541864     
  0.998715891170728     
  0.997230793444312     
  0.999633187382129     
  0.999734168449876     
  0.999746992401850     
  0.999722731528893     
  0.999752419521022     
  0.999652555483200     
  0.999758172694502     
  0.999764130915859     
  0.999765699973735     
  0.999767736108283     
  0.999769219055991     
  0.999770643494456     
  0.999769846285613     
  0.999701321741261     
  0.999697034424044     
  0.998733167864128     
  0.984748543423668     
  0.998677179341921     
  0.999631502488391     
  0.999775157736661     
  0.999784675186398     
  0.999787507391092     
  0.999788959838579     
  0.999738582901304     
  0.999697593228822     
  0.999781291806296     
  0.999762962418403     
  0.999065863492881     
  0.999328806163832     
  0.999544838711813     
  0.999582385846718     
  0.999797307796430     
  0.999796727938718     
  0.999792101324750     
  0.999687113292099     
  0.999639127962094     
  0.999115565891953     
  0.977490112452319     
  0.986519254826279     
  0.968793841767593     
  0.955502537253999     
  0.999650765259201     
  0.999628006979632     
  0.999582284865359     
  0.998618353487388     
  0.994262676546968     
  0.999541436828980     
  0.999748976973437     
  0.999791064552900     
  0.999778053264562     
  0.999727045995721     
  0.998995106043655     
  0.949285562021708     
  0.929884167958601     
  0.997882717153694     
  0.999521910294658     
  0.999204897878332     
  0.999751148111574     
  0.999808662853557     
  0.999813748885013     
  0.999820522301389     
  0.999824735806387     
  0.999824727750046     
  0.999828275653687     
  0.999825463030485     
  0.999766268933681     
  0.999591261566174     
  0.998777709922311     
  0.999733836797690     
  0.999827567749472     
  0.999835711694616     
  0.999836283257674     
  0.999828127471107     
  0.999562246831077     
  0.999790445469710     
  0.999837499706057     
  0.999839980321208     
  0.999840775401808     
  0.999841377205561     
  0.999801805548011     
  0.999834954492681     
  0.999842811781650     
  0.999842279087646     
  0.999546101236311     
  0.999135106149481     
  0.999834177450418     
  0.999792121886358     
  0.999611073060316     
  0.999231099902200     
  0.998921932261193     
  0.999839420888781     
  0.999829356836065     
  0.999729895839777     
  0.995549011770144     
  0.995530211194168     
  0.999717723739737     
  0.999787285504138     
  0.999761556752796     
  0.998873686272760     
  0.998872761766694     
  0.999764804560473     
  0.999825294188511     
  0.999807323742444     
  0.999795414070203     
  0.999658746990925     
  0.990890381188055     
  0.979824991721515     
  0.998854300047301     
  0.999766724952492     
  0.999035437400296     
  0.976270920170045     
  0.995172666081648     
  0.999661336982050     
  0.999824887670684     
  0.999723641989058     
  0.997188995137138     
  0.998322055991836     
  0.999813610756745     
  0.999750964873938     
  0.999820918586842     
  0.999843271595059     
  0.999842672452665     
  0.999840717589526     
  0.999838009244521     
  0.999832472688580     
  0.999584984478684     
  0.999768754592946     
  0.999798097188457     
  0.999790125018821     
  0.999706119088867     
  0.998938956170674     
  0.982858599645607     
  0.931390276170131     
  0.956424585306022     
  0.996938524071571     
  0.995914713288377     
  0.965759497404813     
  0.978483279791998     
  0.998628221817556     
  0.999524743530997     
  0.998422680283308     
  0.998126755093405     
  0.999678821742133     
  0.999573745947524     
  0.998616923186675     
  0.900553561173917     
  0.899505910841551     
  0.998941068500565     
  0.999509699490235     
  0.999733438378071     
  0.999779993379857     
  0.999787619644922     
  0.999782641251755     
  0.999556415351498     
  0.999109511424218     
  0.998987670608099     
  0.999020919165973     
  0.999429543499857     
  0.994415033182519     
  0.866077374841851     
  0.896301032273725     
  0.997136365810373     
  0.994521708962038     
  0.933244677865937     
  0.917882998007975     
  0.991827079643374     
  0.997619816650246     
  0.978858493396676     
  0.978482150096745     
  0.997310505189738     
  0.985899422292126     
  0.941361721858873     
  0.970104732546574     
  0.998026864656444     
  0.999395380968935     
  0.999475442685307     
  0.999277654349041     
  0.994873986521416     
  0.967354756633489     
  0.921648837383862     
  0.968153458836869     
  0.997756626345742     
  0.998939177441515     
  0.992636372874284     
  0.987494406305853     
  0.998189185500964     
  0.999590823654551     
  0.990911053447621     
  0.990963877397477     
  0.989374662653797     
  0.966454042920390     
  0.994418678547883     
  0.999265705621714     
  0.999789045553332     
  0.999641348059740     
  0.999313493246458     
  0.999809054223230     
  0.999791537158251     
  0.999798427815931     
  0.999832562969876     
  0.999774622633948     
  0.999709530391186     
  0.999708762371203     
  0.999790336009770     
  0.999831908855365     
  0.999832113078996     
  0.999830592845474     
  0.999662952873738     
  0.999778454535668     
  0.999829117340332     
  0.999817218197596     
  0.999827620740316     
  0.999825992590056     
  0.999813534334208     
  0.999817952655587     
  0.999821212641727     
  0.999818813703778     
  0.999816762120167     
  0.999813166937905     
  0.999804480370050     
  0.999789517397699     
  0.999382315297822     
  0.991356960424423     
  0.995781545061918     
  0.999390876902616     
  0.979737964710052     
  0.956079612282946     
  0.998881799563336     
  0.999735943044243     
  0.999740003651808     
  0.999559381802235     
  0.996233413496830     
  0.964176112809397     
  0.978294640990558     
  0.998731835797032     
  0.999674968718869     
  0.999734147412800     
  0.999502142477848     
  0.999402511028914     
  0.999701492826488     
  0.999733390094889     
  0.989394508363500     
  0.996724326892334     
  0.992619212924585     
  0.994558341117265     
  0.999740119094288     
  0.999743834448503     
  0.999732343681443     
  0.999753106827347     
  0.999750738914350     
  0.999747492204280     
  0.999743913975671     
  0.999739339476553     
  0.999730225100673     
  0.999726626450173     
  0.999657055461118     
  0.999684974071753     
  0.999708624358065     
  0.999708377969701     
  0.998862926978575     
  0.999677933620726     
  0.999663204868571     
  0.999498089957769     
  0.999594739405578     
  0.999605305568264     
  0.998774078154349     
  0.992605414491571     
  0.971127864517489     
  0.998796951273732     
  0.999541566450274     
  0.999516593856527     
  0.998020674691597     
  0.995497435943755     
  0.998221531507631     
  0.996767550347019     
  0.942629464287912     
  0.976434920083211     
  0.760661557285041     
  0.983676972660145     
  0.999009382773780     
  0.999375005298975     
  0.999424195165414     
  0.999415292868459     
  0.999359182834565     
  0.999143842692453     
  0.996573876231501     
  0.921458067567735     
  0.921563730944401     
  0.996526285812730     
  0.997547830339982     
  0.990201884148884     
  0.997638817357930     
  0.999295380904137     
  0.999360514754538     
  0.999350383678787     
  0.999344180006961     
  0.999331576660138     
  0.999324321283088     
  0.999312939510216     
  0.999296201170845     
  0.999266915144003     
  0.999257648064694     
  0.999221775019655     
  0.999197547692692     
  0.999070414248642     
  0.998721064817452     
  0.999011483268915     
  0.999099854074248     
  0.999043921202573     
  0.998282788966306     
  0.999019910736663     
  0.998980339487398     
  0.998662448844685     
  0.998780437896714     
  0.998854817444425     
  0.998773376122152     
  0.997567956339430     
  0.985766232087967     
  0.993650632433515     
  0.959879067311279     
  0.969839563057904     
  0.997429885305754     
  0.991643652254464     
  0.979927658834520     
  0.995531211264706     
  0.990396608799446     
  0.991697603731515     
  0.994619962955884     
  0.997520642623632     
  0.997940706539361     
  0.997845367831721     
  0.997738629580141     
  0.997612747365057     
  0.997432822417585     
  0.997354791916876     
  0.997205818252600     
  0.996942775337294     
  0.996863365018257     
  0.996666971700384     
  0.992752579334568     
  0.986913858972528     
  0.995896370902344     
  0.995736434458832     
  0.995412979051549     
  0.994991680490210     
  0.994992798146885     
  0.994744296172611     
  0.994456012894273     
  0.994131653901793     
  0.993790820243684     
  0.993434399434204     
  0.993028899755553     
  0.992566389130527     
  0.992110561210287     
  0.991526090171029     
  0.990930887800571     
  0.990253178431721     
  0.989343701683423     
  0.983803280031176     
  0.979041015584713     
  0.983959115346173     
  0.985683977963636     
  0.984705244065614     
  0.983090407279226     
  0.982108828993630     
  0.980966636922888     
  0.979529412290859     
  0.978221720788154     
  0.976850791456684     
  0.975516615594959     
  0.974354398171402     
  0.973270833948051     
  0.972029546879958     
  0.970834261819648     
  0.970659444792088     
  0.971755545614071     
  0.973022927643171     
  0.974138081352840     
  0.975284437150351     
  0.976566186277063     
  0.977530106377910     
  0.978521397224779     
  0.980548562357818     
  0.981917282660966     
  0.983227662513674     
  0.984465887204779     
  0.985533261983586     
  0.986651262381489     
  0.987614111025262     
  0.988449587708844     
  0.989314705617765     
  0.989912440391349     
  0.990724504224607     
  0.991059245947853     
  0.991028774397470     
  0.991989902448553     
  0.992908289376435     
  0.993304548353729     
  0.992254321970498     
  0.981026595621775     
  0.989385030982182     
  0.991483732482552     
  0.994893706310426     
  0.994971086121963     
  0.995490513111367     
  0.995740379074537     
  0.995998187424240     
  0.996221933808061     
  0.996198141460040     
  0.996261751518672     
  0.988934918388596     
  0.971697553230549     
  0.992905731848581     
  0.997079024617755     
  0.997426529261068     
  0.997594675132281     
  0.997711471162114     
  0.997660309004905     
  0.994519353063749     
  0.995165142969439     
  0.998018152309487     
  0.998036833784960     
  0.998137530994156     
  0.998392222764507     
  0.998461500644568     
  0.998524628470605     
  0.998584193553164     
  0.998631960772247     
  0.998692207312037     
  0.998740773505748     
  0.998786227600200     
  0.998811719582470     
  0.998631589550503     
  0.998907099657251     
  0.998943684780588     
  0.998954314107486     
  0.998998067688942     
  0.999036492267747     
  0.998064798015105     
  0.998769077111046     
  0.999115349108770     
  0.999138290356873     
  0.999157450290748     
  0.999174897884575     
  0.999189572856230     
  0.999200795191564     
  0.999209592482062     
  0.999213650474871     
  0.999211431683653     
  0.999192940896599     
  0.999028155213244     
  0.999039576032158     
  0.998621546898447     
  0.998832463671002     
  0.998878024755729     
  0.998632723577580     
  0.998124143534457     
  0.996726174733174     
  0.974444786688886     
  0.741492331234032     
  0.452677151835881     
  0.937769195212790     
  0.994320482612628     
  0.997088821143842     
  0.983764170810211     
  0.993780329949778     
  0.993113887457504     
  0.998796219273068     
  0.999283682365191     
  0.999232953253279     
  0.997966337420449     
  0.995028870368548     
  0.997890437876812     
  0.999232091755322     
  0.999512088190275     
  0.999503807603453     
  0.999542326616490     
  0.999606734678188     
  0.999620535941991     
  0.999628774886956     
  0.999579385044205     
  0.998952772042774     
  0.998181041090257     
  0.999510401860083     
  0.999651431307696     
  0.999631521929058     
  0.999702115232990     
  0.999709931794315     
  0.999716647081363     
  0.999722245823338     
  0.999726671965203     
  0.999730456807446     
  0.999732278288781     
  0.999729852459655     
  0.999716225965004     
  0.999571787356366     
  0.994569747107314     
  0.997852920018384     
  0.999575622374065     
  0.993947901715473     
  0.983958835370554     
  0.998456469176186     
  0.999319532946578     
  0.999708671990426     
  0.999762349048443     
  0.999773398179647     
  0.999772803137782     
  0.999757044750725     
  0.998789200850503     
  0.989441697352051     
  0.997977799869834     
  0.999763068399860     
  0.999794943055264     
  0.999805839584312     
  0.999808708524342     
  0.999817576314989     
  0.999819865054414     
  0.999817117128915     
