  0.999501141896215     
  0.999500467345538     
  0.999492105970415     
  0.999495063583973     
  0.999484458385037     
  0.999436387331951     
  0.999399421689808     
  0.999388488053652     
  0.999459193806335     
  0.999407220458689     
  0.998873683598913     
  0.988940086074668     
  0.996650716465609     
  0.999045968271066     
  0.999288783464975     
  0.999227722985158     
  0.998843319134523     
  0.995946804068702     
  0.895010872756457     
  0.766056555844589     
  0.962584145073445     
  0.988320378289620     
  0.978982043242934     
  0.996910118206673     
  0.998906925752661     
  0.999193155747279     
  0.999339297814114     
  0.999357514138502     
  0.999364446493970     
  0.999366342362994     
  0.999363263143160     
  0.999211219487302     
  0.999117765521165     
  0.999348330115594     
  0.999347950615561     
  0.999341541512477     
  0.999334639738718     
  0.999327069993849     
  0.999318426718424     
  0.999289895453749     
  0.999300049049916     
  0.999292569464404     
  0.999242258027325     
  0.999233690473159     
  0.999261493937970     
  0.999244383797972     
  0.999238147917453     
  0.999223378502806     
  0.999201242482691     
  0.999115799827559     
  0.998682437618789     
  0.993208378758666     
  0.996445065949633     
  0.998968973897794     
  0.999133771816935     
  0.997030194687729     
  0.956247787768017     
  0.988527147872166     
  0.987973155584983     
  0.990064548895660     
  0.998939613818570     
  0.998732470657304     
  0.998961690297021     
  0.998994254363019     
  0.998978149550906     
  0.998959932030344     
  0.998940744502283     
  0.998920380018166     
  0.998899279785618     
  0.998878111855641     
  0.998854403403577     
  0.998741979278161     
  0.998807836566826     
  0.998768971592452     
  0.998755541872925     
  0.998704303997016     
  0.998136302276491     
  0.998597632731017     
  0.997910095693970     
  0.992620803750794     
  0.997695967653063     
  0.998448061163075     
  0.998493668526032     
  0.998459329538380     
  0.998293209405038     
  0.998381181946000     
  0.998318103708938     
  0.998100110352725     
  0.995173849269874     
  0.997325014230202     
  0.997874113076240     
  0.997148728758934     
  0.994767826813315     
  0.994895309787431     
  0.990468353924345     
  0.997516070252631     
  0.997796568781845     
  0.997772794447862     
  0.997688106306275     
  0.997090723542752     
  0.997262881678072     
  0.997483376298808     
  0.997402565251093     
  0.997317003928995     
  0.997219918229665     
  0.997105006798571     
  0.996961051909209     
  0.996850402915977     
  0.995810535361688     
  0.996654355178101     
  0.996540009001242     
  0.996417651734231     
  0.996271439611751     
  0.996115655378509     
  0.995948108964980     
  0.995759845677169     
  0.995555262822195     
  0.995321958665759     
  0.995040651067893     
  0.994683842252595     
  0.994143187998014     
  0.992330120258125     
  0.880506034720721     
  0.766019467386808     
  0.979549731381503     
  0.992340075246175     
  0.992332546790985     
  0.990788318832585     
  0.952461160030820     
  0.825442499827941     
  0.965023947624538     
  0.965869097464101     
  0.904368784259197     
  0.981553879181777     
  0.987853025489460     
  0.987030997318657     
  0.986004821154831     
  0.983975869346227     
  0.936888234583299     
  0.893759631791922     
  0.972540664026749     
  0.832552021739598     
  0.840124941132965     
  0.842070437074976     
  0.969929721109720     
  0.969521655217829     
  0.966291837874904     
  0.960032640635778     
  0.947508382401885     
  0.953682146196572     
  0.939960860283642     
  0.941635265196759     
  0.931308598947172     
  0.914487257623763     
  0.824335987320811     
  0.850582874691081     
  0.888214019788358     
  0.870768936651608     
  0.850546529058516     
  0.838901833892613     
  0.846027304511824     
  0.861837997371387     
  0.875041061276700     
  0.882895705323936     
  0.882001549957539     
  0.870449923464850     
  0.845135439833598     
  0.797769344662004     
  0.722021134457726     
  0.589719047383976     
  0.491558419907350     
  0.480772010442187     
  0.529850378790754     
  0.613589548292696     
  0.708098254782901     
  0.779700972006918     
  0.822410853210787     
  0.849391902372404     
  0.870640119528038     
  0.888049653222760     
  0.903042243648945     
  0.918045767759734     
  0.932312084552889     
  0.942511634432965     
  0.949244495676008     
  0.955413034777472     
  0.961213248037995     
  0.965234123651471     
  0.968097881517037     
  0.970760525096635     
  0.973160832996625     
  0.975443021079290     
  0.977453232265768     
  0.979314769233111     
  0.981036331867855     
  0.982695165781423     
  0.984172647810788     
  0.985663025934129     
  0.986982624935139     
  0.988146517726905     
  0.989091660730788     
  0.988712604068906     
  0.989859884036080     
  0.991022496171942     
  0.992040190307021     
  0.992510485654292     
  0.993020781753559     
  0.993516320968549     
  0.993881315538935     
  0.994185779413115     
  0.994047904272400     
  0.994654631547061     
  0.995058978851046     
  0.995298422774352     
  0.995452144725184     
  0.995778105938170     
  0.995982628798458     
  0.996154123973396     
  0.996215924829205     
  0.990798884566820     
  0.985868655339634     
  0.995863977434208     
  0.995878188435941     
  0.996976123408282     
  0.997157340432435     
  0.997163726036162     
  0.985181704671539     
  0.997060307564881     
  0.997563781754682     
  0.997527821203563     
  0.995951565094803     
  0.997576014468685     
  0.997758114467196     
  0.997585219004876     
  0.997414057080389     
  0.997062683008109     
  0.993164187888507     
  0.907363941133876     
  0.867384599564088     
  0.950046877955679     
  0.995253362951051     
  0.997461949708914     
  0.997912711671567     
  0.997991324807965     
  0.997881304042329     
  0.996586786276144     
  0.987003110708553     
  0.764051889308342     
  0.749348682651564     
  0.730316433989504     
  0.904781936395542     
  0.994316406826703     
  0.997845473692140     
  0.996617841052964     
  0.998312952728846     
  0.998687054640433     
  0.998780594113759     
  0.998836100623510     
  0.998877419176355     
  0.998873121451308     
  0.998628499215502     
  0.998749375560044     
  0.998093175667852     
  0.999016074677116     
  0.999062597946045     
  0.999087991743627     
  0.998801046216347     
  0.999117854117521     
  0.999155795627914     
  0.999175012546081     
  0.999193290998604     
  0.999210600039488     
  0.999225475085718     
  0.999221751890773     
  0.998852862683125     
  0.998979354287101     
  0.999265660980032     
  0.999281044134536     
  0.998829896242748     
  0.999184648280983     
  0.999334458344046     
  0.999355218054321     
  0.999359476682416     
  0.999098992155396     
  0.998075169238413     
  0.999302216155212     
  0.999405609925591     
  0.999417505053732     
  0.999407127448720     
  0.999279220221961     
  0.999396217595353     
  0.999352740735795     
  0.999276529839554     
  0.999441370299197     
  0.999435795179039     
  0.999420658432613     
  0.999386538487047     
  0.999312889672412     
  0.999151171231522     
  0.993098708218490     
  0.955776344331374     
  0.988405498670516     
  0.997935988080631     
  0.967821365662353     
  0.940887994697125     
  0.992646845558181     
  0.998965533218966     
  0.999196459500096     
  0.999336974155349     
  0.999345043852724     
  0.999095838452154     
  0.994486975938218     
  0.904391470850891     
  0.941850891102783     
  0.980070821143616     
  0.998547044205093     
  0.999403193836806     
  0.999294597001102     
  0.999565937492754     
  0.999623794992062     
  0.999636911879234     
  0.999646482938577     
  0.999654187596744     
  0.999661229821589     
  0.999666521777855     
  0.999641328772952     
  0.999639311854038     
  0.999683208904171     
  0.999686685421651     
  0.999679616568341     
  0.999449695791577     
  0.999644942659564     
  0.999649387240967     
  0.999579313609567     
  0.999651775355590     
  0.999591134684274     
  0.999261932913315     
  0.999696407010142     
  0.999719004074770     
  0.999721062444209     
  0.999691160565473     
  0.999719190330791     
  0.999687599359917     
  0.999423182971951     
  0.997723947037045     
  0.998420326233299     
  0.999577368476136     
  0.999700074888190     
  0.999624695178543     
  0.998633482995737     
  0.997243314762688     
  0.999565821453414     
  0.999728111292030     
  0.999749107761833     
  0.999728502023298     
  0.999755687087410     
  0.999670689651374     
  0.999760529185611     
  0.999766004927640     
  0.999767533775686     
  0.999769614675874     
  0.999771019141678     
  0.999772317216347     
  0.999771800696449     
  0.999719481560217     
  0.999727730757757     
  0.998938646040626     
  0.986088132035867     
  0.998888184592644     
  0.999676074665387     
  0.999777541636672     
  0.999785520990092     
  0.999788402412941     
  0.999789623347994     
  0.999747792874793     
  0.999725696974038     
  0.999767933254305     
  0.999746332397143     
  0.999122442078008     
  0.999357363846202     
  0.999599687448243     
  0.999640075433373     
  0.999797347934899     
  0.999796826258791     
  0.999790683466120     
  0.999693797556921     
  0.999671930729989     
  0.999335774412041     
  0.979539133978121     
  0.987875687886191     
  0.971624137861451     
  0.961500935290498     
  0.999519809741237     
  0.999617635533705     
  0.999543999802968     
  0.998420861562287     
  0.994027120778828     
  0.999365076136077     
  0.999724465120449     
  0.999789376495877     
  0.999777745404855     
  0.999688719179186     
  0.998633135567043     
  0.953004270143786     
  0.935445745664189     
  0.997469844990571     
  0.999455188852717     
  0.999210535924617     
  0.999736707838376     
  0.999803362730791     
  0.999810942151231     
  0.999817859294540     
  0.999822438290493     
  0.999822207482687     
  0.999824668634244     
  0.999807450493410     
  0.999698561154678     
  0.999515057547833     
  0.998839387896064     
  0.999743221210834     
  0.999828884110672     
  0.999832928808710     
  0.999831670985379     
  0.999816685463798     
  0.999551797702910     
  0.999782161444836     
  0.999831758206221     
  0.999836094705691     
  0.999837202938334     
  0.999837612446230     
  0.999811978989288     
  0.999833529064303     
  0.999838894521315     
  0.999841116096137     
  0.999573679723172     
  0.999194595816553     
  0.999832273442847     
  0.999776661181379     
  0.999605684021748     
  0.999304646635335     
  0.999049780543515     
  0.999830671284361     
  0.999798999962573     
  0.999412106031202     
  0.994520914766721     
  0.994503458281851     
  0.999402573071873     
  0.999751269170766     
  0.999682524717472     
  0.998678221020616     
  0.998678232477001     
  0.999687548888619     
  0.999809969803010     
  0.999804394151697     
  0.999795071374049     
  0.999662601898733     
  0.992045650997405     
  0.982544813782396     
  0.998945047999412     
  0.999776480649932     
  0.999160369345828     
  0.977965812729712     
  0.995576741018230     
  0.999703861887528     
  0.999817644855052     
  0.999715844609897     
  0.997493616928115     
  0.998464188332988     
  0.999799205861495     
  0.999761899211078     
  0.999817609700660     
  0.999834524244494     
  0.999833544128952     
  0.999831165611381     
  0.999827902217157     
  0.999820706850135     
  0.999603605737286     
  0.999761637978876     
  0.999785353883956     
  0.999766844723947     
  0.999521838780773     
  0.996938548046662     
  0.975164053917786     
  0.920323939963507     
  0.946401937929115     
  0.992494372811348     
  0.994252123590209     
  0.965115436778354     
  0.977423527630953     
  0.997837301939529     
  0.999408879745568     
  0.998488530466006     
  0.998215017684728     
  0.999660173200066     
  0.999439379494219     
  0.997444279808375     
  0.907368534933095     
  0.906445088789620     
  0.997735299509787     
  0.999370089200048     
  0.999710894929354     
  0.999766368314567     
  0.999775028853325     
  0.999767788413687     
  0.999553537421605     
  0.999110948145643     
  0.998856857000573     
  0.998875715899454     
  0.999188854813745     
  0.993304491292784     
  0.874863125959776     
  0.902563172385267     
  0.995210218661142     
  0.987721473961169     
  0.920762643522976     
  0.905653591995958     
  0.983984921374840     
  0.995690327781377     
  0.977812435368458     
  0.977463542733752     
  0.996167194318194     
  0.983619963823192     
  0.938936576628547     
  0.967624719329430     
  0.996978666263077     
  0.999239855559447     
  0.999417417230307     
  0.999016546707873     
  0.993415444904676     
  0.964062653279140     
  0.918137738724757     
  0.964634224900448     
  0.996418157902998     
  0.998547851394471     
  0.992341238143105     
  0.987416775744301     
  0.997823538773946     
  0.999564966970864     
  0.991646748389528     
  0.990747092208294     
  0.985632382113724     
  0.961527741451619     
  0.991228692380027     
  0.998615720602105     
  0.999712121482842     
  0.999628222932524     
  0.999344685318578     
  0.999782028293970     
  0.999775985219686     
  0.999781408098932     
  0.999805027181480     
  0.999745847488764     
  0.999658817596374     
  0.999657986338209     
  0.999758619565507     
  0.999802946753503     
  0.999803987093006     
  0.999801545742700     
  0.999653174480856     
  0.999753367085665     
  0.999799140113631     
  0.999788797555205     
  0.999797256649332     
  0.999795293031934     
  0.999783902107205     
  0.999787000902784     
  0.999789361845461     
  0.999786368887963     
  0.999783838014490     
  0.999779581200875     
  0.999768709998173     
  0.999747016847389     
  0.999399437111421     
  0.992079675969464     
  0.996159277120337     
  0.999438428246181     
  0.981055880044309     
  0.959004679905987     
  0.998928962241446     
  0.999696990066925     
  0.999665107897606     
  0.998960380324910     
  0.992988314364026     
  0.958338620083399     
  0.973007052879284     
  0.996739134424735     
  0.999389534808792     
  0.999636820561386     
  0.999351144253679     
  0.999242892804616     
  0.999594027462312     
  0.999678080199170     
  0.991869490478575     
  0.997396536400283     
  0.994296726125406     
  0.995760068671965     
  0.999690986019467     
  0.999693218864475     
  0.999682089022513     
  0.999697835805395     
  0.999694148423107     
  0.999689681065555     
  0.999684684182713     
  0.999677497026698     
  0.999662711254706     
  0.999657548961034     
  0.999595419296517     
  0.999620687348012     
  0.999640222800420     
  0.999636757994178     
  0.998922193392739     
  0.999602096792728     
  0.999574703032365     
  0.999396750190216     
  0.999495359855579     
  0.999479735535865     
  0.998469774334738     
  0.991762314319299     
  0.973015816390267     
  0.998330721277684     
  0.999383322129833     
  0.999327406893356     
  0.997588853945763     
  0.994944677420479     
  0.997875746603849     
  0.996354581821785     
  0.947345374018191     
  0.973989186808057     
  0.777672367448125     
  0.981109306959826     
  0.998214700706361     
  0.999235993447026     
  0.999315456997552     
  0.999305522692997     
  0.999247126648872     
  0.998952894156595     
  0.995975407812096     
  0.929482001533214     
  0.929554379687154     
  0.995753427196106     
  0.996535622817068     
  0.988808273248893     
  0.996639969017399     
  0.998955470034928     
  0.999184908265217     
  0.999185177300038     
  0.999170537821606     
  0.999153537713101     
  0.999139764290055     
  0.999120354155254     
  0.999097404072256     
  0.999062678915337     
  0.999045168334592     
  0.999005245086140     
  0.998953520312273     
  0.998750468719486     
  0.998357642628617     
  0.998675354224217     
  0.998819648627367     
  0.998772909969332     
  0.998104318686388     
  0.998728910904053     
  0.998682798172517     
  0.998374963834853     
  0.998469437701695     
  0.998519109069020     
  0.998393425910971     
  0.997105104132231     
  0.985912396723851     
  0.990305614199899     
  0.955421333819075     
  0.967175690539952     
  0.995716525886212     
  0.989943564823171     
  0.978041660212607     
  0.994182809918095     
  0.990332923614260     
  0.991735038895249     
  0.994399272779065     
  0.996993677524606     
  0.997319992413976     
  0.997185579906332     
  0.997043934065440     
  0.996882201238988     
  0.996671774544932     
  0.996540026288256     
  0.996344908154783     
  0.996066185876764     
  0.995903352393221     
  0.995694969856951     
  0.992130102493067     
  0.986703601281835     
  0.994772086522638     
  0.994447196277965     
  0.994051212432989     
  0.993591984182112     
  0.993473830080237     
  0.993141775210966     
  0.992762271988566     
  0.992334812785277     
  0.991892780855781     
  0.991437226111074     
  0.990911790025907     
  0.990307473477762     
  0.989715983238791     
  0.988976800184483     
  0.988219486640822     
  0.987343738126102     
  0.986176991307850     
  0.980743722859234     
  0.975592474058390     
  0.979745590175790     
  0.981404867414378     
  0.980229600956327     
  0.978360572467593     
  0.976957132745734     
  0.975458045124176     
  0.973615054882147     
  0.971909861700248     
  0.970111339894077     
  0.968336689156418     
  0.966749600803770     
  0.965257566721389     
  0.963654077680019     
  0.962210048351801     
  0.962008971364043     
  0.963309549311713     
  0.964920208831221     
  0.966445062740034     
  0.968015906913322     
  0.969728521822733     
  0.971131779594159     
  0.972557838717635     
  0.974926622375933     
  0.976670800808144     
  0.978345283222042     
  0.979926769943864     
  0.981293795358719     
  0.982718977060144     
  0.983952427394884     
  0.985026617236604     
  0.986141904099443     
  0.986980435794241     
  0.987997207774798     
  0.988543788513451     
  0.988729990422232     
  0.989802609682574     
  0.990788638832834     
  0.991179974709022     
  0.989618988046394     
  0.977919349603706     
  0.986610519670029     
  0.990102504645352     
  0.993357603966461     
  0.993555841433100     
  0.994115444967137     
  0.994440437246629     
  0.994775582571694     
  0.995067662214839     
  0.995099941371723     
  0.994843756787599     
  0.986514885428358     
  0.968981913685084     
  0.990802593492866     
  0.995995091981082     
  0.996629857351443     
  0.996859900062806     
  0.996985273647283     
  0.996746270422381     
  0.993275281608077     
  0.993972883389765     
  0.997231008397408     
  0.997501357784359     
  0.997652103295933     
  0.997902411941969     
  0.997992125020329     
  0.998075549280579     
  0.998154189066639     
  0.998222683759648     
  0.998297052211123     
  0.998361690110141     
  0.998421833702906     
  0.998463109229217     
  0.998331098789938     
  0.998583288890377     
  0.998632458341026     
  0.998663565709574     
  0.998713935804984     
  0.998755977670884     
  0.997924463639278     
  0.998552525978036     
  0.998866350854148     
  0.998900506763468     
  0.998928940577107     
  0.998955013098208     
  0.998978182678257     
  0.998998155884117     
  0.999015405489752     
  0.999027904049772     
  0.999033379433657     
  0.999015454051650     
  0.998848721046019     
  0.998878263291790     
  0.998525645142518     
  0.998737573704198     
  0.998791648791291     
  0.998581711845073     
  0.998126763089934     
  0.996390573858960     
  0.971874915274888     
  0.746762719812860     
  0.479551610232781     
  0.928239213647068     
  0.991645996206813     
  0.997203953668734     
  0.985033344107272     
  0.994172599615726     
  0.993562068785535     
  0.998798342461718     
  0.999215544624889     
  0.999091683766694     
  0.997697525988548     
  0.994897159907755     
  0.997640993718712     
  0.998968989739212     
  0.999365608694189     
  0.999406134690188     
  0.999455493805005     
  0.999526313331986     
  0.999542574377267     
  0.999537917567348     
  0.999391587209871     
  0.998555631331127     
  0.997818391544458     
  0.999258867711880     
  0.999553202730535     
  0.999567346268647     
  0.999634877813346     
  0.999644760886785     
  0.999653219163067     
  0.999660092258102     
  0.999666085002565     
  0.999671510036391     
  0.999674860299255     
  0.999674341405737     
  0.999663778810647     
  0.999533991121574     
  0.994903775999706     
  0.997963289247172     
  0.999668322021243     
  0.994968735517136     
  0.986154101464912     
  0.998617003962773     
  0.999131804087244     
  0.999586703536859     
  0.999705871788692     
  0.999729538358358     
  0.999733387453569     
  0.999754267556070     
  0.999046199108911     
  0.990900947930794     
  0.998355637808653     
  0.999777897663479     
  0.999761268583800     
  0.999767595402526     
  0.999770590787890     
  0.999780322080384     
  0.999784284801964     
  0.999792107251383     
