  0.999520414776544     
  0.999518830403142     
  0.999508939100801     
  0.999512034544823     
  0.999504591272017     
  0.999465205353231     
  0.999427689711870     
  0.999418670244895     
  0.999478231631782     
  0.999380639164035     
  0.998385423476097     
  0.987778251368465     
  0.995495512244946     
  0.998808030034836     
  0.999309458864842     
  0.999266846157941     
  0.998762179300355     
  0.994494912091465     
  0.903247763405380     
  0.788648376012441     
  0.962071405408141     
  0.986874953541681     
  0.977496905462769     
  0.995588215981414     
  0.998632354175309     
  0.999199907908337     
  0.999361532077660     
  0.999381944320595     
  0.999388475481361     
  0.999389933877615     
  0.999385738112004     
  0.999251343395855     
  0.999170796224333     
  0.999370600655039     
  0.999371160206747     
  0.999365097470886     
  0.999358190477975     
  0.999351040351558     
  0.999342439852813     
  0.999318100566813     
  0.999325089366604     
  0.999317525270160     
  0.999270773232142     
  0.999262180209036     
  0.999287871672844     
  0.999272096584464     
  0.999264642738287     
  0.999250095105024     
  0.999226980312115     
  0.999116199079091     
  0.998542718014526     
  0.993329188850419     
  0.996313240547238     
  0.998912451414243     
  0.999230557720023     
  0.997904048851107     
  0.960736414471946     
  0.990172445820482     
  0.989262167523069     
  0.991006069816341     
  0.999031990726933     
  0.998820878125914     
  0.999005903703205     
  0.999029838081838     
  0.999014671085509     
  0.998997283956512     
  0.998978820315450     
  0.998959327265018     
  0.998938908032829     
  0.998918468907064     
  0.998895830935375     
  0.998805244116872     
  0.998851005143646     
  0.998815966729065     
  0.998798141242486     
  0.998727518203897     
  0.998146043323399     
  0.998607369075730     
  0.998039261206914     
  0.993707275465081     
  0.997859153685160     
  0.998515220330934     
  0.998548902804167     
  0.998515711754363     
  0.998381823612311     
  0.998438464132829     
  0.998359015449896     
  0.998040467556324     
  0.995082023012295     
  0.997358035372312     
  0.997821419883394     
  0.996647572630847     
  0.993768785520116     
  0.993643224437690     
  0.989798740021689     
  0.997266923081751     
  0.997837714813143     
  0.997847974022942     
  0.997751175544833     
  0.997143448457775     
  0.997362960869463     
  0.997566567653863     
  0.997499925978717     
  0.997416747276389     
  0.997320952011126     
  0.997193661519999     
  0.997033907643849     
  0.996925536388839     
  0.996284560280711     
  0.996773285818823     
  0.996664980533468     
  0.996549771894841     
  0.996409956788129     
  0.996260328391436     
  0.996099486271329     
  0.995920371042645     
  0.995723719784955     
  0.995500531936958     
  0.995233591140405     
  0.994898091630955     
  0.994418953115194     
  0.993065683107201     
  0.895114810727939     
  0.794938647970800     
  0.981933106869327     
  0.992756448403181     
  0.992591081699601     
  0.990496987376598     
  0.954437505819813     
  0.842124360757226     
  0.965269690567538     
  0.967173701791399     
  0.913520568048488     
  0.981672655385922     
  0.988095290871396     
  0.987465789002125     
  0.986416315630016     
  0.983974565466826     
  0.941707006911039     
  0.904028807298952     
  0.972462800058956     
  0.855744868059610     
  0.857911364000111     
  0.860076184784964     
  0.971408681594592     
  0.970389667182016     
  0.966751517988905     
  0.959404519930938     
  0.946979421595689     
  0.954315597613840     
  0.942112112927288     
  0.943167188258984     
  0.932978086913196     
  0.917644302842723     
  0.838618035083452     
  0.859946197850839     
  0.889988944121441     
  0.871959056502283     
  0.851705603638485     
  0.840250559083179     
  0.847412955485915     
  0.863192156221833     
  0.876449857355411     
  0.884278956756946     
  0.883439777408347     
  0.871841395254495     
  0.845997052309847     
  0.797087498254635     
  0.718278885722958     
  0.586238034527328     
  0.491714864450410     
  0.481322242175706     
  0.528131316096345     
  0.610812410805667     
  0.705146554028706     
  0.778135643160317     
  0.822055496569935     
  0.849637443644830     
  0.871152692341049     
  0.888889851769200     
  0.904258170980160     
  0.919492240196598     
  0.933829623047161     
  0.944000215566073     
  0.950674104874001     
  0.956757445345647     
  0.962466127870807     
  0.966397689452420     
  0.969179894724345     
  0.971764066965587     
  0.974101194998500     
  0.976302868466759     
  0.978251371956105     
  0.980053602007354     
  0.981718505142813     
  0.983326775392408     
  0.984775613360279     
  0.986206855882387     
  0.987481170242945     
  0.988610817305502     
  0.989565433436094     
  0.989258605471096     
  0.990341046877756     
  0.991428008257072     
  0.992371562020433     
  0.992827002027347     
  0.993306110084288     
  0.993767239509235     
  0.994104212323699     
  0.994385443905185     
  0.994299975710481     
  0.994845060073282     
  0.995230815811812     
  0.995478454436213     
  0.995643538878750     
  0.995944182421758     
  0.996141621498795     
  0.996305344304487     
  0.996352529253231     
  0.991815612455111     
  0.987770740034410     
  0.995979068177431     
  0.996001177264406     
  0.997060683269408     
  0.997261585558173     
  0.997245535437323     
  0.987503560979072     
  0.997170843872794     
  0.997654925478050     
  0.997659084764507     
  0.996235276000109     
  0.997702542156593     
  0.997849614898411     
  0.997701647721990     
  0.997506730027846     
  0.996924768596027     
  0.991218343148528     
  0.912884661454580     
  0.876675085589344     
  0.950304221549083     
  0.994037856182598     
  0.997467782654215     
  0.997994822831583     
  0.998073373031388     
  0.997936401920740     
  0.995951502854673     
  0.981636857074481     
  0.776719709584718     
  0.761651504746315     
  0.746781409834802     
  0.905433986784811     
  0.991849539175109     
  0.997686295328561     
  0.996946648230635     
  0.998357688338575     
  0.998726880151357     
  0.998825471095260     
  0.998879290717792     
  0.998916683310056     
  0.998904990936749     
  0.998674969997758     
  0.998801282999241     
  0.998236065476613     
  0.999053140296493     
  0.999097370656879     
  0.999120069401959     
  0.998955209943443     
  0.999152112954327     
  0.999184682922179     
  0.999203299869709     
  0.999220929621313     
  0.999237469585047     
  0.999249520983448     
  0.999234131488850     
  0.998870527659242     
  0.999028802245571     
  0.999285049690299     
  0.999287205180661     
  0.998819659518218     
  0.999171896655066     
  0.999347539926754     
  0.999375427031488     
  0.999374772836588     
  0.999134524337476     
  0.998269502250930     
  0.999320208121174     
  0.999423509934339     
  0.999437163810604     
  0.999429566011756     
  0.999317589596784     
  0.999420452219612     
  0.999404197644630     
  0.999360139046083     
  0.999462972758695     
  0.999459868816721     
  0.999447191927689     
  0.999418593677081     
  0.999362796090900     
  0.999350547307528     
  0.994642250209195     
  0.962699524527958     
  0.990711713990828     
  0.998810585117737     
  0.973740596389037     
  0.950368347038413     
  0.994670139164451     
  0.999249286380361     
  0.999263219614252     
  0.999380055972892     
  0.999378641319909     
  0.998999152155489     
  0.993841649514051     
  0.913469090754072     
  0.946417999700096     
  0.981744435361672     
  0.998442493957088     
  0.999389378894533     
  0.999371654624160     
  0.999585110807918     
  0.999634970389878     
  0.999646775264471     
  0.999655544687907     
  0.999663020020359     
  0.999669454363522     
  0.999673403779728     
  0.999652262041727     
  0.999652782235776     
  0.999689876393412     
  0.999692379329379     
  0.999674984100462     
  0.999430684236111     
  0.999627868589320     
  0.999665007254668     
  0.999596260477694     
  0.999626100631153     
  0.999584981677848     
  0.999412294932180     
  0.999702371114855     
  0.999723383431207     
  0.999725253212394     
  0.999701847792459     
  0.999720593098099     
  0.999665608115319     
  0.999271872160133     
  0.997390690014066     
  0.998128496385143     
  0.999483517329633     
  0.999688895024863     
  0.999583034233247     
  0.998537124153599     
  0.997257955787316     
  0.999487051243041     
  0.999721028723065     
  0.999751581230541     
  0.999735249406485     
  0.999759507823034     
  0.999691893779625     
  0.999763284612022     
  0.999768196195908     
  0.999769678027990     
  0.999771811273461     
  0.999773123971938     
  0.999774274291118     
  0.999774085980568     
  0.999740715768147     
  0.999763623884251     
  0.999178911149460     
  0.987654510382403     
  0.999134912744842     
  0.999728192876889     
  0.999780329130521     
  0.999786509988722     
  0.999789448962894     
  0.999790399190629     
  0.999758562116572     
  0.999758558759786     
  0.999752313054758     
  0.999726886847774     
  0.999188599671967     
  0.999390756489467     
  0.999663822387929     
  0.999707532230725     
  0.999797394869128     
  0.999796941225229     
  0.999789025552500     
  0.999701613526194     
  0.999710287313864     
  0.999593266432346     
  0.981935076530076     
  0.989461780238597     
  0.974933636396913     
  0.968514936111543     
  0.999366681758816     
  0.999605508061867     
  0.999499232539260     
  0.998189931351899     
  0.993751681837197     
  0.999158854777759     
  0.999695803006723     
  0.999787402622001     
  0.999777385419072     
  0.999643902931798     
  0.998209876652151     
  0.957352627973807     
  0.941949010138244     
  0.996987065027137     
  0.999377170050040     
  0.999217128615851     
  0.999719822503064     
  0.999797165175412     
  0.999807660171350     
  0.999814745376475     
  0.999819751748553     
  0.999819260470578     
  0.999820450853434     
  0.999786387958832     
  0.999619388624631     
  0.999425950093971     
  0.998911509682663     
  0.999754194673820     
  0.999830423370215     
  0.999829674697511     
  0.999826277715620     
  0.999803305971199     
  0.999539579209268     
  0.999772474668899     
  0.999825044483016     
  0.999831551126321     
  0.999833025535920     
  0.999833210183512     
  0.999823875150402     
  0.999831862260069     
  0.999834313926843     
  0.999839756167403     
  0.999605928281726     
  0.999264159350158     
  0.999830047013278     
  0.999758582371868     
  0.999599382404206     
  0.999390647806574     
  0.999199278790686     
  0.999820440007233     
  0.999763502386667     
  0.999040500779050     
  0.993318716255801     
  0.993302830869004     
  0.999034053321885     
  0.999709153642606     
  0.999590108936768     
  0.998449654432825     
  0.998450760239451     
  0.999597210155206     
  0.999792050260877     
  0.999800968438430     
  0.999794670642561     
  0.999667109634823     
  0.993396566360591     
  0.985725240778889     
  0.999051164274223     
  0.999787888497846     
  0.999306458887698     
  0.979947741396252     
  0.996049247729155     
  0.999753588587247     
  0.999809175430166     
  0.999706726698279     
  0.997849828392905     
  0.998630391789372     
  0.999782361387124     
  0.999774685367818     
  0.999813740425525     
  0.999824295448378     
  0.999822869833167     
  0.999819995905714     
  0.999816083453171     
  0.999806948330450     
  0.999625380732545     
  0.999753316075613     
  0.999770452331327     
  0.999739621587893     
  0.999306347933735     
  0.994599340654681     
  0.966166316359399     
  0.907383339859157     
  0.934681786121760     
  0.987297526739520     
  0.992307944190629     
  0.964362292421187     
  0.976184285972257     
  0.996912424029280     
  0.999273392052225     
  0.998565533768353     
  0.998318229455556     
  0.999638366113475     
  0.999282255014625     
  0.996073021794087     
  0.915337788160690     
  0.914559587288848     
  0.996325303136019     
  0.999206832305327     
  0.999684533152803     
  0.999750435476983     
  0.999760305464140     
  0.999750419829282     
  0.999550172031373     
  0.999112628217057     
  0.998703886192766     
  0.998705918026815     
  0.998907398002646     
  0.992005843885994     
  0.885137027997787     
  0.909886012023258     
  0.992957813935082     
  0.979769387251082     
  0.906166343921475     
  0.891352705038284     
  0.974814412501918     
  0.993434009698461     
  0.976589188783295     
  0.976272396024427     
  0.994830220174496     
  0.980954390943424     
  0.936100638082439     
  0.964724617275027     
  0.995752913172011     
  0.999057985558610     
  0.999349562758338     
  0.998711209506236     
  0.991709837086863     
  0.960212890197433     
  0.914031882057633     
  0.960518852714195     
  0.994852959688298     
  0.998090236469056     
  0.991996108740859     
  0.987325994829984     
  0.997395952496068     
  0.999534730222054     
  0.992507068904044     
  0.990493583824976     
  0.981256160694364     
  0.955766923537401     
  0.987498319955035     
  0.997855627199641     
  0.999622166321094     
  0.999612874374912     
  0.999381161426370     
  0.999750424070947     
  0.999757798715153     
  0.999761505158079     
  0.999772826679236     
  0.999712197659132     
  0.999599513717065     
  0.999598608478364     
  0.999721530107736     
  0.999769078228514     
  0.999771096312540     
  0.999767577783010     
  0.999641739528959     
  0.999724029552198     
  0.999764084404980     
  0.999755562116884     
  0.999761748500751     
  0.999759392565271     
  0.999749249773520     
  0.999750805478543     
  0.999752115047318     
  0.999748427414524     
  0.999745336031765     
  0.999740305475115     
  0.999726879501750     
  0.999697315937034     
  0.999419459682019     
  0.992924833455993     
  0.996601004484150     
  0.999494035758483     
  0.982597077845208     
  0.962425316838909     
  0.998984115318873     
  0.999651437577094     
  0.999577523071500     
  0.998259893812847     
  0.989193416808832     
  0.951512111564300     
  0.966823613475618     
  0.994408817852707     
  0.999055740845400     
  0.999523003912783     
  0.999174562765169     
  0.999056230771653     
  0.999468354386408     
  0.999613399189341     
  0.994763808419728     
  0.998182638670744     
  0.996258462185598     
  0.997165406956084     
  0.999633528213738     
  0.999634027333115     
  0.999623319537682     
  0.999633199983178     
  0.999627969533663     
  0.999622074673288     
  0.999615418730210     
  0.999605176202193     
  0.999583758052158     
  0.999576767136040     
  0.999523339602588     
  0.999545507952219     
  0.999560231319182     
  0.999553002729786     
  0.998991501940845     
  0.999513410086056     
  0.999471205293326     
  0.999278239180883     
  0.999379141148002     
  0.999332888478871     
  0.998113908026039     
  0.990776355303993     
  0.975223672871030     
  0.997785490499961     
  0.999198263853943     
  0.999106162732634     
  0.997083862127162     
  0.994298254851689     
  0.997471368779496     
  0.995871635918333     
  0.952860395827701     
  0.971129021940088     
  0.797565683427272     
  0.978106545083821     
  0.997285357670191     
  0.999073425588635     
  0.999188292731716     
  0.999177151476140     
  0.999116081980018     
  0.998729588316740     
  0.995275525182854     
  0.938865645710218     
  0.938899103038275     
  0.994849601470416     
  0.995351887990969     
  0.987178502141462     
  0.995471856004073     
  0.998557957723186     
  0.998979543321424     
  0.998991974782040     
  0.998967469848816     
  0.998945327788755     
  0.998923931645112     
  0.998895132522710     
  0.998864917913899     
  0.998823831768845     
  0.998796680577783     
  0.998752020630355     
  0.998668138378630     
  0.998376302841722     
  0.997932632002869     
  0.998282261866131     
  0.998491957000688     
  0.998455970536873     
  0.997895602994491     
  0.998388595075284     
  0.998334832099644     
  0.998038758158689     
  0.998105731494323     
  0.998126507127243     
  0.997949084109426     
  0.996563810354695     
  0.986083332590294     
  0.986393697329522     
  0.950208121239701     
  0.964060353861191     
  0.993712791067991     
  0.987955350353879     
  0.975836025709981     
  0.992605882964994     
  0.990258445111630     
  0.991778818584498     
  0.994141179929465     
  0.996377401827139     
  0.996594078640166     
  0.996413969649256     
  0.996231499585857     
  0.996027839642062     
  0.995781741194307     
  0.995587170375972     
  0.995338086458468     
  0.995041026848072     
  0.994780630548312     
  0.994558226173275     
  0.991402123433904     
  0.986457707367561     
  0.993457248259569     
  0.992939445551209     
  0.992458639609215     
  0.991955052099065     
  0.991697409854811     
  0.991267639649079     
  0.990781454443866     
  0.990233419267500     
  0.989673035561894     
  0.989101543158424     
  0.988435840917652     
  0.987665681772736     
  0.986915533685842     
  0.985995414025665     
  0.985048510388278     
  0.983941153890514     
  0.982473528362659     
  0.977165573559926     
  0.971559405813867     
  0.974817871189924     
  0.976400443632239     
  0.974995329346730     
  0.972829020269607     
  0.970932209398833     
  0.969015727907897     
  0.966698189605672     
  0.964528112560880     
  0.962229515047788     
  0.959939722037766     
  0.957855739799605     
  0.955885992505248     
  0.953858900451798     
  0.952123957469412     
  0.951892164008768     
  0.953431874780337     
  0.955443995883137     
  0.957447993913861     
  0.959515277672082     
  0.961731791135103     
  0.963648855953467     
  0.965583378770909     
  0.968351686673914     
  0.970534965546422     
  0.972635268314136     
  0.974618202476209     
  0.976335671489164     
  0.978120104357774     
  0.979670025713139     
  0.981023392670084     
  0.982431254671264     
  0.983551401012092     
  0.984807581386716     
  0.985601910447962     
  0.986041514909429     
  0.987244524092797     
  0.988309660949073     
  0.988695237828198     
  0.986536903834804     
  0.974285351353531     
  0.983365660845452     
  0.988487124054699     
  0.991561092827547     
  0.991900675620552     
  0.992507265905017     
  0.992920119654633     
  0.993345711972648     
  0.993717708601571     
  0.993815564347626     
  0.993185369780284     
  0.983684583537974     
  0.965805889442253     
  0.988342907029791     
  0.994727398047675     
  0.995698123588015     
  0.996000556253625     
  0.996135961159270     
  0.995677270949199     
  0.991820296680492     
  0.992578493586939     
  0.996310415268859     
  0.996875099035029     
  0.997084377593207     
  0.997329559739463     
  0.997443172290398     
  0.997550333751780     
  0.997651281900144     
  0.997744017958240     
  0.997834902326802     
  0.997918336524012     
  0.997995659883771     
  0.998055394725168     
  0.997979662007654     
  0.998204578180202     
  0.998268465367719     
  0.998323522533835     
  0.998381630768074     
  0.998427903046205     
  0.997760336095948     
  0.998299259279687     
  0.998575135573244     
  0.998622407413300     
  0.998661687332160     
  0.998697846987260     
  0.998730951297220     
  0.998761158954992     
  0.998788293847758     
  0.998810663965982     
  0.998825137974378     
  0.998807873751397     
  0.998638863137052     
  0.998689599266036     
  0.998413482763453     
  0.998626594609710     
  0.998690627243064     
  0.998522050723699     
  0.998129826809002     
  0.995998069147570     
  0.968869299830760     
  0.752926751173497     
  0.510982896708854     
  0.917093324452746     
  0.988518021253568     
  0.997338608241120     
  0.986517721146985     
  0.994631383584041     
  0.994086245201085     
  0.998800825667919     
  0.999135853148651     
  0.998926459917567     
  0.997383133379320     
  0.994743115799004     
  0.997349252114990     
  0.998661274207989     
  0.999194290969575     
  0.999291899523655     
  0.999353936826937     
  0.999432254956157     
  0.999451392839240     
  0.999431653479725     
  0.999171944188276     
  0.998091146571391     
  0.997394246470637     
  0.998964680040276     
  0.999438317131437     
  0.999492288040330     
  0.999556238588720     
  0.999568538564908     
  0.999579035361880     
  0.999587398873725     
  0.999595223845123     
  0.999602567175938     
  0.999607705434958     
  0.999609416820683     
  0.999602437668985     
  0.999489785380259     
  0.995294449897404     
  0.998092375081921     
  0.999776741890322     
  0.996162685262100     
  0.988721648379202     
  0.998804762889460     
  0.998912239304062     
  0.999444051040573     
  0.999639816790598     
  0.999678240511628     
  0.999687287386320     
  0.999751019384854     
  0.999346781200332     
  0.992607670787052     
  0.998797552979530     
  0.999795241819457     
  0.999721883247256     
  0.999722865354312     
  0.999726008606281     
  0.999736749820784     
  0.999742670397029     
  0.999762855864989     
