  0.999548143019032     
  0.999546369553801     
  0.999536269868332     
  0.999539172547909     
  0.999531587735403     
  0.999489266482043     
  0.999456248659966     
  0.999447091375980     
  0.999505586371980     
  0.999388353843469     
  0.998189042972484     
  0.987876861340636     
  0.995110523965659     
  0.998705633962909     
  0.999326009786751     
  0.999288888003190     
  0.998725775081287     
  0.993914751755604     
  0.901421888689449     
  0.788390511164362     
  0.960766689876953     
  0.986589687594441     
  0.977994340068125     
  0.995080386549044     
  0.998529294002452     
  0.999226632319911     
  0.999392555209952     
  0.999414937947207     
  0.999422286623365     
  0.999424160236732     
  0.999420419615516     
  0.999287617394078     
  0.999207080184207     
  0.999406929888107     
  0.999408039032229     
  0.999402648622249     
  0.999396467173899     
  0.999389618599933     
  0.999381606497109     
  0.999356852530057     
  0.999365260090364     
  0.999358440094338     
  0.999315020228198     
  0.999307098799098     
  0.999330247523312     
  0.999315194486593     
  0.999309201250742     
  0.999295561524985     
  0.999273261924034     
  0.999153859142228     
  0.998543770474278     
  0.993571489112745     
  0.996424976386408     
  0.998938286867843     
  0.999318960523304     
  0.998215236928918     
  0.964318435414413     
  0.991516350909356     
  0.990306581113288     
  0.991784465235552     
  0.999132193030897     
  0.998869823214127     
  0.999060486996627     
  0.999089073847368     
  0.999074783877120     
  0.999058255110773     
  0.999040796516133     
  0.999022338911610     
  0.999003190193202     
  0.998983864136868     
  0.998962266646481     
  0.998865147198084     
  0.998920190222834     
  0.998885800548075     
  0.998867740271626     
  0.998790978091834     
  0.998236721225567     
  0.998667575288243     
  0.998101061186973     
  0.993550779108352     
  0.997923222263103     
  0.998590785433435     
  0.998635320372543     
  0.998604476393371     
  0.998458701346488     
  0.998531472727414     
  0.998447851148209     
  0.998099641777507     
  0.995398518662266     
  0.997408911129989     
  0.997879606615730     
  0.996570704379131     
  0.993568194005916     
  0.993345483300003     
  0.989994010800594     
  0.997249786202407     
  0.997948453747397     
  0.997975623273873     
  0.997876980998234     
  0.997316703605178     
  0.997484849051354     
  0.997708713299612     
  0.997646327966214     
  0.997569448435504     
  0.997475489689803     
  0.997352704329134     
  0.997195528010215     
  0.997087766560510     
  0.996178869737235     
  0.996955361987090     
  0.996865484921470     
  0.996758693242013     
  0.996628737847198     
  0.996489200762997     
  0.996339335676249     
  0.996170934598511     
  0.995987604212377     
  0.995779335236784     
  0.995529886335617     
  0.995217804704323     
  0.994794594036378     
  0.993794494008321     
  0.899656497271711     
  0.801884001724785     
  0.983464445203479     
  0.993287208591983     
  0.993037889341037     
  0.990771017746609     
  0.954615331039350     
  0.843544348352108     
  0.965351476227371     
  0.967551864945439     
  0.914530385550352     
  0.982184852008666     
  0.988786642363138     
  0.988261594651331     
  0.987266782100256     
  0.984735972704040     
  0.942378494869362     
  0.904674613560110     
  0.973162436632016     
  0.853482470906300     
  0.862657979681651     
  0.865026835584769     
  0.973495435010408     
  0.972161163057479     
  0.968447350725638     
  0.960834102409655     
  0.949112132235812     
  0.956545805352663     
  0.945472772109482     
  0.946253508012374     
  0.936042545824586     
  0.921087202815972     
  0.843500141856467     
  0.864767309521706     
  0.894106479934645     
  0.875879136099331     
  0.855291888563038     
  0.843400912765525     
  0.850496350692619     
  0.866392627418152     
  0.879625561718552     
  0.887496777519812     
  0.886514943704640     
  0.874739828294129     
  0.848860449716646     
  0.799368072236129     
  0.718746667958959     
  0.583517162336621     
  0.488463590139448     
  0.478138684789815     
  0.525092709744347     
  0.608478801284152     
  0.705869777693910     
  0.781147004595439     
  0.825866299911896     
  0.853826925467497     
  0.875680901066624     
  0.893295761361652     
  0.908162960741892     
  0.922871658349347     
  0.936685817122540     
  0.946452618236863     
  0.952837841512009     
  0.958672493232051     
  0.964112178851974     
  0.967877132988217     
  0.970557878686727     
  0.973041868853863     
  0.975278134973183     
  0.977401892432789     
  0.979278684236694     
  0.981011984969959     
  0.982610669959823     
  0.984139341515384     
  0.985500659428727     
  0.986863862530127     
  0.988071741486638     
  0.989135959611922     
  0.990017190211328     
  0.989770878080523     
  0.990801611838315     
  0.991822275733401     
  0.992720236153414     
  0.993151365502301     
  0.993621952987369     
  0.994072253107401     
  0.994394395080351     
  0.994661596103386     
  0.994563315470010     
  0.995097514953965     
  0.995470553417772     
  0.995706430314061     
  0.995856528386171     
  0.996150391875110     
  0.996336639711307     
  0.996488995791564     
  0.996520196518681     
  0.991813280589055     
  0.987540217422574     
  0.996124409728088     
  0.996183711626214     
  0.997199123759633     
  0.997398382189096     
  0.997367878384746     
  0.986965360028875     
  0.997274868336119     
  0.997777665966701     
  0.997802810495110     
  0.996488874970457     
  0.997842791054043     
  0.997960133837928     
  0.997793756129088     
  0.997609920513872     
  0.996962103115178     
  0.990623963052768     
  0.910375078459913     
  0.873854889183378     
  0.948715283339564     
  0.993684480557655     
  0.997534765423244     
  0.998094057005342     
  0.998172404527409     
  0.998032148478235     
  0.995801533947639     
  0.979758713652279     
  0.778234973617414     
  0.762868175626005     
  0.748654085896727     
  0.904822821963446     
  0.991020520761912     
  0.997699192151111     
  0.996944589459890     
  0.998428670179180     
  0.998792087343601     
  0.998889929347822     
  0.998941515513398     
  0.998976122716367     
  0.998962349932504     
  0.998745820586792     
  0.998868168936493     
  0.998349709412776     
  0.999107656005750     
  0.999146213919880     
  0.999168788456500     
  0.998913280646905     
  0.999196040542986     
  0.999231497605889     
  0.999249242014768     
  0.999265851888354     
  0.999281485019862     
  0.999291897786924     
  0.999271998617431     
  0.998933904567791     
  0.999059767375402     
  0.999322809236254     
  0.999320001046807     
  0.998885140482090     
  0.999206510157460     
  0.999381572655999     
  0.999411720650825     
  0.999408982983745     
  0.999166736695129     
  0.998300689666624     
  0.999353640169510     
  0.999457079887850     
  0.999470810115250     
  0.999462980950393     
  0.999360428425829     
  0.999455921454035     
  0.999414079413397     
  0.999347066858387     
  0.999495870288569     
  0.999493685193184     
  0.999483055579879     
  0.999457709646202     
  0.999412324557754     
  0.999479530848557     
  0.995401703656841     
  0.965166183387547     
  0.991734358790716     
  0.999289357002176     
  0.975948131186025     
  0.954485774271274     
  0.995752036865675     
  0.999422357444502     
  0.999322012632539     
  0.999420506085572     
  0.999412125778717     
  0.998982079164426     
  0.993635410476226     
  0.914329189568034     
  0.946773512649863     
  0.981553169200813     
  0.998425047986797     
  0.999407508747035     
  0.999354879988778     
  0.999604046690864     
  0.999657303458129     
  0.999669823960952     
  0.999677683206980     
  0.999684452734276     
  0.999690084874421     
  0.999693183808078     
  0.999669125195557     
  0.999668680436801     
  0.999708456822808     
  0.999710308987864     
  0.999687800018527     
  0.999450685662430     
  0.999634882829817     
  0.999672166668790     
  0.999604838870198     
  0.999630299459181     
  0.999576081942011     
  0.999321716323124     
  0.999717148979508     
  0.999739249180546     
  0.999741309689795     
  0.999715367868220     
  0.999736137042730     
  0.999673242407435     
  0.999246094577857     
  0.997457836887191     
  0.998145914129164     
  0.999467283704305     
  0.999694976742293     
  0.999579923558551     
  0.998537058412628     
  0.997337413524927     
  0.999472729347887     
  0.999732070238941     
  0.999765448947614     
  0.999748698543676     
  0.999772415741525     
  0.999699988319378     
  0.999776640983403     
  0.999781271143391     
  0.999782879144755     
  0.999784823363636     
  0.999786016432081     
  0.999787095954955     
  0.999786708814392     
  0.999740412703486     
  0.999791254681738     
  0.999346434666111     
  0.988614392649395     
  0.999307209096864     
  0.999750819724094     
  0.999793293300064     
  0.999798554374833     
  0.999801182232048     
  0.999802152774587     
  0.999765446814240     
  0.999741786286761     
  0.999761413986842     
  0.999732881834718     
  0.999193842086870     
  0.999398017112243     
  0.999616941843041     
  0.999664526148954     
  0.999808790537133     
  0.999808342946589     
  0.999799918699637     
  0.999712813053707     
  0.999738386087577     
  0.999763679004574     
  0.983422736215979     
  0.990601659579323     
  0.976073336350152     
  0.966602927735661     
  0.999326599743950     
  0.999619442640261     
  0.999503330939300     
  0.998177979131079     
  0.994134223030407     
  0.999101720099459     
  0.999693042657896     
  0.999797952939289     
  0.999788877698304     
  0.999640647745915     
  0.998086876652206     
  0.957591291844473     
  0.942370628109192     
  0.996849652792569     
  0.999359048942358     
  0.999251980448607     
  0.999727413637166     
  0.999805590705757     
  0.999816889958528     
  0.999823863885599     
  0.999829242767070     
  0.999829123018805     
  0.999829169333014     
  0.999786596282234     
  0.999595508496633     
  0.999417258013293     
  0.998966443189116     
  0.999773703012071     
  0.999838190980140     
  0.999838603024565     
  0.999834784557307     
  0.999808563018773     
  0.999566000604812     
  0.999777396845204     
  0.999833296508639     
  0.999840480172449     
  0.999841467013658     
  0.999842197770113     
  0.999820341121050     
  0.999838559999854     
  0.999843473828903     
  0.999850292687336     
  0.999638176542466     
  0.999319253380102     
  0.999841117348262     
  0.999767059166442     
  0.999609974795757     
  0.999360419422133     
  0.999149087999407     
  0.999827744157334     
  0.999759500816812     
  0.998888755898216     
  0.993078236721711     
  0.993064342698415     
  0.998883609896625     
  0.999700100338547     
  0.999573079357981     
  0.998477414295697     
  0.998478309464600     
  0.999580607974147     
  0.999796867628174     
  0.999808813828891     
  0.999798237546094     
  0.999672088497098     
  0.993141582837312     
  0.985004608609483     
  0.999049275146729     
  0.999805521463885     
  0.999447519858406     
  0.981583602727379     
  0.996482783108809     
  0.999777849788961     
  0.999819700741084     
  0.999707389577773     
  0.997765604472339     
  0.998605687660774     
  0.999784407504416     
  0.999767823171655     
  0.999818911940810     
  0.999833638957512     
  0.999832240666199     
  0.999829696706850     
  0.999825806428645     
  0.999816540782029     
  0.999625819754217     
  0.999759157259438     
  0.999777950709852     
  0.999750149904072     
  0.999242240456987     
  0.993653419859408     
  0.963847312243351     
  0.907607870198692     
  0.933504566494916     
  0.985285268600373     
  0.991812027100804     
  0.965590655645905     
  0.976737483095201     
  0.996664733428001     
  0.999264384473062     
  0.998675032240173     
  0.998448234483064     
  0.999657349303238     
  0.999241471790484     
  0.995573328720639     
  0.914590476475033     
  0.913797325037451     
  0.995829131229098     
  0.999179297227460     
  0.999695538400820     
  0.999763437083998     
  0.999774148789973     
  0.999763991960044     
  0.999563312831144     
  0.999110322650791     
  0.998730340153499     
  0.998736287550444     
  0.998840422785079     
  0.991629166046369     
  0.886478562088143     
  0.910729775668389     
  0.992156456551519     
  0.976716105034416     
  0.905529540088275     
  0.891574550655873     
  0.971557083581898     
  0.992707219138090     
  0.977903658937674     
  0.977633807660321     
  0.994601753402859     
  0.981261585606724     
  0.939673999403739     
  0.966189837320970     
  0.995498040756833     
  0.999065879080490     
  0.999393481210972     
  0.998682675523080     
  0.991530406525835     
  0.961392385524458     
  0.918486900502049     
  0.961754618739684     
  0.994579256033955     
  0.998116834238712     
  0.992283320340115     
  0.987866156248052     
  0.997392660139519     
  0.999602314997765     
  0.993137286510598     
  0.990649428729534     
  0.980385446451932     
  0.956272734110838     
  0.986417478657534     
  0.997537100786644     
  0.999618987762419     
  0.999627044595941     
  0.999386060656733     
  0.999767713015831     
  0.999768068412982     
  0.999772983267712     
  0.999789878633399     
  0.999724960161378     
  0.999619143115374     
  0.999617323054699     
  0.999733837306614     
  0.999785134965628     
  0.999787314678196     
  0.999783206397230     
  0.999652586746476     
  0.999738016241016     
  0.999779413038565     
  0.999770873601416     
  0.999777035530761     
  0.999774585240468     
  0.999764050769450     
  0.999765815653549     
  0.999766994151064     
  0.999763306195212     
  0.999760212733442     
  0.999755394597549     
  0.999741162320788     
  0.999709679351876     
  0.999491343677391     
  0.993496421924984     
  0.996941414546413     
  0.999594311463011     
  0.984038525210207     
  0.965247949304130     
  0.999135469708879     
  0.999676378552046     
  0.999580460662316     
  0.997999311815894     
  0.987895299938694     
  0.951756141688744     
  0.966157285380327     
  0.993504559039839     
  0.998955641414155     
  0.999518313021145     
  0.999161866917697     
  0.999043925677084     
  0.999459690523593     
  0.999616742173128     
  0.992549784068117     
  0.997570367480979     
  0.994756128085084     
  0.996089290792589     
  0.999644363912570     
  0.999647883680018     
  0.999637175585735     
  0.999648954128340     
  0.999643788819846     
  0.999638427526068     
  0.999631784972487     
  0.999621257977126     
  0.999599796921693     
  0.999593104065122     
  0.999544371021924     
  0.999565581552836     
  0.999578243953163     
  0.999569865417236     
  0.998952543180294     
  0.999529418111258     
  0.999487022485601     
  0.999305445687582     
  0.999397800650868     
  0.999337984112808     
  0.997982673331680     
  0.991042268099745     
  0.974679724218741     
  0.997686232917664     
  0.999197364494428     
  0.999090539963792     
  0.997080163754974     
  0.994459207160773     
  0.997346602520007     
  0.995637408013145     
  0.951690638752813     
  0.969823140811274     
  0.798708578146809     
  0.976893040514029     
  0.997017362784292     
  0.999088958137132     
  0.999216554100643     
  0.999203869623754     
  0.999138439794255     
  0.998705737692518     
  0.994933331048200     
  0.936065501536321     
  0.936105057917880     
  0.994440725976916     
  0.995069141421400     
  0.987361180030304     
  0.995222895885591     
  0.998500943823087     
  0.999007716843982     
  0.999025638519545     
  0.999005815438225     
  0.998981103363269     
  0.998960814971298     
  0.998936634659766     
  0.998907353388947     
  0.998867228277768     
  0.998841224714729     
  0.998791527905122     
  0.998703585287752     
  0.998392506878800     
  0.997940452648169     
  0.998300713947629     
  0.998533881776004     
  0.998506075357512     
  0.997917361198278     
  0.998444145485157     
  0.998394680779142     
  0.998119162334715     
  0.998178701582431     
  0.998190699068149     
  0.998003189493985     
  0.996589055397352     
  0.985845440919481     
  0.985361793826057     
  0.951127545716401     
  0.964289802638626     
  0.993238981851407     
  0.988114461170919     
  0.976933847178531     
  0.992575491435285     
  0.990749214588069     
  0.992294837769264     
  0.994459433777978     
  0.996526618799034     
  0.996696056062396     
  0.996514360386489     
  0.996334237797790     
  0.996133034576977     
  0.995885199895910     
  0.995699475628313     
  0.995453596959932     
  0.995132232452433     
  0.994905781544304     
  0.994713847067206     
  0.991848899442845     
  0.987193222989001     
  0.993657913962605     
  0.993092422617021     
  0.992601126687390     
  0.992082524759067     
  0.991848099846496     
  0.991419547968779     
  0.990930983625198     
  0.990379397312447     
  0.989819149034145     
  0.989250645237485     
  0.988583392038388     
  0.987796047130783     
  0.987026685320962     
  0.986135836835796     
  0.985178896262701     
  0.984045804503268     
  0.982527478462621     
  0.977013553803509     
  0.971501594640542     
  0.974769305092617     
  0.976246737788046     
  0.974825877001491     
  0.972564328342204     
  0.970593410437537     
  0.968575951312142     
  0.966130769749510     
  0.963812189161084     
  0.961342607406820     
  0.958861806353811     
  0.956581308064306     
  0.954432476603255     
  0.952279926970696     
  0.950485382630603     
  0.950250264244159     
  0.951830791930621     
  0.953953428132108     
  0.956131849817761     
  0.958394557393100     
  0.960801660510416     
  0.962902534845018     
  0.965002317079451     
  0.967875013846106     
  0.970170733399819     
  0.972367186835085     
  0.974432769794773     
  0.976220317275748     
  0.978061386590597     
  0.979660414695517     
  0.981057305046536     
  0.982500632405087     
  0.983659073960990     
  0.984929127939776     
  0.985778291895991     
  0.986250685600780     
  0.987408760541068     
  0.988461217311878     
  0.988781673379203     
  0.986413740108233     
  0.974721860178828     
  0.983318054808105     
  0.988210512179733     
  0.991695104209094     
  0.992050342608904     
  0.992654871227417     
  0.993065127321520     
  0.993486156346740     
  0.993853939031635     
  0.993927218133119     
  0.993166572427818     
  0.983875472103044     
  0.967300966579843     
  0.988298452569367     
  0.994740219645606     
  0.995801115797457     
  0.996104615174781     
  0.996219279849487     
  0.995657276520835     
  0.991897682122077     
  0.992618513001032     
  0.996294285333008     
  0.996932588708818     
  0.997153181343975     
  0.997409586122504     
  0.997520876262936     
  0.997625396751222     
  0.997723738901634     
  0.997812247446389     
  0.997902860336149     
  0.997984008673013     
  0.998059192466831     
  0.998115833154066     
  0.998024081784561     
  0.998262147264008     
  0.998324699886426     
  0.998367956324451     
  0.998429516508162     
  0.998477466357917     
  0.997768704798960     
  0.998326325813618     
  0.998620640271492     
  0.998667305670050     
  0.998705190963627     
  0.998740001430235     
  0.998771713392787     
  0.998800113749756     
  0.998825581285329     
  0.998846255544446     
  0.998857907952292     
  0.998835596238456     
  0.998671985602119     
  0.998717267955751     
  0.998463330898133     
  0.998657847456361     
  0.998699077943340     
  0.998516932875900     
  0.998091919118218     
  0.995690264601429     
  0.963639563587343     
  0.747008511879469     
  0.509062853086861     
  0.909796514502770     
  0.987065101759106     
  0.997316476477747     
  0.987413323448853     
  0.995082103356707     
  0.994455600101562     
  0.998861916927458     
  0.999150728504390     
  0.998917089205002     
  0.997359841569897     
  0.994794933071258     
  0.997201733930633     
  0.998613293715736     
  0.999179148690748     
  0.999303872310588     
  0.999371129553727     
  0.999444689486857     
  0.999463998676179     
  0.999441729223799     
  0.999140308697681     
  0.997999277484051     
  0.997264454233519     
  0.998908006448290     
  0.999439998978585     
  0.999503964933611     
  0.999569538038595     
  0.999582955833834     
  0.999593202647347     
  0.999601592031362     
  0.999609367567107     
  0.999616589847865     
  0.999621844255776     
  0.999623975905674     
  0.999618205243103     
  0.999516691464912     
  0.995772417587955     
  0.998238508575541     
  0.999871587883711     
  0.996622491723708     
  0.989430131503276     
  0.998964580883775     
  0.998896316381229     
  0.999416108478301     
  0.999646244469573     
  0.999690785111909     
  0.999701805745216     
  0.999784599030102     
  0.999511713636112     
  0.993039287813064     
  0.999005988913654     
  0.999835894659188     
  0.999735591971994     
  0.999733818883476     
  0.999736560767291     
  0.999746929312833     
  0.999753175919858     
  0.999778811837614     
