  0.999513340066315     
  0.999513450179129     
  0.999506787520797     
  0.999509293099948     
  0.999494581989961     
  0.999431792330647     
  0.999403225362465     
  0.999389926081040     
  0.999471365865548     
  0.999448709871753     
  0.999205759852265     
  0.990575689438119     
  0.997554672284718     
  0.999205546617506     
  0.999286066912612     
  0.999208473584103     
  0.998881260156903     
  0.996808769142789     
  0.883255664185474     
  0.740265429955338     
  0.961369769303013     
  0.989554945113177     
  0.981610280098209     
  0.997844494764296     
  0.999103228508581     
  0.999220001845255     
  0.999351918707381     
  0.999370099972390     
  0.999378772119511     
  0.999381677785831     
  0.999379931798792     
  0.999209718554741     
  0.999101428434458     
  0.999367534517208     
  0.999367027285037     
  0.999361159349708     
  0.999354868005279     
  0.999347506105118     
  0.999339401894330     
  0.999305427211751     
  0.999321074266862     
  0.999314604076542     
  0.999264732595279     
  0.999256700901075     
  0.999283129867056     
  0.999266015331006     
  0.999263010912516     
  0.999248952120731     
  0.999229001512861     
  0.999160712420328     
  0.998833919389993     
  0.993306029923421     
  0.996708119293472     
  0.999061488286666     
  0.999127230447164     
  0.996346890007872     
  0.955687608838715     
  0.988280507385505     
  0.987779370122453     
  0.989950148759251     
  0.998949756182935     
  0.998688253088936     
  0.998977978081098     
  0.999027132882774     
  0.999011249062034     
  0.998993415034555     
  0.998974747530548     
  0.998954682570558     
  0.998934277286109     
  0.998913380274390     
  0.998890118106132     
  0.998743467560588     
  0.998844985278494     
  0.998802496003900     
  0.998790193883942     
  0.998757706186733     
  0.998248345881409     
  0.998662853890314     
  0.997835419327554     
  0.991118896469784     
  0.997583849907852     
  0.998463807243128     
  0.998538080841043     
  0.998505470779825     
  0.998283526611587     
  0.998431349857404     
  0.998381164249788     
  0.998238483048154     
  0.995657033456713     
  0.997345931532604     
  0.998005551401145     
  0.997623220125524     
  0.995664314262593     
  0.995973716941029     
  0.991595668355271     
  0.997789564243146     
  0.997888501314250     
  0.997845839294108     
  0.997772982265481     
  0.997244222723329     
  0.997297222521328     
  0.997565845179018     
  0.997472440703835     
  0.997391511574824     
  0.997293767005162     
  0.997203258028413     
  0.997083608437524     
  0.996968960763262     
  0.995008456106916     
  0.996744526607272     
  0.996646536346451     
  0.996526700637120     
  0.996385509586064     
  0.996235179536538     
  0.996073568540221     
  0.995887810606346     
  0.995690544075097     
  0.995464168960698     
  0.995187949790924     
  0.994834698414147     
  0.994285949766189     
  0.992317148523681     
  0.869649177016779     
  0.742189613013425     
  0.978586199988539     
  0.992496646172279     
  0.992583667196543     
  0.991438019454938     
  0.950390369760446     
  0.808305937003880     
  0.964741830087305     
  0.964750663396837     
  0.895020730401759     
  0.981993655969735     
  0.988403750998039     
  0.987491987120657     
  0.986554342558111     
  0.984864390903510     
  0.932131490684439     
  0.882745300219090     
  0.973330817394193     
  0.803673655576177     
  0.825945511952261     
  0.827906257066905     
  0.970628309809192     
  0.970573905697447     
  0.967714977091284     
  0.962435773054175     
  0.950829273890916     
  0.955463459279967     
  0.941422122213016     
  0.943312920583288     
  0.932701267352665     
  0.914522633070601     
  0.813938211729220     
  0.845477482773398     
  0.890403277471027     
  0.873336544764667     
  0.852748297286347     
  0.840409931467366     
  0.847453319462442     
  0.863469326401180     
  0.876622551105001     
  0.884570593107844     
  0.883464049308931     
  0.871774169281523     
  0.847013266212994     
  0.800898123145946     
  0.727002449110708     
  0.591091213189262     
  0.487852357470697     
  0.476624003615445     
  0.528476059330175     
  0.614298602483803     
  0.712231866442337     
  0.784554944903191     
  0.826690613234183     
  0.853359653185374     
  0.874684616613534     
  0.891676375409963     
  0.905820429764901     
  0.920104635739623     
  0.933824441755012     
  0.943673094853933     
  0.950178064553952     
  0.956183645833430     
  0.961805991495375     
  0.965741475369450     
  0.968573378591596     
  0.971201871829185     
  0.973547839939936     
  0.975826934306997     
  0.977819758498957     
  0.979664133076052     
  0.981368433440730     
  0.982991639989855     
  0.984398781341516     
  0.985879234068591     
  0.987173269290969     
  0.988297714984383     
  0.989137386664119     
  0.988755340691722     
  0.989915520469687     
  0.991081038672583     
  0.992122826945883     
  0.992575065079498     
  0.993108294028772     
  0.993627777956985     
  0.994001797459639     
  0.994312175265408     
  0.994101833472747     
  0.994761825203177     
  0.995170264646675     
  0.995387190484146     
  0.995507801754027     
  0.995855305118150     
  0.996053144009189     
  0.996218993989655     
  0.996275605325945     
  0.989594105503678     
  0.983306526471193     
  0.995911208335988     
  0.995962554283307     
  0.997058056774466     
  0.997214984324826     
  0.997227709384604     
  0.981812928433612     
  0.997068139281016     
  0.997617663565267     
  0.997561694444080     
  0.995961896371757     
  0.997608212555290     
  0.997795463482796     
  0.997568067562950     
  0.997437502878061     
  0.997262427353127     
  0.994591822846013     
  0.897466173287632     
  0.852690502636406     
  0.947500930696742     
  0.996169981623720     
  0.997535490876060     
  0.997943655782266     
  0.998021813599741     
  0.997937082287479     
  0.997106937321845     
  0.990669146395501     
  0.751188456691831     
  0.736618473478316     
  0.713625336839290     
  0.903027765025158     
  0.996036988355969     
  0.998036033608350     
  0.996210991094064     
  0.998347419295811     
  0.998722276051975     
  0.998810021940304     
  0.998864372050527     
  0.998906411784513     
  0.998907918356791     
  0.998663811326135     
  0.998773226363161     
  0.998072888035960     
  0.999041450851224     
  0.999080711762148     
  0.999110943910811     
  0.998530236073235     
  0.999131067036303     
  0.999180541184372     
  0.999199184074881     
  0.999217282114090     
  0.999234712743544     
  0.999250124035103     
  0.999254187588489     
  0.998909727786770     
  0.998958362960285     
  0.999289879169081     
  0.999314104969481     
  0.998921019481481     
  0.999240841591670     
  0.999361113722797     
  0.999376492987852     
  0.999383722226086     
  0.999099117173184     
  0.997906771492763     
  0.999322948162050     
  0.999426159013846     
  0.999436116380395     
  0.999422017939826     
  0.999288546573101     
  0.999411811202919     
  0.999295706878583     
  0.999143594542018     
  0.999457237675269     
  0.999450254218454     
  0.999434452800543     
  0.999398391447487     
  0.999316562862418     
  0.999070960006350     
  0.992196841134032     
  0.950637087823658     
  0.986923462706404     
  0.997467256160036     
  0.963466069624706     
  0.934666416680931     
  0.991545444303300     
  0.998839432109415     
  0.999192934794016     
  0.999338393976277     
  0.999348062015408     
  0.999178268442855     
  0.994924502918627     
  0.894990895689471     
  0.937001628576653     
  0.977869407494555     
  0.998637853328747     
  0.999442275563393     
  0.999178397738520     
  0.999565545961648     
  0.999635081617332     
  0.999652918168694     
  0.999662034939216     
  0.999669772190479     
  0.999676214655438     
  0.999681777662599     
  0.999648130006914     
  0.999642341306290     
  0.999697660018364     
  0.999701540221528     
  0.999701031152221     
  0.999500010481047     
  0.999674341544893     
  0.999644535442735     
  0.999569999713984     
  0.999687170185740     
  0.999585462475645     
  0.998951667390354     
  0.999706757260694     
  0.999732639488183     
  0.999735108946123     
  0.999694011528256     
  0.999735680395983     
  0.999720796037603     
  0.999559949291746     
  0.998184250953585     
  0.998769056103735     
  0.999660540039929     
  0.999715348854004     
  0.999664805979554     
  0.998734237046198     
  0.997318093598158     
  0.999633530476628     
  0.999748681663728     
  0.999762753774602     
  0.999736667623026     
  0.999766998836508     
  0.999654677262302     
  0.999772833984160     
  0.999778554564485     
  0.999780373019773     
  0.999782329557296     
  0.999783446140099     
  0.999784617394039     
  0.999783841144473     
  0.999687697555792     
  0.999717329616948     
  0.998867943218243     
  0.985652182893401     
  0.998815828601052     
  0.999640371904489     
  0.999789205246948     
  0.999798020994293     
  0.999800799667911     
  0.999802289782812     
  0.999743132656279     
  0.999680078752526     
  0.999792803561874     
  0.999773884786061     
  0.999055895530146     
  0.999327842485361     
  0.999442870740618     
  0.999486053259961     
  0.999810163342475     
  0.999809865729518     
  0.999804933761752     
  0.999701030640369     
  0.999659250371934     
  0.999240319771148     
  0.978876242546269     
  0.987552170146190     
  0.969434389187643     
  0.951086775061136     
  0.999632410346422     
  0.999646994564468     
  0.999598951011379     
  0.998666221962371     
  0.994799498116456     
  0.999529300998025     
  0.999752446258562     
  0.999803739244250     
  0.999791402670888     
  0.999732909608371     
  0.998943925337884     
  0.948291805308744     
  0.928490064203684     
  0.997826045563067     
  0.999515445342498     
  0.999245109138890     
  0.999763710744984     
  0.999819794613251     
  0.999825112640443     
  0.999831796971569     
  0.999836322326861     
  0.999836603509434     
  0.999839159711897     
  0.999832149037737     
  0.999766342982262     
  0.999616836138566     
  0.998838897266975     
  0.999753854348173     
  0.999835040620412     
  0.999846382759094     
  0.999846734586890     
  0.999836287463813     
  0.999595597966591     
  0.999797403755387     
  0.999847975235448     
  0.999850770455673     
  0.999849585949028     
  0.999852000858586     
  0.999795337853043     
  0.999842570207064     
  0.999853627630159     
  0.999853943505824     
  0.999577253137439     
  0.999189159932426     
  0.999846623257503     
  0.999806148573143     
  0.999622869816897     
  0.999159922053650     
  0.998802848549738     
  0.999849757344164     
  0.999834165540049     
  0.999660807989009     
  0.995695708892130     
  0.995680727229768     
  0.999648950870964     
  0.999786903509071     
  0.999763861435203     
  0.998969608521232     
  0.998968347618346     
  0.999767212000625     
  0.999834389819286     
  0.999815870118397     
  0.999793592535441     
  0.999658228913608     
  0.990136723147332     
  0.977889836202988     
  0.998812935444836     
  0.999779434919003     
  0.999144982705545     
  0.977741466088894     
  0.995540837582177     
  0.999665186613339     
  0.999837669857715     
  0.999724863076904     
  0.996963834495608     
  0.998237534185262     
  0.999815409873055     
  0.999730438805602     
  0.999824728001470     
  0.999855556006020     
  0.999854733828471     
  0.999853362556579     
  0.999850787497077     
  0.999845541623901     
  0.999573284679237     
  0.999771637531236     
  0.999804032788311     
  0.999806689385673     
  0.999686771513212     
  0.998488381069285     
  0.982805440526858     
  0.935871070301163     
  0.958696709247696     
  0.996039660933580     
  0.995801362297669     
  0.967137093745714     
  0.979303777391348     
  0.998547696900440     
  0.999543287669486     
  0.998542212522793     
  0.998269794114376     
  0.999705977931350     
  0.999560338281769     
  0.998343862874365     
  0.896866339757114     
  0.895740734144660     
  0.998686368293963     
  0.999514355983229     
  0.999751250164639     
  0.999797340255972     
  0.999805666951070     
  0.999800931652064     
  0.999572265734298     
  0.999107658266885     
  0.999058459385263     
  0.999101806902604     
  0.999413145516253     
  0.994251139613952     
  0.864616567631466     
  0.895093822270200     
  0.996766671646267     
  0.993191318862536     
  0.937140160203336     
  0.922869790932336     
  0.990614298334475     
  0.997369363696343     
  0.980803849572394     
  0.980473037584285     
  0.997350004026888     
  0.986921676808664     
  0.946503584207364     
  0.972651201680778     
  0.998008157649989     
  0.999438949730700     
  0.999534584143428     
  0.999307423599151     
  0.995065726823420     
  0.969780960159556     
  0.928182784987036     
  0.970733279414997     
  0.997803881540727     
  0.999077937874763     
  0.993020361857431     
  0.988087253552100     
  0.998279272321931     
  0.999670083705539     
  0.991524083059221     
  0.991331276709501     
  0.989671730915095     
  0.968998540895177     
  0.994243186167559     
  0.999100978281768     
  0.999807618855017     
  0.999658654697586     
  0.999303066938694     
  0.999835240895187     
  0.999807725342205     
  0.999816380007668     
  0.999858621332644     
  0.999795236330596     
  0.999746049257349     
  0.999743607005210     
  0.999811533314345     
  0.999856899807962     
  0.999857126782687     
  0.999854678149221     
  0.999673693763804     
  0.999798745565438     
  0.999852913274116     
  0.999840800837984     
  0.999851256306369     
  0.999849717822740     
  0.999836338949109     
  0.999841234306597     
  0.999844775488259     
  0.999841964753608     
  0.999840183623445     
  0.999836735479767     
  0.999827937110599     
  0.999812720571645     
  0.999460411697450     
  0.991903446136476     
  0.996097810146553     
  0.999470630236956     
  0.981149462139995     
  0.958920782676761     
  0.999015178366275     
  0.999767542920126     
  0.999760501536668     
  0.999441734887720     
  0.995797271513105     
  0.966718649312667     
  0.979438284036805     
  0.998325851784148     
  0.999642164661075     
  0.999750605980400     
  0.999527570424077     
  0.999432263483376     
  0.999715589943840     
  0.999743038727597     
  0.984993988322341     
  0.995509789802333     
  0.989632659433906     
  0.992423181549197     
  0.999758185653922     
  0.999766670230471     
  0.999754707051721     
  0.999779827365038     
  0.999777318957636     
  0.999775795027722     
  0.999772544849479     
  0.999768395287142     
  0.999759169916067     
  0.999755996526928     
  0.999691295930633     
  0.999718387677531     
  0.999740901055693     
  0.999739832473752     
  0.998764034816539     
  0.999709035164205     
  0.999697628556118     
  0.999550882142187     
  0.999635139403810     
  0.999636602358338     
  0.998672174368963     
  0.993239702474040     
  0.969788199923930     
  0.998803502954073     
  0.999573372946922     
  0.999541951796673     
  0.998145416058947     
  0.995880441360401     
  0.998154392140034     
  0.996557305958823     
  0.939194084954701     
  0.975416261446946     
  0.755587398492590     
  0.982857251842477     
  0.998897703631484     
  0.999416433634884     
  0.999472067415664     
  0.999460485092626     
  0.999398940343880     
  0.999146782807546     
  0.996281597712140     
  0.914995378278920     
  0.915105937225878     
  0.996214858122026     
  0.997529335691814     
  0.990961729061616     
  0.997665783924115     
  0.999311601015241     
  0.999418609848754     
  0.999413699154995     
  0.999413746198636     
  0.999394998143615     
  0.999390584553231     
  0.999389438293428     
  0.999375078628359     
  0.999347439510095     
  0.999341486801641     
  0.999297255467189     
  0.999276949376463     
  0.999151914419173     
  0.998809958468120     
  0.999098495447802     
  0.999195253047661     
  0.999143799005460     
  0.998307260055439     
  0.999129677322415     
  0.999096052466917     
  0.998799322927461     
  0.998913008220847     
  0.998982562511553     
  0.998900497659371     
  0.997682866884768     
  0.985346276867340     
  0.993517966930284     
  0.962820678005704     
  0.971311175248957     
  0.997357750106952     
  0.992370501494032     
  0.982017271853051     
  0.995852124515881     
  0.991016125270223     
  0.992287606232382     
  0.995024206283257     
  0.997779392039604     
  0.998165455059059     
  0.998077072072906     
  0.997980880372850     
  0.997864940773868     
  0.997687520038676     
  0.997633325607907     
  0.997498165106393     
  0.997219270008401     
  0.997188835208060     
  0.997024525185504     
  0.993386910438281     
  0.987841297349322     
  0.996336749775854     
  0.996168352861781     
  0.995846520337982     
  0.995413462365060     
  0.995480730942124     
  0.995255717751273     
  0.994989460828005     
  0.994691109652404     
  0.994377978188461     
  0.994049356196882     
  0.993673329891882     
  0.993229589888232     
  0.992794187575403     
  0.992284558259385     
  0.991731093526232     
  0.991090872115329     
  0.990209659822647     
  0.984395723467310     
  0.979966037261747     
  0.985142446822647     
  0.986719988727366     
  0.985804623322372     
  0.984182023427620     
  0.983291174599491     
  0.982190333723952     
  0.980788258611543     
  0.979498139154649     
  0.978139798111057     
  0.976809482056690     
  0.975640743106365     
  0.974556352908094     
  0.973346479969344     
  0.972202598031136     
  0.972037591435512     
  0.973080498882725     
  0.974309957968444     
  0.975421817314648     
  0.976574018337258     
  0.977854381088887     
  0.978810530939298     
  0.979786137051169     
  0.981778697335804     
  0.983112743999936     
  0.984381162443671     
  0.985574640172940     
  0.986602178111534     
  0.987669659421958     
  0.988588091985379     
  0.989384880527368     
  0.990203791506340     
  0.990765947572047     
  0.991519540548500     
  0.991854587478705     
  0.991808413545597     
  0.992674241199092     
  0.993560320359320     
  0.993890343513945     
  0.992801169127726     
  0.982633676290600     
  0.990155286299772     
  0.991341427183793     
  0.995368839775093     
  0.995431979592345     
  0.995938852878205     
  0.996167397068654     
  0.996401838118149     
  0.996605179758596     
  0.996536862090725     
  0.996550135664893     
  0.989886263144366     
  0.974589991575783     
  0.993431498080109     
  0.997320368386537     
  0.997693110340804     
  0.997847625896439     
  0.997942171568070     
  0.997838820105124     
  0.994973306981441     
  0.995552037701330     
  0.998169439875705     
  0.998188167944586     
  0.998290306821223     
  0.998566370493029     
  0.998628815336935     
  0.998685237932450     
  0.998737899316295     
  0.998778643005190     
  0.998834284667686     
  0.998877453375947     
  0.998917656264982     
  0.998936122585989     
  0.998718348581026     
  0.999024074677942     
  0.999056901265869     
  0.999043289142259     
  0.999093739237472     
  0.999136938650294     
  0.998058825419640     
  0.998817999373936     
  0.999204957607901     
  0.999224929623738     
  0.999241003691899     
  0.999255091345438     
  0.999266295900114     
  0.999273763646615     
  0.999278931743397     
  0.999278915535916     
  0.999271957402332     
  0.999247677208330     
  0.999092104106900     
  0.999090449707437     
  0.998683705971865     
  0.998868289644250     
  0.998880665105487     
  0.998606556595215     
  0.998036053369165     
  0.996381221356269     
  0.967641664240223     
  0.731972450615072     
  0.441307337859584     
  0.931138823531057     
  0.993195492667631     
  0.996969878691517     
  0.984578359679460     
  0.994195244296721     
  0.993458531732772     
  0.998845525717475     
  0.999300542089341     
  0.999243792937717     
  0.997993607310252     
  0.995106598018157     
  0.997767400244451     
  0.999250229762873     
  0.999527005550617     
  0.999534330077684     
  0.999574770719894     
  0.999628864265774     
  0.999642133406579     
  0.999654468391618     
  0.999586214057229     
  0.998960426048287     
  0.998126660126950     
  0.999508084430934     
  0.999671178220853     
  0.999651276660918     
  0.999723993580528     
  0.999735806069689     
  0.999742306516759     
  0.999747466602972     
  0.999751929201928     
  0.999755540738580     
  0.999757077640412     
  0.999754863607938     
  0.999742282528234     
  0.999608714112041     
  0.995057384601161     
  0.997995697201306     
  0.999648842082256     
  0.994134159440725     
  0.984024726773330     
  0.998587087252790     
  0.999365528227206     
  0.999711434320116     
  0.999781423830004     
  0.999794526919009     
  0.999795150272868     
  0.999789716545511     
  0.998890983605621     
  0.989431848871202     
  0.998089453848512     
  0.999798961842405     
  0.999815322145421     
  0.999824075926355     
  0.999826764099615     
  0.999834792820291     
  0.999837185195485     
  0.999837337187599     
