  0.999518183662037     
  0.999518031631219     
  0.999510890633173     
  0.999513451475407     
  0.999499732142201     
  0.999439791101591     
  0.999410604697121     
  0.999397881859928     
  0.999476128381802     
  0.999440310042353     
  0.999064262070515     
  0.990200090278087     
  0.997214517392571     
  0.999135973241911     
  0.999291625802258     
  0.999219664933214     
  0.998859621166610     
  0.996406006482406     
  0.885783870591185     
  0.746963028451585     
  0.961285838404508     
  0.989142268741971     
  0.981107048165194     
  0.997459812836788     
  0.999023353878424     
  0.999220924609855     
  0.999357574095116     
  0.999376340076207     
  0.999384828032485     
  0.999387590064780     
  0.999385566481597     
  0.999220559717491     
  0.999116131954998     
  0.999373017155454     
  0.999372734870570     
  0.999366933389013     
  0.999360657335550     
  0.999353366871431     
  0.999345275476003     
  0.999312584029300     
  0.999327223566755     
  0.999320704691001     
  0.999271731070756     
  0.999263714718316     
  0.999289687173416     
  0.999272859530163     
  0.999269439158552     
  0.999255438684334     
  0.999235161167404     
  0.999159758660495     
  0.998793539842934     
  0.993342973424372     
  0.996668714796955     
  0.999044342572100     
  0.999153913155675     
  0.996606904153527     
  0.956888743292528     
  0.988730832874693     
  0.988131076551769     
  0.990205426451939     
  0.998975145495075     
  0.998713521768373     
  0.998989460643113     
  0.999035753049183     
  0.999020091035762     
  0.999002438653128     
  0.998983939384738     
  0.998964098110784     
  0.998943867693768     
  0.998923189301922     
  0.998900158796377     
  0.998760401331956     
  0.998855451307657     
  0.998814089221938     
  0.998800985752528     
  0.998762336522881     
  0.998246728118726     
  0.998663510950346     
  0.997872387729344     
  0.991457332468610     
  0.997631079063068     
  0.998481478304072     
  0.998551613281509     
  0.998519248991891     
  0.998307904960847     
  0.998445283539337     
  0.998390444782399     
  0.998219161107907     
  0.995621057084757     
  0.997354696122885     
  0.997988024235603     
  0.997476746345797     
  0.995372606983828     
  0.995607958110752     
  0.991372773367896     
  0.997714445967383     
  0.997896844597652     
  0.997863900678699     
  0.997787455239295     
  0.997254309512778     
  0.997323333523068     
  0.997585727377138     
  0.997496639658815     
  0.997416274077856     
  0.997319056347730     
  0.997224055634248     
  0.997099183650630     
  0.996985494285339     
  0.995171335785992     
  0.996773867329852     
  0.996677006119264     
  0.996558985653667     
  0.996419358184082     
  0.996270530107811     
  0.996110553698448     
  0.995927211189869     
  0.995731884042721     
  0.995508028621422     
  0.995235534872468     
  0.994888012792752     
  0.994356734400591     
  0.992522740740695     
  0.873825091374953     
  0.750496869997271     
  0.979265071409833     
  0.992606663180731     
  0.992646878062036     
  0.991345197621328     
  0.950978326949768     
  0.813209808232879     
  0.964826670028036     
  0.965140485655680     
  0.897735741666615     
  0.982020263264392     
  0.988457035039161     
  0.987599087414192     
  0.986653487175079     
  0.984846519960812     
  0.933557484305057     
  0.885797025758904     
  0.973307385216770     
  0.810605139036305     
  0.831054481563556     
  0.833072017294437     
  0.971027303409614     
  0.970794790781375     
  0.967816895235936     
  0.962212882433747     
  0.950590314281245     
  0.955614079846768     
  0.941985815169992     
  0.943722135799216     
  0.933166242915006     
  0.915436164516537     
  0.818052074502319     
  0.848161869738800     
  0.890918617678738     
  0.873690373345820     
  0.853102264839631     
  0.840826157850224     
  0.847876788922269     
  0.863876133947068     
  0.877040450850701     
  0.884977801488965     
  0.883888612135628     
  0.872186870526972     
  0.847270320217125     
  0.800685201405590     
  0.725853576021763     
  0.590037210137556     
  0.487937416421860     
  0.476834786066087     
  0.528005233951053     
  0.613488722028694     
  0.711346521999394     
  0.784080698224279     
  0.826575902400392     
  0.853424678402388     
  0.874823258655961     
  0.891901727580626     
  0.906146413925396     
  0.920489691510433     
  0.934222627340031     
  0.944059889808799     
  0.950548195549837     
  0.956529990314834     
  0.962126917090746     
  0.966038670139553     
  0.968849538367336     
  0.971457922655428     
  0.973788624694188     
  0.976046102536583     
  0.978022779768348     
  0.979851697423817     
  0.981541300472925     
  0.983151351644508     
  0.984552116223804     
  0.986016252682940     
  0.987298298532629     
  0.988414363039800     
  0.989259817891478     
  0.988896660222841     
  0.990038826572751     
  0.991184187184074     
  0.992205960724834     
  0.992655261377134     
  0.993179773283905     
  0.993689629766289     
  0.994056430121185     
  0.994360799555769     
  0.994166051805549     
  0.994808538673631     
  0.995212051813555     
  0.995431614793402     
  0.995556329319990     
  0.995896368327886     
  0.996092594229712     
  0.996256566429836     
  0.996309641703940     
  0.989902917296778     
  0.983895670181847     
  0.995940876585658     
  0.995993329637665     
  0.997077687071428     
  0.997240505198727     
  0.997247214702254     
  0.982529918388125     
  0.997096906781925     
  0.997639928780281     
  0.997595247052753     
  0.996035228269236     
  0.997640855395632     
  0.997818378223843     
  0.997599473291135     
  0.997461495669040     
  0.997220635730072     
  0.994039675551921     
  0.899262510318315     
  0.855635628758652     
  0.947669913640383     
  0.995824112540124     
  0.997535389926244     
  0.997964584793333     
  0.998042768998037     
  0.997950311164439     
  0.996925284820597     
  0.989150913494135     
  0.754952092036103     
  0.740271226828089     
  0.718499727956520     
  0.903277554281874     
  0.995338927481164     
  0.997989160841156     
  0.996313074038793     
  0.998358725652885     
  0.998731990542991     
  0.998821141336168     
  0.998875106828245     
  0.998916112295047     
  0.998915492689676     
  0.998675223178728     
  0.998786437920966     
  0.998111408581203     
  0.999050663497047     
  0.999089826579075     
  0.999118993144358     
  0.998583537790183     
  0.999140108275619     
  0.999187631904699     
  0.999206149765550     
  0.999224040719239     
  0.999241221219015     
  0.999255936950792     
  0.999256666033749     
  0.998913092038977     
  0.998972473601283     
  0.999294461455942     
  0.999314925420434     
  0.998916026849331     
  0.999236064308854     
  0.999363960619913     
  0.999381394977634     
  0.999387237302132     
  0.999108526536434     
  0.997961585801292     
  0.999327218999074     
  0.999430461695803     
  0.999440944058663     
  0.999427717993058     
  0.999298549016088     
  0.999417949192242     
  0.999312178536752     
  0.999171907906332     
  0.999462613436984     
  0.999456297673183     
  0.999441215912466     
  0.999406645613455     
  0.999329888157661     
  0.999127812844931     
  0.992642799135481     
  0.952658816678159     
  0.987592900265757     
  0.997720801875664     
  0.965202950214679     
  0.937424281573231     
  0.992130791619168     
  0.998920546121472     
  0.999210895955162     
  0.999349819857495     
  0.999356976468700     
  0.999150968778976     
  0.994745126287666     
  0.897681809140516     
  0.938361380398195     
  0.978382000460140     
  0.998608241624796     
  0.999437437789483     
  0.999202955085754     
  0.999570903300766     
  0.999638173763255     
  0.999655270590732     
  0.999664212376961     
  0.999671814969492     
  0.999678144677738     
  0.999683364811519     
  0.999651051456004     
  0.999646006354899     
  0.999699162375897     
  0.999702760380239     
  0.999699190063796     
  0.999493147024843     
  0.999668850941640     
  0.999648380272002     
  0.999574847509580     
  0.999679256747670     
  0.999584157195611     
  0.999003158843109     
  0.999708203243563     
  0.999733559210620     
  0.999735971763915     
  0.999696983207486     
  0.999735743937149     
  0.999714179080186     
  0.999516277289646     
  0.998083172525278     
  0.998682347733724     
  0.999633649003889     
  0.999712514137585     
  0.999652994858695     
  0.998706800276139     
  0.997320781902679     
  0.999611155542050     
  0.999746370241225     
  0.999763128798431     
  0.999738341682382     
  0.999767752578958     
  0.999660982126254     
  0.999773363713552     
  0.999778932565850     
  0.999780721737104     
  0.999782676560344     
  0.999783803785624     
  0.999784962275378     
  0.999784240168482     
  0.999695032639517     
  0.999727615962866     
  0.998934523152254     
  0.986064360848707     
  0.998884201916621     
  0.999655740198193     
  0.999789774079970     
  0.999798095211597     
  0.999800852899816     
  0.999802270718791     
  0.999746237558236     
  0.999688665038735     
  0.999788435866194     
  0.999768179442097     
  0.999075090055211     
  0.999337606904162     
  0.999467091777900     
  0.999510886768684     
  0.999809972324349     
  0.999809653842966     
  0.999804235944871     
  0.999702670094167     
  0.999670261637383     
  0.999313142066168     
  0.979508859514555     
  0.987976487849147     
  0.970358157394510     
  0.953245750136798     
  0.999589858746455     
  0.999643160891388     
  0.999585646100249     
  0.998598286182844     
  0.994706929505877     
  0.999469805989041     
  0.999744180651048     
  0.999802934119629     
  0.999791051338462     
  0.999720072017038     
  0.998824673084113     
  0.949585762324231     
  0.930421444353117     
  0.997690187637344     
  0.999493683936522     
  0.999246065230368     
  0.999758660275059     
  0.999817818247177     
  0.999823968517138     
  0.999830693143867     
  0.999835337261221     
  0.999835562657912     
  0.999837769629868     
  0.999825810736273     
  0.999742572742736     
  0.999589066467724     
  0.998856644234049     
  0.999756616125290     
  0.999835478966661     
  0.999845300274565     
  0.999845071841789     
  0.999832429844815     
  0.999591479749190     
  0.999794619968109     
  0.999845932819506     
  0.999849338653852     
  0.999848456271598     
  0.999850636847000     
  0.999798816831155     
  0.999842012223385     
  0.999852214822219     
  0.999853435528292     
  0.999585730059218     
  0.999207261209153     
  0.999845857162493     
  0.999800709656263     
  0.999621075599005     
  0.999187819314888     
  0.998851024380638     
  0.999846694426269     
  0.999823776685528     
  0.999553384666210     
  0.995331514015794     
  0.995316683874729     
  0.999542461497266     
  0.999774825741308     
  0.999737316086212     
  0.998901124829295     
  0.998900163955999     
  0.999741248023732     
  0.999829169005835     
  0.999814888311317     
  0.999794238838587     
  0.999660157324145     
  0.990554816529865     
  0.978879778502561     
  0.998845819496686     
  0.999783064570762     
  0.999187077353843     
  0.978276055985653     
  0.995671898588772     
  0.999680862404781     
  0.999835169662056     
  0.999722431842068     
  0.997075391437235     
  0.998288758420913     
  0.999811096259586     
  0.999735640395973     
  0.999823918766157     
  0.999852506512302     
  0.999851604177070     
  0.999850069741606     
  0.999847311687216     
  0.999841506513848     
  0.999580594284292     
  0.999769901056894     
  0.999800403793859     
  0.999798822629165     
  0.999624920650084     
  0.997815657837441     
  0.980167659950505     
  0.931938610256721     
  0.955191549109379     
  0.994543327437753     
  0.995246298603829     
  0.966921927268938     
  0.978946711544185     
  0.998285707615798     
  0.999504482024389     
  0.998560692598078     
  0.998294621678249     
  0.999699211918684     
  0.999515972367243     
  0.997958381110854     
  0.899332408618668     
  0.898253058113557     
  0.998288823628600     
  0.999467737256963     
  0.999743498658124     
  0.999792623109993     
  0.999801281647835     
  0.999795792022696     
  0.999571020066649     
  0.999108028977549     
  0.999012806362153     
  0.999050950222678     
  0.999333459554509     
  0.993886330666560     
  0.867658340134000     
  0.897269332312832     
  0.996125229216123     
  0.990899040627095     
  0.932742020017786     
  0.918515533321318     
  0.987962777604751     
  0.996720697733348     
  0.980400332685327     
  0.980078002642772     
  0.996967627656104     
  0.986134163456625     
  0.945553354521810     
  0.971752204571659     
  0.997658914593876     
  0.999387042877768     
  0.999514951922252     
  0.999220499919958     
  0.994573843929474     
  0.968613825599691     
  0.926833760072053     
  0.969484045207013     
  0.997355227723387     
  0.998944216114863     
  0.992917814706408     
  0.988056491528576     
  0.998155915005817     
  0.999660654823109     
  0.991748533218671     
  0.991236409063644     
  0.988379701745756     
  0.967227961362770     
  0.993154372672161     
  0.998883391561713     
  0.999781374088492     
  0.999654256698821     
  0.999314614072706     
  0.999825845568831     
  0.999802207775236     
  0.999810342114683     
  0.999849057000210     
  0.999785458647998     
  0.999728392527433     
  0.999726036851289     
  0.999800723309664     
  0.999846915023654     
  0.999847413691713     
  0.999844734153517     
  0.999670757107378     
  0.999790296192182     
  0.999842687067825     
  0.999831071753930     
  0.999840929861063     
  0.999839264521985     
  0.999826281399412     
  0.999830741215635     
  0.999833953679939     
  0.999831020902380     
  0.999829057192103     
  0.999825418446137     
  0.999815864058831     
  0.999798384365146     
  0.999464715285366     
  0.992125077875534     
  0.996215181305146     
  0.999487838066944     
  0.981551418715914     
  0.959801083627565     
  0.999031914534450     
  0.999754859201479     
  0.999735452423344     
  0.999241050458397     
  0.994697870178570     
  0.964636916591540     
  0.977590500489699     
  0.997655066321540     
  0.999546648871688     
  0.999718287141387     
  0.999476690247604     
  0.999378234229315     
  0.999679986797028     
  0.999725467165810     
  0.986045220996946     
  0.995796476411939     
  0.990345483372547     
  0.992933244019929     
  0.999742349746092     
  0.999750143582216     
  0.999738355030579     
  0.999761619127778     
  0.999758741078574     
  0.999756683271047     
  0.999752961126361     
  0.999747924291413     
  0.999736996599243     
  0.999733333563700     
  0.999670854517441     
  0.999697128031560     
  0.999718270872137     
  0.999716185281181     
  0.998790261612631     
  0.999684045411767     
  0.999668327380335     
  0.999516735106527     
  0.999602119001309     
  0.999595056301377     
  0.998576245757013     
  0.992933978900626     
  0.970468745146277     
  0.998648060125239     
  0.999521059911989     
  0.999479148127789     
  0.997997210555845     
  0.995682709217629     
  0.998042006802227     
  0.996429323394603     
  0.940932691075008     
  0.974638108605132     
  0.761586706334736     
  0.982027471177924     
  0.998636098266110     
  0.999370873116334     
  0.999436518761527     
  0.999424783118025     
  0.999362697870766     
  0.999085421872092     
  0.996094018579571     
  0.917926781681148     
  0.918027460793060     
  0.995968030356903     
  0.997187059081511     
  0.990460799889013     
  0.997325915418904     
  0.999198817827106     
  0.999361444132913     
  0.999359710033929     
  0.999356992667247     
  0.999337414896226     
  0.999330792750594     
  0.999326441905712     
  0.999310006303694     
  0.999280630105202     
  0.999271887857034     
  0.999226896174900     
  0.999197180200773     
  0.999046262035885     
  0.998688988750941     
  0.998987504408993     
  0.999103240074227     
  0.999055076040979     
  0.998253015610701     
  0.999034303164083     
  0.998998474648644     
  0.998704696134316     
  0.998810848454313     
  0.998872395260870     
  0.998775660575292     
  0.997530691554321     
  0.985415722487919     
  0.992383249431724     
  0.961193886271450     
  0.970334336493800     
  0.996784732479403     
  0.991778386398593     
  0.981310048543353     
  0.995396268443679     
  0.990978991785164     
  0.992288612303023     
  0.994945633371020     
  0.997605102413024     
  0.997961027907858     
  0.997859663099303     
  0.997751794812885     
  0.997623993225740     
  0.997436776440904     
  0.997364283368044     
  0.997213719614920     
  0.996928916215675     
  0.996871211336355     
  0.996703058298925     
  0.993172938896989     
  0.987751135831973     
  0.995964064511203     
  0.995740423205193     
  0.995395014819892     
  0.994950056042346     
  0.994975352708349     
  0.994722023114038     
  0.994424838679092     
  0.994091257311142     
  0.993743746881809     
  0.993381752505920     
  0.992965210651634     
  0.992473668244272     
  0.991991805461664     
  0.991429140917006     
  0.990819544641326     
  0.990110755093597     
  0.989140907461384     
  0.983368709574999     
  0.978788457246802     
  0.983699327849247     
  0.985262943283346     
  0.984277253867283     
  0.982565763938419     
  0.981524656329687     
  0.980296296175592     
  0.978749104852880     
  0.977315906803029     
  0.975802971018086     
  0.974312600720897     
  0.972989195211828     
  0.971756721503007     
  0.970415705069048     
  0.969181304719427     
  0.969006545803965     
  0.970124248359772     
  0.971477967365033     
  0.972738207745460     
  0.974044903128831     
  0.975482018511272     
  0.976597422760542     
  0.977729424400802     
  0.979844429489688     
  0.981312264124463     
  0.982709790733671     
  0.984024595610947     
  0.985157865956300     
  0.986332968586278     
  0.987346085374487     
  0.988226359871406     
  0.989132139330396     
  0.989777250264495     
  0.990602692972427     
  0.991009263471970     
  0.991035232197741     
  0.991941717164156     
  0.992850942844842     
  0.993179635417224     
  0.991912563088759     
  0.981533001210783     
  0.989204105657970     
  0.990905861389369     
  0.994857758280623     
  0.994961534399902     
  0.995481993483542     
  0.995735817208225     
  0.995996216112095     
  0.996222434558655     
  0.996173815641209     
  0.996079423952305     
  0.989050059390327     
  0.973575964151399     
  0.992717404482245     
  0.996961426171872     
  0.997429902122049     
  0.997605143957945     
  0.997702488646450     
  0.997535331233926     
  0.994545436806931     
  0.995143936216664     
  0.997908575205699     
  0.998013496424359     
  0.998132114229241     
  0.998405443112444     
  0.998474683203971     
  0.998537797065325     
  0.998596813446944     
  0.998644202056575     
  0.998704708836742     
  0.998753161172905     
  0.998798230515048     
  0.998822007544568     
  0.998621765299956     
  0.998918078808170     
  0.998955040797530     
  0.998949340012874     
  0.999001335738729     
  0.999045196056956     
  0.998018465264174     
  0.998749600199411     
  0.999123670335826     
  0.999147355841142     
  0.999166464214693     
  0.999183434756383     
  0.999197492230207     
  0.999207872044741     
  0.999215864123094     
  0.999218726291753     
  0.999214357183731     
  0.999190350864261     
  0.999033659658072     
  0.999038534854938     
  0.998653048702510     
  0.998839014194397     
  0.998855403806430     
  0.998594088696339     
  0.998043825063870     
  0.996285099816645     
  0.967084917582418     
  0.734064170410474     
  0.450733042753758     
  0.928169822409162     
  0.992342673590335     
  0.997018095038694     
  0.984972740515460     
  0.994318618023591     
  0.993597236950104     
  0.998847805947055     
  0.999279701086610     
  0.999198344257145     
  0.997905442412129     
  0.995063241472344     
  0.997688708926534     
  0.999161623970876     
  0.999478614323987     
  0.999502270545145     
  0.999546441724265     
  0.999603243298345     
  0.999617352697250     
  0.999624873799799     
  0.999524183261149     
  0.998826718799974     
  0.998006717050741     
  0.999424606503606     
  0.999639018477681     
  0.999630783883168     
  0.999702507026170     
  0.999714542843144     
  0.999721564463662     
  0.999727173792621     
  0.999732097268956     
  0.999736211110816     
  0.999738265169110     
  0.999736655678829     
  0.999725022012422     
  0.999595912755687     
  0.995156853455301     
  0.998029474883011     
  0.999679828410223     
  0.994480312953367     
  0.984776675735123     
  0.998639600581149     
  0.999300255964339     
  0.999670351435949     
  0.999762618990099     
  0.999780095373632     
  0.999782165101978     
  0.999789004647373     
  0.998977333360535     
  0.989933679450086     
  0.998216952910657     
  0.999804099558411     
  0.999804230903713     
  0.999811520301385     
  0.999814215952833     
  0.999822570171930     
  0.999825498713507     
  0.999829195764094     
