  0.999525220380125     
  0.999524687511515     
  0.999516851588309     
  0.999519492717337     
  0.999507214227990     
  0.999451411632281     
  0.999421325319419     
  0.999409439936832     
  0.999483047319701     
  0.999428106848209     
  0.998858695367542     
  0.989654423102359     
  0.996720343234252     
  0.999034897608085     
  0.999299701713284     
  0.999235923640369     
  0.998828184198591     
  0.995820875698864     
  0.889456831918910     
  0.756693256619367     
  0.961163904096580     
  0.988542734908011     
  0.980375955602422     
  0.996900948940178     
  0.998907312409392     
  0.999222265197966     
  0.999365790217955     
  0.999385405674001     
  0.999393626040469     
  0.999396179403644     
  0.999393752531496     
  0.999236309728901     
  0.999137493193830     
  0.999380982320702     
  0.999381026840587     
  0.999375321904799     
  0.999369068067877     
  0.999361881387829     
  0.999353808612409     
  0.999322981452372     
  0.999336157270319     
  0.999329567666265     
  0.999281898461064     
  0.999273904399288     
  0.999299213636869     
  0.999282802793889     
  0.999278778126807     
  0.999264862378351     
  0.999244109928984     
  0.999158373035482     
  0.998734876312980     
  0.993396645066333     
  0.996611467802987     
  0.999019433211426     
  0.999192677905763     
  0.996984653860255     
  0.958633757127479     
  0.989385068012256     
  0.988642037521128     
  0.990576295310414     
  0.999012031237114     
  0.998750232261697     
  0.999006142583566     
  0.999048276485466     
  0.999032936717990     
  0.999015548233116     
  0.998997293381580     
  0.998977777083401     
  0.998957800718249     
  0.998937439942287     
  0.998914746001515     
  0.998785002872622     
  0.998870656455581     
  0.998830931964318     
  0.998816664289840     
  0.998769063524037     
  0.998244377815932     
  0.998664465534393     
  0.997926095847007     
  0.991949016265571     
  0.997699694149013     
  0.998507151039654     
  0.998571273382198     
  0.998539266156732     
  0.998343322149248     
  0.998465526580998     
  0.998403927668457     
  0.998191089920091     
  0.995568790095481     
  0.997367429448059     
  0.997962560506487     
  0.997263947000386     
  0.994948810108317     
  0.995076577881258     
  0.991048947934542     
  0.997605312899707     
  0.997908965859414     
  0.997890140566115     
  0.997808481826649     
  0.997268963778894     
  0.997361268054485     
  0.997614612596886     
  0.997531796348777     
  0.997452249508226     
  0.997355797187945     
  0.997254270799594     
  0.997121811627009     
  0.997009514516411     
  0.995407970682493     
  0.996816494134440     
  0.996721273240205     
  0.996605890008001     
  0.996468534152582     
  0.996321888185658     
  0.996164286550687     
  0.995984453236884     
  0.995791943682612     
  0.995571748941654     
  0.995304667583868     
  0.994965469176235     
  0.994459572004620     
  0.992821430079337     
  0.879891961877450     
  0.762565858668843     
  0.980251352838450     
  0.992766498683955     
  0.992738712431614     
  0.991210343646953     
  0.951832526618369     
  0.820334282882861     
  0.964949927773226     
  0.965706830046547     
  0.901680184797452     
  0.982058919081877     
  0.988534447594047     
  0.987754685768269     
  0.986797527326012     
  0.984820556535489     
  0.935629209702251     
  0.890230663149321     
  0.973273342245211     
  0.820675408048857     
  0.838476948918125     
  0.840576993393793     
  0.971606973769228     
  0.971115699594903     
  0.967964965160708     
  0.961889059776963     
  0.950243146021939     
  0.955832906336088     
  0.942804766924202     
  0.944316657306787     
  0.933841775048367     
  0.916763373989074     
  0.824028835080590     
  0.852061839746394     
  0.891667321869516     
  0.874204427929709     
  0.853616521430705     
  0.841430866392627     
  0.848492020589881     
  0.864467158707256     
  0.877647590884328     
  0.885569408838262     
  0.884505432789401     
  0.872786458358706     
  0.847643777986353     
  0.800375860605271     
  0.724184449128824     
  0.588505913743276     
  0.488060993371222     
  0.477141019076258     
  0.527321200217048     
  0.612312095434212     
  0.710060258056187     
  0.783391693476891     
  0.826409245837588     
  0.853519149718495     
  0.875024683560526     
  0.892229128613081     
  0.906620017402578     
  0.921049116817751     
  0.934801128316611     
  0.944621842110629     
  0.951085937851085     
  0.957033174647235     
  0.962593171859042     
  0.966470447817719     
  0.969250755563773     
  0.971829924756563     
  0.974138447638204     
  0.976364520087877     
  0.978317738346317     
  0.980124199538126     
  0.981792449704675     
  0.983383388183824     
  0.984774888338109     
  0.986215319799446     
  0.987479946960310     
  0.988583834917215     
  0.989437691875135     
  0.989101976086381     
  0.990217971688398     
  0.991334046399229     
  0.992326741580360     
  0.992771774539259     
  0.993283621915744     
  0.993779491182758     
  0.994135803213514     
  0.994431443396904     
  0.994259351482386     
  0.994876406404695     
  0.995272762369591     
  0.995496156739272     
  0.995626832704661     
  0.995956027117577     
  0.996149909595285     
  0.996311153667676     
  0.996359091572446     
  0.990351575656348     
  0.984751609976555     
  0.995983980228840     
  0.996038041750511     
  0.997106207042724     
  0.997277583330406     
  0.997275553107940     
  0.983571601303994     
  0.997138701816995     
  0.997672276937226     
  0.997643994180216     
  0.996141769019479     
  0.997688280778895     
  0.997851670074913     
  0.997645101344816     
  0.997496353787110     
  0.997159918423522     
  0.993237483608319     
  0.901872334519993     
  0.859914482174573     
  0.947915422085682     
  0.995321613282355     
  0.997535243259968     
  0.997994991722737     
  0.998073214270753     
  0.997969530882612     
  0.996661368945383     
  0.986945131322740     
  0.760420134157855     
  0.745578173828674     
  0.725581547639847     
  0.903640463775648     
  0.994324740640738     
  0.997921061116037     
  0.996461386635889     
  0.998375152251259     
  0.998746104379539     
  0.998837296312072     
  0.998890703009295     
  0.998930205828535     
  0.998926497176033     
  0.998691803068231     
  0.998805632544384     
  0.998167373784189     
  0.999064048242740     
  0.999103069195174     
  0.999130687612061     
  0.998660978124592     
  0.999153244001475     
  0.999197933786348     
  0.999216269997646     
  0.999233860085312     
  0.999250677181436     
  0.999264382357678     
  0.999260266891544     
  0.998917979860036     
  0.998992974531076     
  0.999301118925322     
  0.999316117429625     
  0.998908773198826     
  0.999229123531481     
  0.999368096796012     
  0.999388516941039     
  0.999392344258496     
  0.999122197141603     
  0.998041224018905     
  0.999333423983240     
  0.999436712947872     
  0.999447958065310     
  0.999435999451988     
  0.999313081308003     
  0.999426866920738     
  0.999336109794655     
  0.999213043689737     
  0.999470423749198     
  0.999465078062002     
  0.999451041875809     
  0.999418637895995     
  0.999349248168056     
  0.999210413024573     
  0.993290721377476     
  0.955596141171376     
  0.988565511281976     
  0.998089172914003     
  0.967726426641201     
  0.941431124955551     
  0.992981230495040     
  0.999038394998272     
  0.999236991361442     
  0.999366420291721     
  0.999369928102241     
  0.999111305626436     
  0.994484513402763     
  0.901591386751649     
  0.940336938695312     
  0.979126737463713     
  0.998565219308609     
  0.999430409072663     
  0.999238634031765     
  0.999578686888019     
  0.999642666290656     
  0.999658688386354     
  0.999667375941429     
  0.999674782891070     
  0.999680948777461     
  0.999685670756286     
  0.999655295986259     
  0.999651331251068     
  0.999701345129940     
  0.999704533131982     
  0.999696515171256     
  0.999483175200032     
  0.999660873714859     
  0.999653966376010     
  0.999581890812228     
  0.999667759408106     
  0.999582260769267     
  0.999077970188692     
  0.999710304096061     
  0.999734895465448     
  0.999737225342855     
  0.999701300729923     
  0.999735836255492     
  0.999704565366372     
  0.999452826645054     
  0.997936316591963     
  0.998556369902560     
  0.999594579245112     
  0.999708395601219     
  0.999635834574241     
  0.998666937600778     
  0.997324687720173     
  0.999578647155851     
  0.999743011990917     
  0.999763673668168     
  0.999740773913061     
  0.999768847687028     
  0.999670142428677     
  0.999774133354678     
  0.999779481762220     
  0.999781228386951     
  0.999783180719630     
  0.999784323407429     
  0.999785463352254     
  0.999784819909173     
  0.999705689760896     
  0.999742560967669     
  0.999031256982991     
  0.986663213362316     
  0.998983541388441     
  0.999678068769916     
  0.999790600536833     
  0.999798203041863     
  0.999800930240432     
  0.999802243020694     
  0.999750748670375     
  0.999701140056660     
  0.999782090038366     
  0.999759890142540     
  0.999102977803675     
  0.999351793642774     
  0.999502282566350     
  0.999546967425476     
  0.999809694793664     
  0.999809345992431     
  0.999803222084638     
  0.999705052061991     
  0.999686259944683     
  0.999418945863500     
  0.980427991371675     
  0.988592980955222     
  0.971700304655171     
  0.956382535978472     
  0.999528035297773     
  0.999637590926070     
  0.999566315315410     
  0.998499581862951     
  0.994572435968601     
  0.999383365281954     
  0.999732171490595     
  0.999801764348064     
  0.999790540884863     
  0.999701420176946     
  0.998651410485966     
  0.951465763684433     
  0.933227563887779     
  0.997492798397157     
  0.999462066581438     
  0.999247454345255     
  0.999751322396077     
  0.999814946764309     
  0.999822306208137     
  0.999829089380470     
  0.999833906048261     
  0.999834050392710     
  0.999835749963197     
  0.999816601740899     
  0.999708036665209     
  0.999548719558576     
  0.998882429034487     
  0.999760628748177     
  0.999836115845894     
  0.999843727517730     
  0.999842656015802     
  0.999826825054172     
  0.999585496330353     
  0.999790575361511     
  0.999842965361940     
  0.999847258366521     
  0.999846814945226     
  0.999848655052367     
  0.999803871496056     
  0.999841201519472     
  0.999850162129314     
  0.999852697478891     
  0.999598046329704     
  0.999233560881519     
  0.999844744089022     
  0.999792807352438     
  0.999618468745851     
  0.999228351782874     
  0.998921019987499     
  0.999842244252016     
  0.999808682509188     
  0.999397307120587     
  0.994802367717715     
  0.994787757617226     
  0.999387740810715     
  0.999757277690904     
  0.999698747765980     
  0.998801623350964     
  0.998801098377346     
  0.999703524368946     
  0.999821583565274     
  0.999813461820841     
  0.999795177867728     
  0.999662959158109     
  0.991162274561593     
  0.980318090013977     
  0.998893597554337     
  0.999788338183413     
  0.999248237743413     
  0.979052775460207     
  0.995862320551993     
  0.999703638176546     
  0.999831537061002     
  0.999718899435209     
  0.997237475565869     
  0.998363183528041     
  0.999804828890057     
  0.999743197933439     
  0.999822743005076     
  0.999848075814959     
  0.999847057015386     
  0.999845285513836     
  0.999842261579762     
  0.999835643781329     
  0.999591214631055     
  0.999767378080148     
  0.999795131115639     
  0.999787392773161     
  0.999535055581858     
  0.996838236851595     
  0.976335143858507     
  0.926225011655594     
  0.950098787308870     
  0.992369255091423     
  0.994439828066771     
  0.966609304662530     
  0.978427918470185     
  0.997905054424999     
  0.999448099964458     
  0.998587542942786     
  0.998330694516266     
  0.999689381339983     
  0.999451511549382     
  0.997398300807013     
  0.902915449374839     
  0.901903305339105     
  0.997711216345921     
  0.999400003179297     
  0.999732236204328     
  0.999785769390740     
  0.999794910074114     
  0.999788324458321     
  0.999569210188011     
  0.999108567597296     
  0.998946475295280     
  0.998977058543577     
  0.999217680648064     
  0.993356285112843     
  0.872077854309460     
  0.900430219405048     
  0.995193251202196     
  0.987568494881448     
  0.926351779203473     
  0.912189050042025     
  0.984110271235906     
  0.995778223387839     
  0.979814045750775     
  0.979504039374160     
  0.996412056441146     
  0.984989950928413     
  0.944172724088676     
  0.970446011915520     
  0.997151483801924     
  0.999311625084200     
  0.999486427382497     
  0.999094204558694     
  0.993859164790258     
  0.966918042155748     
  0.924873699397636     
  0.967668974670275     
  0.996703357566406     
  0.998749925464436     
  0.992768819086279     
  0.988011795918179     
  0.997976683238848     
  0.999646955144841     
  0.992074647764806     
  0.991098571224911     
  0.986502449023614     
  0.964655398774648     
  0.991572381341676     
  0.998567248917955     
  0.999743241745074     
  0.999647866623579     
  0.999331391492228     
  0.999812194617506     
  0.999794191017634     
  0.999801569346783     
  0.999835160482699     
  0.999771252139945     
  0.999702738132978     
  0.999700508242401     
  0.999785016876992     
  0.999832407594726     
  0.999833301017696     
  0.999830285982572     
  0.999666490279019     
  0.999778019634202     
  0.999827828848565     
  0.999816935828034     
  0.999825925992742     
  0.999824076335112     
  0.999811668218349     
  0.999815495208873     
  0.999818230057734     
  0.999815119953677     
  0.999812890958819     
  0.999808975272281     
  0.999798322418641     
  0.999777554451121     
  0.999470968222357     
  0.992447099752191     
  0.996385716846080     
  0.999512840352741     
  0.982135445581590     
  0.961080126033245     
  0.999056231529646     
  0.999736430253923     
  0.999699057032664     
  0.998949463700369     
  0.993100481998777     
  0.961612237827211     
  0.974905740463878     
  0.996680440060036     
  0.999407867964239     
  0.999671329055077     
  0.999402763204716     
  0.999299731678098     
  0.999628256702738     
  0.999699936312151     
  0.987572624943806     
  0.996213022015207     
  0.991381191803211     
  0.993674347230345     
  0.999719340712310     
  0.999726130921199     
  0.999714596091939     
  0.999735163163875     
  0.999731748031843     
  0.999728914511976     
  0.999724506609565     
  0.999718180590052     
  0.999704779473188     
  0.999700404990257     
  0.999641153780457     
  0.999666238421585     
  0.999685389906656     
  0.999681826626065     
  0.998828368361026     
  0.999647736042965     
  0.999625753632604     
  0.999467120456694     
  0.999554141306449     
  0.999534691062895     
  0.998436864183197     
  0.992489771064764     
  0.971457558617822     
  0.998422205925664     
  0.999445050480112     
  0.999387896067674     
  0.997781871858030     
  0.995395409557313     
  0.997878713793107     
  0.996243367976920     
  0.943458842125696     
  0.973507471824761     
  0.770303553450334     
  0.980821819974957     
  0.998255991931852     
  0.999304674760353     
  0.999384867397409     
  0.999372908972331     
  0.999310038382460     
  0.998996265811294     
  0.995821470255649     
  0.922186046678002     
  0.922272371485451     
  0.995609394859890     
  0.996689738339501     
  0.989732960153404     
  0.996832093395359     
  0.999034946114671     
  0.999278383476216     
  0.999281264890173     
  0.999274530871569     
  0.999253747521392     
  0.999243916368263     
  0.999234909301451     
  0.999215457381175     
  0.999183557216118     
  0.999170761795030     
  0.999124665319925     
  0.999081276921576     
  0.998892750857301     
  0.998513221702138     
  0.998826236187073     
  0.998969546654543     
  0.998926162927732     
  0.998174199244767     
  0.998895725912895     
  0.998856695483908     
  0.998567204739505     
  0.998662411725784     
  0.998712323736349     
  0.998594273944667     
  0.997309582768436     
  0.985516626094278     
  0.990734518899674     
  0.958830177475243     
  0.968915001242643     
  0.995952144407001     
  0.990918049750171     
  0.980282460734614     
  0.994733914357278     
  0.990925037214688     
  0.992290074118115     
  0.994831467690422     
  0.997351861217028     
  0.997663997107037     
  0.997543769761123     
  0.997418935426617     
  0.997273898397324     
  0.997072447955980     
  0.996973367018458     
  0.996800422371549     
  0.996507034166572     
  0.996409705957317     
  0.996235968949797     
  0.992862039543155     
  0.987620131671455     
  0.995422554853761     
  0.995118643620766     
  0.994738979496931     
  0.994276728771015     
  0.994241040294295     
  0.993946566932247     
  0.993604444781986     
  0.993219673899366     
  0.992822210764484     
  0.992411726221806     
  0.991936315179663     
  0.991375315776035     
  0.990825945794066     
  0.990186220900558     
  0.989495065302038     
  0.988686646036980     
  0.987588011011789     
  0.981876458770542     
  0.977077433556731     
  0.981602475616035     
  0.983145855426149     
  0.982057984702266     
  0.980217336966823     
  0.978957902614881     
  0.977544256159257     
  0.975786210074574     
  0.974145117834717     
  0.972407554774205     
  0.970684624433569     
  0.969136487105235     
  0.967688846676819     
  0.966157277346760     
  0.964791352448143     
  0.964602422440037     
  0.965828801736003     
  0.967363070163477     
  0.968838908161250     
  0.970370083956072     
  0.972034961126041     
  0.973381762344860     
  0.974741007111569     
  0.977033924773858     
  0.978696153742368     
  0.980281274971199     
  0.981772368664223     
  0.983059268609409     
  0.984390745506343     
  0.985541438911223     
  0.986543018891884     
  0.987575018722468     
  0.988340663562163     
  0.989270504349223     
  0.989780999052692     
  0.989911791567304     
  0.990877351815794     
  0.991820209426995     
  0.992146968433531     
  0.990621408092328     
  0.979933707088620     
  0.987822028457394     
  0.990272978785474     
  0.994115150259133     
  0.994277971318005     
  0.994818170616866     
  0.995108725716871     
  0.995406841619890     
  0.995666300273574     
  0.995646303814984     
  0.995395472773953     
  0.987835042547152     
  0.972102566506850     
  0.991679815128398     
  0.996439877316239     
  0.997047456234751     
  0.997252813624153     
  0.997354225257926     
  0.997094356615077     
  0.993923733860313     
  0.994550957404024     
  0.997529534059470     
  0.997759695452967     
  0.997902257400704     
  0.998171612537016     
  0.998250726208758     
  0.998323562566168     
  0.998391812843798     
  0.998448856617384     
  0.998516432475086     
  0.998572561996195     
  0.998624702362536     
  0.998656195931707     
  0.998481427684716     
  0.998764064465783     
  0.998807035255497     
  0.998812829796020     
  0.998867071331023     
  0.998911891932766     
  0.997959821006387     
  0.998650214565093     
  0.999005557963403     
  0.999034639235077     
  0.999058156505842     
  0.999079315933453     
  0.999097518749202     
  0.999112129852224     
  0.999124225228940     
  0.999131269734447     
  0.999130662530981     
  0.999107054140798     
  0.998948738280410     
  0.998963101142878     
  0.998608502835772     
  0.998796476140900     
  0.998818698419341     
  0.998575972480251     
  0.998055117561896     
  0.996145432392832     
  0.966275948127314     
  0.737103501935105     
  0.464428877363223     
  0.923855772955033     
  0.991103501137705     
  0.997088154893534     
  0.985545788283842     
  0.994497883967824     
  0.993798780076516     
  0.998851119194833     
  0.999249418429661     
  0.999132305827383     
  0.997777335883960     
  0.995000242955674     
  0.997574367778208     
  0.999032876730962     
  0.999408300205651     
  0.999455686931248     
  0.999505278701261     
  0.999566015127182     
  0.999581345443098     
  0.999581871793543     
  0.999434050263944     
  0.998632437275896     
  0.997832435334976     
  0.999303309969332     
  0.999592289164637     
  0.999601007102331     
  0.999671286243886     
  0.999683646558250     
  0.999691425457609     
  0.999697687547618     
  0.999703280690871     
  0.999708124396218     
  0.999710929897765     
  0.999710198826035     
  0.999699941784138     
  0.999577311862858     
  0.995301385787501     
  0.998078555252648     
  0.999724852836709     
  0.994983288536916     
  0.985869289359493     
  0.998715904683322     
  0.999205412568934     
  0.999610656232006     
  0.999735294740606     
  0.999759125706892     
  0.999763297076805     
  0.999787970228035     
  0.999102803410117     
  0.990662861832795     
  0.998402214816488     
  0.999811564893993     
  0.999788114821255     
  0.999793276399154     
  0.999795982912999     
  0.999804810092729     
  0.999808517705587     
  0.999817365890441     
