  0.999553450456196     
  0.999551389749480     
  0.999540765921389     
  0.999543729161810     
  0.999537231113030     
  0.999498031298266     
  0.999464334725798     
  0.999455809103281     
  0.999510805014576     
  0.999379149515778     
  0.998033992982671     
  0.987465288019666     
  0.994737789248342     
  0.998629396802457     
  0.999332101117426     
  0.999301151295829     
  0.998702063409313     
  0.993473410121409     
  0.904192264772852     
  0.795729662051052     
  0.960674719238334     
  0.986137480519427     
  0.977442902374163     
  0.994658854524872     
  0.998441767785244     
  0.999227643481933     
  0.999398752370793     
  0.999421775847285     
  0.999428922695751     
  0.999430638923155     
  0.999426594119460     
  0.999299497191053     
  0.999223192391668     
  0.999412937804321     
  0.999414293455481     
  0.999408975874353     
  0.999402811190234     
  0.999396040905036     
  0.999388042853757     
  0.999364695085376     
  0.999371998600302     
  0.999365125262385     
  0.999322689298863     
  0.999314784691091     
  0.999337433169633     
  0.999322694525660     
  0.999316245486758     
  0.999302669675277     
  0.999280011846507     
  0.999152813984100     
  0.998499521332251     
  0.993611972974920     
  0.996381795642438     
  0.998919498007883     
  0.999348200380576     
  0.998500169967197     
  0.965634684162383     
  0.992009835258681     
  0.990691995264550     
  0.992064209183156     
  0.999160015732159     
  0.998897513754283     
  0.999073070113329     
  0.999098520231986     
  0.999084473340947     
  0.999068143642462     
  0.999050869421728     
  0.999032656957091     
  0.999013699881171     
  0.998994613414155     
  0.998973269806752     
  0.998883704212839     
  0.998931659522979     
  0.998898505105219     
  0.998879566676014     
  0.998796052309906     
  0.998234948376397     
  0.998668295338239     
  0.998141573672315     
  0.993921660708850     
  0.997974979304069     
  0.998610150652271     
  0.998650150211434     
  0.998619575584822     
  0.998485416989774     
  0.998546742330752     
  0.998458021483725     
  0.998078467254248     
  0.995359092841961     
  0.997418516088902     
  0.997860398881827     
  0.996410185977416     
  0.993248516035879     
  0.992944652782408     
  0.989749742692762     
  0.997167464825635     
  0.997957597080094     
  0.997995416614570     
  0.997892841844675     
  0.997327757672283     
  0.997513464011944     
  0.997730502160840     
  0.997672847584651     
  0.997596585678566     
  0.997503204329854     
  0.997375496493326     
  0.997212596957363     
  0.997105885743092     
  0.996357370724300     
  0.996987516729595     
  0.996898877039322     
  0.996794074745095     
  0.996665832940623     
  0.996527941933710     
  0.996379868261724     
  0.996214114336675     
  0.996032909408059     
  0.995827401867119     
  0.995582035789154     
  0.995276233082779     
  0.994872168542176     
  0.994019807523283     
  0.904232989175934     
  0.810988149693943     
  0.984208439731033     
  0.993407779517132     
  0.993107164103326     
  0.990669291270089     
  0.955259693294481     
  0.848918674204830     
  0.965444455423844     
  0.967979086001187     
  0.917505873497000     
  0.982214012026308     
  0.988845038590566     
  0.988378970524302     
  0.987375439135031     
  0.984716387111080     
  0.943941309095762     
  0.908019148852697     
  0.973136756126379     
  0.861079041520196     
  0.868257170388671     
  0.870688273257653     
  0.973932714358646     
  0.972403243648295     
  0.968559048786757     
  0.960589823228403     
  0.948850241798680     
  0.956710879849695     
  0.946090559232920     
  0.946701993649916     
  0.936552143470775     
  0.922088403884264     
  0.848008808425714     
  0.867709318232486     
  0.894671278231816     
  0.876266922684274     
  0.855679827920285     
  0.843857086744135     
  0.850960463462153     
  0.866838479649331     
  0.880083571309526     
  0.887943070132296     
  0.886980257021508     
  0.875192142080061     
  0.849142177032989     
  0.799134712947113     
  0.717487517300563     
  0.582361986617563     
  0.488556813911247     
  0.478369700571918     
  0.524576688488963     
  0.607591177017453     
  0.704899444149451     
  0.780627231727522     
  0.825740577055857     
  0.853898193094258     
  0.875832852891610     
  0.893542747872580     
  0.908520240584390     
  0.923293681413279     
  0.937122231068840     
  0.946876548507434     
  0.953243508462533     
  0.959052090422985     
  0.964463917120759     
  0.968202862403416     
  0.970860553853432     
  0.973322504674216     
  0.975542039269779     
  0.977642104946223     
  0.979501199658958     
  0.981217559553219     
  0.982800136206379     
  0.984314389385387     
  0.985668718411138     
  0.987014038649812     
  0.988208777098820     
  0.989263809363874     
  0.990151378658694     
  0.989925768884952     
  0.990936759487919     
  0.991935330120600     
  0.992811353804279     
  0.993239263675415     
  0.993700297049297     
  0.994140045195250     
  0.994454274763232     
  0.994714890423242     
  0.994633701613618     
  0.995148715049599     
  0.995516354113293     
  0.995755121499510     
  0.995909717001884     
  0.996195399239824     
  0.996379879208605     
  0.996530177191845     
  0.996557502249413     
  0.992151755585050     
  0.988185952628939     
  0.996156927862529     
  0.996217443246503     
  0.997220639758476     
  0.997426354651011     
  0.997389257448490     
  0.987751227352111     
  0.997306399413497     
  0.997802070139405     
  0.997839586454273     
  0.996569251854103     
  0.997878569927812     
  0.997985250051283     
  0.997828179119541     
  0.997636218411232     
  0.996916296307151     
  0.990018766752910     
  0.912344005630830     
  0.877082983334223     
  0.948900502350808     
  0.993305379473802     
  0.997534654773206     
  0.998116996985852     
  0.998195373458830     
  0.998046648490806     
  0.995602426581667     
  0.978094592735876     
  0.782360264271442     
  0.766871934290885     
  0.753996879992728     
  0.905096614958485     
  0.990255378068985     
  0.997647814970359     
  0.997056482580781     
  0.998441063092974     
  0.998802735423848     
  0.998902117362995     
  0.998953281961299     
  0.998986755511174     
  0.998970652219627     
  0.998758329225178     
  0.998882650266303     
  0.998391932246524     
  0.999117754110316     
  0.999156204805153     
  0.999177611351016     
  0.998971705589504     
  0.999205950815327     
  0.999239269887054     
  0.999256877257574     
  0.999273260149151     
  0.999288619116436     
  0.999298269471377     
  0.999274715307428     
  0.998937592219301     
  0.999075234462520     
  0.999327832021155     
  0.999320900369217     
  0.998879667892908     
  0.999201273613174     
  0.999384693241680     
  0.999417093903354     
  0.999412835993254     
  0.999177050670544     
  0.998360773869499     
  0.999358321613941     
  0.999461796244431     
  0.999476101949343     
  0.999469229041129     
  0.999371392577130     
  0.999462649602826     
  0.999432134821370     
  0.999378102590128     
  0.999501762944021     
  0.999500309750177     
  0.999490469001034     
  0.999466757505264     
  0.999426931186910     
  0.999541850620207     
  0.995890545298201     
  0.967382325847418     
  0.992468171750762     
  0.999567284884434     
  0.977852040832075     
  0.957508856038742     
  0.996393676345400     
  0.999511272205734     
  0.999341701145975     
  0.999433030826688     
  0.999421897572741     
  0.998952153938256     
  0.993438781942074     
  0.917278910564059     
  0.948264044974708     
  0.982115063894360     
  0.998392588156404     
  0.999402205657608     
  0.999381799388187     
  0.999609919333894     
  0.999660693031128     
  0.999672402660853     
  0.999680070093968     
  0.999686692012443     
  0.999692200552247     
  0.999694923632568     
  0.999672327677029     
  0.999672698054385     
  0.999710103705701     
  0.999711646526376     
  0.999685781814030     
  0.999443161920127     
  0.999628864005367     
  0.999676381393343     
  0.999610153058990     
  0.999621624679729     
  0.999574651080663     
  0.999378161835594     
  0.999718734084209     
  0.999740257393130     
  0.999742255523837     
  0.999718625472099     
  0.999736206697709     
  0.999665988772244     
  0.999198220438363     
  0.997347032525337     
  0.998050862424577     
  0.999437805098592     
  0.999691869253692     
  0.999566975890880     
  0.998506981452653     
  0.997340360522629     
  0.999448201255032     
  0.999729536383239     
  0.999765860061325     
  0.999750533705967     
  0.999773242021352     
  0.999706899948601     
  0.999777221693465     
  0.999781685523788     
  0.999783261423298     
  0.999785203763401     
  0.999786408499080     
  0.999787474029762     
  0.999787146243435     
  0.999748453779722     
  0.999802531089646     
  0.999419423017106     
  0.989066243896872     
  0.999382163628421     
  0.999767667300145     
  0.999793916887160     
  0.999798635736175     
  0.999801240588046     
  0.999802131875467     
  0.999768850600511     
  0.999751199117928     
  0.999756625836071     
  0.999726627259880     
  0.999214884416704     
  0.999408721537813     
  0.999643494637780     
  0.999691750410949     
  0.999808581129212     
  0.999808110660902     
  0.999799153700256     
  0.999714610348533     
  0.999750457495000     
  0.999843512577679     
  0.984116261932625     
  0.991066831418336     
  0.977086047966295     
  0.968969778714020     
  0.999279951025964     
  0.999615239833687     
  0.999488744918233     
  0.998103501827493     
  0.994032740892188     
  0.999036496169276     
  0.999683981123469     
  0.999797070285090     
  0.999788492533814     
  0.999626573922271     
  0.997956140504374     
  0.959009857562039     
  0.944488003701944     
  0.996700711316416     
  0.999335191814784     
  0.999253028617481     
  0.999721876771344     
  0.999803423999199     
  0.999815635645196     
  0.999822653747330     
  0.999828162827696     
  0.999827981919358     
  0.999827645365623     
  0.999779647500438     
  0.999569448769313     
  0.999386813603534     
  0.998985899545014     
  0.999776730807210     
  0.999838671549013     
  0.999837416270934     
  0.999832961647960     
  0.999804333808735     
  0.999561485688810     
  0.999774344898022     
  0.999831057345820     
  0.999838910442618     
  0.999840228510952     
  0.999840702357281     
  0.999824155248931     
  0.999837948261657     
  0.999841924913369     
  0.999849735771452     
  0.999647470139832     
  0.999339098576801     
  0.999840277444903     
  0.999761096237144     
  0.999608007711615     
  0.999391004519156     
  0.999201905523444     
  0.999824386126223     
  0.999748110978446     
  0.998770982011580     
  0.992678950087195     
  0.992665221704691     
  0.998766859526371     
  0.999686858777498     
  0.999543976109468     
  0.998402331454119     
  0.998403555474777     
  0.999552142016898     
  0.999791143711963     
  0.999807737408885     
  0.999798946131762     
  0.999674202746130     
  0.993599967908682     
  0.986089953041510     
  0.999085328325226     
  0.999809500920279     
  0.999493671400146     
  0.982169714726960     
  0.996626475542903     
  0.999795036406105     
  0.999816959574404     
  0.999704724014991     
  0.997887913670155     
  0.998661849139961     
  0.999779678117800     
  0.999773526130831     
  0.999818024704156     
  0.999830295522256     
  0.999828809342688     
  0.999826086487809     
  0.999821995570715     
  0.999812116705270     
  0.999633833982372     
  0.999757253392048     
  0.999773971882056     
  0.999741524785683     
  0.999174427036127     
  0.992915843750414     
  0.960955236886315     
  0.903296296825643     
  0.929661482617580     
  0.983644675271841     
  0.991203449586971     
  0.965354744630447     
  0.976345991518872     
  0.996377484675742     
  0.999221837365632     
  0.998695294104400     
  0.998475455867818     
  0.999649930917572     
  0.999192828092594     
  0.995150678100154     
  0.917294331434171     
  0.916551898500327     
  0.995393252997331     
  0.999128183191325     
  0.999687039428532     
  0.999758265064673     
  0.999769340607074     
  0.999758356703632     
  0.999561947039016     
  0.999110729110655     
  0.998680284515268     
  0.998680526365392     
  0.998753051978032     
  0.991229174752530     
  0.889813688558492     
  0.913115098668485     
  0.991453150552248     
  0.974202746221558     
  0.900707212101186     
  0.886800331853670     
  0.968649824324078     
  0.991995988641699     
  0.977461221909324     
  0.977200670165067     
  0.994182494919229     
  0.980398111650588     
  0.938632112934290     
  0.965204123992767     
  0.995115109650868     
  0.999008965215761     
  0.999371955211544     
  0.998587366830604     
  0.990991073958162     
  0.960112661513513     
  0.917007738044320     
  0.960384871913508     
  0.994087320347587     
  0.997970212097522     
  0.992170880147367     
  0.987832426480550     
  0.997257401848255     
  0.999591976446424     
  0.993383391224178     
  0.990545408302024     
  0.978968761224330     
  0.954331325258563     
  0.985223612617335     
  0.997298520244841     
  0.999590210738989     
  0.999622222245326     
  0.999398721960049     
  0.999757411132986     
  0.999762018447711     
  0.999766362761352     
  0.999779391398801     
  0.999714238976521     
  0.999599782567398     
  0.999598057413607     
  0.999721984142023     
  0.999774186641441     
  0.999776664252999     
  0.999772302771197     
  0.999649366688498     
  0.999728751451063     
  0.999768199926485     
  0.999760205574461     
  0.999765712477931     
  0.999763123075108     
  0.999753022535959     
  0.999754309828999     
  0.999755127868285     
  0.999751306075332     
  0.999748012395918     
  0.999742985245385     
  0.999727923962936     
  0.999693959376830     
  0.999496062666121     
  0.993739446767654     
  0.997070115163864     
  0.999613180332109     
  0.984479282399226     
  0.966213226272505     
  0.999153821452935     
  0.999662470433667     
  0.999552993444705     
  0.997779254142817     
  0.986689765518389     
  0.949473441763386     
  0.964131117309716     
  0.992769015249740     
  0.998850904307689     
  0.999482874004503     
  0.999106074518807     
  0.998984680113846     
  0.999420649989538     
  0.999597474101661     
  0.993702513151864     
  0.997884734033884     
  0.995537776994161     
  0.996648601773085     
  0.999626998965099     
  0.999629761275419     
  0.999619244647770     
  0.999628987717590     
  0.999623417050142     
  0.999617470301673     
  0.999610310181513     
  0.999598810208314     
  0.999575482418323     
  0.999568252602378     
  0.999521955611571     
  0.999542268866426     
  0.999553428346986     
  0.999543934558991     
  0.998981302794510     
  0.999502014972936     
  0.999454891509266     
  0.999268000810794     
  0.999361591169544     
  0.999292425520149     
  0.997877479760644     
  0.990707016782755     
  0.975425999590432     
  0.997515776498544     
  0.999139998684900     
  0.999021670172285     
  0.996917643079823     
  0.994242375803580     
  0.997223361575341     
  0.995497063090644     
  0.953597186181651     
  0.968969821001042     
  0.805287406473710     
  0.975983103678896     
  0.996730486201013     
  0.999038996389070     
  0.999177571334998     
  0.999164718679573     
  0.999098696089288     
  0.998638448855271     
  0.994727630187446     
  0.939280107015301     
  0.939308832990911     
  0.994170051573651     
  0.994693796166721     
  0.986811853517981     
  0.994850190466433     
  0.998377263760905     
  0.998945027819672     
  0.998966432936297     
  0.998943578267920     
  0.998917956229481     
  0.998895245802841     
  0.998867551178854     
  0.998835993293847     
  0.998793963163385     
  0.998764900418178     
  0.998714369695208     
  0.998616107798925     
  0.998276644878666     
  0.997807792980318     
  0.998178997108848     
  0.998432976861415     
  0.998408778278037     
  0.997857874545103     
  0.998339554201833     
  0.998287672745492     
  0.998015390401041     
  0.998066668524409     
  0.998069884494793     
  0.997866287130441     
  0.996422172395157     
  0.985921598513505     
  0.984117403385552     
  0.949343518820102     
  0.963218547627893     
  0.992610578466606     
  0.987465113632066     
  0.976158264389694     
  0.992075572139265     
  0.990708491724717     
  0.992295941096749     
  0.994373265684609     
  0.996335481382598     
  0.996471867581486     
  0.996275934873625     
  0.996083006631217     
  0.995868794401921     
  0.995610216339415     
  0.995404424097577     
  0.995141652710233     
  0.994813808330959     
  0.994557450554069     
  0.994361301104819     
  0.991614241084264     
  0.987094344525015     
  0.993249196415803     
  0.992623118929489     
  0.992105967132039     
  0.991574313153650     
  0.991293857542118     
  0.990834250713220     
  0.990311767764921     
  0.989721544047505     
  0.989123591805772     
  0.988518487865352     
  0.987806800552089     
  0.986967029945713     
  0.986146713998607     
  0.985197700678531     
  0.984179199388828     
  0.982970907508964     
  0.981355373369889     
  0.975887222032762     
  0.970210134542907     
  0.973186624579678     
  0.974648781961317     
  0.973150794014207     
  0.970791756406680     
  0.968656045351777     
  0.966498731407116     
  0.963894395816647     
  0.961418895487571     
  0.958779763608043     
  0.956123424456515     
  0.953673296421280     
  0.951362054581933     
  0.949065672721710     
  0.947171850417455     
  0.946926032263802     
  0.948588585818594     
  0.950847497685230     
  0.953188649792400     
  0.955620792900058     
  0.958199808700068     
  0.960475339928863     
  0.962746644140565     
  0.965753628211066     
  0.968196075822519     
  0.970534125130800     
  0.972732770530951     
  0.974636277335062     
  0.976595377899703     
  0.978298248820461     
  0.979786700556277     
  0.981325299290557     
  0.982574720188285     
  0.983923574147955     
  0.984851180550625     
  0.985402695874941     
  0.986605360900892     
  0.987683202788014     
  0.988002198574683     
  0.985439153111069     
  0.973514683011911     
  0.982274835974487     
  0.987732799554113     
  0.991134568044176     
  0.991534374315198     
  0.992153802802540     
  0.992591784086925     
  0.993041282330832     
  0.993434155098074     
  0.993529038737429     
  0.992650308090747     
  0.982958344509215     
  0.966188805048075     
  0.987515250444800     
  0.994346539246597     
  0.995512434109968     
  0.995838665341661     
  0.995956399601837     
  0.995324414555671     
  0.991428400072101     
  0.992170912429542     
  0.996008171897139     
  0.996741010719371     
  0.996979677070840     
  0.997233082145848     
  0.997351825063328     
  0.997463684297224     
  0.997568996394298     
  0.997664792890361     
  0.997760741663561     
  0.997847684920702     
  0.997928206090536     
  0.997990671426895     
  0.997918148822445     
  0.998145890398352     
  0.998212978621547     
  0.998264912148228     
  0.998328167470933     
  0.998376842086765     
  0.997724437288829     
  0.998251304674239     
  0.998531483182857     
  0.998582221486449     
  0.998623434753703     
  0.998661407124542     
  0.998696248128369     
  0.998727842410076     
  0.998756407263079     
  0.998780238508712     
  0.998794730543963     
  0.998772719144065     
  0.998607882060282     
  0.998660326191072     
  0.998429705045986     
  0.998625737187355     
  0.998671370491705     
  0.998503257643598     
  0.998100443397199     
  0.995584834839678     
  0.963028901890827     
  0.749302795099707     
  0.519401361927133     
  0.906539985431125     
  0.986129691736260     
  0.997369362380923     
  0.987845898990895     
  0.995217425646171     
  0.994607738893657     
  0.998864418000547     
  0.999127868999324     
  0.998867238646224     
  0.997263137444398     
  0.994747377159448     
  0.997115420742362     
  0.998516105644030     
  0.999126070267800     
  0.999268707434766     
  0.999340056522067     
  0.999416586756030     
  0.999436817560359     
  0.999409267883321     
  0.999072269058723     
  0.997852618004005     
  0.997132892096746     
  0.998816441778430     
  0.999404723786653     
  0.999481486907191     
  0.999545969934063     
  0.999559632663832     
  0.999570451113515     
  0.999579333235783     
  0.999587614272866     
  0.999595387497773     
  0.999601209141302     
  0.999604003880424     
  0.999599272399690     
  0.999502649800793     
  0.995881523991292     
  0.998275559025658     
  0.999905576562864     
  0.997002185457412     
  0.990254940846150     
  0.999022182581986     
  0.998824719365870     
  0.999371044689496     
  0.999625617428262     
  0.999674955121232     
  0.999687562268428     
  0.999783818146094     
  0.999606431198121     
  0.993589749428910     
  0.999145843733699     
  0.999841530271359     
  0.999723425864180     
  0.999720046460405     
  0.999722796530375     
  0.999733522103277     
  0.999740356823661     
  0.999769881364013     
