  0.999541211823597     
  0.999539813479939     
  0.999530398294465     
  0.999533221886464     
  0.999524217827955     
  0.999477820168246     
  0.999445688754841     
  0.999435706562116     
  0.999498771148202     
  0.999400374122445     
  0.998391528565792     
  0.988414350261343     
  0.995597292005528     
  0.998805194867165     
  0.999318054896153     
  0.999272872926027     
  0.998756741004084     
  0.994491115505587     
  0.897803956673423     
  0.778806056652709     
  0.960886797526878     
  0.987180240423526     
  0.978714481442438     
  0.995630879540440     
  0.998643597439723     
  0.999225311809634     
  0.999384462132255     
  0.999406008108899     
  0.999413620360401     
  0.999415699511106     
  0.999412356133410     
  0.999272103190853     
  0.999186038746755     
  0.999399083963531     
  0.999399871188298     
  0.999394385670752     
  0.999388182331361     
  0.999381231519624     
  0.999373201068359     
  0.999346610707106     
  0.999356460074616     
  0.999349709741243     
  0.999305004970589     
  0.999297061576210     
  0.999320863587342     
  0.999305399978428     
  0.999300001990307     
  0.999286278799059     
  0.999264447019320     
  0.999155224041945     
  0.998601556592298     
  0.993518620182747     
  0.996481367234302     
  0.998962823719978     
  0.999280775454413     
  0.997843135744489     
  0.962599513595183     
  0.990871897614413     
  0.989803259436340     
  0.991419140908621     
  0.999095858706009     
  0.998833661489193     
  0.999044054413415     
  0.999076737597889     
  0.999062130187749     
  0.999045341457076     
  0.999027642087394     
  0.999008864352329     
  0.998989465366924     
  0.998969826428933     
  0.998947897390616     
  0.998840913211892     
  0.998905212231888     
  0.998869209413711     
  0.998852295937855     
  0.998784351572222     
  0.998239036423337     
  0.998666634961405     
  0.998048155182036     
  0.993066438059342     
  0.997855631813266     
  0.998565496051507     
  0.998615953827624     
  0.998584758100368     
  0.998423812937054     
  0.998511531898915     
  0.998434569540979     
  0.998127293927383     
  0.995450005464427     
  0.997396367864894     
  0.997904690288317     
  0.996780327765674     
  0.993985666173387     
  0.993868933665362     
  0.990313003987987     
  0.997357290832413     
  0.997936513344654     
  0.997949774886080     
  0.997856268111550     
  0.997302267957723     
  0.997447480415807     
  0.997680258958687     
  0.997611695678758     
  0.997534009592107     
  0.997439296824490     
  0.997322939787554     
  0.997173237486282     
  0.997064104527304     
  0.995945763445812     
  0.996913370783917     
  0.996821877826409     
  0.996712488198820     
  0.996580295020092     
  0.996438608318853     
  0.996286403818533     
  0.996114545812851     
  0.995928439786301     
  0.995716564643989     
  0.995461783966348     
  0.995141502655599     
  0.994693288941315     
  0.993500255562197     
  0.893680026788479     
  0.789994838414316     
  0.982492858349986     
  0.993129754342473     
  0.992947423059153     
  0.990903862865837     
  0.953773855294538     
  0.836525992124740     
  0.965230054301063     
  0.966993955294609     
  0.910644685035132     
  0.982146771843167     
  0.988710382550790     
  0.988108313172283     
  0.987124886606837     
  0.984761549573165     
  0.940337612733388     
  0.900306979365161     
  0.973195972838046     
  0.843562101017686     
  0.855345992029185     
  0.857633561193446     
  0.972924391809258     
  0.971845030027778     
  0.968301484266076     
  0.961153106440311     
  0.949454134729444     
  0.956330234760672     
  0.944666004804231     
  0.945667831393891     
  0.935377063278369     
  0.919779736617064     
  0.837612285656909     
  0.860925348627870     
  0.893368911580839     
  0.875372726899703     
  0.854785279963882     
  0.842805196945569     
  0.849890267763284     
  0.865810390971916     
  0.879027449155843     
  0.886913966227017     
  0.885907293497584     
  0.874149154231663     
  0.848492543657315     
  0.799672814707594     
  0.720390984757660     
  0.585025698596754     
  0.488341849860618     
  0.477837002945253     
  0.525766578038497     
  0.609637942925664     
  0.707136928468701     
  0.781825771659937     
  0.826030480309948     
  0.853733857709124     
  0.875482468573779     
  0.892973224013255     
  0.907696392474624     
  0.922320542658367     
  0.936115908645871     
  0.945899012184246     
  0.952308085451704     
  0.958176781496330     
  0.963652847873148     
  0.967451766767809     
  0.970162618826612     
  0.972675389992624     
  0.974933505679482     
  0.977088202009717     
  0.978988104281006     
  0.980743527891867     
  0.982363248596130     
  0.983910748961386     
  0.985281193612856     
  0.986667749731080     
  0.987892788723078     
  0.988969002562542     
  0.989841955593769     
  0.989568608617698     
  0.990625124684392     
  0.991674639848982     
  0.992601247121688     
  0.993036580758085     
  0.993519644818177     
  0.993983724599547     
  0.994316199261203     
  0.994592000007793     
  0.994471399486945     
  0.995030653694834     
  0.995410743147708     
  0.995642845420616     
  0.995787070398409     
  0.996091617637413     
  0.996280174108680     
  0.996435217828008     
  0.996471479724037     
  0.991371273068096     
  0.986696965297040     
  0.996081944983350     
  0.996139662223828     
  0.997171026482034     
  0.997361853563436     
  0.997339959939081     
  0.985939113510965     
  0.997233692617650     
  0.997745797118046     
  0.997754785624705     
  0.996383912688198     
  0.997796068273230     
  0.997927335178302     
  0.997748803982196     
  0.997575578735919     
  0.997021921087235     
  0.991414273691831     
  0.907803906473200     
  0.869639403808241     
  0.948473410618864     
  0.994179538744365     
  0.997534909918048     
  0.998064100297674     
  0.998142410019970     
  0.998013213307324     
  0.996061542769079     
  0.981931842822488     
  0.772847872564383     
  0.757639780892788     
  0.741677084282486     
  0.904465283613706     
  0.992019698232550     
  0.997766284094712     
  0.996798471567051     
  0.998412486645779     
  0.998778182338838     
  0.998874013392178     
  0.998926150072791     
  0.998962237681204     
  0.998951508236921     
  0.998729485952850     
  0.998849258231459     
  0.998294571977670     
  0.999094469219937     
  0.999133167151044     
  0.999157266930910     
  0.998836985466732     
  0.999183099052273     
  0.999221348047944     
  0.999239271412656     
  0.999256177696299     
  0.999272168851359     
  0.999283577227645     
  0.999268450987971     
  0.998929088995131     
  0.999039569461340     
  0.999316250163061     
  0.999318826654417     
  0.998892286935667     
  0.999213348367137     
  0.999377497599319     
  0.999404703921805     
  0.999403951484108     
  0.999153268066767     
  0.998222228006470     
  0.999347526851717     
  0.999450920980905     
  0.999463899715984     
  0.999454821814659     
  0.999346110775240     
  0.999447135433066     
  0.999390501581722     
  0.999306538552138     
  0.999488175309893     
  0.999485034455952     
  0.999473374699357     
  0.999445894423249     
  0.999393250372140     
  0.999398150084827     
  0.994763346093500     
  0.962272217575668     
  0.990776103985967     
  0.998926423004809     
  0.973461898480498     
  0.950538064274973     
  0.994914148169671     
  0.999306247604602     
  0.999296302282334     
  0.999404150589163     
  0.999399365234916     
  0.999021157154935     
  0.993892178671937     
  0.910477284853531     
  0.944827095598349     
  0.980819417132763     
  0.998467435755427     
  0.999414433801079     
  0.999319727223875     
  0.999596377887008     
  0.999652877177724     
  0.999666456561490     
  0.999674566287408     
  0.999681528570533     
  0.999687322114917     
  0.999690911857443     
  0.999664943234517     
  0.999663434031289     
  0.999706306241441     
  0.999708562364117     
  0.999690435488908     
  0.999460510531930     
  0.999642742502410     
  0.999666662878425     
  0.999597899347971     
  0.999641627399121     
  0.999577950428401     
  0.999248007116942     
  0.999715079075649     
  0.999737932609678     
  0.999740074575983     
  0.999711113939336     
  0.999736046084079     
  0.999682714533779     
  0.999308610791212     
  0.997602530197967     
  0.998270036887255     
  0.999505778175287     
  0.999699034637898     
  0.999596831190337     
  0.998576334216587     
  0.997333565207559     
  0.999504759186000     
  0.999735379055936     
  0.999764912097892     
  0.999746302111417     
  0.999771336750747     
  0.999690962826614     
  0.999775882668236     
  0.999780730028491     
  0.999782379949881     
  0.999784326622257     
  0.999785504455270     
  0.999786602249822     
  0.999786137602257     
  0.999729912350407     
  0.999776529508773     
  0.999251123653249     
  0.988024347934056     
  0.999209330611181     
  0.999728819521400     
  0.999792478996607     
  0.999798448130164     
  0.999801106028630     
  0.999802180065426     
  0.999761002025938     
  0.999729494670936     
  0.999767666526176     
  0.999741049281598     
  0.999166364267597     
  0.999384038897260     
  0.999582268278160     
  0.999628975766308     
  0.999809063989188     
  0.999808646273147     
  0.999800917661643     
  0.999710466085977     
  0.999722622843157     
  0.999659429697657     
  0.982517107705774     
  0.989994223143087     
  0.974750905033836     
  0.963512218426069     
  0.999387515110852     
  0.999624930796489     
  0.999522377817607     
  0.998275233881550     
  0.994266741497867     
  0.999186891474824     
  0.999704875480321     
  0.999799105535282     
  0.999789380657398     
  0.999659025753586     
  0.998257595674662     
  0.955738888311395     
  0.939605699318173     
  0.997044144732337     
  0.999390202239308     
  0.999250611721041     
  0.999734643826755     
  0.999808420049394     
  0.999818527874249     
  0.999825444116028     
  0.999830652980064     
  0.999830613095919     
  0.999831159368549     
  0.999795670176973     
  0.999629537939431     
  0.999457013075674     
  0.998941036604452     
  0.999769749244035     
  0.999837563441821     
  0.999840152715501     
  0.999837164954906     
  0.999814085618829     
  0.999571896285179     
  0.999781382146581     
  0.999836220457283     
  0.999842529960171     
  0.999843084277389     
  0.999844150512247     
  0.999815360552122     
  0.999839358820359     
  0.999845496434736     
  0.999851019919430     
  0.999626040776669     
  0.999293339129763     
  0.999842214110460     
  0.999774845674206     
  0.999612543451527     
  0.999320480831114     
  0.999080117904646     
  0.999832129135200     
  0.999774373870911     
  0.999042547107385     
  0.993599632112225     
  0.993585521682769     
  0.999036064483963     
  0.999717391386954     
  0.999611082851106     
  0.998575458665968     
  0.998575924394722     
  0.999617779258838     
  0.999804342004433     
  0.999810219434107     
  0.999797312264587     
  0.999669327680470     
  0.992543017186409     
  0.983587350939853     
  0.999002196421017     
  0.999800325037312     
  0.999387254580585     
  0.980818250293881     
  0.996295147758333     
  0.999755407297267     
  0.999823280188788     
  0.999710870300234     
  0.997605891751069     
  0.998532351387540     
  0.999790583187781     
  0.999760376188421     
  0.999820070503380     
  0.999838004848073     
  0.999836721321160     
  0.999834410964301     
  0.999830782681167     
  0.999822317779995     
  0.999615354707460     
  0.999761643344999     
  0.999783146294560     
  0.999761412649335     
  0.999330791719370     
  0.994616551948824     
  0.967623803863725     
  0.913237950774564     
  0.938522889353489     
  0.987427565115044     
  0.992606711061644     
  0.965898709518632     
  0.977248694798799     
  0.997039824241197     
  0.999319942680792     
  0.998648574210759     
  0.998412688688152     
  0.999667036259502     
  0.999304990902542     
  0.996125227272089     
  0.911059774627716     
  0.910200395577666     
  0.996398302077306     
  0.999246042045346     
  0.999706636374706     
  0.999770190715062     
  0.999780427321521     
  0.999771350483705     
  0.999565096283537     
  0.999109791895220     
  0.998795702816196     
  0.998809100501873     
  0.998954511553770     
  0.992151474423995     
  0.882123556964685     
  0.907615023714168     
  0.993074832495879     
  0.979998044601895     
  0.911826526288756     
  0.897808714671471     
  0.975353375264380     
  0.993635941899886     
  0.978481391838737     
  0.978199397142210     
  0.995149219597680     
  0.982389106512687     
  0.941034490405226     
  0.967476977393971     
  0.995998070381589     
  0.999140196920211     
  0.999421589747564     
  0.998807129085012     
  0.992234663855005     
  0.963063441382689     
  0.920418381476729     
  0.963543225092437     
  0.995221622265392     
  0.998308292381494     
  0.992430143909158     
  0.987910200319808     
  0.997569279340981     
  0.999615814993260     
  0.992815925065072     
  0.990785257693811     
  0.982235341227286     
  0.958807807727883     
  0.987976417487368     
  0.997848636904232     
  0.999656564507804     
  0.999633341571143     
  0.999369527662222     
  0.999781165101437     
  0.999775968389571     
  0.999781628248602     
  0.999803572740565     
  0.999738959755052     
  0.999644423879740     
  0.999642479885483     
  0.999749315015892     
  0.999799431142950     
  0.999801221859993     
  0.999797444202227     
  0.999656791453015     
  0.999750114071212     
  0.999794054956797     
  0.999784803752440     
  0.999791821001656     
  0.999789552359145     
  0.999778451263451     
  0.999780839775163     
  0.999782488949857     
  0.999778975752859     
  0.999776143728452     
  0.999771598516767     
  0.999758448737588     
  0.999730206216574     
  0.999485181707206     
  0.993179084536373     
  0.996773359672546     
  0.999569672849556     
  0.983462992903923     
  0.963987509360610     
  0.999111506362412     
  0.999694539495908     
  0.999616326800175     
  0.998286658618781     
  0.989469461769438     
  0.954736843285448     
  0.968803012522326     
  0.994465016264441     
  0.999092404841773     
  0.999564588506090     
  0.999234719384420     
  0.999121287195049     
  0.999510668760594     
  0.999641901975165     
  0.991044577403206     
  0.997159875078697     
  0.993735469660721     
  0.995358956064539     
  0.999667038635374     
  0.999671547466741     
  0.999660589355077     
  0.999675025761476     
  0.999670389754771     
  0.999665792926900     
  0.999659826192386     
  0.999650569679787     
  0.999631546150218     
  0.999625554434042     
  0.999573640453351     
  0.999596022616536     
  0.999610647481343     
  0.999603725203847     
  0.998914989691249     
  0.999565200344797     
  0.999528978185802     
  0.999354340115120     
  0.999445081924719     
  0.999397473167685     
  0.998120031936634     
  0.991480029105927     
  0.973705260679837     
  0.997908809643099     
  0.999272270979766     
  0.999180467970471     
  0.997292378093120     
  0.994742338603394     
  0.997507526563349     
  0.995820665838465     
  0.949201131770347     
  0.970937377547588     
  0.790118163749215     
  0.978081205400761     
  0.997391956491330     
  0.999154196478792     
  0.999267456452019     
  0.999254991566175     
  0.999190335732217     
  0.998793601080802     
  0.995201927912660     
  0.931867984932301     
  0.931921684163384     
  0.994794162755157     
  0.995559253481733     
  0.988078470280776     
  0.995709560734450     
  0.998662440604535     
  0.999089573800488     
  0.999102946913622     
  0.999087082345410     
  0.999063558447878     
  0.999046432636519     
  0.999026841157800     
  0.999000532580448     
  0.998962894947735     
  0.998940885921846     
  0.998892277981614     
  0.998817809838170     
  0.998543794739097     
  0.998113674179813     
  0.998459646751190     
  0.998665639204696     
  0.998633121799721     
  0.997995036357060     
  0.998580716336893     
  0.998534407292232     
  0.998254663259248     
  0.998324989497452     
  0.998348453472922     
  0.998181950596897     
  0.996806963857867     
  0.985745997713516     
  0.986986663260230     
  0.953457047830498     
  0.965688598963270     
  0.994059522377513     
  0.988962349438317     
  0.977946567436445     
  0.993228262862470     
  0.990802388604661     
  0.992293397097648     
  0.994571948010377     
  0.996776196968742     
  0.996988790679705     
  0.996825684972662     
  0.996662283320394     
  0.996478066559949     
  0.996244259987207     
  0.996084739417547     
  0.995860918344959     
  0.995548014845791     
  0.995360614744920     
  0.995174183871135     
  0.992155304473896     
  0.987322333467377     
  0.994191596464168     
  0.993705215279090     
  0.993247680478912     
  0.992746121104710     
  0.992571800540588     
  0.992183798441481     
  0.991739523067210     
  0.991238387263546     
  0.990727370635081     
  0.990206657158506     
  0.989597423436112     
  0.988878532958974     
  0.988175704063667     
  0.987360803791701     
  0.986484245553417     
  0.985449345673690     
  0.984057948265026     
  0.978484255015782     
  0.973187910840652     
  0.976835880126551     
  0.978333258000811     
  0.977013105004500     
  0.974878851347379     
  0.973123110344818     
  0.971288264992815     
  0.969050896906791     
  0.966937212300962     
  0.964689018453092     
  0.962437423952166     
  0.960378417337383     
  0.958441650835778     
  0.956476907836558     
  0.954811993773723     
  0.954590845555401     
  0.956064267903977     
  0.958008962742906     
  0.959974900147989     
  0.962016368418081     
  0.964198997817910     
  0.966071815312809     
  0.967947634203574     
  0.970644986420561     
  0.972749117128264     
  0.974760683079963     
  0.976652521048300     
  0.978288655771054     
  0.979975607000294     
  0.981439043428099     
  0.982716378457952     
  0.984035306277553     
  0.985074952603411     
  0.986242114414808     
  0.986988853090824     
  0.987357934737980     
  0.988457786656390     
  0.989477097003706     
  0.989799459590497     
  0.987686290534264     
  0.976298110937579     
  0.984680219506896     
  0.988834276928532     
  0.992427014163007     
  0.992724058736352     
  0.993309131994091     
  0.993683186305967     
  0.994067042063481     
  0.994402063737923     
  0.994447133023542     
  0.993840674256672     
  0.985072992855676     
  0.968753148637376     
  0.989321102416635     
  0.995254259508729     
  0.996178055730350     
  0.996451873400395     
  0.996562529956097     
  0.996091903623375     
  0.992510436584680     
  0.993202957237204     
  0.996667871345590     
  0.997182737192340     
  0.997379730447118     
  0.997640051969496     
  0.997741610778657     
  0.997836548832929     
  0.997925790103698     
  0.998004782546248     
  0.998088428201370     
  0.998162009931305     
  0.998230224547954     
  0.998279259816687     
  0.998162400960276     
  0.998413946574041     
  0.998470576926556     
  0.998502503461219     
  0.998561850235506     
  0.998608853714151     
  0.997826505862369     
  0.998424282547572     
  0.998737054596979     
  0.998778401891905     
  0.998811941756509     
  0.998842623636235     
  0.998870249923482     
  0.998894479887265     
  0.998915903173535     
  0.998932455274037     
  0.998940399906994     
  0.998917696049528     
  0.998755686790633     
  0.998791617862296     
  0.998507236780640     
  0.998699774405507     
  0.998735256047737     
  0.998534788862094     
  0.998080788822461     
  0.995827925997004     
  0.964436914552221     
  0.744012829278448     
  0.495563698345068     
  0.914048615167839     
  0.988286480924263     
  0.997247422559349     
  0.986848503188252     
  0.994905411084119     
  0.994256950319130     
  0.998858651241588     
  0.999180576472355     
  0.998982179746345     
  0.997486109412481     
  0.994857027434199     
  0.997314434142978     
  0.998740193373657     
  0.999248453824278     
  0.999349787501095     
  0.999411701966406     
  0.999481383535665     
  0.999499489354174     
  0.999484114339108     
  0.999229148753651     
  0.998190772232778     
  0.997436236192519     
  0.999027563300492     
  0.999486058119109     
  0.999533314691853     
  0.999600311114896     
  0.999613409090502     
  0.999622909507618     
  0.999630655513202     
  0.999637771005944     
  0.999644273908995     
  0.999648787667623     
  0.999650053511869     
  0.999642925977483     
  0.999535025751470     
  0.995629956721840     
  0.998190131597278     
  0.999827208686090     
  0.996126723715432     
  0.988353174042215     
  0.998889370090109     
  0.998989800903789     
  0.999474948443390     
  0.999673177272342     
  0.999711454383896     
  0.999720403496780     
  0.999785618632621     
  0.999388040675999     
  0.992320548839585     
  0.998823380198550     
  0.999828536230872     
  0.999751477276361     
  0.999751801552138     
  0.999754532743458     
  0.999764435114320     
  0.999769913817796     
  0.999790472357309     
