  0.999556761318385     
  0.999554521426408     
  0.999543570630331     
  0.999546571649979     
  0.999540751542191     
  0.999503498931487     
  0.999469378944358     
  0.999461247363258     
  0.999514060489116     
  0.999373407704876     
  0.997937270236758     
  0.987208541747143     
  0.994505271105707     
  0.998581838781325     
  0.999335900992294     
  0.999308801345884     
  0.998687271663478     
  0.993198093636219     
  0.905920473145529     
  0.800307951597793     
  0.960617346345205     
  0.985855385822587     
  0.977098905833393     
  0.994395895384895     
  0.998387167373372     
  0.999228274262895     
  0.999402618271187     
  0.999426041453003     
  0.999433062398359     
  0.999434680446174     
  0.999430445888493     
  0.999306908027887     
  0.999233243485943     
  0.999416685654649     
  0.999418195082127     
  0.999412922933636     
  0.999406768707991     
  0.999400047261448     
  0.999392057976430     
  0.999369587422506     
  0.999376202213315     
  0.999369295600340     
  0.999327473415169     
  0.999319579301600     
  0.999341915717724     
  0.999327373198855     
  0.999320639821609     
  0.999307103881773     
  0.999284222583923     
  0.999152161993329     
  0.998471917819669     
  0.993637227632951     
  0.996354858611316     
  0.998907777131088     
  0.999366440806730     
  0.998677917099035     
  0.966455787523803     
  0.992317681109568     
  0.990932424700928     
  0.992238719352726     
  0.999177372122014     
  0.998914787701732     
  0.999080919730176     
  0.999104413089321     
  0.999090517837253     
  0.999074312322555     
  0.999057153119246     
  0.999039093579220     
  0.999020256055108     
  0.999001319050224     
  0.998980133821706     
  0.998895280491200     
  0.998938814328547     
  0.998906430492916     
  0.998886944253469     
  0.998799217721921     
  0.998233842433004     
  0.998668744521842     
  0.998166846288428     
  0.994153025178630     
  0.998007266541089     
  0.998622231124660     
  0.998659401410085     
  0.998628994813257     
  0.998502082834650     
  0.998556267868899     
  0.998464365979445     
  0.998065258084099     
  0.995334498076969     
  0.997424507891794     
  0.997848416636332     
  0.996310050731246     
  0.993049093188120     
  0.992694604976596     
  0.989597362297776     
  0.997116110737315     
  0.997963300915501     
  0.998007764188282     
  0.997902736233029     
  0.997334653473992     
  0.997531314737357     
  0.997744094597427     
  0.997689391188341     
  0.997613514574518     
  0.997520493423139     
  0.997389714823803     
  0.997223245001368     
  0.997117188952252     
  0.996468724216025     
  0.997007575685421     
  0.996919707904809     
  0.996816146643700     
  0.996688973824693     
  0.996552109687168     
  0.996405153550208     
  0.996241050992341     
  0.996061171984220     
  0.995857387103572     
  0.995614568003727     
  0.995312682263078     
  0.994920561594606     
  0.994160364144524     
  0.907087928162194     
  0.816667563431716     
  0.984672563712614     
  0.993482994944711     
  0.993150379593867     
  0.990605831503057     
  0.955661664204821     
  0.852271327129998     
  0.965502458421566     
  0.968245598377659     
  0.919362065924484     
  0.982232202861394     
  0.988881467798357     
  0.988452192903637     
  0.987443222467555     
  0.984704169062140     
  0.944916237115124     
  0.910105565530197     
  0.973120735889446     
  0.865818000765895     
  0.871750107157763     
  0.874220042027217     
  0.974205501922211     
  0.972554260578359     
  0.968628729304552     
  0.960437434707789     
  0.948686866840146     
  0.956813858195589     
  0.946475953143077     
  0.946981772318153     
  0.936870045672086     
  0.922712983044610     
  0.850821449843355     
  0.869544631763392     
  0.895023616450808     
  0.876508835691777     
  0.855921836266832     
  0.844141661959824     
  0.851249991179999     
  0.867116615927129     
  0.880369291763069     
  0.888221481216180     
  0.887270533850044     
  0.875474309441610     
  0.849317927293523     
  0.798989136146070     
  0.716702019732314     
  0.581641351756080     
  0.488614969830048     
  0.478513815504118     
  0.524254778095220     
  0.607037448822765     
  0.704294119192742     
  0.780302980817076     
  0.825662147113700     
  0.853942652131020     
  0.875927645337573     
  0.893696826040678     
  0.908743123330022     
  0.923556953118331     
  0.937394480315375     
  0.947141010070511     
  0.953496576808394     
  0.959288895634579     
  0.964683343054545     
  0.968406063188148     
  0.971049372664809     
  0.973497574637522     
  0.975706671577598     
  0.977791957552463     
  0.979640012249002     
  0.981345803899172     
  0.982918331647945     
  0.984423590173735     
  0.985773559310880     
  0.987107723626964     
  0.988294264593013     
  0.989343566416958     
  0.990235090019701     
  0.990022395101665     
  0.991021069256300     
  0.992005857359908     
  0.992868196156888     
  0.993294097614407     
  0.993749170808718     
  0.994182336271486     
  0.994491629810046     
  0.994748137294437     
  0.994677610971751     
  0.995180655479028     
  0.995544926210187     
  0.995785496790901     
  0.995942897954872     
  0.996223476441129     
  0.996406853554973     
  0.996555867627308     
  0.996580774906422     
  0.992362908494288     
  0.988588785595835     
  0.996177213853210     
  0.996238486256366     
  0.997234062221897     
  0.997443804893667     
  0.997402594490617     
  0.988241480208105     
  0.997326069658803     
  0.997817294361856     
  0.997862528656535     
  0.996619393931819     
  0.997900890117747     
  0.998000918479865     
  0.997849653465119     
  0.997652624023100     
  0.996887720302693     
  0.989641222552654     
  0.913572296574011     
  0.879096790344654     
  0.949016048971439     
  0.993068881836081     
  0.997534585745367     
  0.998131307820168     
  0.998209702356001     
  0.998055694154105     
  0.995478215759756     
  0.977056450037969     
  0.784933779787029     
  0.769369633835433     
  0.757329922133193     
  0.905267417667425     
  0.989778052239128     
  0.997615763877897     
  0.997126285890495     
  0.998448794279015     
  0.998809378115255     
  0.998909720727542     
  0.998960622336645     
  0.998993388669886     
  0.998975831516062     
  0.998766132611768     
  0.998891684297665     
  0.998418272538962     
  0.999124053712795     
  0.999162437520874     
  0.999183115428006     
  0.999008153427216     
  0.999212133244253     
  0.999244118551302     
  0.999261640432436     
  0.999277881724089     
  0.999293069657227     
  0.999302244388937     
  0.999276410090094     
  0.998939892728020     
  0.999084883468737     
  0.999330965441797     
  0.999321461403753     
  0.998876253864937     
  0.999198006839211     
  0.999386639993020     
  0.999420445962593     
  0.999415239661778     
  0.999183484960779     
  0.998398256919440     
  0.999361242096077     
  0.999464738506669     
  0.999479403219219     
  0.999473126864899     
  0.999378232480333     
  0.999466846908397     
  0.999443398554879     
  0.999397464006039     
  0.999505439034931     
  0.999504442433240     
  0.999495093812131     
  0.999472401949895     
  0.999436043433399     
  0.999580728392786     
  0.996195505931439     
  0.968764851908956     
  0.992925956263688     
  0.999740668439404     
  0.979039783024090     
  0.959394787085365     
  0.996793959266648     
  0.999566741151924     
  0.999353983710115     
  0.999440844314478     
  0.999427993651224     
  0.998933485251972     
  0.993316116303595     
  0.919119078182431     
  0.949193905710467     
  0.982465598990508     
  0.998372338255815     
  0.999398897351682     
  0.999398592923857     
  0.999613582954116     
  0.999662807600339     
  0.999674011370945     
  0.999681559142685     
  0.999688088976275     
  0.999693520408759     
  0.999696009014761     
  0.999674325531928     
  0.999675204428984     
  0.999711131107153     
  0.999712480944679     
  0.999684522764661     
  0.999438468260824     
  0.999625109182957     
  0.999679010734773     
  0.999613468297915     
  0.999616212946662     
  0.999573758442244     
  0.999413375195763     
  0.999719722947086     
  0.999740886363661     
  0.999742845579784     
  0.999720657719514     
  0.999736250151793     
  0.999661463610120     
  0.999168354272192     
  0.997277907482753     
  0.997991564631773     
  0.999419414933736     
  0.999689930653302     
  0.999558898513840     
  0.998488217997427     
  0.997342199001656     
  0.999432899445662     
  0.999727955641394     
  0.999766116534002     
  0.999751678569391     
  0.999773757494947     
  0.999711211760107     
  0.999777583968796     
  0.999781944034581     
  0.999783499907422     
  0.999785441075488     
  0.999786653089803     
  0.999787709891499     
  0.999787419133314     
  0.999753470201590     
  0.999809565872922     
  0.999464956782381     
  0.989348131232428     
  0.999428924009044     
  0.999778177661080     
  0.999794305912054     
  0.999798686493470     
  0.999801276993459     
  0.999802118837550     
  0.999770974054266     
  0.999757071318168     
  0.999753638744931     
  0.999722725338511     
  0.999228011692308     
  0.999415399503900     
  0.999660059626442     
  0.999708734297719     
  0.999808450489824     
  0.999807965749172     
  0.999798676454309     
  0.999715731593638     
  0.999757988261970     
  0.999893316888465     
  0.984548919200055     
  0.991357029751590     
  0.977717830116867     
  0.970446343593271     
  0.999250849122094     
  0.999612617903333     
  0.999479645394716     
  0.998057038979810     
  0.993969431004830     
  0.998995806049008     
  0.999678328060537     
  0.999796519638787     
  0.999788252247829     
  0.999617793925092     
  0.997874580353355     
  0.959894834307443     
  0.945808935414091     
  0.996607793673133     
  0.999320308462878     
  0.999253682521425     
  0.999718422577397     
  0.999802072291217     
  0.999814853137032     
  0.999821898797841     
  0.999827489103205     
  0.999827270039805     
  0.999826694632190     
  0.999775312473178     
  0.999553191294476     
  0.999367820722660     
  0.998998037481452     
  0.999778619711299     
  0.999838971354175     
  0.999836675908956     
  0.999831824416999     
  0.999801695394857     
  0.999558669035498     
  0.999772440924913     
  0.999829660432258     
  0.999837931158221     
  0.999839455864266     
  0.999839769435672     
  0.999826534714150     
  0.999837566625265     
  0.999840958613373     
  0.999849388336181     
  0.999653268006621     
  0.999351479124326     
  0.999839753465988     
  0.999757376226114     
  0.999606780533599     
  0.999410085230328     
  0.999234856083409     
  0.999822291196086     
  0.999741005350616     
  0.998697507963395     
  0.992429852342098     
  0.992416227258902     
  0.998694023973553     
  0.999678597933792     
  0.999525819834593     
  0.998355490466649     
  0.998356919637082     
  0.999534383313048     
  0.999787572802798     
  0.999807065875888     
  0.999799388188495     
  0.999675521737199     
  0.993885935128806     
  0.986767054011825     
  0.999107820397883     
  0.999811983537354     
  0.999522463429166     
  0.982535365704054     
  0.996716119308758     
  0.999805758427110     
  0.999815249473410     
  0.999703061079865     
  0.997964217364244     
  0.998696885989630     
  0.999776727646461     
  0.999777083974826     
  0.999817471193240     
  0.999828209688499     
  0.999826668678693     
  0.999823834217794     
  0.999819618129837     
  0.999809356701436     
  0.999638833738211     
  0.999756065645267     
  0.999771489650059     
  0.999736143917495     
  0.999132120934449     
  0.992455699222473     
  0.959150985327281     
  0.900606476145218     
  0.927263933699013     
  0.982621173441306     
  0.990823781887825     
  0.965207568957434     
  0.976101755171893     
  0.996198281339977     
  0.999195293874622     
  0.998707934698147     
  0.998492438239461     
  0.999645302872431     
  0.999162481157773     
  0.994887002571496     
  0.918981163182430     
  0.918270371840171     
  0.995121325147398     
  0.999096295083660     
  0.999681737241433     
  0.999755038437118     
  0.999766340962879     
  0.999754841078899     
  0.999561094972487     
  0.999110982685692     
  0.998649056669430     
  0.998645739036471     
  0.998698544573224     
  0.990979634987524     
  0.891894350830876     
  0.914603213843328     
  0.991014383771894     
  0.972634753742754     
  0.897698737926572     
  0.883821870803329     
  0.966836090982182     
  0.991552277729539     
  0.977185201459231     
  0.976930451317697     
  0.993920934641862     
  0.979859421253811     
  0.937982117295375     
  0.964589172666873     
  0.994876212577763     
  0.998973458678305     
  0.999358525903664     
  0.998527907107234     
  0.990654603389767     
  0.959314286734590     
  0.916084940509560     
  0.959530334814815     
  0.993780418844543     
  0.997878739648487     
  0.992100732616066     
  0.987811383647712     
  0.997173018873394     
  0.999585526580593     
  0.993536927498021     
  0.990480513523771     
  0.978084939741348     
  0.953120146470987     
  0.984478800184142     
  0.997149677933411     
  0.999572257727087     
  0.999619213743389     
  0.999406620921395     
  0.999750984133750     
  0.999758244076686     
  0.999762232448205     
  0.999772848761886     
  0.999707550384809     
  0.999587704161759     
  0.999586038215438     
  0.999714589342372     
  0.999767356340955     
  0.999770019800926     
  0.999765500354380     
  0.999647357798991     
  0.999722971448910     
  0.999761204428258     
  0.999753550136219     
  0.999758648389076     
  0.999755972197327     
  0.999746142373313     
  0.999747131711436     
  0.999747724871166     
  0.999743819580332     
  0.999740400990281     
  0.999735243440904     
  0.999719664966589     
  0.999684152175799     
  0.999499006696353     
  0.993891062419179     
  0.997150407493826     
  0.999624952036956     
  0.984754257241965     
  0.966815432946055     
  0.999165270544510     
  0.999653793583104     
  0.999535857483379     
  0.997641966835437     
  0.985937669050760     
  0.948049334117809     
  0.962867051965135     
  0.992310131523002     
  0.998785561956442     
  0.999460764657758     
  0.999071267298150     
  0.998947718561965     
  0.999396293753336     
  0.999585453319142     
  0.994421666986900     
  0.998080858126595     
  0.996025424947024     
  0.996997539630053     
  0.999616165477581     
  0.999618455230655     
  0.999608058051832     
  0.999616531246922     
  0.999610707685745     
  0.999604395686881     
  0.999596912669681     
  0.999584805681163     
  0.999560313286089     
  0.999552748474058     
  0.999507971265761     
  0.999527724733116     
  0.999537946581772     
  0.999527757016835     
  0.998999245121378     
  0.999484918911064     
  0.999434845876733     
  0.999244639978469     
  0.999339001063080     
  0.999264002754030     
  0.997811852343915     
  0.990497862547025     
  0.975891580699837     
  0.997409433311599     
  0.999104209689874     
  0.998978704143823     
  0.996816250744462     
  0.994107100455592     
  0.997146474797417     
  0.995409505578001     
  0.954786631227583     
  0.968437457020039     
  0.809391766468635     
  0.975415417649713     
  0.996551511303335     
  0.999007826539229     
  0.999153250986423     
  0.999140293405123     
  0.999073901002842     
  0.998596469055152     
  0.994599298613845     
  0.941285618474001     
  0.941307587932597     
  0.994001184571432     
  0.994459627599781     
  0.986469142323169     
  0.994617668756270     
  0.998300102811455     
  0.998905917673071     
  0.998929496017581     
  0.998904750010054     
  0.998878560261463     
  0.998854338779777     
  0.998824451654464     
  0.998791473437824     
  0.998748254804540     
  0.998717283501367     
  0.998666232512471     
  0.998561532653994     
  0.998204361294991     
  0.997725029713720     
  0.998103060806657     
  0.998370024625240     
  0.998348076877821     
  0.997820762190970     
  0.998274302097612     
  0.998220912876566     
  0.997950649451742     
  0.997996773637358     
  0.997994511008240     
  0.997780876822012     
  0.996318057824495     
  0.985969111538200     
  0.983341055801451     
  0.948230503866400     
  0.962550215197419     
  0.992218531358343     
  0.987059999865401     
  0.975674395133953     
  0.991763683297155     
  0.990683085608357     
  0.992296629440608     
  0.994319507251875     
  0.996216234812313     
  0.996332001133045     
  0.996127186219410     
  0.995926268775460     
  0.995703940473520     
  0.995438659813640     
  0.995220347552102     
  0.994947037117806     
  0.994615150050342     
  0.994340133959058     
  0.994141354842226     
  0.991467842481740     
  0.987032656244399     
  0.992994205730374     
  0.992330329721940     
  0.991797046918836     
  0.991257249978731     
  0.990948076673589     
  0.990469095218879     
  0.989925451061345     
  0.989311122160499     
  0.988689647084102     
  0.988061708953799     
  0.987322299979420     
  0.986449821905853     
  0.985597716560471     
  0.984612415211622     
  0.983555507254658     
  0.982300299325828     
  0.980624118753752     
  0.975184524432821     
  0.969404416303440     
  0.972199219116185     
  0.973651846351638     
  0.972105740006247     
  0.969685880631656     
  0.967447357902189     
  0.965202790831474     
  0.962499161652227     
  0.959925761635808     
  0.957180850162044     
  0.954414995591307     
  0.951859038222231     
  0.949446471056258     
  0.947060354430291     
  0.945104593982077     
  0.944852100107665     
  0.946565827907890     
  0.948909759579398     
  0.951352436202211     
  0.953890287065817     
  0.956576556108021     
  0.958961052680955     
  0.961339366452428     
  0.964430130001443     
  0.966964118697319     
  0.969390507228789     
  0.971672168005083     
  0.973648019844752     
  0.975680758108280     
  0.977448414806626     
  0.978993990144492     
  0.980592027103105     
  0.981898208507945     
  0.983296224473469     
  0.984272769835981     
  0.984873647860126     
  0.986104131893076     
  0.987197811100994     
  0.987515895766805     
  0.984831122598361     
  0.972761542798981     
  0.981623986871611     
  0.987434761527672     
  0.990784857553199     
  0.991212469035784     
  0.991841193295412     
  0.992296471889931     
  0.992763731638081     
  0.993172257718508     
  0.993280620092370     
  0.992328217827136     
  0.982386161054573     
  0.965494942469051     
  0.987026621123372     
  0.994100927278010     
  0.995332329414825     
  0.995672742725195     
  0.995792392034479     
  0.995116746273211     
  0.991135621017059     
  0.991891660129012     
  0.995829669338330     
  0.996621487613860     
  0.996871429914322     
  0.997122963495486     
  0.997246356093058     
  0.997362793865398     
  0.997472454413142     
  0.997572797760523     
  0.997672075514570     
  0.997762634141335     
  0.997846485225349     
  0.997912584480869     
  0.997852058469801     
  0.998073359071074     
  0.998143276993620     
  0.998200624047903     
  0.998264936939417     
  0.998314063719405     
  0.997696819275690     
  0.998204499802862     
  0.998475859038430     
  0.998529138375378     
  0.998572427921965     
  0.998612372963754     
  0.998649166136268     
  0.998682753067373     
  0.998713250298070     
  0.998739051148937     
  0.998755314792873     
  0.998733490749774     
  0.998567888491525     
  0.998624800779138     
  0.998408726201475     
  0.998605703897437     
  0.998654084074770     
  0.998494725794166     
  0.998105761615492     
  0.995519058178240     
  0.962647915590257     
  0.750734177731646     
  0.525851465519883     
  0.904508265616344     
  0.985546097575692     
  0.997402357439190     
  0.988115779181374     
  0.995301852080234     
  0.994702657015398     
  0.998865978399463     
  0.999113607140877     
  0.998836137285130     
  0.997202804511992     
  0.994717707400621     
  0.997061570616737     
  0.998455470754871     
  0.999092955043707     
  0.999246768333158     
  0.999320670288261     
  0.999399053668125     
  0.999419859458671     
  0.999389015484494     
  0.999029819606515     
  0.997761118171807     
  0.997050811379478     
  0.998759315198485     
  0.999382715829006     
  0.999467463013883     
  0.999531265945959     
  0.999545081486608     
  0.999556256574337     
  0.999565446110843     
  0.999574042525071     
  0.999582159478720     
  0.999588335015248     
  0.999591543449980     
  0.999587460307013     
  0.999493889285610     
  0.995949594872773     
  0.998298674599997     
  0.999926781918067     
  0.997239074381330     
  0.990769535133419     
  0.999058119989509     
  0.998780050344817     
  0.999342929611968     
  0.999612748316151     
  0.999665078864542     
  0.999678675828968     
  0.999783330956153     
  0.999665525066050     
  0.993933180045274     
  0.999233098563059     
  0.999845046306490     
  0.999715835478876     
  0.999711453900232     
  0.999714209076222     
  0.999725157395856     
  0.999732359036741     
  0.999764309673584     
