  0.999557884253287     
  0.999555583587689     
  0.999544521894956     
  0.999547535728138     
  0.999541945555637     
  0.999505353372442     
  0.999471089777150     
  0.999463091842057     
  0.999515164639024     
  0.999371460271263     
  0.997904465056771     
  0.987121461838349     
  0.994426408574382     
  0.998565708658254     
  0.999337189785419     
  0.999311395992580     
  0.998682254786459     
  0.993104715273562     
  0.906506625015476     
  0.801860758109564     
  0.960597887322081     
  0.985759708484291     
  0.976982233403336     
  0.994306708191140     
  0.998368648686793     
  0.999228488203334     
  0.999403929459241     
  0.999427488208272     
  0.999434466451488     
  0.999436051200067     
  0.999431752284085     
  0.999309421544448     
  0.999236652492847     
  0.999417956804684     
  0.999419518388242     
  0.999414261649151     
  0.999408110970800     
  0.999401406088857     
  0.999393419777187     
  0.999371246746392     
  0.999377627944180     
  0.999370710045483     
  0.999329096034415     
  0.999321205480277     
  0.999343436054905     
  0.999328960055531     
  0.999322130239911     
  0.999308607823380     
  0.999285650732031     
  0.999151940858780     
  0.998462555585356     
  0.993645793211083     
  0.996345722425363     
  0.998903801781306     
  0.999372627381377     
  0.998738203298530     
  0.966734279818405     
  0.992422092694389     
  0.991013970774133     
  0.992297907696289     
  0.999183258862163     
  0.998920646480313     
  0.999083582073059     
  0.999106411761180     
  0.999092567940448     
  0.999076404545151     
  0.999059284352319     
  0.999041276679693     
  0.999022479703992     
  0.999003593392164     
  0.998982461880996     
  0.998899206803185     
  0.998941241015308     
  0.998909118537301     
  0.998889446497889     
  0.998800291331138     
  0.998233467331620     
  0.998668896870957     
  0.998175417974953     
  0.994231496827002     
  0.998018217370870     
  0.998626328446701     
  0.998662539130399     
  0.998632189524311     
  0.998507735374271     
  0.998559498637411     
  0.998466517836711     
  0.998060777940609     
  0.995326156291165     
  0.997426540126795     
  0.997844352626934     
  0.996276087931403     
  0.992981455078607     
  0.992609796428700     
  0.989545679539200     
  0.997098693002555     
  0.997965235482006     
  0.998011952107939     
  0.997906092107431     
  0.997336992319767     
  0.997537369159166     
  0.997748704737922     
  0.997695002275238     
  0.997619256341265     
  0.997526357358306     
  0.997394537249905     
  0.997226856494979     
  0.997121022658250     
  0.996506491946319     
  0.997014379076299     
  0.996926773104662     
  0.996823632765034     
  0.996696822514202     
  0.996560306660412     
  0.996413729558283     
  0.996250187095107     
  0.996070757800057     
  0.995867557194763     
  0.995625601954215     
  0.995325044731707     
  0.994936975067696     
  0.994208036741982     
  0.908056238058986     
  0.818593850817698     
  0.984829980708263     
  0.993508505773766     
  0.993165037000126     
  0.990584307839724     
  0.955798000773051     
  0.853408447322157     
  0.965522131312728     
  0.968335991464741     
  0.919991631356756     
  0.982238372653132     
  0.988893823507623     
  0.988477027769851     
  0.987466212571746     
  0.984700025060481     
  0.945246903944323     
  0.910813216585879     
  0.973115302295161     
  0.867425316345009     
  0.872934808682325     
  0.875417914321226     
  0.974298023464567     
  0.972605481096658     
  0.968652362896768     
  0.960385748979378     
  0.948631454833581     
  0.956848785444622     
  0.946606667519476     
  0.947076665090291     
  0.936977868842789     
  0.922924822125671     
  0.851775416059408     
  0.870167116815788     
  0.895143119352626     
  0.876590885571713     
  0.856003918488507     
  0.844238181637032     
  0.851348190610158     
  0.867210951717857     
  0.880466199894637     
  0.888315910227940     
  0.887368987387595     
  0.875570012488801     
  0.849377536728265     
  0.798939760679667     
  0.716435601508723     
  0.581396933077449     
  0.488634694645985     
  0.478562695157742     
  0.524145595293655     
  0.606849640041303     
  0.704088810251843     
  0.780193004160023     
  0.825635545914835     
  0.853957731372796     
  0.875959796241491     
  0.893749084979143     
  0.908818718831243     
  0.923646247414383     
  0.937486819545721     
  0.947230707946136     
  0.953582410433928     
  0.959369213271238     
  0.964757766137091     
  0.968474983163647     
  0.971113414685689     
  0.973556953441274     
  0.975762510226877     
  0.977842783346707     
  0.979687093583668     
  0.981389300785531     
  0.982958420230908     
  0.984460628025213     
  0.985809118412910     
  0.987139498954486     
  0.988323259565567     
  0.989370617785890     
  0.990263482581733     
  0.990055168025929     
  0.991049664785965     
  0.992029778240622     
  0.992887475505560     
  0.993312695766322     
  0.993765747434288     
  0.994196680234377     
  0.994504299609331     
  0.994759413714960     
  0.994692503814368     
  0.995191488792132     
  0.995554617078489     
  0.995795799253883     
  0.995954152021866     
  0.996232999456618     
  0.996416002513029     
  0.996564581118660     
  0.996588668354151     
  0.992434525780765     
  0.988725415520358     
  0.996184094306965     
  0.996245623470957     
  0.997238614755418     
  0.997449723540492     
  0.997407118052210     
  0.988407760639418     
  0.997332741271438     
  0.997822458004839     
  0.997870310029417     
  0.996636400766485     
  0.997908460522036     
  0.998006232787075     
  0.997856936982773     
  0.997658188363735     
  0.996878028092413     
  0.989513169730008     
  0.913988899783634     
  0.879779819502852     
  0.949055239271157     
  0.992988668184979     
  0.997534562332803     
  0.998136161671709     
  0.998214562334365     
  0.998058762201185     
  0.995436086766433     
  0.976704339735065     
  0.785806647632372     
  0.770216786989449     
  0.758460401332236     
  0.905325349400145     
  0.989616155991207     
  0.997604892997426     
  0.997149961322456     
  0.998451416492599     
  0.998811631140469     
  0.998912299587887     
  0.998963111998206     
  0.998995638462389     
  0.998977588196952     
  0.998768779315155     
  0.998894748403555     
  0.998427206474207     
  0.999126190372645     
  0.999164551494649     
  0.999184982266776     
  0.999020515579569     
  0.999214230162548     
  0.999245763091619     
  0.999263255977106     
  0.999279449241878     
  0.999294579164805     
  0.999303592577603     
  0.999276984916346     
  0.998940673000986     
  0.999088156161389     
  0.999332028216904     
  0.999321651692138     
  0.998875095915079     
  0.999196898833878     
  0.999387300280842     
  0.999421582894677     
  0.999416054924245     
  0.999185667306447     
  0.998410970206301     
  0.999362232648617     
  0.999465736446557     
  0.999480522925373     
  0.999474448906926     
  0.999380552400549     
  0.999468270527203     
  0.999447218925614     
  0.999404030904299     
  0.999506685871334     
  0.999505844134180     
  0.999496662430492     
  0.999474316402186     
  0.999439134076262     
  0.999593914748082     
  0.996298940858263     
  0.969233769784385     
  0.993081225205690     
  0.999799475765996     
  0.979442635232043     
  0.960034447402371     
  0.996929725164379     
  0.999585554824604     
  0.999358149647548     
  0.999443494453592     
  0.999430061288321     
  0.998927153300579     
  0.993274511184381     
  0.919743217083331     
  0.949509291273954     
  0.982584491758040     
  0.998365469993378     
  0.999397775256576     
  0.999404288873836     
  0.999614825563188     
  0.999663524809810     
  0.999674557005595     
  0.999682064191202     
  0.999688562791903     
  0.999693968071525     
  0.999696377149662     
  0.999675003155115     
  0.999676054529598     
  0.999711479576499     
  0.999712763958884     
  0.999684095725973     
  0.999436876286593     
  0.999623835639027     
  0.999679902543119     
  0.999614592746029     
  0.999614377418720     
  0.999573455680948     
  0.999425318710369     
  0.999720058345341     
  0.999741099695207     
  0.999743045712458     
  0.999721347008604     
  0.999736264890379     
  0.999659928784506     
  0.999158224389756     
  0.997254461936390     
  0.997971452249675     
  0.999413177432449     
  0.999689273126647     
  0.999556158861517     
  0.998481853883429     
  0.997342822569385     
  0.999427709438204     
  0.999727419491563     
  0.999766203523411     
  0.999752066879744     
  0.999773932331303     
  0.999712674223876     
  0.999777706843980     
  0.999782031715303     
  0.999783580795579     
  0.999785521566133     
  0.999786736049185     
  0.999787789890241     
  0.999787511691123     
  0.999755171653466     
  0.999811951905667     
  0.999480400764144     
  0.989443740791900     
  0.999444784032325     
  0.999781742528917     
  0.999794437860191     
  0.999798703709163     
  0.999801289341332     
  0.999802114415394     
  0.999771694280207     
  0.999759063031546     
  0.999752625593155     
  0.999721401897511     
  0.999232464159166     
  0.999417664514995     
  0.999665678086349     
  0.999714494838613     
  0.999808406179972     
  0.999807916598472     
  0.999798514583499     
  0.999716111894139     
  0.999760542524799     
  0.999910209365820     
  0.984695666612532     
  0.991455458371868     
  0.977932116146690     
  0.970947160587944     
  0.999240978421535     
  0.999611728604465     
  0.999476559043933     
  0.998041279840730     
  0.993947957734052     
  0.998982004885243     
  0.999676410669936     
  0.999796332872054     
  0.999788170748275     
  0.999614815948704     
  0.997846916993312     
  0.960194998434885     
  0.946256965656706     
  0.996576278101054     
  0.999315260364677     
  0.999253904311020     
  0.999717250992353     
  0.999801613822183     
  0.999814587727794     
  0.999821642735870     
  0.999827260590918     
  0.999827028586157     
  0.999826372164622     
  0.999773842128485     
  0.999547677120685     
  0.999361378759636     
  0.999002154400269     
  0.999779260385716     
  0.999839073041443     
  0.999836424794559     
  0.999831438693390     
  0.999800800503094     
  0.999557713688873     
  0.999771795139150     
  0.999829186629908     
  0.999837599006471     
  0.999839193799471     
  0.999839453009115     
  0.999827341776627     
  0.999837437182543     
  0.999840630865527     
  0.999849270493731     
  0.999655234516806     
  0.999355678336820     
  0.999839575743744     
  0.999756114479129     
  0.999606364301436     
  0.999416556994129     
  0.999246032200302     
  0.999821580641045     
  0.999738595274967     
  0.998672587149318     
  0.992345363749407     
  0.992331773696692     
  0.998669319717699     
  0.999675796032741     
  0.999519661615042     
  0.998339603006231     
  0.998341101757878     
  0.999528359939711     
  0.999786361626549     
  0.999806838106191     
  0.999799538124714     
  0.999675969110900     
  0.993982929140447     
  0.986996712307547     
  0.999115449232719     
  0.999812825588591     
  0.999532229077897     
  0.982659386811470     
  0.996746524587682     
  0.999809395111108     
  0.999814669443084     
  0.999702497047122     
  0.997990097977918     
  0.998708769755600     
  0.999775726908228     
  0.999778290721173     
  0.999817283453867     
  0.999827502217121     
  0.999825942609993     
  0.999823070294599     
  0.999818811751225     
  0.999808420565332     
  0.999640529551894     
  0.999755662786101     
  0.999770647728184     
  0.999734318837937     
  0.999117771575618     
  0.992299627658070     
  0.958539020249712     
  0.899694144155469     
  0.926450734224283     
  0.982274022553835     
  0.990695006359562     
  0.965157649973851     
  0.976018915181089     
  0.996137499215184     
  0.999186290862005     
  0.998712222131267     
  0.998498198315962     
  0.999643733133301     
  0.999152188091221     
  0.994797569157666     
  0.919553302464786     
  0.918853243356457     
  0.995029092691760     
  0.999085479278375     
  0.999679938846006     
  0.999753944029754     
  0.999765323543642     
  0.999753648649310     
  0.999560805968531     
  0.999111068693202     
  0.998638464806278     
  0.998633939866658     
  0.998680056743996     
  0.990894996048071     
  0.892600070248626     
  0.915107953063524     
  0.990865562747803     
  0.972102921630716     
  0.896678322792971     
  0.882811635457298     
  0.966220908278184     
  0.991401779696854     
  0.977091580741017     
  0.976838798382645     
  0.993832218509756     
  0.979676707993784     
  0.937761651470571     
  0.964380593163715     
  0.994795183336976     
  0.998961415550573     
  0.999353970943083     
  0.998507739521033     
  0.990540479083679     
  0.959043493447455     
  0.915771945420012     
  0.959240492310528     
  0.993676323761593     
  0.997847713952162     
  0.992076939920687     
  0.987804246323335     
  0.997144397784101     
  0.999583338909554     
  0.993589004071785     
  0.990458502453802     
  0.977785164329754     
  0.952709337674855     
  0.984226173953720     
  0.997099193444036     
  0.999566168405540     
  0.999618193316451     
  0.999409300099801     
  0.999748804216896     
  0.999756963881143     
  0.999760831523693     
  0.999770629622406     
  0.999705281739995     
  0.999583607392919     
  0.999581961528357     
  0.999712081164505     
  0.999765039630494     
  0.999767766126600     
  0.999763193101173     
  0.999646676420990     
  0.999721010979424     
  0.999758831684886     
  0.999751292734725     
  0.999756252380663     
  0.999753546751510     
  0.999743808748907     
  0.999744697026014     
  0.999745213910535     
  0.999741280298540     
  0.999737819340890     
  0.999732617562404     
  0.999716863665840     
  0.999680825752018     
  0.999500005258077     
  0.993942487694588     
  0.997177641196013     
  0.999628944786052     
  0.984847523737092     
  0.967019690576571     
  0.999169153870023     
  0.999650850551813     
  0.999530045273689     
  0.997595401447291     
  0.985682571422987     
  0.947566302333829     
  0.962438303624011     
  0.992154486360726     
  0.998763398996620     
  0.999453265561289     
  0.999059461308231     
  0.998935181860435     
  0.999388032550224     
  0.999581376082711     
  0.994665591230688     
  0.998147379950264     
  0.996190826521115     
  0.997115893198187     
  0.999612490949212     
  0.999614620418887     
  0.999604263754724     
  0.999612306230260     
  0.999606396891629     
  0.999599961005873     
  0.999592368467279     
  0.999580055589383     
  0.999555168180145     
  0.999547489742866     
  0.999503228018074     
  0.999522791614833     
  0.999532695434591     
  0.999522269873731     
  0.999005330849191     
  0.999479120221027     
  0.999428046742555     
  0.999236716384946     
  0.999331338885889     
  0.999254362237737     
  0.997789592644005     
  0.990426920997424     
  0.976049497887609     
  0.997373363509140     
  0.999092070669852     
  0.998964130794635     
  0.996781860179144     
  0.994061217342840     
  0.997120396098024     
  0.995379807542276     
  0.955190070989250     
  0.968256888084958     
  0.810783896596724     
  0.975222868040933     
  0.996490806006757     
  0.998997254246035     
  0.999145001929244     
  0.999132008758206     
  0.999065490921180     
  0.998582230202623     
  0.994555770666233     
  0.941965854802488     
  0.941985532614664     
  0.993943907663853     
  0.994380201472239     
  0.986352900315389     
  0.994538801203278     
  0.998273931079955     
  0.998892652150378     
  0.998916967617303     
  0.998891580097365     
  0.998865197789677     
  0.998840463781590     
  0.998809832994308     
  0.998776373023012     
  0.998732751267602     
  0.998701132611153     
  0.998649905155171     
  0.998543021642151     
  0.998179843863496     
  0.997696957739842     
  0.998077304427812     
  0.998348672232352     
  0.998327487931037     
  0.997808174271307     
  0.998252169621353     
  0.998198268988828     
  0.997928690347945     
  0.997973066397750     
  0.997968945512424     
  0.997751906992551     
  0.996282743801444     
  0.985985227207956     
  0.983077730882322     
  0.947852986641575     
  0.962323527294003     
  0.992085555099019     
  0.986922591591932     
  0.975510274218839     
  0.991657895446700     
  0.990674468249520     
  0.992296862918022     
  0.994301273223630     
  0.996175788216447     
  0.996284560588829     
  0.996076732963850     
  0.995873105701429     
  0.995648024547893     
  0.995380470465150     
  0.995157911599707     
  0.994881026476591     
  0.994547768185694     
  0.994266423472670     
  0.994066752406962     
  0.991418186294406     
  0.987011732515051     
  0.992907716739011     
  0.992231020034716     
  0.991692265829574     
  0.991149706911100     
  0.990830792986834     
  0.990345239940284     
  0.989794418207500     
  0.989171913178135     
  0.988542459496003     
  0.987906776336793     
  0.987157964574576     
  0.986274392600043     
  0.985411504747269     
  0.984413895020051     
  0.983343960071626     
  0.982072838892066     
  0.980376087921849     
  0.974946179701887     
  0.969131128460363     
  0.971864305596829     
  0.973313700317764     
  0.971751272884258     
  0.969310783620366     
  0.967037388630163     
  0.964763226527579     
  0.962025918360458     
  0.959419312141991     
  0.956638521709691     
  0.953835521036491     
  0.951243667826396     
  0.948796732508651     
  0.946380179078710     
  0.944403410040294     
  0.944148651801043     
  0.945879737124038     
  0.948252506255966     
  0.950729618508760     
  0.953303323904106     
  0.956025971690894     
  0.958447427735102     
  0.960862037610115     
  0.963981217949711     
  0.966546256067767     
  0.969002607999423     
  0.971312426405696     
  0.973312816648420     
  0.975370531772080     
  0.977160162885199     
  0.978725113737110     
  0.980343311300515     
  0.981668745068366     
  0.983083436092528     
  0.984076580862201     
  0.984694202022761     
  0.985934121868326     
  0.987033172866037     
  0.987350948479069     
  0.984624886914944     
  0.972506087863039     
  0.981403227671396     
  0.987333671056163     
  0.990666240472655     
  0.991103283100011     
  0.991735160352737     
  0.992196305954638     
  0.992669590159500     
  0.993083425627303     
  0.993196359801212     
  0.992218969096599     
  0.982192084029504     
  0.965259593491116     
  0.986860884523010     
  0.994017618941378     
  0.995271240275884     
  0.995616463956043     
  0.995736762820366     
  0.995046307911793     
  0.991036314189769     
  0.991796941392494     
  0.995769123594353     
  0.996580946929599     
  0.996834713882690     
  0.997085612674653     
  0.997210582380826     
  0.997328573131647     
  0.997439708615320     
  0.997541594193815     
  0.997642001093157     
  0.997733786004852     
  0.997818766551131     
  0.997886098383678     
  0.997829641462507     
  0.998048757365343     
  0.998119635084251     
  0.998178818336847     
  0.998243489940719     
  0.998292770087475     
  0.997687451592392     
  0.998188624177136     
  0.998456992024478     
  0.998511133246746     
  0.998555127039991     
  0.998595741185881     
  0.998633196508482     
  0.998667459320333     
  0.998698611988456     
  0.998725080903980     
  0.998741945454693     
  0.998720184959646     
  0.998554323162574     
  0.998612750993310     
  0.998401610433162     
  0.998598908849113     
  0.998648220731791     
  0.998491831893953     
  0.998107565490510     
  0.995496747526027     
  0.962518689595905     
  0.751219685507669     
  0.528039263390440     
  0.903819130504903     
  0.985348149389970     
  0.997413548969827     
  0.988207319340652     
  0.995330488527723     
  0.994734852121252     
  0.998866507668473     
  0.999108769686350     
  0.998825588068628     
  0.997182340287891     
  0.994707643764636     
  0.997043305281847     
  0.998434904106291     
  0.999081722744279     
  0.999239326844173     
  0.999314094701931     
  0.999393106646961     
  0.999414107465733     
  0.999382146103336     
  0.999015421238419     
  0.997730082474058     
  0.997022970535493     
  0.998739938512098     
  0.999375250979460     
  0.999462706268037     
  0.999526278519269     
  0.999540145891271     
  0.999551441946250     
  0.999560735753838     
  0.999569439140104     
  0.999577672682364     
  0.999583968255112     
  0.999587317010454     
  0.999583453776162     
  0.999490917815803     
  0.995972683765184     
  0.998306515148594     
  0.999933974541868     
  0.997319424509228     
  0.990944079890433     
  0.999070309566596     
  0.998764899098966     
  0.999333393282760     
  0.999608383252690     
  0.999661728944985     
  0.999675661644493     
  0.999783165706637     
  0.999685569072636     
  0.994049668036064     
  0.999262694470306     
  0.999846238908264     
  0.999713260900828     
  0.999708539394873     
  0.999711296302554     
  0.999722320175301     
  0.999729646271540     
  0.999762419814667     
