  0.999598157552075     
  0.999595076708611     
  0.999582894609560     
  0.999585767942963     
  0.999581814719625     
  0.999546087420359     
  0.999516740055020     
  0.999509397416770     
  0.999554816804900     
  0.999363385278472     
  0.997407855160729     
  0.986613370464549     
  0.993349065090971     
  0.998313535900169     
  0.999364308975257     
  0.999355083812030     
  0.998605043396418     
  0.991780386406762     
  0.908934316977786     
  0.813543379633326     
  0.959059981695212     
  0.984730123651464     
  0.976789858007156     
  0.992998923113733     
  0.998096780035972     
  0.999260352188203     
  0.999448953562335     
  0.999476116446934     
  0.999483711966991     
  0.999485620118685     
  0.999481385671794     
  0.999370089410545     
  0.999303938118701     
  0.999469264070153     
  0.999471868510882     
  0.999467496168506     
  0.999462170633489     
  0.999456004286294     
  0.999448725529763     
  0.999428114262547     
  0.999434569702992     
  0.999428480777020     
  0.999392555370427     
  0.999385410761875     
  0.999402913538876     
  0.999390310365788     
  0.999384632551524     
  0.999372290321010     
  0.999349721950531     
  0.999193994470026     
  0.998393770378230     
  0.993985624518306     
  0.996417894974261     
  0.998905159728405     
  0.999525665979695     
  0.999562131670906     
  0.973295987724075     
  0.994882141512659     
  0.992931435649058     
  0.993715182334895     
  0.999350660252234     
  0.999019417358235     
  0.999165654621688     
  0.999189675705575     
  0.999177208931192     
  0.999162397636438     
  0.999146721416415     
  0.999130358064872     
  0.999113278371273     
  0.999096037495471     
  0.999076558778202     
  0.998996247358947     
  0.999039241507938     
  0.999009631349160     
  0.998985974820939     
  0.998880384965966     
  0.998338363599660     
  0.998737490203257     
  0.998308129084834     
  0.994578174391443     
  0.998170647180544     
  0.998743274024996     
  0.998785740472090     
  0.998758523122556     
  0.998635204136982     
  0.998691144760487     
  0.998585003793040     
  0.998094461929472     
  0.995648082443904     
  0.997497827829128     
  0.997879494268085     
  0.995926010490825     
  0.992231052083455     
  0.991605463885773     
  0.989417451327075     
  0.996935265384613     
  0.998106241780756     
  0.998190745127655     
  0.998076566774029     
  0.997558183313610     
  0.997720782647797     
  0.997947291371529     
  0.997905895019559     
  0.997838350697015     
  0.997747883161325     
  0.997612981151239     
  0.997437749852514     
  0.997333216294191     
  0.996509405051545     
  0.997273198941677     
  0.997211340800292     
  0.997121045493085     
  0.997008225486777     
  0.996886012702159     
  0.996754862065842     
  0.996607709166509     
  0.996447031650207     
  0.996265539292376     
  0.996050275790676     
  0.995787003032494     
  0.995499923751731     
  0.995476408198276     
  0.921137799343479     
  0.841940129030726     
  0.987937060851349     
  0.994332120985066     
  0.993792116686496     
  0.990755082659074     
  0.957118803410450     
  0.863816611227174     
  0.965846162562113     
  0.969514925939617     
  0.925969660861690     
  0.982910984674902     
  0.989787606706056     
  0.989579535594130     
  0.988620330240388     
  0.985559066988778     
  0.948568705439034     
  0.916936822635769     
  0.973919670149349     
  0.877106241571742     
  0.887938178099499     
  0.890734378256868     
  0.977489404890302     
  0.975058654230930     
  0.970790692609909     
  0.961617619897683     
  0.950741134073914     
  0.959695906259300     
  0.951610150410335     
  0.951432712889538     
  0.941407092302622     
  0.928625886581742     
  0.865113825421163     
  0.880844559269250     
  0.900975253733829     
  0.881937650262609     
  0.860992413260802     
  0.848826635096835     
  0.855861552567243     
  0.871814077150369     
  0.885031644614088     
  0.892883149099054     
  0.891771784193314     
  0.879755120388895     
  0.853316950435538     
  0.801413173671370     
  0.715073005447674     
  0.576432848053308     
  0.484904294294235     
  0.475103372017455     
  0.519695026600953     
  0.602655692302789     
  0.703416174358479     
  0.783071946001016     
  0.830105454488961     
  0.859153310374994     
  0.881655844017822     
  0.899428266998139     
  0.914054148575577     
  0.928335501247442     
  0.941557489447751     
  0.950792737464937     
  0.956770940957171     
  0.962218135814183     
  0.967245395517521     
  0.970727345673894     
  0.973212787340635     
  0.975506139932661     
  0.977568164800615     
  0.979519515374417     
  0.981250354622793     
  0.982843635163049     
  0.984308513897865     
  0.985694679081430     
  0.986928532610948     
  0.988152402193096     
  0.989238291037857     
  0.990194597155169     
  0.991008225359991     
  0.990914714070495     
  0.991818276028852     
  0.992681334295761     
  0.993446098828787     
  0.993834497944134     
  0.994261624201738     
  0.994662774596534     
  0.994938851612346     
  0.995165793354061     
  0.995109644989784     
  0.995566078080959     
  0.995906301322863     
  0.996139233840274     
  0.996286888287922     
  0.996545851303586     
  0.996712952830249     
  0.996845161973908     
  0.996845230200269     
  0.992929747003587     
  0.989387046224512     
  0.996405766783038     
  0.996514886165662     
  0.997435153307641     
  0.997654155595936     
  0.997585840902450     
  0.988992565019981     
  0.997506874865632     
  0.998005392840827     
  0.998098271294832     
  0.997072914359064     
  0.998130277838492     
  0.998175223161988     
  0.998016847732812     
  0.997819557154299     
  0.996852624148383     
  0.987892857901580     
  0.913898153244455     
  0.881213950503484     
  0.947419724052936     
  0.991996176996413     
  0.997612203440816     
  0.998287220906968     
  0.998365411790500     
  0.998192725516137     
  0.994956198055559     
  0.971955580218597     
  0.794181501245913     
  0.778071802688850     
  0.769151334990298     
  0.905121473344801     
  0.987475880382146     
  0.997541205268225     
  0.997303533928458     
  0.998553834654391     
  0.998904093275728     
  0.999006191486617     
  0.999053726636407     
  0.999081272315534     
  0.999057371403200     
  0.998872259769376     
  0.998994503976437     
  0.998622273354572     
  0.999205148087330     
  0.999236868334834     
  0.999255255155752     
  0.999013541137261     
  0.999278594252995     
  0.999311831328797     
  0.999328363133338     
  0.999343088188445     
  0.999356743174432     
  0.999362605118712     
  0.999325099385768     
  0.999021878557963     
  0.999147425485492     
  0.999383531198120     
  0.999360833737902     
  0.998945095934879     
  0.999229067599175     
  0.999431396863491     
  0.999471885193310     
  0.999461687377425     
  0.999239135902314     
  0.998540532364515     
  0.999408572265376     
  0.999511877380535     
  0.999527560759122     
  0.999522606901483     
  0.999446579943061     
  0.999519503226060     
  0.999474424648599     
  0.999412239847479     
  0.999553821301821     
  0.999555160273199     
  0.999549490306143     
  0.999533452006289     
  0.999519695020860     
  0.999853631086275     
  0.998016286951236     
  0.975661701505310     
  0.995503700933150     
   1.00085472211135     
  0.985137583345286     
  0.969743613438314     
  0.999311209349085     
  0.999944109536465     
  0.999457805445636     
  0.999509516334971     
  0.999483927649275     
  0.998864168751755     
  0.992762176931416     
  0.925536815580449     
  0.952387910481674     
  0.983267778164236     
  0.998300953903877     
  0.999410813637266     
  0.999419062719865     
  0.999644536729869     
  0.999693816269499     
  0.999703914085539     
  0.999710389020716     
  0.999716060838453     
  0.999720491863851     
  0.999721375632722     
  0.999698617491592     
  0.999699787582749     
  0.999735109824512     
  0.999735168413098     
  0.999693943092256     
  0.999448523163655     
  0.999621423038053     
  0.999694532351149     
  0.999631522821427     
  0.999603938360918     
  0.999557154882206     
  0.999388905695519     
  0.999739337382439     
  0.999760950487296     
  0.999762958372399     
  0.999741578820788     
  0.999754222231988     
  0.999656929084322     
  0.999050942945672     
  0.997165136367395     
  0.997844196008988     
  0.999345890350355     
  0.999691430748715     
  0.999533417377932     
  0.998437673194329     
  0.997440181600005     
  0.999374940380627     
  0.999736447050364     
  0.999782786863828     
  0.999770419385354     
  0.999790109896223     
  0.999731978733891     
  0.999793910877008     
  0.999797754437672     
  0.999799319532886     
  0.999801030948343     
  0.999802169002947     
  0.999803120329651     
  0.999802657318149     
  0.999762718341455     
  0.999863481431756     
  0.999807088751715     
  0.991385915450338     
  0.999780562182950     
  0.999835533224323     
  0.999810451978871     
  0.999812656337386     
  0.999814879802119     
  0.999815555670072     
  0.999784303837877     
  0.999753745945646     
  0.999753484270900     
  0.999716959684991     
  0.999269230250496     
  0.999440682383742     
  0.999633501086449     
  0.999688801563804     
  0.999821150637661     
  0.999820633505227     
  0.999809947753879     
  0.999732701264020     
  0.999814477113756     
   1.00025327563290     
  0.987697175963997     
  0.993646433169832     
  0.981024461762668     
  0.972396995708958     
  0.999130200754928     
  0.999623127837077     
  0.999459649544380     
  0.997916063686133     
  0.994266073766882     
  0.998812610498808     
  0.999658225422690     
  0.999807004644813     
  0.999800776513121     
  0.999590272198290     
  0.997513853393375     
  0.962781317920621     
  0.950164314359113     
  0.996204593041800     
  0.999258916690201     
  0.999298418548189     
  0.999717342948674     
  0.999807685428243     
  0.999822922681290     
  0.999830041297402     
  0.999836373461410     
  0.999836519051091     
  0.999833740198867     
  0.999760975082196     
  0.999471085465606     
  0.999296781357912     
  0.999100546185744     
  0.999807402418795     
  0.999848785720840     
  0.999844774011991     
  0.999838201198682     
  0.999800133353533     
  0.999582368034417     
  0.999772327160714     
  0.999835016552630     
  0.999845306858910     
  0.999845776553118     
  0.999847394539836     
  0.999828667125262     
  0.999844010756746     
  0.999848672719302     
  0.999860724106207     
  0.999709751090698     
  0.999456396690314     
  0.999851426283672     
  0.999756713451009     
  0.999615706599552     
  0.999423294873062     
  0.999260002921009     
  0.999824650353241     
  0.999714581805292     
  0.998293817768452     
  0.991417299074631     
  0.991406786206182     
  0.998293834432163     
  0.999642500545947     
  0.999452691024953     
  0.998256855215772     
  0.998258682688020     
  0.999462968398395     
  0.999782561966457     
  0.999813780143791     
  0.999804488829238     
  0.999687157644984     
  0.994368699185209     
  0.987747608418539     
  0.999172745310634     
  0.999842531191583     
  0.999789066286825     
  0.985639566202816     
  0.997519862925349     
  0.999868011712255     
  0.999822949167008     
  0.999699160955141     
  0.998069040995065     
  0.998764409908618     
  0.999770608230933     
  0.999774345002219     
  0.999820594676925     
  0.999832875811838     
  0.999831163124231     
  0.999828447348622     
  0.999823906192943     
  0.999812395048454     
  0.999651415946242     
  0.999759407956280     
  0.999772836681548     
  0.999732578091528     
  0.998929347816722     
  0.989953488846987     
  0.951064420585714     
  0.893136867551394     
  0.918889217007682     
  0.977173730930219     
  0.989159692806194     
  0.966306420885615     
  0.976117981359044     
  0.995406940623300     
  0.999110640207673     
  0.998880029762112     
  0.998702230625934     
  0.999653482735669     
  0.999029423329786     
  0.993570690129589     
  0.922691034667015     
  0.922054126002819     
  0.993786666109296     
  0.998975477077320     
  0.999678984366018     
  0.999760416989322     
  0.999773405253466     
  0.999760232675574     
  0.999573620362583     
  0.999107157790857     
  0.998591849105862     
  0.998583774481381     
  0.998470524881876     
  0.989884626877313     
  0.899659885852758     
  0.920048641664909     
  0.988818944309133     
  0.964318534243553     
  0.888238140931424     
  0.875528279641443     
  0.957553641469280     
  0.989384490946290     
  0.978068051375592     
  0.977889725182233     
  0.992918954468277     
  0.978756826338971     
  0.940654349784004     
  0.964728698433583     
  0.993904594091295     
  0.998881706471032     
  0.999371150682680     
  0.998326150986849     
  0.989510974768055     
  0.958599446906922     
  0.919091439723464     
  0.958716369315521     
  0.992584055668584     
  0.997644177498534     
  0.992255930922091     
  0.988419195635800     
  0.996934636058191     
  0.999651389146877     
  0.994777119613889     
  0.990498907368194     
  0.974446318525477     
  0.950258600168880     
  0.980980649249448     
  0.996320583866050     
  0.999513967418799     
  0.999625879068547     
  0.999431813631915     
  0.999751884495655     
  0.999758015218899     
  0.999762483226215     
  0.999773053215942     
  0.999701780840557     
  0.999575534459529     
  0.999573004263448     
  0.999706574958220     
  0.999765597692479     
  0.999768991591705     
  0.999761940950712     
  0.999652507045248     
  0.999721764460585     
  0.999758260328186     
  0.999751782719486     
  0.999755414701291     
  0.999752436489509     
  0.999742829747196     
  0.999743283099298     
  0.999743163692314     
  0.999739024456908     
  0.999735245554868     
  0.999729969524964     
  0.999711862592840     
  0.999669655966465     
  0.999598117993613     
  0.995056529597080     
  0.997814215616687     
  0.999798424397268     
  0.987391234940201     
  0.972172207063661     
  0.999408082171920     
  0.999661520886566     
  0.999488455510106     
  0.996920729250641     
  0.982149340530502     
  0.944247092455893     
  0.958391403311220     
  0.989861170753238     
  0.998471677967735     
  0.999390205630548     
  0.998955359751163     
  0.998826243687687     
  0.999314293443720     
  0.999552280431312     
  0.993452650162597     
  0.997807888947935     
  0.995366751916759     
  0.996524391009464     
  0.999596159309294     
  0.999601076002898     
  0.999590931022967     
  0.999598329616231     
  0.999591363097298     
  0.999585293740883     
  0.999576846370717     
  0.999562395854175     
  0.999534073765909     
  0.999525904601213     
  0.999491708802292     
  0.999508646024677     
  0.999513772212187     
  0.999499993164797     
  0.998992332038607     
  0.999453446243481     
  0.999394820457110     
  0.999209405806177     
  0.999295281610827     
  0.999187858265401     
  0.997459553126280     
  0.990267375727355     
  0.976622479460718     
  0.996994920476422     
  0.999000193494719     
  0.998833770833109     
  0.996519372386583     
  0.993920839124934     
  0.996769943741514     
  0.994879266630994     
  0.956560194794010     
  0.965417513774005     
  0.822171136361123     
  0.972412518980029     
  0.995738146977429     
  0.998935506697428     
  0.999114723170977     
  0.999099627846819     
  0.999027058770661     
  0.998449934387445     
  0.993858619144116     
  0.943579380792667     
  0.943591817380238     
  0.993059936394685     
  0.993434741680953     
  0.985710480189359     
  0.993632388164962     
  0.998002709476425     
  0.998822728853402     
  0.998860842022752     
  0.998836492886922     
  0.998805165394225     
  0.998777916027821     
  0.998747592748025     
  0.998711628368746     
  0.998666088196864     
  0.998630944301698     
  0.998571241704138     
  0.998443724091043     
  0.998013266950850     
  0.997494605910051     
  0.997904107927087     
  0.998236404603937     
  0.998230604239354     
  0.997731236204727     
  0.998150196065077     
  0.998097552479288     
  0.997859030901680     
  0.997880606331251     
  0.997851292033504     
  0.997597375718142     
  0.996047711696995     
  0.985781294846176     
  0.979810158489824     
  0.946170064841816     
  0.960926699011933     
  0.990504455284112     
  0.986138189669197     
  0.975737553457205     
  0.990856974368607     
  0.991241740406159     
  0.992950688353834     
  0.994563166118913     
  0.996052480142493     
  0.996048445935571     
  0.995815720708500     
  0.995594612951532     
  0.995351785004788     
  0.995064641739604     
  0.994821443752920     
  0.994521734094698     
  0.994150118469765     
  0.993861480317054     
  0.993693831034184     
  0.991602922831582     
  0.987786712160166     
  0.992502049697425     
  0.991668735848347     
  0.991075548668873     
  0.990492025201119     
  0.990130362635194     
  0.989596817474390     
  0.988988423119494     
  0.988298848990502     
  0.987609286979539     
  0.986919961733150     
  0.986098892560477     
  0.985110888402789     
  0.984144027192859     
  0.983088606553712     
  0.981909341687094     
  0.980489155853498     
  0.978579029551589     
  0.972965200134992     
  0.967017844356127     
  0.969302782681822     
  0.970596381599389     
  0.968898961603353     
  0.966187973428167     
  0.963570154667078     
  0.960952255736719     
  0.957807613498333     
  0.954766005020245     
  0.951498596542993     
  0.948167634488208     
  0.945040476380263     
  0.942083593589164     
  0.939257339964760     
  0.937042681660801     
  0.936766510297849     
  0.938681805187401     
  0.941429769983160     
  0.944412267325328     
  0.947521892826665     
  0.950768577040469     
  0.953701570540243     
  0.956594228783560     
  0.960056146969686     
  0.962989425000126     
  0.965784236387140     
  0.968402188453673     
  0.970669000890441     
  0.972978449514790     
  0.974989413754036     
  0.976749981137953     
  0.978559798066472     
  0.980074691316614     
  0.981628338001490     
  0.982813971697476     
  0.983600273408695     
  0.984852838668374     
  0.985977149457529     
  0.986210015623716     
  0.982908055942194     
  0.971150622172251     
  0.979680433358859     
  0.986180814637356     
  0.989935175112050     
  0.990462886550835     
  0.991115819562078     
  0.991617810659784     
  0.992130600082833     
  0.992579034153905     
  0.992695990359200     
  0.991384153774323     
  0.981035493504760     
  0.965482746127537     
  0.985606402018213     
  0.993411740438267     
  0.994934696663420     
  0.995316403732272     
  0.995415634190955     
  0.994484751975114     
  0.990381831614032     
  0.991129709166414     
  0.995287020977617     
  0.996339418611973     
  0.996636212162763     
  0.996898239453395     
  0.997032190254474     
  0.997158718726278     
  0.997277868684413     
  0.997386480731628     
  0.997494767264090     
  0.997593083710237     
  0.997683974031355     
  0.997756684344143     
  0.997708939014704     
  0.997928846617048     
  0.998006665103335     
  0.998062052218623     
  0.998135524260822     
  0.998189784953059     
  0.997616756535615     
  0.998095946737971     
  0.998367168693767     
  0.998427000667548     
  0.998474617161254     
  0.998518512636039     
  0.998559142364949     
  0.998596325523376     
  0.998630389517295     
  0.998659740656034     
  0.998677666804743     
  0.998650060048446     
  0.998489029350981     
  0.998551728109059     
  0.998406012414204     
  0.998581394987449     
  0.998608004225644     
  0.998455609149408     
  0.998064416956601     
  0.994969464162663     
  0.955209231011833     
  0.748418663586677     
  0.542738119938053     
  0.890469071406170     
  0.982267473384836     
  0.997470571478088     
  0.990035917245937     
  0.996110874298268     
  0.995448083173331     
  0.998944197465658     
  0.999087388939402     
  0.998736140841375     
  0.997004592429080     
  0.994681705258317     
  0.996720359775890     
  0.998214630658960     
  0.998973687022177     
  0.999195618523458     
  0.999283579529691     
  0.999361395134820     
  0.999384092193564     
  0.999341305342754     
  0.998868447067927     
  0.997388330505691     
  0.996655232886353     
  0.998526149720840     
  0.999320114050131     
  0.999438664515676     
  0.999501328825698     
  0.999519219204460     
  0.999531152362096     
  0.999541246425428     
  0.999550671995248     
  0.999559684325582     
  0.999566923331083     
  0.999571889475696     
  0.999571039322321     
  0.999498576641459     
  0.996689645095135     
  0.998534548003492     
   1.00010206941978     
  0.998466840922662     
  0.993067538932017     
  0.999352685650781     
  0.998626394209808     
  0.999220386646042     
  0.999581252129284     
  0.999650571354174     
  0.999669373234441     
  0.999821710251360     
   1.00003418705271     
  0.995415246322582     
  0.999733480362689     
  0.999903750623904     
  0.999709516526080     
  0.999698909691112     
  0.999701261534382     
  0.999712453056650     
  0.999721133013257     
  0.999766697361649     
