  0.999587944144696     
  0.999585423728111     
  0.999574320239354     
  0.999577022440215     
  0.999570769237817     
  0.999527767020858     
  0.999500994214920     
  0.999492246301394     
  0.999544754467552     
  0.999382390899124     
  0.997721619434327     
  0.987482338445426     
  0.994103630293658     
  0.998467900461140     
  0.999351555160124     
  0.999329064275181     
  0.998647635463194     
  0.992636385713093     
  0.903410841348612     
  0.799077907737474     
  0.959231659965879     
  0.985689087692582     
  0.977973404206312     
  0.993853963829628     
  0.998274274886946     
  0.999258991309895     
  0.999436259421928     
  0.999462647514707     
  0.999470552555128     
  0.999472997418002     
  0.999469410803422     
  0.999346860687941     
  0.999272168110385     
  0.999457644496873     
  0.999459839470057     
  0.999455317200298     
  0.999449973008610     
  0.999443717554327     
  0.999436447002802     
  0.999412721484552     
  0.999421698789120     
  0.999415798030162     
  0.999378265929777     
  0.999371039214851     
  0.999388125045878     
  0.999375710560257     
  0.999371236835628     
  0.999358827506696     
  0.999336994948002     
  0.999196658884763     
  0.998478541352288     
  0.993895759468294     
  0.996521755854050     
  0.998943256169098     
  0.999467348834093     
  0.998959439296305     
  0.970991380403392     
  0.993971202943195     
  0.992241860087214     
  0.993223156741726     
  0.999295055855784     
  0.998961083780745     
  0.999140156698932     
  0.999171687938173     
  0.999158774999270     
  0.999143611114567     
  0.999127546115226     
  0.999110797411609     
  0.999093288948167     
  0.999075584348104     
  0.999055629198900     
  0.998958063692362     
  0.999017400249944     
  0.998985129070999     
  0.998960443475195     
  0.998871536530243     
  0.998345430803599     
  0.998735422854743     
  0.998222416141654     
  0.993738589688550     
  0.998060872322387     
  0.998703994914885     
  0.998757372172367     
  0.998729707257254     
  0.998577272484300     
  0.998662182703638     
  0.998565939082043     
  0.998137106170195     
  0.995740521542553     
  0.997477348308520     
  0.997919354427346     
  0.996249369795947     
  0.992889599649960     
  0.992419050883866     
  0.989935763993781     
  0.997104239083892     
  0.998090287034117     
  0.998153376979863     
  0.998047164374885     
  0.997540632542179     
  0.997661741984369     
  0.997906294922017     
  0.997855162876299     
  0.997786099897817     
  0.997693767390373     
  0.997570447987411     
  0.997406314011566     
  0.997297462564290     
  0.995848792793124     
  0.997207985167478     
  0.997148115628489     
  0.997054007709185     
  0.996937891596248     
  0.996812660627625     
  0.996678093618433     
  0.996525693642057     
  0.996361094801518     
  0.996174511525870     
  0.995951559744376     
  0.995676478328887     
  0.995350834460098     
  0.995024855947794     
  0.912360942514141     
  0.824317205963973     
  0.986468795177569     
  0.994096111558906     
  0.993661781733117     
  0.990964585924307     
  0.955920999350726     
  0.853368830421255     
  0.965719286052840     
  0.968692513211055     
  0.920065065545686     
  0.982868063313148     
  0.989681921117199     
  0.989357482029323     
  0.988418691826015     
  0.985612664679243     
  0.945542355782231     
  0.910357581319442     
  0.973958738504030     
  0.862241972344669     
  0.877164076975574     
  0.879831843475478     
  0.976652186507638     
  0.974615882495574     
  0.970614914914095     
  0.962173870347580     
  0.951364863479089     
  0.959431703050601     
  0.950509346792676     
  0.950611074020029     
  0.940448793793463     
  0.926661126964177     
  0.856412630979049     
  0.875191754181364     
  0.899899380300531     
  0.881231770035484     
  0.860278685517987     
  0.847947682690889     
  0.854968263079032     
  0.870969415077914     
  0.884157283845513     
  0.892020002824848     
  0.890835481602688     
  0.878828872059645     
  0.852774091500045     
  0.801976223197707     
  0.717736844327270     
  0.578729591639531     
  0.484451838845922     
  0.474345737791191     
  0.520521296571356     
  0.604276869943778     
  0.705363867214825     
  0.784226205139644     
  0.830447841637918     
  0.859079877262965     
  0.881441872708130     
  0.899038302269925     
  0.913433734295707     
  0.927568635537637     
  0.940743395534773     
  0.949990842986586     
  0.955998633723252     
  0.961490565821683     
  0.966567550971671     
  0.970100862980199     
  0.972634725481397     
  0.974973859046732     
  0.977069459513704     
  0.979068222819406     
  0.980832633538968     
  0.982457978445876     
  0.983953379072481     
  0.985366561469540     
  0.986610070734861     
  0.987869948270507     
  0.988981105348151     
  0.989953636952263     
  0.990745271380737     
  0.990623216253516     
  0.991566272911466     
  0.992469172423023     
  0.993273643915934     
  0.993665552658136     
  0.994111556377070     
  0.994534908757332     
  0.994825928851482     
  0.995065320763484     
  0.994974361491861     
  0.995469228358044     
  0.995819745956118     
  0.996046582236710     
  0.996183678856572     
  0.996460367845252     
  0.996630741306489     
  0.996766737209151     
  0.996773424913588     
  0.992186293892749     
  0.987939494726724     
  0.996342220606119     
  0.996456735841644     
  0.997395498083583     
  0.997601018769888     
  0.997545688151968     
  0.987387700808952     
  0.997447259547881     
  0.997959310915052     
  0.998028321197547     
  0.996929609274903     
  0.998061934409570     
  0.998127038295080     
  0.997946744001647     
  0.997766767141986     
  0.996942646437561     
  0.989082782789722     
  0.909217010350634     
  0.873759548012972     
  0.946738664138847     
  0.992741126845568     
  0.997609627231035     
  0.998241606781340     
  0.998320122274325     
  0.998164157251642     
  0.995347753215746     
  0.975240941529455     
  0.785485989764388     
  0.769605613522630     
  0.757905563522087     
  0.904397760925128     
  0.988984145764729     
  0.997642608582341     
  0.997046736226294     
  0.998530641752468     
  0.998883740205439     
  0.998982701658044     
  0.999031069865401     
  0.999060901791072     
  0.999041867085224     
  0.998850645852005     
  0.998966522103293     
  0.998537769012641     
  0.999185856914685     
  0.999217601459204     
  0.999238051559118     
  0.998796051001648     
  0.999255084822936     
  0.999295815713824     
  0.999313558186600     
  0.999328992588602     
  0.999343192006234     
  0.999350515323149     
  0.999320357129215     
  0.999016594283823     
  0.999115962040979     
  0.999373991327476     
  0.999359522528002     
  0.998958758262245     
  0.999240411014244     
  0.999425633677029     
  0.999461656870626     
  0.999454429089110     
  0.999218603763468     
  0.998420595134701     
  0.999399904821294     
  0.999502877437653     
  0.999517437184241     
  0.999510466027891     
  0.999424816400738     
  0.999506373197533     
  0.999413375406352     
  0.999299510530101     
  0.999542417365904     
  0.999542433026774     
  0.999535241674623     
  0.999516051626278     
  0.999491237007548     
  0.999727421496189     
  0.997051880279517     
  0.971304094864305     
  0.994061879743275     
   1.00028668287919     
  0.981337245494128     
  0.963774277505006     
  0.998037530553043     
  0.999764615777972     
  0.999419601232962     
  0.999485311811188     
  0.999464953264874     
  0.998922324390326     
  0.993154323073033     
  0.919707515091650     
  0.949472512248495     
  0.982127948977145     
  0.998366409707764     
  0.999421921877887     
  0.999353236360314     
  0.999631898460873     
  0.999687067586426     
  0.999697949681221     
  0.999705069364624     
  0.999711324682096     
  0.999716137453358     
  0.999717768134589     
  0.999691314341335     
  0.999690830249784     
  0.999731766940146     
  0.999732497272351     
  0.999695094729403     
  0.999464477239231     
  0.999634003989540     
  0.999686283947925     
  0.999620360113706     
  0.999621871925442     
  0.999557333847442     
  0.999243902811493     
  0.999736083239268     
  0.999759098129678     
  0.999761146639413     
  0.999734612405025     
  0.999754153068019     
  0.999671468362196     
  0.999146640503541     
  0.997389967754120     
  0.998035367975725     
  0.999403997166028     
  0.999697468550237     
  0.999558294921452     
  0.998494770020763     
  0.997429757064266     
  0.999422491964033     
  0.999741416063604     
  0.999781980344306     
  0.999766828153006     
  0.999788558119005     
  0.999717056600081     
  0.999792778592393     
  0.999797035306875     
  0.999798619652459     
  0.999800265108261     
  0.999801479903229     
  0.999802462309309     
  0.999801740575319     
  0.999737855608667     
  0.999840246674442     
  0.999667562699926     
  0.990606868187576     
  0.999637446825278     
  0.999799776061814     
  0.999809186026822     
  0.999812566411226     
  0.999814856612747     
  0.999815637437567     
  0.999776773244730     
  0.999733132709779     
  0.999762080151742     
  0.999729430489840     
  0.999226650320687     
  0.999418271339121     
  0.999544448971628     
  0.999599833843608     
  0.999821607673998     
  0.999821167848087     
  0.999811652661471     
  0.999729995756694     
  0.999790068389250     
   1.00009595453528     
  0.986491223129260     
  0.992809709994283     
  0.979151233305793     
  0.967579478931916     
  0.999220535392506     
  0.999632469411110     
  0.999489837025211     
  0.998070951858711     
  0.994495018017885     
  0.998942938338247     
  0.999676088788682     
  0.999808804953395     
  0.999801575103582     
  0.999617840718876     
  0.997771720005269     
  0.959983643415253     
  0.945969930415917     
  0.996501156842074     
  0.999305265876078     
  0.999299183407948     
  0.999728608494047     
  0.999811994442346     
  0.999825410736656     
  0.999832511810858     
  0.999838525435571     
  0.999838787404272     
  0.999836778921944     
  0.999775325936042     
  0.999525093583955     
  0.999359940311999     
  0.999071225236252     
  0.999802080390238     
  0.999847764923902     
  0.999847068432469     
  0.999841583224799     
  0.999808595369242     
  0.999592080653606     
  0.999778084825167     
  0.999839418076963     
  0.999848380263783     
  0.999846761657144     
  0.999850336167777     
  0.999819937974633     
  0.999844980910431     
  0.999851697362720     
  0.999861724433518     
  0.999693081853363     
  0.999422532615517     
  0.999853004001645     
  0.999768710113976     
  0.999619303952708     
  0.999351101780545     
  0.999135306249337     
  0.999831228972556     
  0.999737569826018     
  0.998532387348576     
  0.992240110053941     
  0.992229367204151     
  0.998530277611397     
  0.999668572938287     
  0.999510600998648     
  0.998408163331731     
  0.998409410827730     
  0.999519556870174     
  0.999793660226806     
  0.999815308734166     
  0.999801926368426     
  0.999680908303368     
  0.993370062857783     
  0.985352550515809     
  0.999095299567380     
  0.999832986073891     
  0.999697109185179     
  0.984628000295718     
  0.997251850829213     
  0.999828647498367     
  0.999828147631563     
  0.999703450874986     
  0.997794849922996     
  0.998642344593885     
  0.999778628805849     
  0.999753509628080     
  0.999820008449799     
  0.999839304867904     
  0.999837785140755     
  0.999835481813892     
  0.999831372334757     
  0.999821028090830     
  0.999631814427705     
  0.999762978273986     
  0.999780341377772     
  0.999749611864133     
  0.999065299894777     
  0.991441590442367     
  0.956935894825692     
  0.902064757616718     
  0.926768561208615     
  0.980484794382650     
  0.990391118179963     
  0.967002716720810     
  0.977035987155816     
  0.995978472637676     
  0.999195533179347     
  0.998848992167433     
  0.998658806623931     
  0.999667972131816     
  0.999124364347317     
  0.994398996797030     
  0.916632100113994     
  0.915889131373472     
  0.994643435964615     
  0.999076169127856     
  0.999695452255015     
  0.999770328249471     
  0.999782691624222     
  0.999771234704596     
  0.999576383837343     
  0.999105594295381     
  0.998691872165666     
  0.998696101754984     
  0.998642291661319     
  0.990682197928409     
  0.893104038388526     
  0.915384045558077     
  0.990225251495989     
  0.969390131949766     
  0.898184085645248     
  0.885472362032794     
  0.963431737987139     
  0.990816294545932     
  0.979033944737826     
  0.978838654742991     
  0.993756593959761     
  0.980520994160553     
  0.942976806910730     
  0.966811816346354     
  0.994667839968235     
  0.998995314216616     
  0.999414588219127     
  0.998516198817331     
  0.990599031846222     
  0.961285233526972     
  0.922368053766440     
  0.961567005785852     
  0.993561622629071     
  0.997935052348719     
  0.992527845547984     
  0.988574889586197     
  0.997211199135114     
  0.999670185619295     
  0.994355779514319     
  0.990781595499451     
  0.977327598427458     
  0.954277084573683     
  0.983398510931421     
  0.996796501396644     
  0.999569157804181     
  0.999633912392179     
  0.999401353832370     
  0.999771758127781     
  0.999768393310772     
  0.999774197238611     
  0.999793379039358     
  0.999721839272914     
  0.999613711467140     
  0.999610927688237     
  0.999729170961618     
  0.999786751845947     
  0.999789519881212     
  0.999778445889792     
  0.999656430870855     
  0.999739131751801     
  0.999779912851975     
  0.999772660870299     
  0.999777243848578     
  0.999774578030188     
  0.999763978349296     
  0.999765455047596     
  0.999766108080769     
  0.999762294479689     
  0.999758888921644     
  0.999754027400273     
  0.999737591391397     
  0.999700383432144     
  0.999589091744836     
  0.994640083178174     
  0.997587475913641     
  0.999757043364195     
  0.986629286795962     
  0.970570042295645     
  0.999368427834720     
  0.999687654891790     
  0.999542585590687     
  0.997362551488865     
  0.984585787778258     
  0.948960771564490     
  0.962538076535521     
  0.991345234560822     
  0.998681474564962     
  0.999459874932068     
  0.999066830999582     
  0.998945223957460     
  0.999390446984016     
  0.999586545438546     
  0.990404031635870     
  0.996978338984302     
  0.993299806787691     
  0.995045032650488     
  0.999627969306497     
  0.999635389375417     
  0.999624824812798     
  0.999636775857346     
  0.999630001787691     
  0.999625835803361     
  0.999618353027404     
  0.999605772925890     
  0.999580989007241     
  0.999573890999572     
  0.999535518584369     
  0.999553904067435     
  0.999561785698142     
  0.999549991179150     
  0.998915171187528     
  0.999506345634665     
  0.999457279522269     
  0.999282766960899     
  0.999365939515925     
  0.999276807117924     
  0.997644463316041     
  0.990948967742789     
  0.975094116200047     
  0.997332652163118     
  0.999112296808686     
  0.998969231505637     
  0.996848142488361     
  0.994364154648089     
  0.997005782279693     
  0.995129035826107     
  0.952142726242725     
  0.966998989602480     
  0.808031947550436     
  0.974140881673593     
  0.996299777941898     
  0.999031267982197     
  0.999188974584379     
  0.999174138243878     
  0.999102242893064     
  0.998577168070407     
  0.994248695024939     
  0.936843653718690     
  0.936875396743007     
  0.993582544379671     
  0.994186801695287     
  0.986838740258759     
  0.994383606986708     
  0.998247129273149     
  0.998941519261619     
  0.998974330139091     
  0.998956599428469     
  0.998925732052791     
  0.998903296598937     
  0.998881117891009     
  0.998849610245883     
  0.998807769649369     
  0.998778568115707     
  0.998718003197011     
  0.998612291768359     
  0.998240155641559     
  0.997757381473722     
  0.998142455450727     
  0.998432503124921     
  0.998418866620299     
  0.997832012852369     
  0.998352992316694     
  0.998304978556523     
  0.998062136484973     
  0.998098643762064     
  0.998085416406492     
  0.997863325722803     
  0.996373415123843     
  0.985570918402594     
  0.982319891369094     
  0.949924370479576     
  0.963266082677706     
  0.991760198088334     
  0.987441927663460     
  0.977334680009443     
  0.991849886681405     
  0.991376895344196     
  0.992988950399307     
  0.994751846248851     
  0.996427631555536     
  0.996485447452181     
  0.996280874028968     
  0.996084997593291     
  0.995867635006192     
  0.995600417105865     
  0.995398076695198     
  0.995131727171566     
  0.994770561627871     
  0.994543477386456     
  0.994383336094180     
  0.992087191236217     
  0.988049316196107     
  0.993302894998552     
  0.992590313736660     
  0.992047355466961     
  0.991485766469572     
  0.991221221922707     
  0.990749908478304     
  0.990209418642316     
  0.989597227504073     
  0.988983048577528     
  0.988367101011285     
  0.987634749756536     
  0.986751968562280     
  0.985890523181332     
  0.984949712693438     
  0.983895073244900     
  0.982627538039706     
  0.980914820435642     
  0.975203349989628     
  0.969601754982296     
  0.972483640110439     
  0.973801637306279     
  0.972262449644306     
  0.969745342948670     
  0.967471627937487     
  0.965142490878315     
  0.962325860803449     
  0.959608197551849     
  0.956691020267336     
  0.953722947731707     
  0.950946781884688     
  0.948326060794246     
  0.945799086244194     
  0.943791872504568     
  0.943538063699375     
  0.945281734346399     
  0.947745884247405     
  0.950391350283732     
  0.953150423256431     
  0.956041451669995     
  0.958617462190536     
  0.961160274955632     
  0.964337661338101     
  0.966968522560420     
  0.969472217371267     
  0.971817059659911     
  0.973845994501748     
  0.975914049034937     
  0.977712986628945     
  0.979286549738458     
  0.980902614335935     
  0.982234290783089     
  0.983624514248162     
  0.984656282525231     
  0.985288852124455     
  0.986442720151974     
  0.987516597728786     
  0.987752910973772     
  0.984851991328667     
  0.973600007656122     
  0.981772575807550     
  0.987019496402440     
  0.991039032097351     
  0.991478013798275     
  0.992100805703316     
  0.992547660133667     
  0.993003928919158     
  0.993402551242468     
  0.993473448697473     
  0.992400202823238     
  0.982872099505695     
  0.967775625155481     
  0.987164429257848     
  0.994184682440802     
  0.995499097596113     
  0.995835660901996     
  0.995929308513492     
  0.995141024158056     
  0.991324418082392     
  0.992027154712202     
  0.995850401379315     
  0.996707985982853     
  0.996968540786615     
  0.997241420264170     
  0.997360669166338     
  0.997472836958649     
  0.997578393915539     
  0.997672798470210     
  0.997770472323639     
  0.997857485493608     
  0.997937892780906     
  0.997998940916574     
  0.997908426703581     
  0.998149417994218     
  0.998222590053740     
  0.998253333791325     
  0.998327765754339     
  0.998384140068020     
  0.997683475168461     
  0.998233375576598     
  0.998538910692077     
  0.998590774689988     
  0.998631802995510     
  0.998669309218190     
  0.998703494146944     
  0.998734277257315     
  0.998762287644584     
  0.998785226705255     
  0.998797339894170     
  0.998768850139502     
  0.998610174455803     
  0.998657535650595     
  0.998468281883372     
  0.998636662321251     
  0.998650414320717     
  0.998466069849663     
  0.998022196014631     
  0.995127086144852     
  0.955536215123168     
  0.743488879125356     
  0.521176367460795     
  0.896518664216983     
  0.984017870117836     
  0.997329154826298     
  0.989272298122171     
  0.995859247663226     
  0.995181914081026     
  0.998932932645731     
  0.999125670558877     
  0.998829145064911     
  0.997187973538528     
  0.994762416981868     
  0.996876838506672     
  0.998406208899782     
  0.999077063207445     
  0.999262885405307     
  0.999342657838671     
  0.999413558257133     
  0.999434344350199     
  0.999403434232918     
  0.999001802790258     
  0.997682993174408     
  0.996913233137368     
  0.998707077022942     
  0.999388161244714     
  0.999479378933972     
  0.999542755744569     
  0.999563916272839     
  0.999574751379666     
  0.999583910678170     
  0.999592318661566     
  0.999600321836263     
  0.999606253625272     
  0.999610226419556     
  0.999607436895578     
  0.999525391024633     
  0.996481413026350     
  0.998464861179935     
   1.00003259641627     
  0.997720553585176     
  0.991440297261364     
  0.999242220207550     
  0.998769618053926     
  0.999308486253125     
  0.999621587418484     
  0.999681095934971     
  0.999696678328410     
  0.999822063000677     
  0.999846938348517     
  0.994325674489038     
  0.999458017615006     
  0.999891302404053     
  0.999732877247372     
  0.999725422112277     
  0.999727795584708     
  0.999738296211732     
  0.999745820457910     
  0.999783530274426     
