  0.999539891059095     
  0.999540007452826     
  0.999533978764274     
  0.999535875856334     
  0.999518801581845     
  0.999441571863785     
  0.999426912125931     
  0.999411552679039     
  0.999497412623145     
  0.999471809487271     
  0.999197831341783     
  0.991570692106766     
  0.997653732924036     
  0.999194158908248     
  0.999291550747184     
  0.999206647174110     
  0.998848022990176     
  0.996663693777616     
  0.877424008352896     
  0.731020876841581     
  0.960039369309397     
  0.990200802582919     
  0.983541721999876     
  0.997876732490728     
  0.999109346086461     
  0.999252588708119     
  0.999376536651734     
  0.999399279622789     
  0.999408640956617     
  0.999413610981247     
  0.999413072316580     
  0.999237576027846     
  0.999122699273801     
  0.999402977785349     
  0.999403246404953     
  0.999398018844401     
  0.999392586951802     
  0.999385912349645     
  0.999378680473524     
  0.999340303495209     
  0.999361145423146     
  0.999356130002923     
  0.999311039037756     
  0.999303426125967     
  0.999318550459324     
  0.999307023767671     
  0.999308214927655     
  0.999295490004926     
  0.999277119240265     
  0.999209193926969     
  0.998877355577687     
  0.993472980108020     
  0.997010379470621     
  0.999122484356203     
  0.999192990834792     
  0.996124024989486     
  0.960149185424081     
  0.989685630664468     
  0.988997709024461     
  0.990908394496784     
  0.999033462155046     
  0.998686650853590     
  0.999020200733091     
  0.999087063898094     
  0.999072052074670     
  0.999055229534534     
  0.999037335630708     
  0.999018774151024     
  0.998999248657254     
  0.998979362589216     
  0.998957166194493     
  0.998778429230048     
  0.998914648526647     
  0.998869858784481     
  0.998840332122453     
  0.998829909417122     
  0.998378678145872     
  0.998725697120970     
  0.997819184564364     
  0.989788817093378     
  0.997544444173311     
  0.998519209321036     
  0.998623915827866     
  0.998594145547828     
  0.998304738447657     
  0.998525933590616     
  0.998476251158987     
  0.998337721254037     
  0.996175390486546     
  0.997381004912928     
  0.998106871428135     
  0.997770570338709     
  0.995987644820929     
  0.996246452823548     
  0.992374087798675     
  0.997899149379854     
  0.998015230519030     
  0.997977584811744     
  0.997908845900955     
  0.997458068096883     
  0.997383996120337     
  0.997713434954574     
  0.997616503492598     
  0.997540296601877     
  0.997439191029933     
  0.997370359837091     
  0.997258431021104     
  0.997129267214647     
  0.992741095278065     
  0.996901202449289     
  0.996850688196903     
  0.996738645173329     
  0.996607023770915     
  0.996467594967630     
  0.996316956987645     
  0.996139874034795     
  0.995956828915036     
  0.995746297388634     
  0.995487178885825     
  0.995156547752125     
  0.994649489156068     
  0.992900668225815     
  0.871072990354572     
  0.741415833821466     
  0.979561820529104     
  0.992985883978758     
  0.993048665222388     
  0.991950121613548     
  0.950286351188569     
  0.804220980656843     
  0.965122441559291     
  0.964823776257328     
  0.892289112703797     
  0.982666156115625     
  0.989184764182525     
  0.988312918320716     
  0.987470164363697     
  0.985864793310150     
  0.931306137035466     
  0.879408282249159     
  0.974142519027240     
  0.792319387883794     
  0.826482000241922     
  0.828545671303795     
  0.972713866437066     
  0.972533063184944     
  0.969788049313361     
  0.964790492423322     
  0.954298905673847     
  0.958188884683516     
  0.945331146038531     
  0.946746074157283     
  0.935940950711904     
  0.917418894883833     
  0.815482249905440     
  0.848601016109335     
  0.894838488771572     
  0.877911324811055     
  0.856921329950304     
  0.843813120049662     
  0.850766264582988     
  0.866996163061317     
  0.880044335724597     
  0.887959812266974     
  0.886431173520809     
  0.874471864130519     
  0.850220523977874     
  0.804624762462307     
  0.730267309974255     
  0.589533259182602     
  0.482323533206269     
  0.470781905795818     
  0.524407979182607     
  0.611902700939341     
  0.714525576229154     
  0.789655692108836     
  0.832058384881271     
  0.858734458281659     
  0.880435383047813     
  0.897203967644623     
  0.910515403777580     
  0.923961425258372     
  0.936914036420565     
  0.946218872744096     
  0.952365841301587     
  0.958068213595182     
  0.963379101949427     
  0.967154013892381     
  0.969915641767282     
  0.972470122777035     
  0.974723658720784     
  0.976945443859015     
  0.978867769729638     
  0.980643940325318     
  0.982282910830972     
  0.983823177604482     
  0.985112106942619     
  0.986541358421115     
  0.987771372222006     
  0.988820225628873     
  0.989508408862228     
  0.989252093117759     
  0.990380922972955     
  0.991471225439953     
  0.992462467801308     
  0.992870885775236     
  0.993405684180174     
  0.993933468524232     
  0.994294776770606     
  0.994592730823907     
  0.994338033267899     
  0.995013680262182     
  0.995412619495100     
  0.995610781729460     
  0.995698218647297     
  0.996058284765262     
  0.996244048696619     
  0.996397856572448     
  0.996435680236011     
  0.988689378399173     
  0.981130781652808     
  0.996043324731780     
  0.996183220209308     
  0.997208976162938     
  0.997351085233680     
  0.997356826545943     
  0.979839105763514     
  0.997166854938245     
  0.997742561789313     
  0.997699307098608     
  0.996255566848382     
  0.997740478147055     
  0.997900398962514     
  0.997617008877846     
  0.997518467956039     
  0.997366068062677     
  0.994679611175849     
  0.887199215938076     
  0.838697742338716     
  0.943535299863892     
  0.996244992751833     
  0.997597510058960     
  0.998027061617079     
  0.998107104167506     
  0.998029787298510     
  0.997189418584781     
  0.990693499318234     
  0.744587069531399     
  0.729785347673848     
  0.705011744043233     
  0.900993826451606     
  0.996078165313836     
  0.998119551316746     
  0.995838909309730     
  0.998421555975213     
  0.998788011442713     
  0.998872219579710     
  0.998924506119273     
  0.998965091281048     
  0.998968944327241     
  0.998748987426472     
  0.998834912936384     
  0.998140314126897     
  0.999095123574209     
  0.999126982509469     
  0.999157137043498     
  0.997773120295381     
  0.999144512048706     
  0.999220488971488     
  0.999243925703717     
  0.999262696476675     
  0.999279456609864     
  0.999293653292177     
  0.999298052864463     
  0.998991740780747     
  0.998967980328814     
  0.999329122603568     
  0.999353355542643     
  0.999023015915332     
  0.999293762119724     
  0.999398527909291     
  0.999413550464889     
  0.999420291554438     
  0.999122036130044     
  0.997856501939772     
  0.999359139831120     
  0.999460548682724     
  0.999469823795613     
  0.999453364913933     
  0.999322457955638     
  0.999444620033291     
  0.999126248902060     
  0.998769323211046     
  0.999488782565048     
  0.999482574529241     
  0.999468227917364     
  0.999434214758177     
  0.999357394427188     
  0.999133838389518     
  0.992516133117985     
  0.950809652220458     
  0.987280798540181     
  0.997615120458165     
  0.963463784375633     
  0.935699784122931     
  0.992047275981575     
  0.998920437512270     
  0.999239922976530     
  0.999371475643160     
  0.999375715049943     
  0.999195835174135     
  0.994998616535761     
  0.892291900782814     
  0.935761204550549     
  0.976767264864348     
  0.998674251827547     
  0.999474164457395     
  0.999043652277443     
  0.999572460237244     
  0.999655328333642     
  0.999669898949771     
  0.999680050931189     
  0.999689050486342     
  0.999695658638978     
  0.999700802074624     
  0.999656967677195     
  0.999648704029982     
  0.999716045419022     
  0.999719934964634     
  0.999700510843830     
  0.999539508667565     
  0.999693171663387     
  0.999647492109846     
  0.999567862509484     
  0.999706212391819     
  0.999558175506548     
  0.998561964712308     
  0.999720779258025     
  0.999750386647342     
  0.999752626221794     
  0.999701850016305     
  0.999753827797073     
  0.999739845029637     
  0.999596695316580     
  0.998447323094394     
  0.998934425939413     
  0.999677265945442     
  0.999725863508414     
  0.999675290474186     
  0.998763287945532     
  0.997380732070713     
  0.999646119460615     
  0.999764784509080     
  0.999778187421656     
  0.999749939225901     
  0.999781260396131     
  0.999646880637084     
  0.999787453679837     
  0.999793653380174     
  0.999795328260545     
  0.999796663526411     
  0.999798239219071     
  0.999799367788589     
  0.999797429346677     
  0.999620932092644     
  0.999730979280364     
  0.999011406556682     
  0.986943208263876     
  0.998964412751839     
  0.999631619689391     
  0.999803232600453     
  0.999812143513751     
  0.999814747559910     
  0.999816021966517     
  0.999741359096016     
  0.999636194885294     
  0.999802503933528     
  0.999788076776599     
  0.999026410487094     
  0.999312879468809     
  0.999125666292033     
  0.999181448563261     
  0.999823756959770     
  0.999823680676828     
  0.999819670238785     
  0.999717272729205     
  0.999675283085564     
  0.999356131895136     
  0.980820082488338     
  0.988874922000044     
  0.970342169795277     
  0.944924602669093     
  0.999645342925676     
  0.999676399029061     
  0.999631796271575     
  0.998799326005243     
  0.995571645582428     
  0.999555813998022     
  0.999760092393134     
  0.999817271007474     
  0.999805330516202     
  0.999747482934369     
  0.998984347897030     
  0.946827485194999     
  0.926245723720600     
  0.997895754585301     
  0.999523223664307     
  0.999302780171066     
  0.999781584776013     
  0.999832257578365     
  0.999837110801685     
  0.999844129371515     
  0.999848645056996     
  0.999849454283348     
  0.999851068430039     
  0.999842810330214     
  0.999779064580168     
  0.999656942382332     
  0.998933344996155     
  0.999777053856936     
  0.999842964690857     
  0.999857857787157     
  0.999857486950697     
  0.999848387318664     
  0.999637753411932     
  0.999805159713147     
  0.999860115815389     
  0.999862832632385     
  0.999851394000865     
  0.999864168834958     
  0.999778890197914     
  0.999849542935343     
  0.999865920348089     
  0.999866428334760     
  0.999614697167854     
  0.999263291883006     
  0.999860422975121     
  0.999825122483269     
  0.999636219903722     
  0.999011626277297     
  0.998548942507022     
  0.999862163710990     
  0.999845666596252     
  0.999654213737755     
  0.996109211521133     
  0.996097382320625     
  0.999642100785942     
  0.999791172597512     
  0.999782909499522     
  0.999119654498330     
  0.999118173895333     
  0.999785650299704     
  0.999845847012551     
  0.999822496537978     
  0.999789877069292     
  0.999651522451563     
  0.988674249463712     
  0.974090461810437     
  0.998731133115603     
  0.999788102945847     
  0.999264708318891     
  0.979871419058791     
  0.995991606959160     
  0.999643549698366     
  0.999852591741587     
  0.999723622819296     
  0.996505557654446     
  0.998068373783283     
  0.999816342796341     
  0.999655538579279     
  0.999817251925354     
  0.999869535176359     
  0.999868922737029     
  0.999868558757441     
  0.999866479032127     
  0.999861621644510     
  0.999539645956850     
  0.999779766274866     
  0.999815629187222     
  0.999829706214849     
  0.999704558149288     
  0.998438762202786     
  0.984543998198287     
  0.944044300742334     
  0.963817724035536     
  0.996053599325030     
  0.996181341639649     
  0.970276730347457     
  0.981352485731831     
  0.998665834928594     
  0.999594702239515     
  0.998703052735703     
  0.998454626251927     
  0.999736101430293     
  0.999570777479520     
  0.998293693964211     
  0.888143030583903     
  0.886901404194116     
  0.998671951968096     
  0.999549620699042     
  0.999772883771782     
  0.999816930637263     
  0.999826355750138     
  0.999822965719139     
  0.999589377546742     
  0.999098242829217     
  0.999162174061015     
  0.999224256605892     
  0.999449925827240     
  0.994432310936938     
  0.862279024479520     
  0.893451554978447     
  0.996837566906482     
  0.993236246527523     
  0.944948805920015     
  0.932228268127575     
  0.991069821645695     
  0.997548449767536     
  0.983575444852862     
  0.983300387814470     
  0.997695051769784     
  0.988815841898856     
  0.953896632636091     
  0.976606294597535     
  0.998256492144766     
  0.999529477833129     
  0.999618823615838     
  0.999409768030740     
  0.995714865584350     
  0.973913268154354     
  0.937774022251885     
  0.974970098218785     
  0.998157930934282     
  0.999302681292172     
  0.993806326193401     
  0.989306926256918     
  0.998511532674372     
  0.999758562041775     
  0.992374743765990     
  0.992110722820530     
  0.990874622960488     
  0.973170924175969     
  0.994766636076979     
  0.999034132838534     
  0.999828647279244     
  0.999671682745491     
  0.999258140882530     
  0.999865197939398     
  0.999817187900807     
  0.999829272846850     
  0.999888944560822     
  0.999816147489315     
  0.999793207101675     
  0.999789230837730     
  0.999835409612478     
  0.999886211289040     
  0.999886036609487     
  0.999856046157057     
  0.999674879259075     
  0.999820786281507     
  0.999881714820457     
  0.999870821907017     
  0.999879875975764     
  0.999878678777880     
  0.999863410567680     
  0.999869698496006     
  0.999873983090389     
  0.999871700347881     
  0.999870049954647     
  0.999867137131269     
  0.999858556926379     
  0.999844850324051     
  0.999546654395367     
  0.992682142221857     
  0.996521450644972     
  0.999562489112396     
  0.983046967571053     
  0.963037431681509     
  0.999181992384190     
  0.999810524156419     
  0.999797078335859     
  0.999439777507200     
  0.996040723412021     
  0.971122066093727     
  0.982033576901779     
  0.998322521882060     
  0.999667826590440     
  0.999787422536489     
  0.999590908245846     
  0.999504603966128     
  0.999748478760777     
  0.999747640330519     
  0.976071150271533     
  0.993078268667444     
  0.983582222789910     
  0.988089951321514     
  0.999777521197603     
  0.999796710464661     
  0.999784173075627     
  0.999817526789790     
  0.999811657273111     
  0.999816439542068     
  0.999813491447642     
  0.999809704615176     
  0.999801554665815     
  0.999799492277092     
  0.999741483836242     
  0.999766677840999     
  0.999787513487387     
  0.999785048637995     
  0.998552412554090     
  0.999755042820438     
  0.999750919467787     
  0.999627660670552     
  0.999698123977646     
  0.999694982388536     
  0.998513780525811     
  0.994153328352504     
  0.967908849111362     
  0.998920422102776     
  0.999639324777771     
  0.999606067914273     
  0.998393775638413     
  0.996448292788775     
  0.998114517329212     
  0.996303260831466     
  0.931375170411342     
  0.974433869406391     
  0.741560462224509     
  0.982266290582496     
  0.998940123990237     
  0.999481461498980     
  0.999538045336748     
  0.999524426098360     
  0.999455697624993     
  0.999175316855929     
  0.996082510704028     
  0.905177847916691     
  0.905300392996620     
  0.996039407775440     
  0.997722351267776     
  0.992142857495558     
  0.997915193141392     
  0.999396179934242     
  0.999499968404979     
  0.999507851846972     
  0.999521234460577     
  0.999492529432507     
  0.999492723975766     
  0.999508832972790     
  0.999498276064177     
  0.999473826682530     
  0.999472559844281     
  0.999407940218026     
  0.999404740341141     
  0.999306774090591     
  0.998992704900438     
  0.999262939844923     
  0.999354371580670     
  0.999303895925301     
  0.998305767493089     
  0.999306343618919     
  0.999280093616423     
  0.999016939630405     
  0.999123640542139     
  0.999186036753031     
  0.999113557045293     
  0.997904545462563     
  0.984581940888038     
  0.994118104547874     
  0.967573277701930     
  0.974263459148513     
  0.997663401925508     
  0.993570747554132     
  0.984842698329247     
  0.996517515667401     
  0.992012250944888     
  0.993168817904632     
  0.995638818631715     
  0.998191190505859     
  0.998539756550659     
  0.998467519750186     
  0.998390250692065     
  0.998292595388454     
  0.998119041538719     
  0.998108764989189     
  0.997999234248646     
  0.997687189713727     
  0.997749458981040     
  0.997624607781689     
  0.994363669878513     
  0.989283779883079     
  0.997067548350349     
  0.996922507430653     
  0.996615661717966     
  0.996157177265236     
  0.996349161876668     
  0.996170382285421     
  0.995949092370085     
  0.995700656833353     
  0.995440831451956     
  0.995169809555304     
  0.994854494377527     
  0.994466334898048     
  0.994100416572794     
  0.993698352026630     
  0.993229536588203     
  0.992679563757772     
  0.991894803445817     
  0.985724332906415     
  0.981748057374474     
  0.987436017501821     
  0.988868685351221     
  0.988073285286018     
  0.986467540936944     
  0.985811337906151     
  0.984839562674731     
  0.983564794922494     
  0.982369872693915     
  0.981098994768142     
  0.979836720289123     
  0.978710423034676     
  0.977669852836509     
  0.976549652404427     
  0.975517526497872     
  0.975368796634269     
  0.976305682315038     
  0.977435681157031     
  0.978496848509046     
  0.979608068534528     
  0.980827259530228     
  0.981725198256068     
  0.982623494838648     
  0.984463382794543     
  0.985672677898667     
  0.986807927913628     
  0.987868971388130     
  0.988779722446539     
  0.989713066384120     
  0.990515339998781     
  0.991209860938604     
  0.991915165881152     
  0.992385607751149     
  0.993007639502795     
  0.993316144844409     
  0.993226079923455     
  0.993916008422657     
  0.994752813918268     
  0.995005321058468     
  0.993989486441056     
  0.985113363476706     
  0.991606695384531     
  0.990961716600277     
  0.996227700809237     
  0.996249603608142     
  0.996730712250422     
  0.996918392451897     
  0.997108982351749     
  0.997273461330167     
  0.997127856816933     
  0.997176089875328     
  0.991504962106192     
  0.978553159900099     
  0.994487829611431     
  0.997817838786436     
  0.998152018807768     
  0.998276384383448     
  0.998343787231692     
  0.998225767038563     
  0.995754947589797     
  0.996245498727509     
  0.998498505620981     
  0.998440392004591     
  0.998530609044509     
  0.998854495834636     
  0.998904638506009     
  0.998949304060621     
  0.998990967308087     
  0.999018589998058     
  0.999066378999166     
  0.999100261423108     
  0.999131393503800     
  0.999137624205140     
  0.998846081413624     
  0.999186171373928     
  0.999237502540426     
  0.999152413833857     
  0.999231356575499     
  0.999297664377471     
  0.997997071317497     
  0.998879328573494     
  0.999346143880365     
  0.999360555301097     
  0.999370616479705     
  0.999378090703244     
  0.999381982620525     
  0.999382683142047     
  0.999382239371574     
  0.999375039450160     
  0.999359829720995     
  0.999327188990097     
  0.999179581674671     
  0.999154852515850     
  0.998760960636934     
  0.998896429340565     
  0.998849749616115     
  0.998515237012353     
  0.997823750250718     
  0.995867935866120     
  0.957073092789973     
  0.720318121739739     
  0.419832889528009     
  0.924952624168166     
  0.992244977547484     
  0.996664477744349     
  0.985683191181961     
  0.994676571867718     
  0.993930888491493     
  0.998879986753937     
  0.999305598163793     
  0.999266274070111     
  0.998049881720740     
  0.995141769072312     
  0.997612301233439     
  0.999306641100764     
  0.999562938495281     
  0.999579044064006     
  0.999620329328902     
  0.999658727657266     
  0.999670531812862     
  0.999695442523520     
  0.999628579270083     
  0.999067916101344     
  0.998125840119705     
  0.999557438337705     
  0.999707983782102     
  0.999670736891332     
  0.999737462212656     
  0.999773992175860     
  0.999779666194564     
  0.999784431859310     
  0.999788056960484     
  0.999791316889802     
  0.999791104570097     
  0.999790408428757     
  0.999778503731025     
  0.999651417171874     
  0.995502734843019     
  0.998137337718968     
  0.999706078305675     
  0.994213061236128     
  0.983792397774961     
  0.998723042544867     
  0.999442756434429     
  0.999722545461109     
  0.999811158944754     
  0.999824558005541     
  0.999825009014714     
  0.999823720880411     
  0.998966893981113     
  0.989204836016610     
  0.998163382030922     
  0.999832797623100     
  0.999842669030342     
  0.999850026242820     
  0.999852501213693     
  0.999859754596716     
  0.999861847057998     
  0.999862641873125     
