  0.999558760895217     
  0.999557841835930     
  0.999549820329177     
  0.999552033566792     
  0.999539208569138     
  0.999475419501348     
  0.999456003112217     
  0.999443239901027     
  0.999516003071176     
  0.999436696141420     
  0.998618145303662     
  0.989965258572020     
  0.996259663168296     
  0.998908968757717     
  0.999315113512569     
  0.999254718365375     
  0.998769334139811     
  0.995082237826648     
  0.887628593177239     
  0.757745692728238     
  0.959722196082070     
  0.988429132566529     
  0.981355144172737     
  0.996297064879482     
  0.998781429108695     
  0.999255102889583     
  0.999399988646626     
  0.999424162971681     
  0.999432952431645     
  0.999436930859698     
  0.999435195311278     
  0.999280489896385     
  0.999181392615686     
  0.999424444266304     
  0.999425469310730     
  0.999420518688670     
  0.999415121219979     
  0.999408611193721     
  0.999401364116164     
  0.999368740425200     
  0.999384923364907     
  0.999379560277256     
  0.999337437489255     
  0.999329976211292     
  0.999345870762024     
  0.999333995437513     
  0.999332962116428     
  0.999320361104148     
  0.999300630962264     
  0.999204271726461     
  0.998720751203866     
  0.993638994893711     
  0.996818509418609     
  0.999052106055198     
  0.999300724099531     
  0.997237417897281     
  0.964406628600960     
  0.991368460483639     
  0.990271599762934     
  0.991817338745811     
  0.999136182829709     
  0.998794413073276     
  0.999067304092748     
  0.999120293375259     
  0.999106105702834     
  0.999089934447252     
  0.999072758679001     
  0.999054909000758     
  0.999036175512143     
  0.999017146018005     
  0.998995829668935     
  0.998848966261082     
  0.998954996000548     
  0.998915121887928     
  0.998887496133856     
  0.998846255085828     
  0.998365622958814     
  0.998729516108335     
  0.997977520720405     
  0.991339765598632     
  0.997747228747747     
  0.998591768580681     
  0.998676319736571     
  0.998647376130399     
  0.998411753448802     
  0.998579434026540     
  0.998511468562469     
  0.998258946568715     
  0.996004632416578     
  0.997418835625871     
  0.998033240046431     
  0.997173248327272     
  0.994771152040520     
  0.994743568339246     
  0.991416645412407     
  0.997587016788946     
  0.998044702486596     
  0.998046611969018     
  0.997963158475361     
  0.997490488094795     
  0.997493056567869     
  0.997789163828546     
  0.997710216020932     
  0.997636814214674     
  0.997539153429364     
  0.997448926751479     
  0.997316498942836     
  0.997195310973878     
  0.993961366251802     
  0.997021663917978     
  0.996967476139206     
  0.996862475440001     
  0.996736942262186     
  0.996603088290923     
  0.996458760640011     
  0.996291369589917     
  0.996115567466439     
  0.995914439323033     
  0.995669521874738     
  0.995360702666583     
  0.994924877841946     
  0.993734746507424     
  0.887285004931054     
  0.773967639444324     
  0.982273890852522     
  0.993421822071048     
  0.993289409261899     
  0.991563145095443     
  0.952498828323100     
  0.823519155306710     
  0.965356795712752     
  0.966342855275937     
  0.903195473340696     
  0.982745435893586     
  0.989379974981544     
  0.988723070475117     
  0.987842607263283     
  0.985765794110613     
  0.936896035229886     
  0.891560618829749     
  0.974070357097324     
  0.819774669133173     
  0.846382434260731     
  0.848683292024237     
  0.974260254904799     
  0.973350885423509     
  0.970112719172157     
  0.963763072981896     
  0.953146851527125     
  0.958676878048778     
  0.947364368346072     
  0.948263666757495     
  0.937710954689167     
  0.921047853839289     
  0.831553538813905     
  0.859041846603676     
  0.896825642256522     
  0.879215093154158     
  0.858239590263541     
  0.845436548466139     
  0.852416170522235     
  0.868556251182842     
  0.881659274170884     
  0.889554034578280     
  0.888160511502826     
  0.876182628762393     
  0.851223173100650     
  0.803584823655762     
  0.725347273804567     
  0.585291245969263     
  0.483159202681673     
  0.472181227261806     
  0.522881892908522     
  0.608908458814734     
  0.710928282010184     
  0.787523835516931     
  0.831426014797233     
  0.858870084844361     
  0.880830574595428     
  0.897924206637971     
  0.911661265658541     
  0.925377770019144     
  0.938417605341610     
  0.947699907413152     
  0.953792227973627     
  0.959411971761381     
  0.964631019166116     
  0.968311068222911     
  0.970983265348512     
  0.973453191507904     
  0.975644714969844     
  0.977778932188687     
  0.979639253736961     
  0.981356203692957     
  0.982938802551022     
  0.984429170603241     
  0.985700265869552     
  0.987063014212250     
  0.988246359964492     
  0.989265246216504     
  0.989994048035897     
  0.989790447777142     
  0.990846335808278     
  0.991863056604090     
  0.992780965563820     
  0.993182901205543     
  0.993682835377711     
  0.994169615771190     
  0.994503326209141     
  0.994778286543520     
  0.994587878349950     
  0.995192544534065     
  0.995572471626292     
  0.995781892190979     
  0.995888827119648     
  0.996216156394101     
  0.996395877403708     
  0.996542691601109     
  0.996568290150078     
  0.990062384120732     
  0.983804107946974     
  0.996160681083139     
  0.996290611383720     
  0.997282210717653     
  0.997449217183159     
  0.997430979643544     
  0.982802923380307     
  0.997276950603687     
  0.997827664256334     
  0.997828488213804     
  0.996520216592196     
  0.997866691667576     
  0.997989384416098     
  0.997746472775096     
  0.997615957600709     
  0.997199820245746     
  0.992482132667771     
  0.895844040679818     
  0.852464016739109     
  0.944793032281604     
  0.994869275699438     
  0.997602267601914     
  0.998111298025181     
  0.998190740958576     
  0.998082544620248     
  0.996466330796528     
  0.984626409625891     
  0.760645075544554     
  0.745419835809911     
  0.725779242378804     
  0.902330299455579     
  0.993292870904349     
  0.997932291454854     
  0.996313132628620     
  0.998464385777112     
  0.998825596924193     
  0.998915597551773     
  0.998966345632777     
  0.999002708790358     
  0.998997575537675     
  0.998788900919735     
  0.998886585764484     
  0.998296364086482     
  0.999130747555061     
  0.999162561555611     
  0.999188905889767     
  0.998174745491350     
  0.999187925335591     
  0.999250063877835     
  0.999271264903952     
  0.999288725730358     
  0.999304480456909     
  0.999315978498458     
  0.999306809973387     
  0.999001498765775     
  0.999026080892425     
  0.999346738945855     
  0.999355776820740     
  0.998997787129294     
  0.999272815467249     
  0.999409170139215     
  0.999432437924891     
  0.999433694570137     
  0.999159950311968     
  0.998077974888135     
  0.999375144875792     
  0.999477167678042     
  0.999488517616931     
  0.999475783762446     
  0.999362645560873     
  0.999468865323552     
  0.999238979337303     
  0.998977483059212     
  0.999509840414773     
  0.999506075883455     
  0.999494538518531     
  0.999466345113665     
  0.999409942955499     
  0.999366887534704     
  0.994296930658364     
  0.958856050960211     
  0.989943142167661     
  0.998664011109556     
  0.970481136647708     
  0.946722186828640     
  0.994399124525059     
  0.999251872203467     
  0.999310466809067     
  0.999416169056234     
  0.999410750996424     
  0.999088451772616     
  0.994274526690966     
  0.903055564958971     
  0.941144407587892     
  0.978871924274185     
  0.998553389941142     
  0.999453653512570     
  0.999165197922380     
  0.999595796232127     
  0.999667789448936     
  0.999680911911568     
  0.999689873380001     
  0.999697795518621     
  0.999703698784584     
  0.999707463080581     
  0.999670452433704     
  0.999665243087473     
  0.999722217797516     
  0.999724867010828     
  0.999698384442128     
  0.999510050862816     
  0.999669942082334     
  0.999662722007209     
  0.999588473356001     
  0.999673099884764     
  0.999557845067562     
  0.998829696839307     
  0.999726787669746     
  0.999753806812246     
  0.999755971371824     
  0.999714712653428     
  0.999753955499540     
  0.999713000125926     
  0.999420002431755     
  0.998032202433751     
  0.998581453491098     
  0.999569979993527     
  0.999714715589322     
  0.999629357808026     
  0.998657867387779     
  0.997399979348801     
  0.999558323066016     
  0.999755610038169     
  0.999779676525217     
  0.999756569824029     
  0.999784125482583     
  0.999674431707298     
  0.999789544238124     
  0.999794981122195     
  0.999796620457860     
  0.999798077503099     
  0.999799511506930     
  0.999800582692104     
  0.999799121926593     
  0.999666836008051     
  0.999773877391408     
  0.999269011686512     
  0.988381550354064     
  0.999228643781494     
  0.999697637304343     
  0.999805569893720     
  0.999812309541599     
  0.999814790373555     
  0.999815871002092     
  0.999755262526702     
  0.999674252203057     
  0.999786633763616     
  0.999765052558288     
  0.999105023528864     
  0.999354255704262     
  0.999290077834067     
  0.999345703986713     
  0.999822913164191     
  0.999822694157287     
  0.999816522594338     
  0.999722267697049     
  0.999720346930048     
  0.999646580498639     
  0.983046526695536     
  0.990419687129423     
  0.973800532897308     
  0.953818708120312     
  0.999478567325660     
  0.999659152668539     
  0.999576064424063     
  0.998513373435627     
  0.995148972373859     
  0.999315205307319     
  0.999727113461676     
  0.999813947325751     
  0.999803856182532     
  0.999696586860572     
  0.998508284141877     
  0.951992438307214     
  0.933989210658554     
  0.997348252583094     
  0.999437656157840     
  0.999301368127203     
  0.999760786973803     
  0.999824302538262     
  0.999832517513085     
  0.999839568475699     
  0.999844672234029     
  0.999845266617108     
  0.999845458574267     
  0.999816316942437     
  0.999679359337053     
  0.999540343849004     
  0.998987474665076     
  0.999786878884492     
  0.999844849186450     
  0.999853622059410     
  0.999851243406630     
  0.999832765656350     
  0.999619823051582     
  0.999794530572320     
  0.999851990240042     
  0.999857158885064     
  0.999849575424893     
  0.999858738378263     
  0.999795004807751     
  0.999847751968490     
  0.999860336669822     
  0.999864581672098     
  0.999645469491672     
  0.999325806701056     
  0.999857510431913     
  0.999802976110278     
  0.999629579042239     
  0.999144897433433     
  0.998779136802788     
  0.999850019379269     
  0.999803230090962     
  0.999213808709757     
  0.994590286052821     
  0.994578884295608     
  0.999205623638457     
  0.999743042717896     
  0.999676007350103     
  0.998840339356386     
  0.998839929918728     
  0.999681188244865     
  0.999825359714298     
  0.999819674777901     
  0.999794607333209     
  0.999663058620477     
  0.990517710165862     
  0.978511677731093     
  0.998874095717321     
  0.999805722923064     
  0.999434457821069     
  0.981738729824876     
  0.996486345799533     
  0.999716214218007     
  0.999842995633773     
  0.999715703855308     
  0.997011698896638     
  0.998293699045987     
  0.999801537322998     
  0.999693999289075     
  0.999818334059521     
  0.999857667612598     
  0.999856699005391     
  0.999855573701512     
  0.999852697161884     
  0.999845685803717     
  0.999575828577869     
  0.999773175805327     
  0.999801776252043     
  0.999798263595874     
  0.999453604856801     
  0.995691887711079     
  0.973705912414956     
  0.927564443309293     
  0.949273389103670     
  0.989941780552798     
  0.993908285083898     
  0.968991458110097     
  0.979657968485164     
  0.997610864346053     
  0.999438001609890     
  0.998760343715315     
  0.998534780651223     
  0.999709356157393     
  0.999395530798286     
  0.996764768677999     
  0.899326860819375     
  0.898280983193775     
  0.997090496929078     
  0.999363760221440     
  0.999742486893647     
  0.999798636197515     
  0.999809214778195     
  0.999802657988356     
  0.999584276688387     
  0.999101128747096     
  0.998977550841204     
  0.999016922573020     
  0.999132878766218     
  0.992960157303700     
  0.874379760697424     
  0.902061417091319     
  0.994241824841053     
  0.983875180010805     
  0.926590788336239     
  0.913873722001381     
  0.980220194270165     
  0.994905671391413     
  0.981792632253682     
  0.981548889677876     
  0.996148971593339     
  0.985559620190101     
  0.949609953299260     
  0.972761383342718     
  0.996847735093050     
  0.999319787326092     
  0.999538649309307     
  0.999058990212734     
  0.993706604941629     
  0.968956036919593     
  0.931726295667523     
  0.969708618704563     
  0.996353618457266     
  0.998765809458152     
  0.993304450419363     
  0.989019560732628     
  0.998001079008257     
  0.999723869370873     
  0.993152410194049     
  0.991588966923159     
  0.985556670770477     
  0.965754057531291     
  0.990304027264032     
  0.998155741068671     
  0.999726783640948     
  0.999656855850331     
  0.999314359633121     
  0.999828517833275     
  0.999798033435675     
  0.999807652762316     
  0.999851430070476     
  0.999779126580474     
  0.999722745718094     
  0.999719237610406     
  0.999793705462242     
  0.999847168351964     
  0.999848148862835     
  0.999825584106420     
  0.999667637333306     
  0.999788732767401     
  0.999841752447324     
  0.999832288806249     
  0.999839587774506     
  0.999837814096028     
  0.999824378538733     
  0.999828777848957     
  0.999831636905067     
  0.999828753253506     
  0.999826413901075     
  0.999822736148385     
  0.999811072194920     
  0.999788140227575     
  0.999563313051848     
  0.993450725766827     
  0.996939915242594     
  0.999638860675147     
  0.984453193095671     
  0.965994326982945     
  0.999255176805706     
  0.999762292390449     
  0.999697178441008     
  0.998624373011392     
  0.991544149569752     
  0.962422773494406     
  0.974380731692878     
  0.995583630062618     
  0.999280640322870     
  0.999658845868240     
  0.999385185279231     
  0.999285023253057     
  0.999607935972595     
  0.999684403732952     
  0.981697412488961     
  0.994609210298903     
  0.987396780873877     
  0.990820109908993     
  0.999718815899222     
  0.999733385308864     
  0.999721622374166     
  0.999746574710555     
  0.999740350164752     
  0.999741619929966     
  0.999736891839282     
  0.999729653348605     
  0.999714973961863     
  0.999710934949697     
  0.999660634467032     
  0.999683155914035     
  0.999698906663731     
  0.999692779615094     
  0.998694809073680     
  0.999657419806136     
  0.999635654799280     
  0.999492277065628     
  0.999567729309090     
  0.999530833258065     
  0.998172541860341     
  0.992895500893659     
  0.970729324529014     
  0.998297165772938     
  0.999432447635347     
  0.999356087230797     
  0.997787060662182     
  0.995630196314807     
  0.997679300666627     
  0.995842337400588     
  0.939527140586589     
  0.971515428634683     
  0.767652744142461     
  0.979076797743339     
  0.997903701122169     
  0.999304745810741     
  0.999401023727410     
  0.999386926821815     
  0.999316955332735     
  0.998940524463820     
  0.995362680269664     
  0.917607666956082     
  0.917694561682943     
  0.995075013278302     
  0.996334540108322     
  0.990060830809314     
  0.996528939483271     
  0.998945143315251     
  0.999280760615022     
  0.999298428944159     
  0.999299598806608     
  0.999270045135156     
  0.999261356899321     
  0.999262437034670     
  0.999243656529672     
  0.999212380772956     
  0.999200148961182     
  0.999137121089360     
  0.999093682823115     
  0.998888097736087     
  0.998507807619429     
  0.998823120206869     
  0.998992514151621     
  0.998956499037542     
  0.998119806660333     
  0.998932129039658     
  0.998897336444396     
  0.998642155624746     
  0.998721304035051     
  0.998754016398419     
  0.998622811034251     
  0.997303540172500     
  0.984970137988863     
  0.989487029466334     
  0.960645672471026     
  0.969946736710805     
  0.995346260547550     
  0.991165048262919     
  0.981895634552746     
  0.994685368920364     
  0.991762860076454     
  0.993098216036022     
  0.995290663120112     
  0.997498956565476     
  0.997733397579725     
  0.997609216448236     
  0.997485392129997     
  0.997340749887290     
  0.997130431639780     
  0.997044766888417     
  0.996873682411543     
  0.996542357644588     
  0.996491050929202     
  0.996352348494440     
  0.993470110313815     
  0.988799230565744     
  0.995589854803276     
  0.995222045244629     
  0.994822522323507     
  0.994323568699057     
  0.994336359060578     
  0.994042756308028     
  0.993696176506336     
  0.993304962418348     
  0.992906049117103     
  0.992499640061465     
  0.992020633447372     
  0.991438329198777     
  0.990877910996008     
  0.990264382828930     
  0.989565625220627     
  0.988734001337839     
  0.987585007405447     
  0.981594703429614     
  0.976980470846182     
  0.981567012674957     
  0.982954674572904     
  0.981867332249477     
  0.979903870848962     
  0.978612778906497     
  0.977108227608386     
  0.975228265871004     
  0.973435655745527     
  0.971518592654571     
  0.969586779928528     
  0.967812898179738     
  0.966152109215776     
  0.964479742920423     
  0.963064892970425     
  0.962874926415903     
  0.964128490599632     
  0.965782163561690     
  0.967465189540448     
  0.969223213002982     
  0.971098620737745     
  0.972655222424025     
  0.974199010143943     
  0.976563881656103     
  0.978331157003195     
  0.980003536071366     
  0.981568483792165     
  0.982918133457279     
  0.984296862341061     
  0.985490336192670     
  0.986529889615717     
  0.987592675910922     
  0.988401159826034     
  0.989324713386361     
  0.989917105388496     
  0.990110680118042     
  0.990982708959729     
  0.991912568122790     
  0.992158720896892     
  0.990402985096254     
  0.980594330662178     
  0.987746771195227     
  0.989414383232765     
  0.994191133907078     
  0.994376742447292     
  0.994913463205281     
  0.995202870971121     
  0.995497741397267     
  0.995754123021841     
  0.995693496776977     
  0.995301549050284     
  0.988116556335895     
  0.974322971148696     
  0.991613392512421     
  0.996391824606854     
  0.997110747662838     
  0.997318401422927     
  0.997396105934162     
  0.997015008271750     
  0.994015969884975     
  0.994589804622718     
  0.997459129078501     
  0.997760425925707     
  0.997917500597926     
  0.998221367521617     
  0.998298634600875     
  0.998369794973016     
  0.998436536667968     
  0.998490371364316     
  0.998557740320632     
  0.998612476672721     
  0.998662949371922     
  0.998690695967952     
  0.998478056247279     
  0.998779250686282     
  0.998839154544910     
  0.998799529705296     
  0.998876702213345     
  0.998939111401953     
  0.997873986731749     
  0.998625796100599     
  0.999029310149537     
  0.999058421651003     
  0.999080637397908     
  0.999099899143448     
  0.999115681012946     
  0.999128188882291     
  0.999138913298513     
  0.999143542829192     
  0.999139057255975     
  0.999108045883529     
  0.998956094468188     
  0.998959660244440     
  0.998646087002441     
  0.998794473312556     
  0.998771512500425     
  0.998495939403666     
  0.997901638139577     
  0.995577160282200     
  0.956469885230231     
  0.729412385011413     
  0.459609046514566     
  0.913792626812176     
  0.989015935888383     
  0.996925355422713     
  0.987091871156084     
  0.995140757182385     
  0.994421899939166     
  0.998900767321355     
  0.999234978980872     
  0.999094706879227     
  0.997711594691708     
  0.994992878722805     
  0.997323642646843     
  0.998953234568714     
  0.999372239633396     
  0.999454956542959     
  0.999511347511870     
  0.999562502474917     
  0.999577831960259     
  0.999580833949441     
  0.999382579703907     
  0.998524356739016     
  0.997649912220833     
  0.999223685997412     
  0.999582458959706     
  0.999595632245246     
  0.999661043383015     
  0.999691541167920     
  0.999699240871314     
  0.999705731006475     
  0.999711233348637     
  0.999716354959793     
  0.999718554131505     
  0.999719690501866     
  0.999711363374290     
  0.999601954427362     
  0.995886846226684     
  0.998265883968763     
  0.999834229894953     
  0.995589678416128     
  0.986794036029568     
  0.998926808629263     
  0.999178564235753     
  0.999560036316258     
  0.999736756330891     
  0.999768252364312     
  0.999774642133676     
  0.999823070200028     
  0.999312290979319     
  0.991214645078169     
  0.998671495829782     
  0.999855759348753     
  0.999799578409599     
  0.999801122164251     
  0.999803557329967     
  0.999812085205883     
  0.999816309535872     
  0.999831592579773     
