  0.999599459973472     
  0.999596307664255     
  0.999583988020243     
  0.999586883176884     
  0.999583223249164     
  0.999548423654316     
  0.999518747979352     
  0.999511584543662     
  0.999556099964255     
  0.999360961661984     
  0.997367843605220     
  0.986502558717948     
  0.993252842083547     
  0.998293851151798     
  0.999365935356870     
  0.999358401855092     
  0.998599612002219     
  0.991671228271638     
  0.909638677843467     
  0.815388036072356     
  0.959038089036133     
  0.984607835205489     
  0.976638930501156     
  0.992889887063385     
  0.998074145625938     
  0.999260525729486     
  0.999450572338958     
  0.999477834026668     
  0.999485390076614     
  0.999487229786436     
  0.999482912727286     
  0.999373051577312     
  0.999307989485954     
  0.999470745818930     
  0.999473402476083     
  0.999469049253107     
  0.999463726097618     
  0.999457571113933     
  0.999450291311475     
  0.999430077180088     
  0.999436211027850     
  0.999430098106844     
  0.999394377589605     
  0.999387243451893     
  0.999404799399152     
  0.999392172164709     
  0.999386340802751     
  0.999374007129207     
  0.999351344926766     
  0.999193654697703     
  0.998382960185953     
  0.993997084321586     
  0.996404650387266     
  0.998900301578042     
  0.999533102725123     
  0.999638988498460     
  0.973589877063114     
  0.994998306723957     
  0.993019372106089     
  0.993777926724402     
  0.999357751071649     
  0.999026856211608     
  0.999168906185642     
  0.999191969554870     
  0.999179559677199     
  0.999164793346293     
  0.999149166705125     
  0.999132852495403     
  0.999115827480404     
  0.999098645740732     
  0.999079227780133     
  0.999001116654306     
  0.999042026771254     
  0.999012755954607     
  0.998989230657020     
  0.998881513346110     
  0.998337462367835     
  0.998737753838079     
  0.998319059475039     
  0.994685240959015     
  0.998184646030586     
  0.998748283027278     
  0.998789358092653     
  0.998762197819105     
  0.998642591778754     
  0.998694838101698     
  0.998587434991209     
  0.998089023786315     
  0.995636294284869     
  0.997500439450338     
  0.997874411157068     
  0.995884774539110     
  0.992147071689472     
  0.991501712271661     
  0.989351354172334     
  0.996913717224782     
  0.998108276390345     
  0.998195510456280     
  0.998080316280919     
  0.997560421456275     
  0.997728311743424     
  0.997952519400006     
  0.997912364583555     
  0.997845013927700     
  0.997754784222325     
  0.997618405152921     
  0.997441758679552     
  0.997337775757100     
  0.996593649061356     
  0.997281515274792     
  0.997219403540646     
  0.997129594435951     
  0.997017194765418     
  0.996895366874905     
  0.996764651911669     
  0.996618168145023     
  0.996457990695930     
  0.996277147557329     
  0.996062864502394     
  0.995801097640600     
  0.995518936294656     
  0.995533992204842     
  0.922257064520933     
  0.844187485848076     
  0.988124300942465     
  0.994362218015975     
  0.993808737616289     
  0.990728365804663     
  0.957271553121675     
  0.865148962636853     
  0.965862342467679     
  0.969619804028564     
  0.926722643901519     
  0.982916458218666     
  0.989801084259188     
  0.989607852978709     
  0.988646044189067     
  0.985552231938933     
  0.948954641008938     
  0.917775841311072     
  0.973914687948371     
  0.879001810535844     
  0.889312147920154     
  0.892124726958618     
  0.977596171419139     
  0.975115118845230     
  0.970813108725588     
  0.961546683839853     
  0.950661592723534     
  0.959729598895654     
  0.951750530936167     
  0.951537492816036     
  0.941529299848746     
  0.928876443694578     
  0.866223450574362     
  0.881565436879412     
  0.901112455221018     
  0.882027668138637     
  0.861083431918343     
  0.848938724177644     
  0.855975470024031     
  0.871921793384790     
  0.885143148227502     
  0.892993222602125     
  0.891891187050511     
  0.879873241096389     
  0.853386179061071     
  0.801341370207384     
  0.714733296586696     
  0.576139953325921     
  0.484961994171506     
  0.475199990182744     
  0.519589655540223     
  0.602448949654955     
  0.703167792406780     
  0.782924747636612     
  0.830061791124347     
  0.859162675035078     
  0.881683131007388     
  0.899477997802333     
  0.914133267801443     
  0.928433296925925     
  0.941661307997537     
  0.950895000288768     
  0.956869430646842     
  0.962310920340281     
  0.967331838748161     
  0.970807238920726     
  0.973286505658693     
  0.975574019971660     
  0.977631763069371     
  0.979577067265636     
  0.981303625265324     
  0.982892816751068     
  0.984353803136344     
  0.985736522909204     
  0.986969145082482     
  0.988188422689192     
  0.989271089160648     
  0.990225326097688     
  0.991041759111869     
  0.990951887944167     
  0.991850413264812     
  0.992708390698364     
  0.993468091520600     
  0.993856043068340     
  0.994280761940416     
  0.994679080980895     
  0.994953252349953     
  0.995178606357836     
  0.995126897340420     
  0.995578429075712     
  0.995917339507642     
  0.996151049465425     
  0.996300050329384     
  0.996556752798622     
  0.996723437066100     
  0.996855163296037     
  0.996854387358434     
  0.993024557839317     
  0.989571649125281     
  0.996413870682301     
  0.996522301945989     
  0.997440210450518     
  0.997660932019320     
  0.997590961496269     
  0.989197229945276     
  0.997514477482503     
  0.998011269574072     
  0.998107191889237     
  0.997091189771745     
  0.998138993541950     
  0.998181368084904     
  0.998025787928126     
  0.997826289365734     
  0.996841143770980     
  0.987741108927910     
  0.914495131053258     
  0.882164597379677     
  0.947506578434860     
  0.991901174799845     
  0.997612531980271     
  0.998293038002037     
  0.998371187490089     
  0.998196368782075     
  0.994906263626307     
  0.971536603027476     
  0.795290426995210     
  0.779151483557031     
  0.770585492309545     
  0.905213767378573     
  0.987283533334903     
  0.997528273437327     
  0.997336283006391     
  0.998556792415906     
  0.998906688877720     
  0.999009187116262     
  0.999056616027919     
  0.999083870145306     
  0.999059348651680     
  0.998875016169033     
  0.998998072475386     
  0.998633050107358     
  0.999207608271593     
  0.999239325421118     
  0.999257449114561     
  0.999041277458560     
  0.999281592390334     
  0.999313873786908     
  0.999330251196413     
  0.999344885789514     
  0.999358471344979     
  0.999364146921856     
  0.999325704162564     
  0.999022552458247     
  0.999151437999353     
  0.999384747812327     
  0.999361000955769     
  0.998943353585528     
  0.999227620978936     
  0.999432131840076     
  0.999473189607044     
  0.999462613024143     
  0.999241754358676     
  0.998555827920649     
  0.999409677622002     
  0.999513025140947     
  0.999528851816346     
  0.999524155224750     
  0.999449355444094     
  0.999521177696897     
  0.999482210251951     
  0.999426616208801     
  0.999555275645379     
  0.999556783378904     
  0.999551307434536     
  0.999535671077826     
  0.999523324273939     
  0.999869726611059     
  0.998139277885059     
  0.976217427895959     
  0.995687576706041     
   1.00092716429747     
  0.985622241503917     
  0.970504884725552     
  0.999473642047519     
  0.999967000443344     
  0.999462677644519     
  0.999512603148549     
  0.999486347461452     
  0.998856752133593     
  0.992712166322546     
  0.926280229575544     
  0.952759712962328     
  0.983413141296439     
  0.998292606281526     
  0.999409396995615     
  0.999427457602943     
  0.999646148497874     
  0.999694676934398     
  0.999704674730944     
  0.999711067441016     
  0.999716664844689     
  0.999721047185840     
  0.999721835700405     
  0.999699548869519     
  0.999700929920511     
  0.999735536146071     
  0.999735509066577     
  0.999693796222645     
  0.999446488522220     
  0.999619818574481     
  0.999695584279949     
  0.999632946415351     
  0.999601651270581     
  0.999557132058381     
  0.999407398105806     
  0.999739752387756     
  0.999761186721052     
  0.999763189425304     
  0.999742467257949     
  0.999754231052582     
  0.999655074868067     
  0.999038738487389     
  0.997136463265269     
  0.997819815539613     
  0.999338479892341     
  0.999690660737723     
  0.999530244702178     
  0.998430391536261     
  0.997441511059007     
  0.999368876041205     
  0.999735813342969     
  0.999782889720777     
  0.999770877382051     
  0.999790307797378     
  0.999733881782898     
  0.999794055279540     
  0.999797846149883     
  0.999799408790086     
  0.999801128617541     
  0.999802256885301     
  0.999803204248417     
  0.999802774232378     
  0.999765889140857     
  0.999866444612819     
  0.999824882829011     
  0.991485269160856     
  0.999798814021665     
  0.999840093420408     
  0.999810613428796     
  0.999812667805903     
  0.999814882759533     
  0.999815545242072     
  0.999785264233489     
  0.999756374804367     
  0.999752388015873     
  0.999715369250453     
  0.999274660581983     
  0.999443540524422     
  0.999644858143969     
  0.999700147861070     
  0.999821092350551     
  0.999820565358991     
  0.999809730322169     
  0.999733046305160     
  0.999817590029434     
   1.00027333925574     
  0.987850974723366     
  0.993753142997075     
  0.981263360282994     
  0.973011388390710     
  0.999118680098230     
  0.999621936476915     
  0.999455799639441     
  0.997896310302645     
  0.994236875770775     
  0.998795989364549     
  0.999655947248810     
  0.999806775045473     
  0.999800674666203     
  0.999586756291434     
  0.997480966782336     
  0.963138114997070     
  0.950699238738365     
  0.996166771218063     
  0.999253005614135     
  0.999298321003022     
  0.999715906213071     
  0.999807135884027     
  0.999822605370482     
  0.999829726223707     
  0.999836099012147     
  0.999836229759506     
  0.999833352659021     
  0.999759144863063     
  0.999464197602564     
  0.999288726451809     
  0.999104285601372     
  0.999808081158103     
  0.999848915907126     
  0.999844481395384     
  0.999837769875267     
  0.999799054158305     
  0.999581129344499     
  0.999771592862018     
  0.999834455207959     
  0.999844914894741     
  0.999845650918632     
  0.999847019381543     
  0.999829780391089     
  0.999843887028862     
  0.999848286973416     
  0.999860596530101     
  0.999711876992038     
  0.999460715526180     
  0.999851225070270     
  0.999755183462678     
  0.999615247812840     
  0.999432501986826     
  0.999275906059281     
  0.999823811351510     
  0.999711650035987     
  0.998263391871337     
  0.991312362109059     
  0.991301878544901     
  0.998263679702215     
  0.999639175408160     
  0.999445305485267     
  0.998237558154017     
  0.998239459588671     
  0.999455751390848     
  0.999781146550107     
  0.999813585195008     
  0.999804815632735     
  0.999687954655120     
  0.994496060365426     
  0.988053062433959     
  0.999182622365856     
  0.999843748530018     
  0.999800794057087     
  0.985768576531520     
  0.997554043927601     
  0.999873032039818     
  0.999822286179014     
  0.999698613838503     
  0.998104010065733     
  0.998779977562394     
  0.999769585323044     
  0.999777002252014     
  0.999820669441674     
  0.999832055878524     
  0.999830318581370     
  0.999827550203646     
  0.999822953993602     
  0.999811294027398     
  0.999653915840066     
  0.999758952613088     
  0.999771879564176     
  0.999730405675362     
  0.998912009052206     
  0.989763702490390     
  0.950315596737297     
  0.891998240655697     
  0.917884317139614     
  0.976751451098280     
  0.989002641684745     
  0.966217618053123     
  0.976000902478846     
  0.995334049638392     
  0.999099813283564     
  0.998883988179460     
  0.998707768759825     
  0.999651634812425     
  0.999017314904964     
  0.993465050946830     
  0.923463769022769     
  0.922840387066666     
  0.993677396755800     
  0.998962635171405     
  0.999676884109548     
  0.999759152941866     
  0.999772220901923     
  0.999758829514580     
  0.999573267918395     
  0.999107357193652     
  0.998579092499075     
  0.998569448632767     
  0.998448618309229     
  0.989782907251695     
  0.900495997565214     
  0.920643549402268     
  0.988639588319954     
  0.963671718490992     
  0.886969665895429     
  0.874260041817079     
  0.956803966824267     
  0.989201883001988     
  0.977944864210011     
  0.977768701500121     
  0.992812124357263     
  0.978531829443234     
  0.940358150225388     
  0.964463023437739     
  0.993807251830375     
  0.998867217251030     
  0.999365610777325     
  0.998301912796197     
  0.989372206852939     
  0.958256908737473     
  0.918673548893497     
  0.958352806449673     
  0.992459379249331     
  0.997607080046639     
  0.992221251602988     
  0.988399338811612     
  0.996899363869391     
  0.999648991889625     
  0.994830856344493     
  0.990462853981378     
  0.974078846676438     
  0.949746091746717     
  0.980672280547128     
  0.996259886386781     
  0.999506928556314     
  0.999624854515560     
  0.999435698410649     
  0.999749349853750     
  0.999756691618175     
  0.999760989244549     
  0.999770460900582     
  0.999699222627072     
  0.999570665437031     
  0.999568167581222     
  0.999703693105715     
  0.999762899730198     
  0.999766373450331     
  0.999759835939690     
  0.999652006607254     
  0.999719549465636     
  0.999755498801241     
  0.999749119954128     
  0.999752630646704     
  0.999749612592063     
  0.999740132486900     
  0.999740455322290     
  0.999740237398721     
  0.999736056631630     
  0.999732230113083     
  0.999726901216569     
  0.999708581176348     
  0.999665737025657     
  0.999599269190259     
  0.995109642659905     
  0.997843133725819     
  0.999803702085629     
  0.987488412939317     
  0.972376545384589     
  0.999413139643381     
  0.999658187783184     
  0.999481551815080     
  0.996864379680086     
  0.981838598387114     
  0.943645914221039     
  0.957862540342009     
  0.989671894540389     
  0.998444920684965     
  0.999381320063965     
  0.998941142794548     
  0.998811069033252     
  0.999304580875909     
  0.999547910295812     
  0.993841468941409     
  0.997913689224022     
  0.995630368851403     
  0.996713067527734     
  0.999592102279209     
  0.999596699692630     
  0.999586608224995     
  0.999593426199571     
  0.999586435134524     
  0.999580123021544     
  0.999571552626079     
  0.999556863556075     
  0.999528090209285     
  0.999519784428016     
  0.999486121312357     
  0.999502873822457     
  0.999507648579763     
  0.999493616424438     
  0.999002173125506     
  0.999446699458569     
  0.999386854430026     
  0.999200049324745     
  0.999286269899491     
  0.999176513723099     
  0.997435969662001     
  0.990180445397587     
  0.976817407154318     
  0.996951846111574     
  0.998985895812760     
  0.998816494143976     
  0.996477440953045     
  0.993864298522560     
  0.996739864810313     
  0.994847410969790     
  0.957123600554327     
  0.965215811630858     
  0.823974455214194     
  0.972192082716378     
  0.995666516260040     
  0.998923293248527     
  0.999105253101092     
  0.999090124743682     
  0.999017469737797     
  0.998433706914814     
  0.993808868580586     
  0.944438460493169     
  0.944448434933452     
  0.992993282541147     
  0.993338823305860     
  0.985566580908258     
  0.993536577029162     
  0.997971535944053     
  0.998807578208599     
  0.998846367633888     
  0.998821174373621     
  0.998789788193247     
  0.998761924851272     
  0.998730562799567     
  0.998694029998965     
  0.998648017974427     
  0.998612116178664     
  0.998552523557909     
  0.998422224751165     
  0.997984329266201     
  0.997461091157780     
  0.997873708752834     
  0.998211393920181     
  0.998206592982231     
  0.997718383001483     
  0.998124331124490     
  0.998071097037355     
  0.997833126496074     
  0.997852797487495     
  0.997821431427984     
  0.997563456011119     
  0.996006170928459     
  0.985808126619380     
  0.979490062732043     
  0.945691233978964     
  0.960628329753550     
  0.990344295510846     
  0.985971908463049     
  0.975533852876855     
  0.990730336391728     
  0.991224502480347     
  0.992945808338594     
  0.994539101471510     
  0.996004632554138     
  0.995992709842589     
  0.995756394060446     
  0.995532068231340     
  0.995285992361169     
  0.994996307754246     
  0.994747898683146     
  0.994443934178830     
  0.994070985707020     
  0.993774496804237     
  0.993605889913131     
  0.991541158070294     
  0.987753219002684     
  0.992399907901186     
  0.991551195489214     
  0.990951601957721     
  0.990365280880323     
  0.989991231598302     
  0.989449749206602     
  0.988832694092521     
  0.988133250290155     
  0.987434073674557     
  0.986735389593639     
  0.985903005045080     
  0.984901580405712     
  0.983921274108614     
  0.982851235703881     
  0.981656075687777     
  0.980216420278677     
  0.978281115813550     
  0.972679739752153     
  0.966688284520514     
  0.968897086329260     
  0.970187573310942     
  0.968469971762383     
  0.965734255218838     
  0.963072548247062     
  0.960417819566205     
  0.957231341448110     
  0.954148415780121     
  0.950836337492457     
  0.947459091119652     
  0.944287166087414     
  0.941287407890601     
  0.938422982977896     
  0.936181866261875     
  0.935902842486317     
  0.937840026729335     
  0.940624190088581     
  0.943649673426552     
  0.946804009491410     
  0.950096055180717     
  0.953074579451783     
  0.956011858149488     
  0.959510066457360     
  0.962481915745143     
  0.965313857133248     
  0.967966642562338     
  0.970263794728551     
  0.972604031604924     
  0.974642038470662     
  0.976426457041178     
  0.978260985842255     
  0.979799247233064     
  0.981373737515361     
  0.982578995778059     
  0.983384905063131     
  0.984650058526712     
  0.985780801729669     
  0.986013228191270     
  0.982660118095830     
  0.970838216983924     
  0.979413592416837     
  0.986073845488935     
  0.989794384322918     
  0.990333412713580     
  0.990990190026041     
  0.991499213471348     
  0.992019211763301     
  0.992473999024412     
  0.992596829748167     
  0.991254562174167     
  0.980801244216667     
  0.965190301589387     
  0.985407683862340     
  0.993313155737945     
  0.994862710265614     
  0.995250175169555     
  0.995350117674921     
  0.994401047814524     
  0.990261609502443     
  0.991015244521350     
  0.995215164635197     
  0.996292409682299     
  0.996593825294082     
  0.996854468431431     
  0.996990294376997     
  0.997118654473174     
  0.997239538142949     
  0.997349962278093     
  0.997459602398142     
  0.997559360515006     
  0.997651587889504     
  0.997725785650556     
  0.997683495285957     
  0.997900713754958     
  0.997979124864864     
  0.998037655123921     
  0.998111004726587     
  0.998164995829857     
  0.997608246870688     
  0.998078418297073     
  0.998345263755831     
  0.998406112004776     
  0.998454568788204     
  0.998499279179692     
  0.998540730910625     
  0.998578730363558     
  0.998613566465248     
  0.998643735433670     
  0.998662402997413     
  0.998634908860183     
  0.998473577786684     
  0.998538232785076     
  0.998398070193456     
  0.998574345859081     
  0.998602594985357     
  0.998454274927680     
  0.998069802072737     
  0.994949360084312     
  0.955167525397804     
  0.749047438834199     
  0.545488240258910     
  0.889697468384323     
  0.982044216753742     
  0.997488608651700     
  0.990133314090572     
  0.996142968369071     
  0.995482032090152     
  0.998945634253548     
  0.999082506253402     
  0.998724278476724     
  0.996981202801408     
  0.994671410753108     
  0.996700401443894     
  0.998190195498598     
  0.998960501734192     
  0.999187038854816     
  0.999276044284615     
  0.999354741897470     
  0.999377682692104     
  0.999333381000043     
  0.998851437964462     
  0.997350747198668     
  0.996622325748104     
  0.998503072994485     
  0.999311434835586     
  0.999433471513059     
  0.999496044944429     
  0.999513518223911     
  0.999525591433343     
  0.999535804721883     
  0.999545360080626     
  0.999554501124632     
  0.999561906860693     
  0.999566999703206     
  0.999566396910095     
  0.999495156538422     
  0.996716204547486     
  0.998543436376786     
   1.00011093052301     
  0.998562027977988     
  0.993275089525998     
  0.999366775245081     
  0.998608126358779     
  0.999209149753617     
  0.999576107459196     
  0.999646678015629     
  0.999665890533036     
  0.999821665259092     
   1.00005807020324     
  0.995554218787605     
  0.999768615032953     
  0.999905338367574     
  0.999706536915847     
  0.999695528087423     
  0.999697877171111     
  0.999709156814824     
  0.999717984179175     
  0.999764550356859     
