  0.999594279891537     
  0.999591411821346     
  0.999579639231138     
  0.999582447591255     
  0.999577621148322     
  0.999539131824108     
  0.999510761925483     
  0.999502885753841     
  0.999550996496042     
  0.999370601032484     
  0.997526980242806     
  0.986943286595697     
  0.993635546610511     
  0.998372142631398     
  0.999359466804855     
  0.999345205117122     
  0.998621214095340     
  0.992105379061119     
  0.906837248417902     
  0.808051350273644     
  0.959125161890840     
  0.985094208564901     
  0.977239208922544     
  0.993323552082789     
  0.998164168613950     
  0.999259835510303     
  0.999444134040533     
  0.999471002763021     
  0.999478715796473     
  0.999480827718051     
  0.999476839229938     
  0.999361270269653     
  0.999291876145992     
  0.999464852519676     
  0.999467301499092     
  0.999462872233821     
  0.999457539614867     
  0.999451339436132     
  0.999444063794112     
  0.999422270151771     
  0.999429683056998     
  0.999423665570947     
  0.999387130156807     
  0.999379954374517     
  0.999397298850567     
  0.999384767314937     
  0.999379546651955     
  0.999367178945749     
  0.999344889937460     
  0.999195006058474     
  0.998425955062990     
  0.993951505780069     
  0.996457327463261     
  0.998919623669927     
  0.999503524911334     
  0.999333309517298     
  0.972421005213218     
  0.994536288483155     
  0.992669626744803     
  0.993528376558912     
  0.999329549106918     
  0.998997270030441     
  0.999155973903365     
  0.999182846343992     
  0.999170210174692     
  0.999155265012157     
  0.999139441184401     
  0.999122931526297     
  0.999105689041785     
  0.999088272103979     
  0.999068612499963     
  0.998981750264859     
  0.999030949092727     
  0.999000328629851     
  0.998976281396750     
  0.998877025501341     
  0.998341046788477     
  0.998736705297744     
  0.998275586641267     
  0.994259411080494     
  0.998128969191403     
  0.998728361005933     
  0.998774969936486     
  0.998747582659129     
  0.998613209336379     
  0.998680148789800     
  0.998577765528415     
  0.998110652594087     
  0.995683178639416     
  0.997490052403288     
  0.997894627911334     
  0.996048779819196     
  0.992481081853678     
  0.991914357285780     
  0.989614238372821     
  0.996999419401993     
  0.998100184262747     
  0.998176557609434     
  0.998065403600214     
  0.997551519832124     
  0.997698366743699     
  0.997931726292291     
  0.997886633597040     
  0.997818512685218     
  0.997727337074677     
  0.997596832620530     
  0.997425814631474     
  0.997319641701923     
  0.996258590852108     
  0.997248439269481     
  0.997187336136139     
  0.997095593293199     
  0.996981521852129     
  0.996858163151155     
  0.996725715417939     
  0.996576570358483     
  0.996414404029705     
  0.996230978799635     
  0.996012796285151     
  0.995745040130079     
  0.995443319028398     
  0.995304967355623     
  0.917805489652173     
  0.835249231980661     
  0.987379604191022     
  0.994242515236586     
  0.993742632380481     
  0.990834624829943     
  0.956664032705396     
  0.859849897915946     
  0.965797991299476     
  0.969202680070028     
  0.923727859766442     
  0.982894688694941     
  0.989747480986734     
  0.989495228354753     
  0.988543774025583     
  0.985579416468733     
  0.947419688583047     
  0.914438875912888     
  0.973934503271265     
  0.871462708987139     
  0.883847563322657     
  0.886595000362858     
  0.977171537181856     
  0.974890546531537     
  0.970723954862656     
  0.961828812259066     
  0.950977946289050     
  0.959595595842318     
  0.951192206641141     
  0.951120759980470     
  0.941043253567720     
  0.927879923042000     
  0.861810228067371     
  0.878698348820381     
  0.900566774920266     
  0.881669647402734     
  0.860721430883479     
  0.848492921510724     
  0.855522395546382     
  0.871493382554043     
  0.884699674206583     
  0.892555436477111     
  0.891416296104876     
  0.879403449575726     
  0.853110841917794     
  0.801626948025315     
  0.716084391641104     
  0.577304858406655     
  0.484732509388843     
  0.474815719072323     
  0.520008738704072     
  0.603271209181519     
  0.704155660247061     
  0.783510186793082     
  0.830235449591142     
  0.859125429810566     
  0.881574604896699     
  0.899280207915530     
  0.913818593986651     
  0.928044342956171     
  0.941248399835089     
  0.950488279608173     
  0.956477716544062     
  0.961941896897545     
  0.966988035990800     
  0.970489486841931     
  0.972993312582421     
  0.975304046967909     
  0.977378819575954     
  0.979348171488046     
  0.981091756917260     
  0.982697211433832     
  0.984173678511035     
  0.985570101405501     
  0.986807620948854     
  0.988045161796386     
  0.989140644317589     
  0.990103110817921     
  0.990908388542957     
  0.990804039882489     
  0.991722596946019     
  0.992600781894925     
  0.993380622129428     
  0.993770353751159     
  0.994204647288954     
  0.994614227202835     
  0.994895977718034     
  0.995127646467063     
  0.995058281280191     
  0.995529306695279     
  0.995873438439053     
  0.996104056364777     
  0.996247702266420     
  0.996513395383167     
  0.996681739176925     
  0.996815386053962     
  0.996817967526765     
  0.992647476393044     
  0.988837446936168     
  0.996381639877544     
  0.996492807928786     
  0.997420097199843     
  0.997633980854535     
  0.997570595892018     
  0.988383237523395     
  0.997484240391566     
  0.997987896661339     
  0.998071712951055     
  0.997018504910377     
  0.998104329500571     
  0.998156928537526     
  0.997990231044041     
  0.997799514062479     
  0.996886803440760     
  0.988344643747908     
  0.912120835709899     
  0.878383692563812     
  0.947161141904666     
  0.992279016669873     
  0.997611225315463     
  0.998269902307858     
  0.998348216435565     
  0.998181878822374     
  0.995104862301687     
  0.973202954476698     
  0.790880020050986     
  0.774857389363395     
  0.764881578952752     
  0.904846696656805     
  0.988048533575890     
  0.997579705747052     
  0.997206033804356     
  0.998545028846925     
  0.998896365685511     
  0.998997272940624     
  0.999045124382023     
  0.999073538095322     
  0.999051484769037     
  0.998864053459251     
  0.998983879897753     
  0.998590188980012     
  0.999197823667311     
  0.999229553138854     
  0.999248723339150     
  0.998930965040631     
  0.999269668251647     
  0.999305750559500     
  0.999322742026823     
  0.999337736404330     
  0.999351598098143     
  0.999358014892389     
  0.999323298856248     
  0.999019872236050     
  0.999135479510974     
  0.999379909119568     
  0.999360335900349     
  0.998950283220670     
  0.999233374445535     
  0.999429208707455     
  0.999468001722023     
  0.999458931563106     
  0.999231340294400     
  0.998494994792719     
  0.999405281423886     
  0.999508460295949     
  0.999523717055121     
  0.999517997271849     
  0.999438316791105     
  0.999514518034116     
  0.999451245549715     
  0.999369438917368     
  0.999549491468665     
  0.999550328006384     
  0.999544080400782     
  0.999526845447488     
  0.999508890109484     
  0.999805711942823     
  0.997650121844952     
  0.974007208891489     
  0.994956271338609     
   1.00063904936962     
  0.983694673510230     
  0.967477179494121     
  0.998827619669006     
  0.999875959433518     
  0.999443300086766     
  0.999500326370649     
  0.999476723461292     
  0.998886249268511     
  0.992911066890089     
  0.923323547791468     
  0.951280992439328     
  0.982835007900061     
  0.998325806162453     
  0.999415031214454     
  0.999394069762089     
  0.999639738230137     
  0.999691253928206     
  0.999701649519041     
  0.999708369252100     
  0.999714262612940     
  0.999718838579512     
  0.999720005936175     
  0.999695844627780     
  0.999696386657527     
  0.999733840596112     
  0.999734154232587     
  0.999694380346694     
  0.999454580619374     
  0.999626199784115     
  0.999691400590190     
  0.999627284554208     
  0.999610747394300     
  0.999557222831980     
  0.999333850843888     
  0.999738101845670     
  0.999760247181958     
  0.999762270491376     
  0.999738933803092     
  0.999754195971716     
  0.999662449377545     
  0.999087277532283     
  0.997250500683213     
  0.997916780475987     
  0.999367952438758     
  0.999693723191143     
  0.999542862925893     
  0.998459351817341     
  0.997436223593725     
  0.999392994853952     
  0.999738333694779     
  0.999782480642918     
  0.999769055859036     
  0.999789520714245     
  0.999726313066570     
  0.999793480968726     
  0.999797481396490     
  0.999799053800690     
  0.999800740172394     
  0.999801907363924     
  0.999802870490882     
  0.999802309246949     
  0.999753278396020     
  0.999854659598873     
  0.999754113131260     
  0.991090124683415     
  0.999726223750601     
  0.999821956844843     
  0.999809971318588     
  0.999812622193957     
  0.999814870997506     
  0.999815586715796     
  0.999781444599312     
  0.999745919448388     
  0.999756747982034     
  0.999721694640102     
  0.999253063364440     
  0.999432173284420     
  0.999599689481464     
  0.999655021997483     
  0.999821324166791     
  0.999820836386393     
  0.999810595079254     
  0.999731674027229     
  0.999805209519867     
   1.00019354337420     
  0.987239295247090     
  0.993328742917277     
  0.980313227129320     
  0.970567862050441     
  0.999164499369264     
  0.999626674683504     
  0.999471111250212     
  0.997974872267184     
  0.994353000276075     
  0.998862093924718     
  0.999665007862073     
  0.999807688193784     
  0.999801079725452     
  0.999600739536682     
  0.997611761347705     
  0.961719084149055     
  0.948571771384673     
  0.996317193764236     
  0.999276514766958     
  0.999298708953713     
  0.999721620304983     
  0.999809321495599     
  0.999823867358325     
  0.999830979314159     
  0.999837190533699     
  0.999837380310858     
  0.999834893956717     
  0.999766423888201     
  0.999491591548526     
  0.999320761880818     
  0.999089413452213     
  0.999805381722529     
  0.999848398139156     
  0.999845645170046     
  0.999839485304941     
  0.999803346258583     
  0.999586055775960     
  0.999774513263271     
  0.999836687748466     
  0.999846473786936     
  0.999846150583133     
  0.999848511434338     
  0.999825352789870     
  0.999844379110474     
  0.999849821134070     
  0.999861103916529     
  0.999703422012842     
  0.999443538969793     
  0.999852025321419     
  0.999761268419086     
  0.999617072465297     
  0.999395884140503     
  0.999212657289040     
  0.999827148165965     
  0.999723310046892     
  0.998384399434762     
  0.991729709397519     
  0.991719109251355     
  0.998383608769795     
  0.999652399888717     
  0.999474678679570     
  0.998314304923044     
  0.998315912193785     
  0.999484454304995     
  0.999786775832113     
  0.999814360529833     
  0.999803515895821     
  0.999684784850008     
  0.993989529706153     
  0.986838235350672     
  0.999143340141489     
  0.999838907030620     
  0.999754151328586     
  0.985255487260083     
  0.997418102065829     
  0.999853065607978     
  0.999824922959852     
  0.999700789785020     
  0.997964934000637     
  0.998718063196226     
  0.999773653545920     
  0.999766434062492     
  0.999820372093556     
  0.999835316847404     
  0.999833677424912     
  0.999831118251532     
  0.999826740998694     
  0.999815672912996     
  0.999643973479476     
  0.999760763564250     
  0.999775686127503     
  0.999739045617924     
  0.998980967255107     
  0.990518503962303     
  0.953293752339338     
  0.896526685958705     
  0.921880914878360     
  0.978430904449050     
  0.989627251221977     
  0.966570796645696     
  0.976466537963621     
  0.995623945010360     
  0.999142873134636     
  0.998868245127254     
  0.998685743006014     
  0.999658984201965     
  0.999065471407774     
  0.993885189259479     
  0.920390522109759     
  0.919713343253223     
  0.994111972537511     
  0.999013708786215     
  0.999685237050510     
  0.999764180191210     
  0.999776931191861     
  0.999764410032137     
  0.999574669625501     
  0.999106564147706     
  0.998629826841911     
  0.998626424007715     
  0.998535742994773     
  0.990187456598146     
  0.897170696062474     
  0.918277540884698     
  0.989352905244064     
  0.966244170007938     
  0.892014518800266     
  0.879303950909967     
  0.959785497802253     
  0.989928132983629     
  0.978434791827557     
  0.978250024689922     
  0.993236998244798     
  0.979426664229105     
  0.941536164968517     
  0.965519638876017     
  0.994194391473780     
  0.998924842284415     
  0.999387643516884     
  0.998398310415159     
  0.989924100174769     
  0.959619215853916     
  0.920335540674897     
  0.959798730556973     
  0.992955229175693     
  0.997754620114569     
  0.992359174521131     
  0.988478311270148     
  0.997039644660692     
  0.999658526005355     
  0.994617140388048     
  0.990606241641782     
  0.975540316097985     
  0.951784384857443     
  0.981898691096995     
  0.996501285794528     
  0.999534922751928     
  0.999628929255540     
  0.999420248294759     
  0.999759430352533     
  0.999761955696733     
  0.999766930942901     
  0.999780770769317     
  0.999709396868721     
  0.999590029969381     
  0.999587403491850     
  0.999715154485540     
  0.999773629761644     
  0.999776786026208     
  0.999768207750700     
  0.999653996892240     
  0.999728358690916     
  0.999766481630329     
  0.999759709999054     
  0.999763703068328     
  0.999760843471177     
  0.999750859718427     
  0.999751701628838     
  0.999751875513037     
  0.999747859919887     
  0.999744222775165     
  0.999739104132508     
  0.999721631639654     
  0.999681322974235     
  0.999594690788277     
  0.994898407704933     
  0.997728124071601     
  0.999782712294433     
  0.987101928260992     
  0.971563875599651     
  0.999393025677937     
  0.999671443799630     
  0.999509008355100     
  0.997088486348790     
  0.983074444203402     
  0.946036846953581     
  0.959965869432408     
  0.990424660659997     
  0.998551336456921     
  0.999416658643169     
  0.998997684715936     
  0.998871419787910     
  0.999343208493442     
  0.999565290654048     
  0.992295107406009     
  0.997492913600474     
  0.994581944640844     
  0.995962687003647     
  0.999608237387134     
  0.999614104600077     
  0.999603800308667     
  0.999612927444627     
  0.999606033999634     
  0.999600687345419     
  0.999592606228673     
  0.999578865901071     
  0.999551887239714     
  0.999544124790252     
  0.999508343153797     
  0.999525830275714     
  0.999532002693601     
  0.999518977164183     
  0.998963034440407     
  0.999473531886783     
  0.999418535865663     
  0.999237260689780     
  0.999322110087099     
  0.999221631733671     
  0.997529762681052     
  0.990526173136831     
  0.976042166751181     
  0.997123155708942     
  0.999042758634703     
  0.998885204667556     
  0.996644204996476     
  0.994089164166955     
  0.996859490656884     
  0.994974102972519     
  0.954882899851092     
  0.966017993834245     
  0.816802542156079     
  0.973068771568768     
  0.995951396097317     
  0.998971866894228     
  0.999142916154925     
  0.999127919169690     
  0.999055605908404     
  0.998498244560572     
  0.994006729577735     
  0.941021848710511     
  0.941041615540435     
  0.993258368880026     
  0.993720296363648     
  0.986138876836123     
  0.993917623527233     
  0.998095514897192     
  0.998867833200347     
  0.998903933111930     
  0.998882096978086     
  0.998850944196741     
  0.998825522665200     
  0.998798291862550     
  0.998764019699653     
  0.998719884253503     
  0.998686996664261     
  0.998626966653323     
  0.998507728799278     
  0.998099416007757     
  0.997594381134562     
  0.997994607897971     
  0.998310862741900     
  0.998302087023269     
  0.997769500866393     
  0.998227197346067     
  0.998176311705136     
  0.997936149655683     
  0.997963394686802     
  0.997940188579232     
  0.997698356404745     
  0.996171380655651     
  0.985701415309320     
  0.980763099452036     
  0.947595567982210     
  0.961814958932431     
  0.990981258717364     
  0.986633216861844     
  0.976343979887819     
  0.991233981661126     
  0.991293058535546     
  0.992965216396612     
  0.994634807703255     
  0.996194924635077     
  0.996214374853157     
  0.995992338854225     
  0.995780811424447     
  0.995547652671503     
  0.995268075072607     
  0.995040390693367     
  0.994753347875493     
  0.994385700168122     
  0.994120434013921     
  0.993955635543856     
  0.991786799174345     
  0.987886422723757     
  0.992806130129125     
  0.992018658411140     
  0.991444543168246     
  0.990869348258076     
  0.990544561410496     
  0.990034645662385     
  0.989452034687672     
  0.988791842918820     
  0.988130903911888     
  0.987469440225637     
  0.986682057306582     
  0.985734006375859     
  0.984807171635160     
  0.983795268562963     
  0.982663324072817     
  0.981301099804137     
  0.979465929729638     
  0.973815026116691     
  0.967998955912651     
  0.970510555266942     
  0.971813418388144     
  0.970176079445895     
  0.967538708338926     
  0.965051546142012     
  0.962543290468589     
  0.959523194878314     
  0.956604588863530     
  0.953470163684262     
  0.950276991340064     
  0.947283105581340     
  0.944453863998417     
  0.941741247247748     
  0.939605356192185     
  0.939337676265060     
  0.941187805588971     
  0.943828005880194     
  0.946682532352242     
  0.949659052922809     
  0.952770694450929     
  0.955568141296553     
  0.958327962961188     
  0.961681844233299     
  0.964500294363575     
  0.967184568535491     
  0.969698820567487     
  0.971875310660489     
  0.974093101697185     
  0.976023559195451     
  0.977713120856424     
  0.979449369793195     
  0.980894695392125     
  0.982386290069656     
  0.983513500857715     
  0.984241430262096     
  0.985456520060661     
  0.986561681332079     
  0.986795856442462     
  0.983646172662626     
  0.972080659578065     
  0.980474824858667     
  0.986499264158183     
  0.990354312369589     
  0.990848332954740     
  0.991489821359139     
  0.991970876969237     
  0.992462205401749     
  0.992891725860368     
  0.992991193471827     
  0.991769950502393     
  0.981732858147052     
  0.966353359080614     
  0.986197989657758     
  0.993705228887304     
  0.995149001458046     
  0.995513567326544     
  0.995610677987471     
  0.994733940673505     
  0.990739734832930     
  0.991470472273345     
  0.995500938449771     
  0.996479364926673     
  0.996762398516089     
  0.997028546438054     
  0.997156914892255     
  0.997277990578209     
  0.997391979239283     
  0.997495196663312     
  0.997599453535542     
  0.997693478097787     
  0.997780387983088     
  0.997848670133562     
  0.997784685298249     
  0.998012598473655     
  0.998088652703664     
  0.998134682636050     
  0.998208519174156     
  0.998263582427504     
  0.997642089891577     
  0.998148129074405     
  0.998432379897148     
  0.998489186403412     
  0.998534301340441     
  0.998575770794810     
  0.998613953410774     
  0.998648706448156     
  0.998680471865814     
  0.998707388314336     
  0.998723107260284     
  0.998695165231273     
  0.998535028750279     
  0.998591903764639     
  0.998429656447886     
  0.998602380277637     
  0.998624107558565     
  0.998459581132196     
  0.998048385442232     
  0.995029314071104     
  0.955333388657458     
  0.746546797650201     
  0.534551004231760     
  0.892766135315485     
  0.982932108809761     
  0.997416874778397     
  0.989745966717397     
  0.996015330220286     
  0.995347017227458     
  0.998939920147712     
  0.999101924695878     
  0.998771455097825     
  0.997074223335882     
  0.994712351988171     
  0.996779775704003     
  0.998287374094124     
  0.999012939600105     
  0.999221160178533     
  0.999306011935595     
  0.999381201803549     
  0.999403173259122     
  0.999364896083301     
  0.998919083103348     
  0.997500215853473     
  0.996753197287317     
  0.998594849022974     
  0.999345952026853     
  0.999454124055825     
  0.999517058909291     
  0.999536190988423     
  0.999547707210886     
  0.999557446339748     
  0.999566485527062     
  0.999575114676012     
  0.999581857324193     
  0.999586446288584     
  0.999584859744147     
  0.999508758258083     
  0.996610577850513     
  0.998508087401518     
   1.00007569000328     
  0.998183470028371     
  0.992449662992120     
  0.999310741082542     
  0.998680777398819     
  0.999253838745326     
  0.999596567751296     
  0.999662161775726     
  0.999679741193134     
  0.999821844193024     
  0.999963087229005     
  0.995001527168117     
  0.999628884936066     
  0.999899023933764     
  0.999718386782705     
  0.999708976675284     
  0.999711336732686     
  0.999722265917646     
  0.999730507042660     
  0.999773088960404     
