  0.999579440195801     
  0.999577386408436     
  0.999567181001194     
  0.999569740715666     
  0.999561572496789     
  0.999512513009685     
  0.999487883849940     
  0.999477965876145     
  0.999536376330297     
  0.999398215416636     
  0.997982866691388     
  0.988205860632155     
  0.994731897910575     
  0.998596427745043     
  0.999340936060872     
  0.999307399861059     
  0.998683098499620     
  0.993349108176951     
  0.898811884761345     
  0.787033670376072     
  0.959374602611264     
  0.986487539446211     
  0.978958846968845     
  0.994565886480489     
  0.998422060313099     
  0.999257858218438     
  0.999425690059403     
  0.999451433051616     
  0.999459595808479     
  0.999462487550372     
  0.999459440335682     
  0.999327520088309     
  0.999245715912796     
  0.999447969865411     
  0.999449823913857     
  0.999445176816513     
  0.999439817095167     
  0.999433487453251     
  0.999426223737499     
  0.999399905257509     
  0.999410982303309     
  0.999405238218882     
  0.999366368370307     
  0.999359073297480     
  0.999375811979362     
  0.999363554601994     
  0.999360083420122     
  0.999347618228853     
  0.999326398318894     
  0.999198877302085     
  0.998549122454307     
  0.993820937019603     
  0.996608231325046     
  0.998974975583669     
  0.999418793511174     
  0.998457632993365     
  0.969072547434547     
  0.993212749107877     
  0.991667714867003     
  0.992813493100186     
  0.999248759299741     
  0.998912514911571     
  0.999118926991824     
  0.999156711232862     
  0.999143426821460     
  0.999127969375164     
  0.999111580683064     
  0.999094511140506     
  0.999076645688614     
  0.999058554997253     
  0.999038203176624     
  0.998926271885048     
  0.998999215176663     
  0.998964728435654     
  0.998939186045284     
  0.998864169314809     
  0.998351314961900     
  0.998733701579928     
  0.998151051556920     
  0.993039551864774     
  0.997969473865239     
  0.998671291173295     
  0.998733752768547     
  0.998705715220717     
  0.998529038715832     
  0.998638068967715     
  0.998550065857810     
  0.998172611629576     
  0.995817486014613     
  0.997460297137572     
  0.997952541830569     
  0.996518597310654     
  0.993437903208207     
  0.993096439269906     
  0.990367308313554     
  0.997244925613607     
  0.998077003209041     
  0.998122264499415     
  0.998022684135334     
  0.997526019894293     
  0.997612585163569     
  0.997872161594025     
  0.997812923701497     
  0.997742596319672     
  0.997648711070374     
  0.997535035259575     
  0.997380140824946     
  0.997267694355029     
  0.995298773630940     
  0.997153688853676     
  0.997095475026067     
  0.996998192789494     
  0.996879332398526     
  0.996751588549294     
  0.996614177134342     
  0.996457408532958     
  0.996289544875938     
  0.996098722998198     
  0.995869370089400     
  0.995584456982297     
  0.995226704819620     
  0.994648900070907     
  0.905053461387966     
  0.809644627005458     
  0.985246339908606     
  0.993899613844822     
  0.993553266957474     
  0.991139014885443     
  0.954923727851226     
  0.844670187539983     
  0.965613650887514     
  0.968007787047625     
  0.915149006849553     
  0.982832327780949     
  0.989593929289157     
  0.989172604494145     
  0.988250811621217     
  0.985657289051090     
  0.943022678199936     
  0.904879840137557     
  0.973991265996815     
  0.849866297096908     
  0.868193792623311     
  0.870754631718761     
  0.975955137097202     
  0.974247240742897     
  0.970468566431907     
  0.962636991548179     
  0.951884165904153     
  0.959211733769969     
  0.949592844360734     
  0.949926997662915     
  0.939650938285676     
  0.925025317607118     
  0.849168238561412     
  0.870485374795326     
  0.899003636247428     
  0.880644072874810     
  0.859684454962077     
  0.847215890809941     
  0.854224534834596     
  0.870266172968361     
  0.883429315725530     
  0.891301371869969     
  0.890055943104060     
  0.878057704763655     
  0.852322123198183     
  0.802445001403837     
  0.719954676031862     
  0.580641790110416     
  0.484075138417463     
  0.473714955193925     
  0.521209222866250     
  0.605626610741613     
  0.706985453513299     
  0.785187203708341     
  0.830732901915265     
  0.859018739301542     
  0.881263727390338     
  0.898713630877038     
  0.912917198637002     
  0.926930169698635     
  0.940065609405582     
  0.949323213953360     
  0.955355638248906     
  0.960884817228173     
  0.966003202226838     
  0.969579276461604     
  0.972153452571327     
  0.974530701862239     
  0.976654256288792     
  0.978692493801175     
  0.980484854991935     
  0.982136895590478     
  0.983657707682686     
  0.985093383667441     
  0.986344932025355     
  0.987634788448155     
  0.988766982930961     
  0.989753023301056     
  0.990526346695249     
  0.990380527236259     
  0.991356465621552     
  0.992292535362831     
  0.993130065259985     
  0.993524896025724     
  0.993986616363632     
  0.994428453204641     
  0.994731914295618     
  0.994981671707954     
  0.994861730449872     
  0.995388595603404     
  0.995747683850681     
  0.995969444709387     
  0.996097751394322     
  0.996389198247582     
  0.996562295798455     
  0.996701444407422     
  0.996713643204481     
  0.991567329997135     
  0.986734332302175     
  0.996289315106462     
  0.996408322687727     
  0.997362483070650     
  0.997556779648023     
  0.997512258949685     
  0.986051570451588     
  0.997397626810852     
  0.997920945420182     
  0.997970084286603     
  0.996810300763273     
  0.998005035173990     
  0.998086922059918     
  0.997888379273780     
  0.997722816935530     
  0.997017594261852     
  0.990073451286777     
  0.905319739978869     
  0.867553411516584     
  0.946171650284120     
  0.993361331752553     
  0.997607482418705     
  0.998203630960054     
  0.998282416720052     
  0.998140372898972     
  0.995673740196096     
  0.977976148981402     
  0.778246597709990     
  0.762557145007495     
  0.748542976115423     
  0.903795239496538     
  0.990239840443583     
  0.997727031094093     
  0.996832941450101     
  0.998511332703843     
  0.998866795440523     
  0.998963145420952     
  0.999012207189907     
  0.999043942514577     
  0.999028959125282     
  0.998832651415201     
  0.998943226101854     
  0.998467415878169     
  0.999169796273468     
  0.999201561052602     
  0.999223728916499     
  0.998614982337117     
  0.999235512351946     
  0.999282482126705     
  0.999301232530089     
  0.999317257493822     
  0.999331910174936     
  0.999340450140795     
  0.999316409034511     
  0.999012194942515     
  0.999089767642250     
  0.999366049060590     
  0.999358430901575     
  0.998970132605796     
  0.999249854781821     
  0.999420835635995     
  0.999453141461278     
  0.999448386331861     
  0.999201510107819     
  0.998320743634246     
  0.999392688905572     
  0.999495384709443     
  0.999509009001389     
  0.999500358386835     
  0.999406697606964     
  0.999495442064227     
  0.999362550144187     
  0.999205660146661     
  0.999532923266785     
  0.999531837238515     
  0.999523379295556     
  0.999501565335432     
  0.999467544945001     
  0.999622348655649     
  0.996248986399208     
  0.967676274359882     
  0.992861526707408     
  0.999813775873704     
  0.978173369532054     
  0.958804658595394     
  0.996977162073538     
  0.999615182932210     
  0.999387795325253     
  0.999465160982638     
  0.999449156655277     
  0.998970740271339     
  0.993480793450846     
  0.914854494815050     
  0.947045380376574     
  0.981179016992754     
  0.998420903030415     
  0.999431169716296     
  0.999298434586269     
  0.999621376851014     
  0.999681449176118     
  0.999692984200306     
  0.999700640650798     
  0.999707381744405     
  0.999712512327650     
  0.999714764828212     
  0.999685234341287     
  0.999683373116837     
  0.999728983932881     
  0.999730273503820     
  0.999696053485862     
  0.999477759258496     
  0.999644477825472     
  0.999679417027863     
  0.999611066994939     
  0.999636801876192     
  0.999557482838294     
  0.999123185916539     
  0.999733374121432     
  0.999757556017742     
  0.999759638348611     
  0.999728812777329     
  0.999754095488193     
  0.999683572482033     
  0.999226309814367     
  0.997577142380421     
  0.998194520697381     
  0.999452371696469     
  0.999702495080973     
  0.999579005719421     
  0.998542303667137     
  0.997421078542749     
  0.999462079073669     
  0.999745552808960     
  0.999781308910294     
  0.999763838424292     
  0.999787266253002     
  0.999704633818374     
  0.999791835957866     
  0.999796436625921     
  0.999798036997802     
  0.999799627542055     
  0.999800906224050     
  0.999801914504098     
  0.999800977382658     
  0.999717157276196     
  0.999820903646694     
  0.999551406755300     
  0.989958308777342     
  0.999518302865940     
  0.999770008129633     
  0.999808132118832     
  0.999812491547529     
  0.999814837307569     
  0.999815705509127     
  0.999770504018379     
  0.999715972176904     
  0.999769236225472     
  0.999739812435169     
  0.999191202541221     
  0.999399614158051     
  0.999470313169135     
  0.999525768329117     
  0.999821988156028     
  0.999821612687494     
  0.999813071993170     
  0.999727743428934     
  0.999769748198205     
  0.999964985239915     
  0.985487271784183     
  0.992113141282251     
  0.977591778699497     
  0.963568918576989     
  0.999295738527659     
  0.999640246221835     
  0.999514967932219     
  0.998199895334043     
  0.994685612663406     
  0.999051435395920     
  0.999690959915705     
  0.999810303697084     
  0.999802239924011     
  0.999640791291207     
  0.997986391805604     
  0.957654603677407     
  0.942478143591524     
  0.996748043432634     
  0.999343851124532     
  0.999299820146257     
  0.999737986944379     
  0.999815581650788     
  0.999827482015528     
  0.999834568485505     
  0.999840316929165     
  0.999840675781333     
  0.999839308621764     
  0.999787272841673     
  0.999570054646493     
  0.999412519306838     
  0.999046815943329     
  0.999797649875267     
  0.999846915124920     
  0.999848978504253     
  0.999844398711391     
  0.999815639869041     
  0.999600166258865     
  0.999782877989734     
  0.999843082274906     
  0.999850938822712     
  0.999847581739668     
  0.999852785022641     
  0.999812671109096     
  0.999845788546106     
  0.999854215323561     
  0.999862557187566     
  0.999679205026596     
  0.999394341421018     
  0.999854317421198     
  0.999778697098581     
  0.999622298676856     
  0.999291002507301     
  0.999031498862256     
  0.999836705534118     
  0.999756706859650     
  0.998730991319979     
  0.992925081970826     
  0.992914147387321     
  0.998727111159567     
  0.999690277600745     
  0.999558809690274     
  0.998534123730679     
  0.998534888359308     
  0.999566665385141     
  0.999802899252644     
  0.999816581247134     
  0.999799793185174     
  0.999675705888009     
  0.992538724273846     
  0.983358728350440     
  0.999030828066608     
  0.999825040023072     
  0.999620557431101     
  0.983785899886915     
  0.997028738321151     
  0.999795877913461     
  0.999832475203263     
  0.999707022107924     
  0.997566593949943     
  0.998540728863323     
  0.999785305692293     
  0.999736164814839     
  0.999819520433769     
  0.999844656856567     
  0.999843297760772     
  0.999841337782142     
  0.999837587657488     
  0.999828214817843     
  0.999615496807421     
  0.999765950444960     
  0.999786588785802     
  0.999763791903184     
  0.999178475351575     
  0.992680383645664     
  0.961823692476851     
  0.909496911958479     
  0.933327835350749     
  0.983241135953353     
  0.991416235222286     
  0.967582357567676     
  0.977800193156921     
  0.996454251795371     
  0.999266203395507     
  0.998823154544183     
  0.998622657797192     
  0.999680033997484     
  0.999203399064648     
  0.995088529717020     
  0.911588275927161     
  0.910757018408608     
  0.995356662519826     
  0.999159991189670     
  0.999709161101445     
  0.999778578966302     
  0.999790422143212     
  0.999780393434351     
  0.999578684313730     
  0.999104292751495     
  0.998775137086805     
  0.998789609370861     
  0.998785280046857     
  0.991346140932702     
  0.887646584343426     
  0.911500976442027     
  0.991395939307814     
  0.973612008455740     
  0.906463633113763     
  0.893750355920123     
  0.968324982555193     
  0.992008204605121     
  0.979838005837254     
  0.979628593955129     
  0.994453889134042     
  0.981989579679800     
  0.944910140898939     
  0.968545911226587     
  0.995303204972183     
  0.999089887091730     
  0.999450747823129     
  0.998674404186752     
  0.991504784903836     
  0.963521015660999     
  0.925095668899499     
  0.963940015218795     
  0.994375396925023     
  0.998177190630629     
  0.992754200336620     
  0.988704496659267     
  0.997441423342289     
  0.999685832687597     
  0.994005036328588     
  0.991016918222878     
  0.979726108593160     
  0.957622254864560     
  0.985411248814503     
  0.997192676606589     
  0.999615100751228     
  0.999640599687663     
  0.999375997751888     
  0.999788301808951     
  0.999777032485150     
  0.999783948487359     
  0.999810299124038     
  0.999738536763121     
  0.999645491615608     
  0.999642496731015     
  0.999747980810981     
  0.999804361432631     
  0.999806608466126     
  0.999792185268320     
  0.999659697220541     
  0.999753588975413     
  0.999797937266294     
  0.999790040659016     
  0.999795415276574     
  0.999793009499082     
  0.999781583250822     
  0.999783911813942     
  0.999785207847649     
  0.999781665308842     
  0.999778570528103     
  0.999774054050634     
  0.999759008970223     
  0.999725962071027     
  0.999581577976920     
  0.994293418610445     
  0.997398729927136     
  0.999722596371406     
  0.985995015252797     
  0.969236346387246     
  0.999335418241907     
  0.999709409700997     
  0.999587645239406     
  0.997730338614145     
  0.986613964480676     
  0.952884587456879     
  0.965989897380935     
  0.992580615323475     
  0.998856115693457     
  0.999517869774847     
  0.999159623016226     
  0.999044266676334     
  0.999453839433949     
  0.999615068628495     
  0.987866273745723     
  0.996287797968106     
  0.991579223472267     
  0.993813573590292     
  0.999654448822415     
  0.999663952758408     
  0.999653038912496     
  0.999668779526814     
  0.999662165644124     
  0.999659584062962     
  0.999652904226206     
  0.999641881091249     
  0.999620042418180     
  0.999613836052215     
  0.999571986904959     
  0.999591577940215     
  0.999601753251553     
  0.999591610684907     
  0.998850940731952     
  0.999550380278437     
  0.999509271832959     
  0.999343834388291     
  0.999424756674973     
  0.999350850024052     
  0.997798386404205     
  0.991516338889035     
  0.973821875866661     
  0.997613786698057     
  0.999205613785932     
  0.999081991555768     
  0.997121816887243     
  0.994733178655767     
  0.997202098541010     
  0.995336948132365     
  0.948465548514194     
  0.968315437092204     
  0.796262249626502     
  0.975579599180844     
  0.996767288600788     
  0.999110981186299     
  0.999250782607775     
  0.999236161824682     
  0.999164827268178     
  0.998683079226909     
  0.994573399694315     
  0.931236741545289     
  0.931284557744349     
  0.994017570123887     
  0.994812826073008     
  0.987777918005238     
  0.995008930641951     
  0.998450587192971     
  0.999040401757840     
  0.999068798908577     
  0.999056577408074     
  0.999026092997934     
  0.999007664652715     
  0.998992265523623     
  0.998964467660991     
  0.998925706578202     
  0.998901451470678     
  0.998840168699059     
  0.998752608865460     
  0.998429019545794     
  0.997976117801525     
  0.998340857618551     
  0.998595736859319     
  0.998575577437044     
  0.997915899948632     
  0.998521801087985     
  0.998477641153544     
  0.998231202612955     
  0.998280139164670     
  0.998280302579633     
  0.998084703605822     
  0.996644531894201     
  0.985395800318259     
  0.984409000863232     
  0.953049464978506     
  0.965213391375139     
  0.992805481041520     
  0.988527161477908     
  0.978664130447920     
  0.992676387971837     
  0.991489398422989     
  0.993020799747852     
  0.994908903620864     
  0.996739907529653     
  0.996849207294222     
  0.996668067261796     
  0.996493193192146     
  0.996297027767997     
  0.996046395532540     
  0.995878064701221     
  0.995639483878664     
  0.995287016750437     
  0.995111169584205     
  0.994957277690878     
  0.992490294401920     
  0.988267906707432     
  0.993969515024190     
  0.993357430717398     
  0.992856282424913     
  0.992312951234563     
  0.992129246831912     
  0.991709734327879     
  0.991225767394942     
  0.990677988929332     
  0.990126557916996     
  0.989571688931547     
  0.988913185303238     
  0.988117990341527     
  0.987344291660093     
  0.986498881056719     
  0.985547978030794     
  0.984407507083196     
  0.982859109808680     
  0.977066363164156     
  0.971752575026533     
  0.975131351311045     
  0.976469656272335     
  0.975062178284228     
  0.972706455079338     
  0.970719166610669     
  0.968630389973566     
  0.966086791562286     
  0.963638774489758     
  0.961013123246782     
  0.958347113134262     
  0.955863106358503     
  0.953522199364229     
  0.951244338143650     
  0.949409795893887     
  0.949174599072209     
  0.950775410175266     
  0.953003314977855     
  0.955368239652606     
  0.957835516655592     
  0.960430501457477     
  0.962709363884232     
  0.964960969966741     
  0.967901515791925     
  0.970280649459658     
  0.972542023014074     
  0.974659532751915     
  0.976490461802707     
  0.978357583640262     
  0.979980033565059     
  0.981397937252832     
  0.982852725610776     
  0.984031895495904     
  0.985286088272440     
  0.986189781674335     
  0.986694387462633     
  0.987766101571422     
  0.988797999159980     
  0.989037181151238     
  0.986470077238276     
  0.975638817470467     
  0.983514024360358     
  0.987717594441805     
  0.991957855088279     
  0.992322980049032     
  0.992920682948498     
  0.993321642716175     
  0.993730864895535     
  0.994088024951891     
  0.994120584066837     
  0.993245934327360     
  0.984400839612752     
  0.969684153569231     
  0.988461287042397     
  0.994828057228042     
  0.995968888578014     
  0.996267875347178     
  0.996356875785439     
  0.995687285437162     
  0.992108998470469     
  0.992774160864306     
  0.996319341759581     
  0.997014769912849     
  0.997245160608254     
  0.997527072988398     
  0.997634084391212     
  0.997734298712076     
  0.997828541197387     
  0.997911119807778     
  0.997999959928721     
  0.998077564544689     
  0.998149246027152     
  0.998200586886962     
  0.998074473272136     
  0.998333013814097     
  0.998402318280669     
  0.998412549685479     
  0.998487780587551     
  0.998545914137719     
  0.997739009288575     
  0.998347766208988     
  0.998681862259622     
  0.998727093959696     
  0.998762638455223     
  0.998794826459073     
  0.998823646937359     
  0.998849102851538     
  0.998872074411038     
  0.998889676270777     
  0.998896950944990     
  0.998867726178826     
  0.998711010672933     
  0.998745605474138     
  0.998520112395009     
  0.998682664528806     
  0.998685714688518     
  0.998474776889827     
  0.997987053116337     
  0.995258283851894     
  0.955808382366755     
  0.739385543261713     
  0.503229319986188     
  0.901554075183025     
  0.985474821641602     
  0.997211446009096     
  0.988636696409005     
  0.995649805212549     
  0.994960367243917     
  0.998923556334612     
  0.999157534382459     
  0.998906557385042     
  0.997340611245326     
  0.994829597551061     
  0.997007083852156     
  0.998565669323580     
  0.999163108490038     
  0.999318875047363     
  0.999391831695678     
  0.999456976237716     
  0.999476171721274     
  0.999455147179416     
  0.999112801304780     
  0.997928255280122     
  0.997127979237614     
  0.998857671515109     
  0.999444800173379     
  0.999513267474312     
  0.999577237318951     
  0.999601119731573     
  0.999611040864768     
  0.999619422100832     
  0.999626983086211     
  0.999634146280928     
  0.999638990001149     
  0.999642135972371     
  0.999637732211309     
  0.999547709816920     
  0.996308092374464     
  0.998406857814524     
  0.999974771045808     
  0.997099386767116     
  0.990085875080291     
  0.999150275177251     
  0.998888829231272     
  0.999381815199520     
  0.999655160134266     
  0.999706502785450     
  0.999719405459857     
  0.999822356608188     
  0.999691083823190     
  0.993418780984580     
  0.999228739225111     
  0.999880941269394     
  0.999752321271487     
  0.999747489408214     
  0.999749880874583     
  0.999759806434862     
  0.999766368731856     
  0.999797540925186     
