  0.999549159534762     
  0.999548767333460     
  0.999541759812169     
  0.999543812186747     
  0.999528825066362     
  0.999458197110711     
  0.999441201002945     
  0.999427116768926     
  0.999506543854153     
  0.999454562565581     
  0.998913102061242     
  0.990782137921574     
  0.996968996201673     
  0.999054079742885     
  0.999303124260262     
  0.999230258682841     
  0.998809372771495     
  0.995886917828376     
  0.882436272242823     
  0.744147506193409     
  0.959883580992710     
  0.989330598419566     
  0.982467724713889     
  0.997100835871546     
  0.998948280795090     
  0.999253823616111     
  0.999388055728530     
  0.999411501744937     
  0.999420582185113     
  0.999425065158267     
  0.999423938610095     
  0.999258654304129     
  0.999151528047803     
  0.999413521608152     
  0.999414161763274     
  0.999409070225942     
  0.999403655239213     
  0.999397061470426     
  0.999389822125390     
  0.999354271018564     
  0.999372824563162     
  0.999367638374846     
  0.999324005302247     
  0.999316466866516     
  0.999331969508760     
  0.999320271574589     
  0.999320370122800     
  0.999307706059222     
  0.999288667600504     
  0.999206776267726     
  0.998800435520850     
  0.993554522302544     
  0.996916137851688     
  0.999087916357964     
  0.999245906612360     
  0.996670894517301     
  0.962240329898221     
  0.990512192384083     
  0.989623410505299     
  0.991354843815650     
  0.999083915816974     
  0.998739580778040     
  0.999043336640541     
  0.999103385322902     
  0.999088778296738     
  0.999072275646375     
  0.999054734467592     
  0.999036522601625     
  0.999017386115295     
  0.998997920768918     
  0.998976156624354     
  0.998813075062673     
  0.998934466082080     
  0.998892090755543     
  0.998863497761571     
  0.998837937949322     
  0.998372265806242     
  0.998727572899284     
  0.997896954776149     
  0.990550598682993     
  0.997644046140913     
  0.998554848341030     
  0.998649655114106     
  0.998620290866975     
  0.998357301103551     
  0.998552211443034     
  0.998493548916036     
  0.998299029444144     
  0.996091519154551     
  0.997399586240391     
  0.998070705879593     
  0.997477183556748     
  0.995390139914572     
  0.995508281015459     
  0.991903820883219     
  0.997745839270170     
  0.998029706257453     
  0.998011488855013     
  0.997935522582659     
  0.997473991808072     
  0.997437563268089     
  0.997750630647823     
  0.997662532194225     
  0.997587703064703     
  0.997488289455228     
  0.997408949456889     
  0.997286952168801     
  0.997161705838062     
  0.993340453996402     
  0.996960369320786     
  0.996908050736046     
  0.996799466666463     
  0.996670835593146     
  0.996534144955642     
  0.996386606392828     
  0.996214283776011     
  0.996034796166454     
  0.995828883260723     
  0.995576739836988     
  0.995256821991149     
  0.994784751072657     
  0.993310340111611     
  0.879035798376977     
  0.757404206110635     
  0.980893899650194     
  0.993200002287128     
  0.993166910672418     
  0.991760051682668     
  0.951373045794158     
  0.813699595120388     
  0.965237548422739     
  0.965569896482644     
  0.897645946967553     
  0.982705095645269     
  0.989280645062590     
  0.988514371015003     
  0.987653095525082     
  0.985816168313223     
  0.934051701940209     
  0.885377088965833     
  0.974107075598206     
  0.805804465276493     
  0.836256397820555     
  0.838436564636943     
  0.973473398077520     
  0.972934748629860     
  0.969947515666655     
  0.964285860429143     
  0.953733057623314     
  0.958428569623209     
  0.946329792119948     
  0.947491461220651     
  0.936810313020022     
  0.919201308675684     
  0.823375885961504     
  0.853729173516426     
  0.895814506314894     
  0.878551688284899     
  0.857568811218819     
  0.844610488572247     
  0.851576637726025     
  0.867762420833479     
  0.880837533789292     
  0.888742835168067     
  0.887280560053938     
  0.875312127948102     
  0.850712987744196     
  0.804113983483846     
  0.727850773097318     
  0.587449742153229     
  0.482733982491183     
  0.471469199502908     
  0.523658423574966     
  0.610432043236299     
  0.712758722658092     
  0.788608605758280     
  0.831747788957700     
  0.858801072813950     
  0.880629485868703     
  0.897557721153126     
  0.911078206662533     
  0.924657078695496     
  0.937652530818869     
  0.946946299045209     
  0.953066426497175     
  0.958728214770653     
  0.963993994332752     
  0.967722313246321     
  0.970440016161767     
  0.972952967078426     
  0.975176044860120     
  0.977354820039005     
  0.979246691783972     
  0.980993775499852     
  0.982605058448083     
  0.984120816916050     
  0.985400986817849     
  0.986797574592735     
  0.988004666892154     
  0.989038801605523     
  0.989746934983853     
  0.989516510878176     
  0.990609514654716     
  0.991663676785920     
  0.992618900765515     
  0.993024134853559     
  0.993541809360589     
  0.994049454239699     
  0.994397207568144     
  0.994683868046230     
  0.994460746717477     
  0.995101530890858     
  0.995491132141965     
  0.995694823977784     
  0.995791837477862     
  0.996135824625139     
  0.996318620513921     
  0.996468993377142     
  0.996500812571151     
  0.989363740127627     
  0.982443805000492     
  0.996100965132482     
  0.996235966133217     
  0.997244945817634     
  0.997399283404866     
  0.997393247334207     
  0.981294804252348     
  0.997220929136023     
  0.997784360407194     
  0.997762755211494     
  0.996385551197758     
  0.997802468682286     
  0.997944104698890     
  0.997680595830525     
  0.997566350556971     
  0.997284414506707     
  0.993600307392301     
  0.891445168855018     
  0.845459122017882     
  0.944153041814280     
  0.995569302188019     
  0.997599846750808     
  0.998068434749194     
  0.998148182786348     
  0.998055699309820     
  0.996834270628045     
  0.987713620376717     
  0.752474031309245     
  0.737464295223218     
  0.715211790124483     
  0.901650240793219     
  0.994710156543647     
  0.998027577886264     
  0.996071825946947     
  0.998442591995498     
  0.998806471691374     
  0.998893524827363     
  0.998945055743360     
  0.998983567249273     
  0.998983006641282     
  0.998768591067196     
  0.998860292207233     
  0.998216958536053     
  0.999112620396404     
  0.999144457258239     
  0.999172740398655     
  0.997970379562597     
  0.999165834593799     
  0.999235014758132     
  0.999257353415197     
  0.999275480802289     
  0.999291747125259     
  0.999304618362186     
  0.999302353935257     
  0.998996533432369     
  0.998996516520149     
  0.999337774898411     
  0.999354544757054     
  0.999010624761053     
  0.999283474143991     
  0.999403754853292     
  0.999422827061572     
  0.999426874458915     
  0.999140657714496     
  0.997965278554397     
  0.999367000719840     
  0.999468711111980     
  0.999479005274957     
  0.999464375939898     
  0.999342196109145     
  0.999456528111855     
  0.999181616464020     
  0.998871560915366     
  0.999499125125191     
  0.999494117213915     
  0.999481150360351     
  0.999449995568297     
  0.999383203608635     
  0.999248300327641     
  0.993390770509201     
  0.954761634196392     
  0.988588406099188     
  0.998130282001792     
  0.966910348899959     
  0.941113423458085     
  0.993202383213898     
  0.999083221178900     
  0.999274570470313     
  0.999393426739107     
  0.999392922893597     
  0.999143094016294     
  0.994642981228855     
  0.897578452260657     
  0.938405153080906     
  0.977800963570146     
  0.998614890798723     
  0.999464090557522     
  0.999103349108549     
  0.999583921648690     
  0.999661448575710     
  0.999675307934196     
  0.999684875197558     
  0.999693345581909     
  0.999699607530789     
  0.999704073605710     
  0.999663590669466     
  0.999656827130084     
  0.999719076960414     
  0.999722357320791     
  0.999699466469674     
  0.999525040581995     
  0.999681762548176     
  0.999654972211262     
  0.999577985439808     
  0.999689949327352     
  0.999558013213230     
  0.998693460136127     
  0.999723730261637     
  0.999752066445142     
  0.999754269176060     
  0.999708167437197     
  0.999753890517472     
  0.999726660292798     
  0.999509913529687     
  0.998243438790466     
  0.998761065435443     
  0.999624573043244     
  0.999720388270669     
  0.999652730908346     
  0.998711511253424     
  0.997390185257748     
  0.999602998791201     
  0.999760278523975     
  0.999778918785560     
  0.999753195802101     
  0.999782667564855     
  0.999660412164857     
  0.999788480443603     
  0.999794305491663     
  0.999795962914365     
  0.999797357991191     
  0.999798864094232     
  0.999799964479705     
  0.999798260644967     
  0.999643477462129     
  0.999752048366470     
  0.999137927360995     
  0.987649638919274     
  0.999094187763253     
  0.999664043720331     
  0.999804380543344     
  0.999812225056961     
  0.999814768587457     
  0.999815947821565     
  0.999748187649532     
  0.999654886414549     
  0.999794709435708     
  0.999776768631551     
  0.999065020593561     
  0.999333201040191     
  0.999206415547132     
  0.999262121125656     
  0.999823342537275     
  0.999823196156870     
  0.999818124302680     
  0.999719725960348     
  0.999697415761050     
  0.999498782913797     
  0.981913578769025     
  0.989633618111567     
  0.972040710285815     
  0.949292852869988     
  0.999563432789319     
  0.999667928656470     
  0.999604424153933     
  0.998658883401832     
  0.995364054107679     
  0.999437641614057     
  0.999743895147262     
  0.999815638617416     
  0.999804606413427     
  0.999722485893094     
  0.998750534520302     
  0.949364193510611     
  0.930048848986639     
  0.997626855279513     
  0.999481198177150     
  0.999302086662021     
  0.999771370180926     
  0.999828350555060     
  0.999834854863076     
  0.999841889342658     
  0.999846693853383     
  0.999847397562468     
  0.999848313218816     
  0.999829798433570     
  0.999730095604728     
  0.999599676490985     
  0.998959930090991     
  0.999781879292616     
  0.999843890236373     
  0.999855777464801     
  0.999854420516219     
  0.999840714946472     
  0.999628947154788     
  0.999799939353785     
  0.999856125049271     
  0.999860046048900     
  0.999850500832341     
  0.999861501741413     
  0.999786804663552     
  0.999848663327143     
  0.999863178003561     
  0.999865521372678     
  0.999629810552398     
  0.999293995131135     
  0.999858992521876     
  0.999814245616922     
  0.999632958342602     
  0.999077080424557     
  0.998661998989930     
  0.999856199205505     
  0.999824824550842     
  0.999437915539311     
  0.995363214640422     
  0.995351595528023     
  0.999427731840460     
  0.999767534362496     
  0.999730406197312     
  0.998982473304986     
  0.998981518816262     
  0.999734345443445     
  0.999835785007941     
  0.999821110676510     
  0.999792200260771     
  0.999657188250492     
  0.989579634580202     
  0.976261868156422     
  0.998801346794675     
  0.999796756699492     
  0.999348077897263     
  0.980788516768219     
  0.996234589419544     
  0.999679237618920     
  0.999847878780263     
  0.999719733558889     
  0.996754140012808     
  0.998179038295640     
  0.999809071351812     
  0.999674427868049     
  0.999817783396060     
  0.999863706637365     
  0.999862919273874     
  0.999862181385035     
  0.999859710320356     
  0.999853795051387     
  0.999557416377598     
  0.999776529489079     
  0.999808825578748     
  0.999814263767434     
  0.999581307214255     
  0.997089687336496     
  0.979221080737230     
  0.935950537202503     
  0.956674556475110     
  0.993051898916497     
  0.995064974540591     
  0.969645494249563     
  0.980520257183427     
  0.998147707148041     
  0.999517741862700     
  0.998731190046670     
  0.998493992464528     
  0.999722966032408     
  0.999484708648091     
  0.997542793663653     
  0.893635738381637     
  0.892490248816650     
  0.997895253234377     
  0.999458339211486     
  0.999757954983647     
  0.999807945709324     
  0.999817937325285     
  0.999812992009899     
  0.999586872369467     
  0.999099660186217     
  0.999071500356215     
  0.999122428996807     
  0.999294215079742     
  0.993709294943065     
  0.868222034687957     
  0.897680098362849     
  0.995562725858883     
  0.988638767616709     
  0.935932677007649     
  0.923213845966820     
  0.985741272549984     
  0.996250509207458     
  0.982699857095535     
  0.982440179616405     
  0.996935730078281     
  0.987216623868684     
  0.951791329531559     
  0.974717956054060     
  0.997564614110674     
  0.999426493272168     
  0.999579447898485     
  0.999237491825982     
  0.994728556206046     
  0.971478642539473     
  0.934803826485251     
  0.972386049395656     
  0.997271786549796     
  0.999039009742671     
  0.993559842156110     
  0.989165793718840     
  0.998260835912696     
  0.999741523592472     
  0.992756675346477     
  0.991854475396885     
  0.988262843636851     
  0.969528316175539     
  0.992574938176671     
  0.998602732938405     
  0.999778619539558     
  0.999664400893816     
  0.999285751283438     
  0.999847183447471     
  0.999807780679276     
  0.999818654702095     
  0.999870520293855     
  0.999797965635865     
  0.999758601838492     
  0.999754855504300     
  0.999814927719851     
  0.999867036384922     
  0.999867429050382     
  0.999841085533962     
  0.999671322581316     
  0.999805044060297     
  0.999862088379932     
  0.999851897418927     
  0.999860089521753     
  0.999858609205275     
  0.999844241056501     
  0.999849601446004     
  0.999853185930839     
  0.999850608072858     
  0.999848619320908     
  0.999845330828367     
  0.999835236131415     
  0.999816998755536     
  0.999554835822907     
  0.993059610241074     
  0.996726967626783     
  0.999599996824224     
  0.983737594949265     
  0.964489625806574     
  0.999217934800106     
  0.999786836519821     
  0.999748015403377     
  0.999039315352849     
  0.993832362666762     
  0.966849663748792     
  0.978275107272806     
  0.996977396082363     
  0.999477671532254     
  0.999724275929585     
  0.999489873549102     
  0.999396763469009     
  0.999679455389093     
  0.999716583580072     
  0.978834318994374     
  0.993830144249235     
  0.985455627000560     
  0.989430785422776     
  0.999748689887329     
  0.999765610259150     
  0.999753453225866     
  0.999782680869316     
  0.999776636998289     
  0.999779694217490     
  0.999775871941060     
  0.999770389942563     
  0.999759033273309     
  0.999756000137003     
  0.999701777224895     
  0.999725658695781     
  0.999743997065331     
  0.999739733652100     
  0.998622346046498     
  0.999707098412252     
  0.999694310939361     
  0.999561171388121     
  0.999634084863784     
  0.999614365882393     
  0.998346192291673     
  0.993535587561889     
  0.969294032993171     
  0.998614330288674     
  0.999537723905722     
  0.999483298188515     
  0.998095807751787     
  0.996046511988297     
  0.997900775227914     
  0.996076893759385     
  0.935378736185961     
  0.973000575751020     
  0.754374803227917     
  0.980699879477446     
  0.998431120193734     
  0.999394673623862     
  0.999470751866404     
  0.999456898051845     
  0.999387559127905     
  0.999060006685260     
  0.995728990933378     
  0.911282321640142     
  0.911387357042983     
  0.995565779131160     
  0.997040776467597     
  0.991120343273412     
  0.997234383533931     
  0.999174669247452     
  0.999392312271769     
  0.999405001235374     
  0.999412386013142     
  0.999383264226874     
  0.999379096334546     
  0.999387824470364     
  0.999373228864141     
  0.999345426981213     
  0.999338775120523     
  0.999274937254173     
  0.999251975787664     
  0.999101156513838     
  0.998754565386980     
  0.999046938605842     
  0.999176658648734     
  0.999133284789289     
  0.998214439724785     
  0.999122562039460     
  0.999092116697917     
  0.998832878472225     
  0.998926048042674     
  0.998973866187336     
  0.998872545629077     
  0.997609384415952     
  0.984772589195988     
  0.991843727906778     
  0.964171048164292     
  0.972143465740731     
  0.996525426656341     
  0.992389280689074     
  0.983395361359242     
  0.995617727498977     
  0.991889772262755     
  0.993134144528609     
  0.995467835582755     
  0.997851226782386     
  0.998143744849102     
  0.998045997707491     
  0.997945864949015     
  0.997825133951978     
  0.997633524815703     
  0.997586224433930     
  0.997446464124915     
  0.997124950984140     
  0.997131442051305     
  0.996999788497220     
  0.993924833907899     
  0.989045812946861     
  0.996341838687132     
  0.996087394095978     
  0.995735033896030     
  0.995256674833688     
  0.995360655662896     
  0.995125485558087     
  0.994842664848206     
  0.994524109701447     
  0.994195977240215     
  0.993858465767800     
  0.993462760564019     
  0.992979255197756     
  0.992517816629690     
  0.992011900851633     
  0.991430159256559     
  0.990741865659871     
  0.989778227671878     
  0.983696238821036     
  0.979406657962267     
  0.984553703469008     
  0.985964269158832     
  0.985025494645368     
  0.983244073415872     
  0.982276072430151     
  0.981042647737148     
  0.979470665672928     
  0.977982215548411     
  0.976393992502402     
  0.974802904174585     
  0.973358574844170     
  0.972013412192010     
  0.970622040654930     
  0.969401957724061     
  0.969232977520225     
  0.970325387256402     
  0.971712566908719     
  0.973079133968331     
  0.974508004118928     
  0.976049468037821     
  0.977270880907822     
  0.978486182719881     
  0.980583893842175     
  0.982067216883550     
  0.983466254593971     
  0.984774768778772     
  0.985901065841890     
  0.987053141170948     
  0.988047535709080     
  0.988911504285694     
  0.989792370495211     
  0.990428826826437     
  0.991198937716938     
  0.991646861436367     
  0.991696093528427     
  0.992475452598963     
  0.993357957437072     
  0.993607344214345     
  0.992228141505866     
  0.982894049107514     
  0.989711072199810     
  0.990201815568127     
  0.995227535615152     
  0.995329835060802     
  0.995838255177477     
  0.996075894299651     
  0.996317696867197     
  0.996527309677732     
  0.996423438396151     
  0.996255497573360     
  0.989840906783563     
  0.976475703060715     
  0.993076186298660     
  0.997117519771483     
  0.997640648134059     
  0.997805916828625     
  0.997878378944188     
  0.997631160975760     
  0.994900932318098     
  0.995432384359265     
  0.997988066028869     
  0.998106459571792     
  0.998229510563897     
  0.998543565631110     
  0.998607029198178     
  0.998664706451438     
  0.998718685811180     
  0.998759181300138     
  0.998816586088266     
  0.998860709943882     
  0.998901340264600     
  0.998918137481513     
  0.998665344072076     
  0.998986332462949     
  0.999041873721965     
  0.998979112369559     
  0.999057185785169     
  0.999121579014187     
  0.997936624491234     
  0.998754818829919     
  0.999190546934384     
  0.999212177590809     
  0.999228207902219     
  0.999241470999858     
  0.999251202092185     
  0.999257701219363     
  0.999262742160692     
  0.999261351695539     
  0.999251408610527     
  0.999219568077689     
  0.999069827402208     
  0.999058993868184     
  0.998704546369055     
  0.998846358899966     
  0.998811327503048     
  0.998505759992098     
  0.997862000844418     
  0.995725136566702     
  0.956776858894799     
  0.724784294350111     
  0.439366868061895     
  0.919471976509156     
  0.990659203323471     
  0.996792594090417     
  0.986374990083459     
  0.994904531966819     
  0.994172022782130     
  0.998890192027402     
  0.999270917302450     
  0.999182017973357     
  0.997883750081532     
  0.995068649531202     
  0.997470542015380     
  0.999133084426869     
  0.999469286990455     
  0.999518105153803     
  0.999566808783648     
  0.999611471855396     
  0.999625007295799     
  0.999639158735101     
  0.999507769944161     
  0.998800976498603     
  0.997892114079561     
  0.999393534105399     
  0.999646339134379     
  0.999633853361748     
  0.999699933301658     
  0.999733500900134     
  0.999740169730580     
  0.999745782281874     
  0.999750329294076     
  0.999754503493006     
  0.999755475450978     
  0.999755679253156     
  0.999745531486771     
  0.999627126306620     
  0.995691369660705     
  0.998200466004984     
  0.999769012763038     
  0.994889109335653     
  0.985266483274783     
  0.998823110753815     
  0.999313013375448     
  0.999642738301401     
  0.999774620323473     
  0.999796906690944     
  0.999800274189643     
  0.999823401335509     
  0.999136515973088     
  0.990191838657794     
  0.998412912976348     
  0.999844073954816     
  0.999821507552194     
  0.999826009824428     
  0.999828465252216     
  0.999836344533605     
  0.999839483943434     
  0.999847393815404     
