  0.999569364575886     
  0.999567863662354     
  0.999558722319949     
  0.999561113217732     
  0.999550676062545     
  0.999494439839703     
  0.999472350508709     
  0.999461046238085     
  0.999526449805626     
  0.999416964500843     
  0.998292395551966     
  0.989063097995298     
  0.995476276273416     
  0.998748708220447     
  0.999328354445497     
  0.999281731655954     
  0.998725115427498     
  0.994193547897626     
  0.893363003465609     
  0.772763565098149     
  0.959543962088245     
  0.987433550499849     
  0.980126405778811     
  0.995409376608605     
  0.998597157285759     
  0.999256515726104     
  0.999413167431646     
  0.999438146111240     
  0.999446614216841     
  0.999450035427620     
  0.999447627300346     
  0.999304605306354     
  0.999214375307770     
  0.999436507351612     
  0.999437957476882     
  0.999433162488613     
  0.999427784372613     
  0.999421366838128     
  0.999414111226306     
  0.999384720614819     
  0.999398285435381     
  0.999392726983636     
  0.999352272180385     
  0.999344896123044     
  0.999361223509735     
  0.999349152279361     
  0.999346868910771     
  0.999334337539412     
  0.999313843497252     
  0.999201505668368     
  0.998632746449103     
  0.993732287940264     
  0.996710686780443     
  0.999012556480673     
  0.999361265593656     
  0.997863097555842     
  0.966799132905408     
  0.992314140782306     
  0.990987473761468     
  0.992328128188590     
  0.999193907678804     
  0.998854971103709     
  0.999093774302259     
  0.999138967028317     
  0.999125242508580     
  0.999109437262074     
  0.999092665071089     
  0.999075215411132     
  0.999056927012782     
  0.999038378894728     
  0.999017557112617     
  0.998888605491096     
  0.998977669819240     
  0.998940558128887     
  0.998914000633982     
  0.998855440777300     
  0.998358286398718     
  0.998731662247777     
  0.998066500249952     
  0.992211346419852     
  0.997861186921968     
  0.998632544493234     
  0.998705769025134     
  0.998677290001776     
  0.998471892467307     
  0.998609499584959     
  0.998531259645464     
  0.998214677622841     
  0.995908671589203     
  0.997440095346036     
  0.997991861402487     
  0.996837570945725     
  0.994087518510262     
  0.993898990494077     
  0.990878590018364     
  0.997411607034475     
  0.998061264914994     
  0.998085403341402     
  0.997993680673916     
  0.997508707269621     
  0.997554345665813     
  0.997831721486676     
  0.997762880058263     
  0.997691054671648     
  0.997595329804682     
  0.997493079425631     
  0.997349131707502     
  0.997232425988099     
  0.994647129789716     
  0.997089360469225     
  0.997033108296159     
  0.996932065267232     
  0.996809953581951     
  0.996679232592282     
  0.996538451260691     
  0.996376506907892     
  0.996204775253945     
  0.996008931678891     
  0.995771995001622     
  0.995475433735539     
  0.995079640998110     
  0.994203482802621     
  0.896395857791404     
  0.792261164997433     
  0.983798026281150     
  0.993666811706002     
  0.993424703316389     
  0.991345670736504     
  0.953742204398975     
  0.834364421840006     
  0.965488499083803     
  0.967196554554760     
  0.909324685890423     
  0.982789989977293     
  0.989489680689404     
  0.988953570330815     
  0.988051915171288     
  0.985710157854796     
  0.940037486910101     
  0.898390081759456     
  0.974029802953707     
  0.835204217415587     
  0.857566253678221     
  0.860000414935030     
  0.975129308897740     
  0.973810493178525     
  0.970295180436134     
  0.963185673009930     
  0.952499407678155     
  0.958951126021207     
  0.948507022100537     
  0.949116541497463     
  0.938705683188440     
  0.923087301870620     
  0.840585489626200     
  0.864909523221006     
  0.897942409872796     
  0.879947803133904     
  0.858980445112038     
  0.846348906638728     
  0.853343409513283     
  0.869433013566094     
  0.882566862766334     
  0.890449981368812     
  0.889132393402443     
  0.877144073123487     
  0.851786659135775     
  0.803000380575217     
  0.722582223593499     
  0.582907241708953     
  0.483628847793857     
  0.472967644525634     
  0.522024233407130     
  0.607225695626683     
  0.708906602443250     
  0.786325731225683     
  0.831070622333432     
  0.858946307150019     
  0.881052672863825     
  0.898328982320084     
  0.912305242611494     
  0.926173759464514     
  0.939262615533708     
  0.948532253824460     
  0.954593862546114     
  0.960167169295909     
  0.965334602168521     
  0.968961338284338     
  0.971583275288674     
  0.974005681543769     
  0.976162353983141     
  0.978247357818309     
  0.980072832828284     
  0.981756500650472     
  0.983307418486522     
  0.984769743310106     
  0.986030815901899     
  0.987356189135904     
  0.988513307223824     
  0.989515351832167     
  0.990266981839417     
  0.990093008368939     
  0.991107902527939     
  0.992083269818489     
  0.992959964752785     
  0.993358257365296     
  0.993838597548219     
  0.994302333332719     
  0.994620533548347     
  0.994882571195081     
  0.994728294515972     
  0.995293068626931     
  0.995662310698853     
  0.995878058658574     
  0.995995951808539     
  0.996304882564254     
  0.996481207416872     
  0.996624091113211     
  0.996642819006824     
  0.990834035407098     
  0.985306561249782     
  0.996226637320661     
  0.996350967058364     
  0.997323369814547     
  0.997504369085212     
  0.997472655030595     
  0.984468643735170     
  0.997338826445031     
  0.997875493479421     
  0.997901090531357     
  0.996668955028986     
  0.997937626226349     
  0.998039396075498     
  0.997819234199962     
  0.997670748860082     
  0.997106385367070     
  0.991247101311255     
  0.900702625691246     
  0.860200975373454     
  0.945499906792269     
  0.994096090591295     
  0.997604941453206     
  0.998158640912159     
  0.998237746875738     
  0.998112195540606     
  0.996059937310450     
  0.981216550825690     
  0.769670089112327     
  0.754206826752431     
  0.737451126166378     
  0.903081433103844     
  0.991727459790692     
  0.997827046261125     
  0.996579659338665     
  0.998488457333388     
  0.998846721037444     
  0.998939977224951     
  0.998989860662166     
  0.999023850942863     
  0.999013667134297     
  0.998811333510533     
  0.998915627475299     
  0.998384068994831     
  0.999150769347852     
  0.999182558106351     
  0.999206760998785     
  0.998400471854414     
  0.999212325023894     
  0.999266685953760     
  0.999286630448616     
  0.999303355050361     
  0.999318544713282     
  0.999328526034549     
  0.999311731773816     
  0.999006983097511     
  0.999058735475289     
  0.999356639963039     
  0.999357137666836     
  0.998983607628114     
  0.999261042673766     
  0.999415151469981     
  0.999443053389821     
  0.999441227575333     
  0.999181259539259     
  0.998202451275796     
  0.999384140337554     
  0.999486508210149     
  0.999499024289962     
  0.999488384057338     
  0.999385232626352     
  0.999482492169611     
  0.999302338498479     
  0.999094477566844     
  0.999521675811341     
  0.999519284640625     
  0.999509326200958     
  0.999484403758233     
  0.999439477511985     
  0.999497871365896     
  0.995297817537585     
  0.963378485320968     
  0.991439498785306     
  0.999253535113740     
  0.974425208592999     
  0.952917283663128     
  0.995720972330062     
  0.999438153968555     
  0.999350115760276     
  0.999441288871961     
  0.999430442870858     
  0.999028097135673     
  0.993867553110622     
  0.909105269622204     
  0.944170032389134     
  0.980054847102206     
  0.998485459530209     
  0.999442125330826     
  0.999233512726451     
  0.999608912250868     
  0.999674793235617     
  0.999687101765538     
  0.999695394107721     
  0.999702710685307     
  0.999708217770950     
  0.999711206920079     
  0.999678031588714     
  0.999674538929144     
  0.999725687009169     
  0.999727639090211     
  0.999697189287604     
  0.999493493946592     
  0.999656885763709     
  0.999671282063111     
  0.999600057814289     
  0.999654488775848     
  0.999557659341502     
  0.998980177680004     
  0.999730164744571     
  0.999755729143933     
  0.999757851541952     
  0.999721942212737     
  0.999754027275930     
  0.999697911690704     
  0.999320690441481     
  0.997798879602296     
  0.998383061575523     
  0.999509678745575     
  0.999708449775045     
  0.999603540815946     
  0.998598614492876     
  0.997410797519460     
  0.999508975981636     
  0.999750453406392     
  0.999780513495989     
  0.999760296643585     
  0.999785735845181     
  0.999689917187902     
  0.999790719267695     
  0.999795727399983     
  0.999797346757657     
  0.999798872251410     
  0.999800226617233     
  0.999801265549045     
  0.999800073270166     
  0.999692637106498     
  0.999797989040844     
  0.999413803343317     
  0.989189997243734     
  0.999377159833285     
  0.999734743777164     
  0.999806883615313     
  0.999812402860902     
  0.999814814437871     
  0.999815786149459     
  0.999763077242010     
  0.999695643130967     
  0.999777713590108     
  0.999752111288708     
  0.999149209747774     
  0.999377512157261     
  0.999382489134425     
  0.999438027594917     
  0.999822438888869     
  0.999822139660213     
  0.999814753383729     
  0.999725075242849     
  0.999745676200248     
  0.999809834565985     
  0.984297957418433     
  0.991287963007925     
  0.975744398075412     
  0.958817880285680     
  0.999384826534915     
  0.999649458873582     
  0.999544738773911     
  0.998352645660505     
  0.994911396736795     
  0.999179964177359     
  0.999708576679715     
  0.999812079151172     
  0.999803027488749     
  0.999667979165270     
  0.998240697774866     
  0.954895561862657     
  0.938341682593228     
  0.997040511558183     
  0.999389560171799     
  0.999300574442117     
  0.999749096882047     
  0.999819831142538     
  0.999829935700426     
  0.999837004868985     
  0.999842439172348     
  0.999842912793976     
  0.999842305358150     
  0.999801425395393     
  0.999623316438462     
  0.999474805432491     
  0.999017900219672     
  0.999792401402908     
  0.999845908437266     
  0.999851241209899     
  0.999847733986518     
  0.999823984904614     
  0.999609744602190     
  0.999788556050427     
  0.999847422941675     
  0.999853969730847     
  0.999848553221595     
  0.999855685971385     
  0.999804062678902     
  0.999846745282204     
  0.999857198132721     
  0.999863543678460     
  0.999662766370168     
  0.999360945805050     
  0.999855873312628     
  0.999790527787006     
  0.999625846257589     
  0.999219808324513     
  0.998908527672817     
  0.999843193116898     
  0.999779376748067     
  0.998966259132922     
  0.993736504717426     
  0.993725342676321     
  0.998960281432158     
  0.999715989071469     
  0.999615917966668     
  0.998683337039439     
  0.998683529601091     
  0.999622470318853     
  0.999813843834917     
  0.999818088669833     
  0.999797266210865     
  0.999669543095956     
  0.991553919256043     
  0.980996844363529     
  0.998954455084495     
  0.999815627129831     
  0.999529874245735     
  0.982788348390411     
  0.996764439519836     
  0.999757059118796     
  0.999837601635334     
  0.999711252581031     
  0.997296202631303     
  0.998420355231106     
  0.999793215105033     
  0.999715618227192     
  0.999818942332397     
  0.999850996793175     
  0.999849827977805     
  0.999848274724709     
  0.999844950286147     
  0.999836728161965     
  0.999596167081691     
  0.999769471254109     
  0.999793989410756     
  0.999780589446835     
  0.999312541901913     
  0.994147845496570     
  0.967613725644383     
  0.918300959526616     
  0.941097875602914     
  0.986506264968190     
  0.992630576030518     
  0.968268992579334     
  0.978705461315197     
  0.997017853176328     
  0.999349918319754     
  0.998792547678177     
  0.998579836446341     
  0.999694322294692     
  0.999297022315764     
  0.995905338964813     
  0.905613447904419     
  0.904677607422352     
  0.996201537847988     
  0.999259285254665     
  0.999725400341045     
  0.999788352605156     
  0.999799579562162     
  0.999791242679025     
  0.999581409410090     
  0.999102750970234     
  0.998873770898893     
  0.998900376412297     
  0.998954660839918     
  0.992132632421857     
  0.881181813347007     
  0.906901186407480     
  0.992782707310192     
  0.978613137610187     
  0.916271373807412     
  0.903556252414108     
  0.974121390620864     
  0.993420109166051     
  0.980790474589513     
  0.980564333935603     
  0.995279885238789     
  0.983729223789581     
  0.947200311768961     
  0.970600068459696     
  0.996055839162336     
  0.999201915218282     
  0.999493581363805     
  0.998861809265308     
  0.992577710913739     
  0.966169450487801     
  0.928326711807749     
  0.966751002807620     
  0.995339366355041     
  0.998464019315742     
  0.993022332335011     
  0.988858024627730     
  0.997714138714616     
  0.999704367638816     
  0.993589558796664     
  0.991295672796323     
  0.982567293682770     
  0.961584816442497     
  0.987795460663058     
  0.997661970330483     
  0.999669522955585     
  0.999648521191199     
  0.999345961962006     
  0.999807898778384     
  0.999787266094408     
  0.999795499409415     
  0.999830341941833     
  0.999758315897040     
  0.999683137007578     
  0.999679892041404     
  0.999770262128726     
  0.999825220963814     
  0.999826850833754     
  0.999808460310569     
  0.999663566388087     
  0.999770714330491     
  0.999819288141133     
  0.999810627932393     
  0.999816940279647     
  0.999814842525362     
  0.999802437156988     
  0.999805774788716     
  0.999807832479966     
  0.999804611018712     
  0.999801884359657     
  0.999797776594009     
  0.999784379125800     
  0.999756261190643     
  0.999572677563733     
  0.993882778208123     
  0.997175151561438     
  0.999681792328132     
  0.985243691805824     
  0.967656523629393     
  0.999296316910455     
  0.999735179230229     
  0.999641020355517     
  0.998165998304680     
  0.989016426181405     
  0.957532512709428     
  0.970078723002090     
  0.994043974735478     
  0.999062985224511     
  0.999586567001826     
  0.999269538854162     
  0.999161586681370     
  0.999528930261541     
  0.999648855445400     
  0.984860202957611     
  0.995469826178048     
  0.989541128658680     
  0.992354865186672     
  0.999685814767338     
  0.999697787105921     
  0.999686459508236     
  0.999706688986500     
  0.999700264835664     
  0.999699560018502     
  0.999693831274030     
  0.999684652400776     
  0.999666302449425     
  0.999661152243172     
  0.999615184778735     
  0.999636203810917     
  0.999649096039406     
  0.999640910242318     
  0.998774857853783     
  0.999602540598065     
  0.999570858216585     
  0.999416170479250     
  0.999494427231071     
  0.999438555863817     
  0.997980712421096     
  0.992188404922440     
  0.972314874375549     
  0.997946797669596     
  0.999316150062083     
  0.999215558580025     
  0.997445990743497     
  0.995170296222998     
  0.997434639649146     
  0.995583224921911     
  0.944109850746664     
  0.969874797455924     
  0.782320794518905     
  0.977283789693393     
  0.997321064384296     
  0.999205403043511     
  0.999323995397646     
  0.999309629917553     
  0.999238959603240     
  0.998808532876166     
  0.994958017999919     
  0.924595259531309     
  0.924662117298662     
  0.994532865042328     
  0.995554361619422     
  0.988890388113321     
  0.995749635580104     
  0.998691585952865     
  0.999157529414647     
  0.999180698401233     
  0.999175002584405     
  0.999144971753828     
  0.999131289827475     
  0.999123921135445     
  0.999100517496911     
  0.999065404074993     
  0.999047008001462     
  0.998984874868230     
  0.998918815700852     
  0.998652730412079     
  0.998235212699179     
  0.998575866452018     
  0.998789088348026     
  0.998761202412043     
  0.998015264717259     
  0.998721756012097     
  0.998682160875793     
  0.998431462221237     
  0.998495121221836     
  0.998511145969334     
  0.998346926420099     
  0.996965670453524     
  0.985188372547610     
  0.986883554811439     
  0.956751143532498     
  0.967519980156622     
  0.994043619070045     
  0.989812620797561     
  0.980238863695191     
  0.993655377855429     
  0.991622658148539     
  0.993058525239774     
  0.995094937701798     
  0.997109797529097     
  0.997280079614601     
  0.997126696171470     
  0.996976699130927     
  0.996805641452813     
  0.996574654648489     
  0.996446607760962     
  0.996240918568862     
  0.995898754418221     
  0.995783596962230     
  0.995637107168719     
  0.992967766862922     
  0.988526825310566     
  0.994759120461833     
  0.994266073535607     
  0.993814448384849     
  0.993292742994889     
  0.993204792479158     
  0.992846637182974     
  0.992429620518501     
  0.991958137603011     
  0.991481030196010     
  0.990998507453818     
  0.990427474772081     
  0.989736023872206     
  0.989066259237957     
  0.988333847660541     
  0.987505818068431     
  0.986515851902608     
  0.985162088488928     
  0.979273070630011     
  0.974300183805364     
  0.978267517708677     
  0.979629875565968     
  0.978378403907681     
  0.976213834966321     
  0.974565811616916     
  0.972761735440336     
  0.970541535664641     
  0.968412906935002     
  0.966132559997886     
  0.963824334026515     
  0.961686380810660     
  0.959676904766023     
  0.957694109906711     
  0.956064090277361     
  0.955850936234118     
  0.957282531141065     
  0.959230607088242     
  0.961263235366061     
  0.963384885456265     
  0.965629212402380     
  0.967556109024887     
  0.969462787071763     
  0.972122800245492     
  0.974203768217150     
  0.976178117793508     
  0.978026357455680     
  0.979622753302183     
  0.981251875291337     
  0.982665279925469     
  0.983898808887485     
  0.985162569724675     
  0.986161099636091     
  0.987254167709415     
  0.988006159930093     
  0.988359196209503     
  0.989333601165349     
  0.990315774294026     
  0.990558353600451     
  0.988386641801198     
  0.978053713394641     
  0.985576705871705     
  0.988544465457885     
  0.993046166115129     
  0.993323810186336     
  0.993891795754862     
  0.994238394706924     
  0.994591891682870     
  0.994899941005565     
  0.994887089590078     
  0.994247668492048     
  0.986211568636019     
  0.971944725128311     
  0.989997359867656     
  0.995590106960314     
  0.996525335542212     
  0.996779814332126     
  0.996863310192797     
  0.996334307352950     
  0.993038298281233     
  0.993658955346720     
  0.996874779882501     
  0.997378141099197     
  0.997572803691587     
  0.997865414982943     
  0.997957931524507     
  0.998043987410755     
  0.998124828336892     
  0.998193399585132     
  0.998271776480507     
  0.998338237033413     
  0.998399583143240     
  0.998439426136805     
  0.998271146789263     
  0.998550473420302     
  0.998615196842080     
  0.998601132400342     
  0.998677309527167     
  0.998737526721397     
  0.997804786405800     
  0.998483255580555     
  0.998851180410053     
  0.998888556459012     
  0.998917605628515     
  0.998943494444875     
  0.998965960982095     
  0.998985107085900     
  0.999002110395611     
  0.999013390605032     
  0.999014934298161     
  0.998984838908553     
  0.998830445068630     
  0.998849918808412     
  0.998581502450698     
  0.998737151295104     
  0.998727525771834     
  0.998485089831490     
  0.997945428578075     
  0.995413679166633     
  0.956130746958951     
  0.734525407456080     
  0.481972212084271     
  0.907518188890917     
  0.987200484397123     
  0.997072027751139     
  0.987883868792997     
  0.995401734762737     
  0.994697960067591     
  0.998912450735554     
  0.999195274886682     
  0.998998246909465     
  0.997521399950931     
  0.994909168212788     
  0.997161350250082     
  0.998754538842926     
  0.999265022961866     
  0.999385190740888     
  0.999450074559828     
  0.999508401663296     
  0.999525713166103     
  0.999516397336596     
  0.999244270775698     
  0.998218749855155     
  0.997382329789511     
  0.999036039255817     
  0.999511884656484     
  0.999553405844699     
  0.999618078076147     
  0.999645184332547     
  0.999654022917904     
  0.999661482583133     
  0.999668040349689     
  0.999674208638710     
  0.999677763612728     
  0.999679930263263     
  0.999673614554283     
  0.999574144604606     
  0.996102808292686     
  0.998338157618090     
  0.999906281697110     
  0.996363666555395     
  0.988481675781566     
  0.999041374056479     
  0.999030024744051     
  0.999468667072318     
  0.999694924132171     
  0.999736595005285     
  0.999746323773179     
  0.999822704360694     
  0.999506487821905     
  0.992344645679774     
  0.998957179318804     
  0.999868669429782     
  0.999775350974318     
  0.999773626130886     
  0.999776038899074     
  0.999785283334789     
  0.999790706280923     
  0.999814135251581     
