  0.999542360368105     
  0.999542341261517     
  0.999536051791902     
  0.999537990254048     
  0.999521472038917     
  0.999446001162019     
  0.999430718967928     
  0.999415699262603     
  0.999499845364593     
  0.999467214565399     
  0.999121973826302     
  0.991360605681378     
  0.997471305559706     
  0.999156839062713     
  0.999294634158610     
  0.999212937743119     
  0.998837725816145     
  0.996456745498588     
  0.878759373180414     
  0.734518066297796     
  0.959997864292064     
  0.989968963335571     
  0.983255588333762     
  0.997670018660097     
  0.999066435191313     
  0.999252917711368     
  0.999379605554808     
  0.999402535830135     
  0.999411822328039     
  0.999416662592396     
  0.999415967303914     
  0.999243191680878     
  0.999130379805470     
  0.999405786859096     
  0.999406154462356     
  0.999400963140512     
  0.999395535751516     
  0.999388882684449     
  0.999381648818025     
  0.999344024704212     
  0.999364256963628     
  0.999359196047145     
  0.999314493491128     
  0.999306900420629     
  0.999322125542018     
  0.999310553227651     
  0.999311453295228     
  0.999298744586012     
  0.999280195934953     
  0.999208549818394     
  0.998856862671661     
  0.993494704433050     
  0.996985271790755     
  0.999113274814842     
  0.999207088554894     
  0.996269720902489     
  0.960706303948735     
  0.989905841551682     
  0.989164407113367     
  0.991027336580631     
  0.999046903911239     
  0.998700752328947     
  0.999026364550295     
  0.999091412215218     
  0.999076508236303     
  0.999059770919784     
  0.999041970987451     
  0.999023502650304     
  0.999004080794234     
  0.998984306813083     
  0.998962225576611     
  0.998787659483614     
  0.998919928267873     
  0.998875781767127     
  0.998846503849631     
  0.998832048356758     
  0.998376969787506     
  0.998726196860606     
  0.997839903882400     
  0.989991768743147     
  0.997570979837560     
  0.998528704162800     
  0.998630773210885     
  0.998601111103891     
  0.998318742028078     
  0.998532934453727     
  0.998480859572583     
  0.998327413106408     
  0.996153045755309     
  0.997385955289694     
  0.998097236323154     
  0.997692407218696     
  0.995828459594859     
  0.996049791626997     
  0.992248800912412     
  0.997858305039509     
  0.998019087093989     
  0.997986617405364     
  0.997915953005832     
  0.997462310433074     
  0.997398267281938     
  0.997723344492183     
  0.997628766285514     
  0.997552926450894     
  0.997452271643260     
  0.997380640733480     
  0.997266029513272     
  0.997137909384147     
  0.992900774032954     
  0.996916965448037     
  0.996865970490331     
  0.996754848984760     
  0.996624024250965     
  0.996485324935755     
  0.996335512686691     
  0.996159697959414     
  0.995977600613178     
  0.995768299556434     
  0.995511039320193     
  0.995183262369474     
  0.994685525029416     
  0.993009811154019     
  0.873194405330409     
  0.745675382385656     
  0.979916706859040     
  0.993042928375433     
  0.993080167617020     
  0.991899484087464     
  0.950575863162415     
  0.806746227306836     
  0.965153107775292     
  0.965022553944652     
  0.893716253961316     
  0.982676530191614     
  0.989210308283780     
  0.988366588325425     
  0.987518899948276     
  0.985851838888919     
  0.932037596204318     
  0.880998460555899     
  0.974133076378493     
  0.795912010714604     
  0.829086042971404     
  0.831180749819487     
  0.972916216730944     
  0.972640078024694     
  0.969830533461349     
  0.964656051164194     
  0.954148155577926     
  0.958252740198120     
  0.945597199668324     
  0.946944655929587     
  0.936172561232051     
  0.917893755277800     
  0.817585226567212     
  0.849967229812124     
  0.895098513613994     
  0.878081926647171     
  0.857093828042867     
  0.844025550181750     
  0.850982159296402     
  0.867200304793280     
  0.880255654694648     
  0.888168420401256     
  0.886657461812387     
  0.874695721971509     
  0.850351723076618     
  0.804488683943239     
  0.729623511567411     
  0.588978181902043     
  0.482432882478110     
  0.470965010152104     
  0.524208287465090     
  0.611510897947734     
  0.714054862730871     
  0.789376734289211     
  0.831975637973323     
  0.858752205266669     
  0.880487094600221     
  0.897298212244068     
  0.910665341874301     
  0.924146756467712     
  0.937110780997487     
  0.946412668607276     
  0.952552486316590     
  0.958244046473156     
  0.963542917235793     
  0.967305416170479     
  0.970055341848829     
  0.972598758688632     
  0.974844180169726     
  0.977054506888934     
  0.978968719377602     
  0.980737140845332     
  0.982368735022473     
  0.983902472462395     
  0.985189068165325     
  0.986609617613355     
  0.987833524830500     
  0.988878456985444     
  0.989571955176283     
  0.989322537274051     
  0.990441822611576     
  0.991522496840987     
  0.992504143457420     
  0.992911713199328     
  0.993441949583557     
  0.993964368524698     
  0.994322065572624     
  0.994617010877603     
  0.994370725604663     
  0.995037084721402     
  0.995433536201149     
  0.995633171584135     
  0.995723159813845     
  0.996078942300306     
  0.996263915507170     
  0.996416808252434     
  0.996453032252336     
  0.988869036232586     
  0.981480586343451     
  0.996058680802637     
  0.996197272332766     
  0.997218558893163     
  0.997363925779620     
  0.997366529460524     
  0.980226920441515     
  0.997181260918915     
  0.997753697414181     
  0.997716210391310     
  0.996290196138752     
  0.997756993119882     
  0.997912042658744     
  0.997633949149939     
  0.997531224412032     
  0.997344314653560     
  0.994392072767686     
  0.888330384423394     
  0.840499047894890     
  0.943699873077129     
  0.996064981444984     
  0.997598132579342     
  0.998038083866022     
  0.998118047953336     
  0.998036690536041     
  0.997094803378747     
  0.989899627877748     
  0.746688239756711     
  0.731831100417718     
  0.707729143691650     
  0.901168702127367     
  0.995713713485110     
  0.998095048637536     
  0.995900960720271     
  0.998427160188491     
  0.998792929443105     
  0.998877895516331     
  0.998929980749247     
  0.998970013467205     
  0.998972690670434     
  0.998754210034520     
  0.998841674229840     
  0.998160732966778     
  0.999099784902545     
  0.999131637956535     
  0.999161293932070     
  0.997825672114566     
  0.999150192584605     
  0.999224358783407     
  0.999247502977148     
  0.999266102345351     
  0.999282730922219     
  0.999296574492615     
  0.999299198711059     
  0.998993017588679     
  0.998975582642366     
  0.999331427657052     
  0.999353672360625     
  0.999019714794690     
  0.999291021306462     
  0.999399920415979     
  0.999416021836474     
  0.999422045301122     
  0.999126997091948     
  0.997885481029285     
  0.999361234043744     
  0.999462723228146     
  0.999472269824888     
  0.999456298350581     
  0.999327716377047     
  0.999447792451908     
  0.999140999313901     
  0.998796560242502     
  0.999491537914341     
  0.999485649601854     
  0.999471670569209     
  0.999438418903419     
  0.999364270216845     
  0.999164332037011     
  0.992749144030544     
  0.951862494021655     
  0.987629156323424     
  0.997752363855653     
  0.964381978235891     
  0.937142023093066     
  0.992355006196083     
  0.998963804434214     
  0.999249153355676     
  0.999377323596038     
  0.999380299360672     
  0.999181784499485     
  0.994903872402467     
  0.893700280839326     
  0.936465573714535     
  0.977042650480306     
  0.998658437576894     
  0.999471480690591     
  0.999059555984625     
  0.999575513647254     
  0.999656958813882     
  0.999671339945254     
  0.999681336153030     
  0.999690194732833     
  0.999696710653960     
  0.999701673635397     
  0.999658732092489     
  0.999650868085049     
  0.999716853044344     
  0.999720580298353     
  0.999700232614764     
  0.999535654262713     
  0.999690132191516     
  0.999649484863523     
  0.999570559331670     
  0.999701879794209     
  0.999558132270719     
  0.998596996033176     
  0.999721565426336     
  0.999750834157313     
  0.999753063916327     
  0.999703533021374     
  0.999753844506200     
  0.999736332524704     
  0.999573576052638     
  0.998393006921305     
  0.998888241522742     
  0.999663228200632     
  0.999724404868314     
  0.999669280455313     
  0.998749494291459     
  0.997383250462606     
  0.999634631831593     
  0.999763584085267     
  0.999778382261724     
  0.999750806798758     
  0.999781635274872     
  0.999650485522230     
  0.999787727216173     
  0.999793827106744     
  0.999795497336263     
  0.999796848536117     
  0.999798405689645     
  0.999799526750728     
  0.999797650809579     
  0.999626938315434     
  0.999736592211205     
  0.999045112451970     
  0.987131405567669     
  0.998998985577207     
  0.999640257640751     
  0.999803538419078     
  0.999812165237314     
  0.999814753161749     
  0.999816002213859     
  0.999743178261359     
  0.999641174414033     
  0.999800427435791     
  0.999785064224086     
  0.999036696432494     
  0.999318293246807     
  0.999147178332860     
  0.999202940169651     
  0.999823646555372     
  0.999823551598111     
  0.999819258393221     
  0.999717926282835     
  0.999681179345191     
  0.999394134860811     
  0.981111395482626     
  0.989077042487193     
  0.970794669535971     
  0.946088326400938     
  0.999623521658995     
  0.999674142480001     
  0.999624504205732     
  0.998761911415072     
  0.995516342210050     
  0.999524332311904     
  0.999755777370352     
  0.999816836131093     
  0.999805137611841     
  0.999740823607397     
  0.998922058945316     
  0.947503275793360     
  0.927258893389057     
  0.997824118612960     
  0.999512027889091     
  0.999302595417019     
  0.999778863563525     
  0.999831216730532     
  0.999836509810008     
  0.999843532618336     
  0.999848125248153     
  0.999848906364327     
  0.999850334430402     
  0.999839343907918     
  0.999766019047374     
  0.999641686519322     
  0.998940427370583     
  0.999778339371860     
  0.999843211259749     
  0.999857303581236     
  0.999856670040819     
  0.999846343369700     
  0.999635407391799     
  0.999803768990091     
  0.999859052660650     
  0.999862090276412     
  0.999851156057590     
  0.999863458311736     
  0.999780998639419     
  0.999849308604649     
  0.999865189778052     
  0.999866186716933     
  0.999618723424035     
  0.999271471329835     
  0.999860041897625     
  0.999822224850744     
  0.999635351013328     
  0.999029063469877     
  0.998579061108369     
  0.999860574748296     
  0.999840114211936     
  0.999596591248668     
  0.995910475736720     
  0.995898702533678     
  0.999584992280998     
  0.999784875304486     
  0.999768922472398     
  0.999083109047271     
  0.999081768607934     
  0.999771982547990     
  0.999843166467826     
  0.999822127340855     
  0.999790495973454     
  0.999653031834764     
  0.988915446326131     
  0.974668929815151     
  0.998749838209950     
  0.999790408326266     
  0.999286918168322     
  0.980115735985924     
  0.996056338032786     
  0.999653057039702     
  0.999851336198320     
  0.999722586712027     
  0.996571780521322     
  0.998097855039472     
  0.999814405668705     
  0.999660570723656     
  0.999817393510199     
  0.999867982442350     
  0.999867323403122     
  0.999866859813652     
  0.999864675835074     
  0.999859536626266     
  0.999544380027727     
  0.999778903989636     
  0.999813816694645     
  0.999825592321965     
  0.999671723907324     
  0.998079366601195     
  0.983125965053048     
  0.941888110327838     
  0.961914774076569     
  0.995253942225219     
  0.995883939956747     
  0.970108568230237     
  0.981130778996142     
  0.998527805055342     
  0.999574199903884     
  0.998710548546738     
  0.998465113453784     
  0.999732602146047     
  0.999547848653664     
  0.998093653375640     
  0.889606293250535     
  0.888390277586839     
  0.998465038741150     
  0.999525303233630     
  0.999768906730533     
  0.999814537045511     
  0.999824113075559     
  0.999820308716051     
  0.999588710165949     
  0.999098620414417     
  0.999138018533263     
  0.999197129675465     
  0.999408444406949     
  0.994239699145912     
  0.863862244901913     
  0.894578040557932     
  0.996497948818227     
  0.992011476764108     
  0.942546906729667     
  0.929826823950572     
  0.989650295177129     
  0.997202678211184     
  0.983342188152461     
  0.983071228263003     
  0.997492768444417     
  0.988389810209093     
  0.953335779914387     
  0.976103241330580     
  0.998072175919290     
  0.999502042762139     
  0.999608333932112     
  0.999363873690208     
  0.995452113033792     
  0.973264684613292     
  0.936982763055574     
  0.974281708579506     
  0.997921862446829     
  0.999232439312980     
  0.993740662967828     
  0.989269328622456     
  0.998444747200383     
  0.999754023008664     
  0.992476490087180     
  0.992042458680934     
  0.990178846834218     
  0.972200536145382     
  0.994182769512636     
  0.998919208269166     
  0.999815319933188     
  0.999669742866820     
  0.999265496267208     
  0.999860398896486     
  0.999814681826679     
  0.999826444184411     
  0.999884036356381     
  0.999811303864326     
  0.999783988300292     
  0.999780073290698     
  0.999829953262061     
  0.999881103119418     
  0.999881079580565     
  0.999852060667475     
  0.999673931765156     
  0.999816592576618     
  0.999876486365937     
  0.999865780452310     
  0.999874604895438     
  0.999873332275991     
  0.999858303841467     
  0.999864344675762     
  0.999868442762969     
  0.999866081403034     
  0.999864340872484     
  0.999861327972384     
  0.999852344310550     
  0.999837430719828     
  0.999548833910583     
  0.992782698938912     
  0.996576199945102     
  0.999572481087300     
  0.983230949223930     
  0.963424293030575     
  0.999191567362768     
  0.999804213822715     
  0.999784008082304     
  0.999333095318921     
  0.995452421318893     
  0.969983908305612     
  0.981032329720835     
  0.997964183698460     
  0.999617169760613     
  0.999770600441141     
  0.999563992863628     
  0.999475875539728     
  0.999730091117658     
  0.999739366895747     
  0.976807250911003     
  0.993278566250845     
  0.984081292438317     
  0.988447145729531     
  0.999769840619516     
  0.999788425460573     
  0.999775989398390     
  0.999808243940828     
  0.999802327978058     
  0.999806650700383     
  0.999803469728025     
  0.999799231310151     
  0.999790227102355     
  0.999787906111252     
  0.999730906124533     
  0.999755750476141     
  0.999775920857910     
  0.999772976878802     
  0.998571042598138     
  0.999742270595766     
  0.999735839153617     
  0.999609948160423     
  0.999681064186474     
  0.999673506442707     
  0.998469135633986     
  0.993988764480753     
  0.968277856925473     
  0.998838880399467     
  0.999612258693006     
  0.999573362532708     
  0.998314398153048     
  0.996341259959849     
  0.998057577283767     
  0.996242957554097     
  0.932441704135321     
  0.974052045847608     
  0.744974149828647     
  0.981849005195560     
  0.998804527519283     
  0.999458341576887     
  0.999520118643919     
  0.999506436918028     
  0.999437545825928     
  0.999144598733218     
  0.995988334606983     
  0.906804052482504     
  0.906921932827455     
  0.995913235262167     
  0.997540782868712     
  0.991870464427949     
  0.997733828638795     
  0.999337170529610     
  0.999471289321336     
  0.999480452935435     
  0.999492237758450     
  0.999463421712283     
  0.999462454128352     
  0.999476596904829     
  0.999464964112001     
  0.999439621645702     
  0.999436920269689     
  0.999372508905516     
  0.999364044647799     
  0.999251998631273     
  0.998929265774698     
  0.999205398248228     
  0.999307029794607     
  0.999258446026549     
  0.998281438265234     
  0.999257385198070     
  0.999230017587003     
  0.998967906745027     
  0.999071002989154     
  0.999129515691789     
  0.999049352950960     
  0.997825916221233     
  0.984632728520362     
  0.993512223602619     
  0.966666943282236     
  0.973698705167185     
  0.997360251949157     
  0.993256011704816     
  0.984457136281937     
  0.996277817446534     
  0.991979623351526     
  0.993159581120511     
  0.995593269779011     
  0.998100626238718     
  0.998434261459510     
  0.998355228876989     
  0.998271869087401     
  0.998168066580403     
  0.997989702933907     
  0.997969563488198     
  0.997851979802990     
  0.997537412913585     
  0.997584823248760     
  0.997458159969569     
  0.994246766830377     
  0.989220387043117     
  0.996874224078157     
  0.996700038774506     
  0.996381068338431     
  0.995917289457413     
  0.996085830489355     
  0.995892028885439     
  0.995654347626057     
  0.995387232748595     
  0.995109210877266     
  0.994820476666368     
  0.994483746196519     
  0.994070187295054     
  0.993678823108390     
  0.993249093392726     
  0.992750195298300     
  0.992163374878973     
  0.991330962921110     
  0.985184063348006     
  0.981124325636923     
  0.986668190167562     
  0.988094970281559     
  0.987261376440369     
  0.985608833200250     
  0.984869569656920     
  0.983828093119145     
  0.982474149874221     
  0.981201034209555     
  0.979845618144463     
  0.978495750369780     
  0.977284732026636     
  0.976163020975421     
  0.974970582899480     
  0.973888386947157     
  0.973734262790292     
  0.974712579085369     
  0.975911089078592     
  0.977053612689391     
  0.978249452362492     
  0.979554494457718     
  0.980538604253972     
  0.981521348611170     
  0.983429918701974     
  0.984712212743402     
  0.985917733759125     
  0.987044701504770     
  0.988012872340131     
  0.989004484598613     
  0.989857937712830     
  0.990597598165600     
  0.991349671227274     
  0.991864338015331     
  0.992525816856298     
  0.992871462123185     
  0.992818504786254     
  0.993532256872929     
  0.994381236331182     
  0.994632912289840     
  0.993520279671978     
  0.984522157757249     
  0.991101718218435     
  0.990759285754192     
  0.995961265770724     
  0.996004585548981     
  0.996492969754812     
  0.996693958593914     
  0.996898191114290     
  0.997074693363135     
  0.996940206228368     
  0.996930852590717     
  0.991061673198946     
  0.977999744719503     
  0.994111781037946     
  0.997631280380279     
  0.998015794483779     
  0.998151056283019     
  0.998219806890803     
  0.998067369664091     
  0.995527446110639     
  0.996028892889062     
  0.998362529449837     
  0.998351435646029     
  0.998450399343545     
  0.998771667070406     
  0.998825358309550     
  0.998873490064047     
  0.998918434213036     
  0.998949486099386     
  0.998999836660267     
  0.999036447308631     
  0.999070109634163     
  0.999079155157444     
  0.998797934817258     
  0.999132936320418     
  0.999185389020375     
  0.999106248099712     
  0.999184959268620     
  0.999250757054949     
  0.997980968909770     
  0.998846160473409     
  0.999304694478864     
  0.999321029034362     
  0.999332680332920     
  0.999341696656925     
  0.999347144073837     
  0.999349389287284     
  0.999350406590316     
  0.999344754250409     
  0.999330947503002     
  0.999298519940446     
  0.999150344324991     
  0.999129316813870     
  0.998745932490959     
  0.998883091123091     
  0.998839514387319     
  0.998512712438906     
  0.997833939786494     
  0.995829895720781     
  0.956994179432234     
  0.721507860273744     
  0.425036522336420     
  0.923492641373752     
  0.991822545210383     
  0.996698606487890     
  0.985867478536712     
  0.994737297833796     
  0.993995123904067     
  0.998882705321066     
  0.999296359581740     
  0.999243829219826     
  0.998005626179383     
  0.995122290878866     
  0.997574538233777     
  0.999260407635381     
  0.999537990834750     
  0.999562810656333     
  0.999606072088299     
  0.999646139272116     
  0.999658404623232     
  0.999680449194318     
  0.999596397113391     
  0.998996806600683     
  0.998063578322694     
  0.999513776233792     
  0.999691562396194     
  0.999660911568108     
  0.999727464969155     
  0.999763205796112     
  0.999769144822020     
  0.999774136088429     
  0.999778006776808     
  0.999781510257670     
  0.999781613416226     
  0.999781157009987     
  0.999769720338106     
  0.999644946390512     
  0.995552984779122     
  0.998154154295449     
  0.999722843246030     
  0.994393151846677     
  0.984185075340164     
  0.998749699433651     
  0.999408194549193     
  0.999701285862085     
  0.999801425528058     
  0.999817192053527     
  0.999818419978671     
  0.999823635757521     
  0.999012079060964     
  0.989467760578426     
  0.998229853791842     
  0.999835801488766     
  0.999837031892405     
  0.999843628587512     
  0.999846098353297     
  0.999853518468223     
  0.999855889823490     
  0.999858579995074     
