  0.999629580356104     
  0.999626220587396     
  0.999613728434968     
  0.999616484136896     
  0.999611602750495     
  0.999566286087780     
  0.999548246276791     
  0.999539588741653     
  0.999586242968988     
  0.999380320725307     
  0.997277062418201     
  0.987095897618883     
  0.993104232814654     
  0.998240974516626     
  0.999379973667468     
  0.999373936048265     
  0.998649543148926     
  0.992225348384630     
  0.907832646750890     
  0.811984793200007     
  0.959816123620212     
  0.985407610443158     
  0.978038626565159     
  0.992696363830759     
  0.998036227163246     
  0.999296130963327     
  0.999481560744844     
  0.999512901019497     
  0.999520770101705     
  0.999524427371884     
  0.999521275322512     
  0.999409414392566     
  0.999340322626181     
  0.999511637375673     
  0.999514153752469     
  0.999510443780462     
  0.999505941147211     
  0.999500430365797     
  0.999493985389198     
  0.999470063010890     
  0.999480993371153     
  0.999476008539996     
  0.999423606411670     
  0.999438008075235     
  0.999449043603060     
  0.999439206620896     
  0.999436285211873     
  0.999425244435699     
  0.999404732125513     
  0.999253778073260     
  0.998468507861604     
  0.994185174971279     
  0.996729794953700     
  0.998984854210848     
  0.999624704828630     
  0.999613004610224     
  0.977527790127943     
  0.996402935705883     
  0.994209367904656     
  0.994695424254793     
  0.999480740258241     
  0.999049954674179     
  0.999222017567960     
  0.999257229044411     
  0.999246881269811     
  0.999233253367072     
  0.999218837162848     
  0.999203501408025     
  0.999187961451617     
  0.999172190453070     
  0.999153849926157     
  0.999050419670399     
  0.999119887183334     
  0.999089064955583     
  0.999055160714608     
  0.998958124537832     
  0.998458752826387     
  0.998801707081828     
  0.998336691468107     
  0.993587081816931     
  0.998184973996798     
  0.998819844284827     
  0.998885749543660     
  0.998861618234329     
  0.998678767686963     
  0.998800440531686     
  0.998695480895168     
  0.998209905476647     
  0.996119292522386     
  0.997576574142153     
  0.998001746083824     
  0.996077415001154     
  0.992489877430983     
  0.991722188394328     
  0.989958068281537     
  0.996991274803694     
  0.998244485017965     
  0.998342095713121     
  0.998232534183169     
  0.997781373476460     
  0.997839802194942     
  0.998115623939463     
  0.998074064031219     
  0.998011173947385     
  0.997915035068353     
  0.997791128640351     
  0.997609357597232     
  0.997494452080276     
  0.994618561557011     
  0.997461044784924     
  0.997445606167244     
  0.997364642286164     
  0.997262988029420     
  0.997152453647449     
  0.997033828936075     
  0.996897618018102     
  0.996752916467490     
  0.996589025161644     
  0.996393728342201     
  0.996158107682156     
  0.995965764591648     
  0.996636406517529     
  0.926027643496846     
  0.847333496076380     
  0.990087000625467     
  0.995047546993052     
  0.994347181127029     
  0.991517167294126     
  0.958599102391844     
  0.864647115889431     
  0.967530182308977     
  0.970824418251833     
  0.926109522523378     
  0.984191506986292     
  0.990741252841952     
  0.990520434734704     
  0.989669690071528     
  0.986838334030241     
  0.949582357153091     
  0.916901666970080     
  0.975687843576972     
  0.872253995174877     
  0.892870087035833     
  0.895545448040243     
  0.980340874970071     
  0.977358847738704     
  0.973068986338455     
  0.963826272930574     
  0.953914358864330     
  0.962697332012971     
  0.955975852226708     
  0.955511688383323     
  0.945598351044187     
  0.933172132596029     
  0.870718256418436     
  0.886993053733124     
  0.906958019639498     
  0.888069788699847     
  0.866930430278852     
  0.854144315720753     
  0.861016701983544     
  0.877003709551640     
  0.889976907576016     
  0.897698536356145     
  0.896190171142935     
  0.883998805398211     
  0.858109736283443     
  0.806210270333350     
  0.718055078386183     
  0.574620980950650     
  0.480168580345065     
  0.470175746886291     
  0.516079542782138     
  0.600451364412706     
  0.705830970915698     
  0.788863875382125     
  0.836655080404483     
  0.865896229521358     
  0.888705719753469     
  0.906130726454779     
  0.919797028268282     
  0.933084100562797     
  0.945371888664878     
  0.953948288041698     
  0.959498511076293     
  0.964574872336771     
  0.969229319836521     
  0.972508150304331     
  0.974893358021246     
  0.977084412020267     
  0.979032167789613     
  0.980896700212093     
  0.982535266323188     
  0.984040163590247     
  0.985420660030170     
  0.986704980191458     
  0.987809448410476     
  0.988963168041916     
  0.989969595214595     
  0.990840420198858     
  0.991505986316224     
  0.991520762133624     
  0.992382401373528     
  0.993158634123263     
  0.993868785952019     
  0.994211048978111     
  0.994627195710692     
  0.995027903510109     
  0.995280428410379     
  0.995487330172158     
  0.995397610016169     
  0.995855019379621     
  0.996183830489232     
  0.996405016345928     
  0.996525355832160     
  0.996789847470931     
  0.996943158773113     
  0.997062533114292     
  0.997050631387273     
  0.992338415614170     
  0.987800148836385     
  0.996585228797414     
  0.996758559682125     
  0.997614881561908     
  0.997819963846357     
  0.997756974600794     
  0.987839772069083     
  0.997659995068189     
  0.998156935546435     
  0.998260216492619     
  0.997368349757416     
  0.998283055790011     
  0.998302624747223     
  0.998106537728517     
  0.997937479859379     
  0.997022762211529     
  0.988345487290142     
  0.907102173949003     
  0.871879054071016     
  0.945326221111458     
  0.992311825812734     
  0.997725936461866     
  0.998397441561239     
  0.998474989247028     
  0.998305381829563     
  0.995172470123085     
  0.972743511807034     
  0.791884449812828     
  0.775676827524962     
  0.765496095490996     
  0.905199157975256     
  0.987888027295960     
  0.997671856283324     
  0.997022327884051     
  0.998646884863613     
  0.998983677776133     
  0.999080398159811     
  0.999125122217253     
  0.999150805494788     
  0.999129126952327     
  0.998965130445010     
  0.999066687786182     
  0.998691203343129     
  0.999267364969361     
  0.999292512771823     
  0.999310843303743     
  0.998373504699488     
  0.999306442368160     
  0.999357842702738     
  0.999379935213136     
  0.999395274928136     
  0.999407969118016     
  0.999412903036717     
  0.999375576205514     
  0.999107052989487     
  0.999177489966154     
  0.999430255519221     
  0.999406765492553     
  0.999043976029788     
  0.999286483205762     
  0.999474631934744     
  0.999514539629323     
  0.999505062077703     
  0.999278879855530     
  0.998540213480543     
  0.999454082523113     
  0.999551609971564     
  0.999566283608951     
  0.999559894080209     
  0.999484686539168     
  0.999557695047357     
  0.999341231608409     
  0.999101962813388     
  0.999590872192521     
  0.999592721734764     
  0.999588783522108     
  0.999575562292114     
  0.999573936917180     
   1.00001977901765     
  0.998882809468493     
  0.977191806346372     
  0.996569351707262     
   1.00150128345849     
  0.986848532472699     
  0.972881861064943     
   1.00067371525210     
   1.00017304486364     
  0.999523971466113     
  0.999551946702870     
  0.999522154582944     
  0.998956459366537     
  0.993333098465138     
  0.925819946823946     
  0.953202834544566     
  0.983114368152828     
  0.998435673530857     
  0.999450970358910     
  0.999309736920230     
  0.999658152687560     
  0.999718119767939     
  0.999727384365538     
  0.999733527988163     
  0.999738854625098     
  0.999742954428642     
  0.999744095062033     
  0.999714152948830     
  0.999711990157607     
  0.999756636967094     
  0.999755893060585     
  0.999673684397369     
  0.999479423603140     
  0.999634818355363     
  0.999698936442904     
  0.999630996485897     
  0.999608945365913     
  0.999528528157323     
  0.999096260005117     
  0.999755516235052     
  0.999780037177161     
  0.999782068247415     
  0.999753746899165     
  0.999773935371358     
  0.999677720511024     
  0.999087192612652     
  0.997393016923573     
  0.997989556381491     
  0.999364370209908     
  0.999706554845056     
  0.999563644910784     
  0.998530674800457     
  0.997562940115400     
  0.999418642672214     
  0.999757257144006     
  0.999799919441722     
  0.999785850836417     
  0.999805618110453     
  0.999732496448644     
  0.999809839966162     
  0.999813560722690     
  0.999815111950545     
  0.999816569164629     
  0.999817744678522     
  0.999818488005658     
  0.999814224934271     
  0.999702183261849     
  0.999891036404340     
  0.999992336953663     
  0.992594535971343     
  0.999970822411449     
  0.999845650951609     
  0.999826522582264     
  0.999827461898092     
  0.999829289563553     
  0.999829763311472     
  0.999786566595915     
  0.999710464801542     
  0.999756667591043     
  0.999721233645037     
  0.999248894333138     
  0.999429009601923     
  0.999337815080030     
  0.999429587051087     
  0.999835036076635     
  0.999834736987398     
  0.999824907049764     
  0.999749610752317     
  0.999846142580341     
   1.00044130484730     
  0.989568790874332     
  0.995072341953591     
  0.982407480387292     
  0.968723831271377     
  0.999225148707951     
  0.999659640552049     
  0.999491859192933     
  0.998043609995117     
  0.994927411290774     
  0.998838471208293     
  0.999666713033159     
  0.999820993194020     
  0.999816593888600     
  0.999628539530007     
  0.997765452351469     
  0.962959758831832     
  0.950040359259832     
  0.996559375817197     
  0.999310089172936     
  0.999351247932704     
  0.999736153443505     
  0.999819600980307     
  0.999833576640761     
  0.999840998058467     
  0.999846622219162     
  0.999848681139947     
  0.999843887224565     
  0.999750689651791     
  0.999395560935344     
  0.999226238716433     
  0.999149662068814     
  0.999827614100299     
  0.999857220442255     
  0.999855870144194     
  0.999848697415440     
  0.999811905112772     
  0.999620265487708     
  0.999780781060456     
  0.999846558715766     
  0.999856921745723     
  0.999852010823012     
  0.999858977662523     
  0.999814451348044     
  0.999851423080981     
  0.999860538776455     
  0.999874078626776     
  0.999748205718276     
  0.999526558358819     
  0.999865067736088     
  0.999774752015153     
  0.999632903317019     
  0.999314187135965     
  0.999064942672841     
  0.999837015982545     
  0.999717499315205     
  0.998190106864191     
  0.991427133178391     
  0.991418800932791     
  0.998191520626924     
  0.999641479733678     
  0.999470931829484     
  0.998387281823537     
  0.998388816781981     
  0.999481106295129     
  0.999794265223174     
  0.999817185142976     
  0.999805458826237     
  0.999703225499551     
  0.993330402729353     
  0.984908514856753     
  0.999153041540584     
  0.999873327022367     
  0.999995570226222     
  0.987715452314587     
  0.998054003873174     
  0.999889735421618     
  0.999840904925604     
  0.999708301261502     
  0.997746250414627     
  0.998659083269954     
  0.999776021739817     
  0.999705604046329     
  0.999810799344093     
  0.999845441867497     
  0.999844405085477     
  0.999842144014351     
  0.999838230586022     
  0.999827508631748     
  0.999633015579407     
  0.999769515263384     
  0.999785045300724     
  0.999752616044937     
  0.998907108988650     
  0.989398346599097     
  0.950437772030289     
  0.896775681231134     
  0.920375898116382     
  0.976072951596424     
  0.989523812973003     
  0.969358045768071     
  0.978177951659205     
  0.995621836050571     
  0.999171082829186     
  0.999015548488813     
  0.998852912392849     
  0.999671932142955     
  0.999064169615828     
  0.993778850252454     
  0.916794660662473     
  0.916042962691513     
  0.994020714293493     
  0.999033227155083     
  0.999700622041358     
  0.999778829484962     
  0.999792390625164     
  0.999780848839425     
  0.999595152687700     
  0.999115874742969     
  0.998688592178481     
  0.998697224833427     
  0.998607531934631     
  0.990818243965287     
  0.901145473080332     
  0.921606188992256     
  0.989129951593708     
  0.962553332088576     
  0.891153863936731     
  0.879630405440208     
  0.955802353920910     
  0.989234704981979     
  0.980574047511667     
  0.980476086986159     
  0.993348441314705     
  0.980629277878920     
  0.947336650949699     
  0.968387693844350     
  0.994240581972193     
  0.998978373103547     
  0.999449423223929     
  0.998442987239703     
  0.990234557306148     
  0.962466851798137     
  0.927730498296200     
  0.962662316733431     
  0.993036989951122     
  0.997886137790466     
  0.993022083759521     
  0.989577537501545     
  0.997193538927851     
  0.999772807370283     
  0.995576061308152     
  0.990983272222162     
  0.974464237121827     
  0.952385046345385     
  0.980587818219937     
  0.996095715911099     
  0.999518877466863     
  0.999639955119702     
  0.999402714107318     
  0.999777230108270     
  0.999763713077499     
  0.999771035476304     
  0.999796837378189     
  0.999718692970502     
  0.999614462485040     
  0.999611019668771     
  0.999726173599833     
  0.999788623757581     
  0.999791533217287     
  0.999742192372342     
  0.999654649530704     
  0.999739977513516     
  0.999780767320966     
  0.999774917867023     
  0.999777744944223     
  0.999774694483971     
  0.999763861350536     
  0.999765267660449     
  0.999765597080554     
  0.999761804492629     
  0.999758083419778     
  0.999753289222061     
  0.999734826008834     
  0.999693414451481     
  0.999691241208892     
  0.995786297328624     
  0.998245818239987     
   1.00000487873384     
  0.989306204262650     
  0.976098877995005     
  0.999730544405835     
  0.999720277037246     
  0.999510498586234     
  0.996772562162065     
  0.981507172899574     
  0.946307329554336     
  0.959133456529856     
  0.989347969665137     
  0.998432370474190     
  0.999416673804439     
  0.999006943670645     
  0.998885742468512     
  0.999340891763365     
  0.999558242739698     
  0.987036626211363     
  0.996086548701005     
  0.991026891259751     
  0.993428041544102     
  0.999611748474931     
  0.999622980203380     
  0.999612826983696     
  0.999625906081373     
  0.999618142366861     
  0.999614495712049     
  0.999606489776261     
  0.999589185889537     
  0.999561202758924     
  0.999552701963465     
  0.999526732670754     
  0.999543065297143     
  0.999547430345942     
  0.999533181796169     
  0.998838857948157     
  0.999488175694986     
  0.999435267152168     
  0.999270994051186     
  0.999345729295711     
  0.999249670590358     
  0.997444580712380     
  0.991406966415614     
  0.976077398654822     
  0.997264534429627     
  0.999075876589751     
  0.998867254397634     
  0.996654743388258     
  0.994304224221552     
  0.996714474636363     
  0.994804206939518     
  0.950639254379274     
  0.965547453841139     
  0.813430814781579     
  0.972725888206763     
  0.995909897124685     
  0.998993002525411     
  0.999165475095131     
  0.999148548934186     
  0.999073526555725     
  0.998521000584748     
  0.994094653872534     
  0.937598946008868     
  0.937606540064630     
  0.993263788806988     
  0.993424947145386     
  0.986343005110063     
  0.993604113312206     
  0.998014319702783     
  0.998878418936348     
  0.998928826435277     
  0.998914846394119     
  0.998873523807338     
  0.998849456556870     
  0.998833721233352     
  0.998800368502358     
  0.998757161588110     
  0.998725149597437     
  0.998645845533627     
  0.998533465292740     
  0.998126919256373     
  0.997631950440638     
  0.998024334128975     
  0.998350174549120     
  0.998345892332695     
  0.997717864102274     
  0.998276260028029     
  0.998229257146407     
  0.998019955576946     
  0.998033923054578     
  0.997994175525063     
  0.997750683153952     
  0.996226248338797     
  0.985102238282534     
  0.979511945668889     
  0.948761563720611     
  0.962390003228603     
  0.990614336582324     
  0.987627793575102     
  0.978806331780303     
  0.991795217616946     
  0.992203733736808     
  0.993733164773434     
  0.995073339194153     
  0.996355886675912     
  0.996301430899811     
  0.996074037699943     
  0.995862925281012     
  0.995630153878545     
  0.995340736017374     
  0.995127050913864     
  0.994841443024813     
  0.994427975759347     
  0.994215289245886     
  0.994088346325877     
  0.992355375548945     
  0.988936947560432     
  0.992985397204332     
  0.992129620953981     
  0.991531607932833     
  0.990913332145198     
  0.990634118200018     
  0.990118360598620     
  0.989518817638179     
  0.988832828677704     
  0.988161694317930     
  0.987507885031660     
  0.986719079126838     
  0.985754621336167     
  0.984808466909091     
  0.983793528426279     
  0.982621773847132     
  0.981211003373488     
  0.979308558731111     
  0.973377844194231     
  0.967639312636433     
  0.970139281121917     
  0.971291800536484     
  0.969614676671594     
  0.966787943001402     
  0.964198447691464     
  0.961505184888440     
  0.958247462613269     
  0.955027295176718     
  0.951524313269247     
  0.947879527314500     
  0.944358752094132     
  0.940977678415643     
  0.937821938584514     
  0.935485333724332     
  0.935201707898690     
  0.937196333923285     
  0.940228635235813     
  0.943634603964242     
  0.947151778344100     
  0.950731630075859     
  0.953941534470102     
  0.957038754966560     
  0.960586615532527     
  0.963603159561927     
  0.966453208598811     
  0.969108216871497     
  0.971405301487490     
  0.973715223010389     
  0.975728761552085     
  0.977493220176365     
  0.979291435955334     
  0.980805218256703     
  0.982317719443810     
  0.983546516276964     
  0.984345646125404     
  0.985488566652476     
  0.986599123609276     
  0.986754137599177     
  0.983319056547075     
  0.972438743423790     
  0.980234999034890     
  0.985465790003905     
  0.990424425850124     
  0.990945022861900     
  0.991589301501178     
  0.992072381847522     
  0.992563254737910     
  0.992994521127423     
  0.993081252459773     
  0.991989378824653     
  0.983014663420331     
  0.969733077077436     
  0.987001654554784     
  0.993873388875010     
  0.995247721658986     
  0.995598056420102     
  0.995669735177783     
  0.994669329357185     
  0.990793796563556     
  0.991481467889442     
  0.995445331184256     
  0.996496805190826     
  0.996787844996492     
  0.997092746792828     
  0.997219312926050     
  0.997338236273405     
  0.997450216291306     
  0.997550052346703     
  0.997653893584080     
  0.997746052271969     
  0.997831247227308     
  0.997895867708685     
  0.997794856962470     
  0.998019512481920     
  0.998131889044189     
  0.998098961572724     
  0.998213927758301     
  0.998302302588239     
  0.997558804345031     
  0.998139560794018     
  0.998467256994116     
  0.998522616276383     
  0.998566119820585     
  0.998605764920111     
  0.998640664500371     
  0.998672488005537     
  0.998703981651964     
  0.998728271662254     
  0.998740169394271     
  0.998705146451774     
  0.998550237196065     
  0.998598085040355     
  0.998470673724572     
  0.998608471451924     
  0.998588343594720     
  0.998393111155418     
  0.997923600697360     
  0.994817742616670     
  0.950083331899140     
  0.748190459304967     
  0.537850649744116     
  0.891670605846936     
  0.982765861983450     
  0.997378122556300     
  0.991122259913080     
  0.996639308476744     
  0.995921147770544     
  0.999002574642403     
  0.999098837503075     
  0.998778580503945     
  0.997138005417322     
  0.994752377533540     
  0.996539759024038     
  0.998153557578762     
  0.998952004429261     
  0.999218058278104     
  0.999314822682179     
  0.999379761135593     
  0.999401369674993     
  0.999371156834649     
  0.998902096034002     
  0.997476798698180     
  0.996655551284160     
  0.998567243693906     
  0.999347947630783     
  0.999449462205132     
  0.999500854722290     
  0.999546185383320     
  0.999557525014436     
  0.999567005317311     
  0.999576330748330     
  0.999584924853179     
  0.999590844556170     
  0.999597278748679     
  0.999597087724269     
  0.999531792402399     
  0.996992317458905     
  0.998656515659063     
   1.00018395548757     
  0.998731600257978     
  0.993226453988708     
  0.999504420350829     
  0.998589562512686     
  0.999153836350519     
  0.999588947841280     
  0.999671380503795     
  0.999691578931906     
  0.999834772554326     
   1.00015947178288     
  0.995452370626603     
  0.999876367228397     
  0.999943385542073     
  0.999730273035184     
  0.999717791784972     
  0.999719926811575     
  0.999730228760433     
  0.999738876046891     
  0.999787935576550     
