  0.999574524178698     
  0.999574487201537     
  0.999568899140323     
  0.999570403740151     
  0.999549876254458     
  0.999453516420396     
  0.999462223229762     
  0.999445199749907     
  0.999532135675636     
  0.999496718825980     
  0.999124015774074     
  0.992724729699531     
  0.997480608330996     
  0.999141563328025     
  0.999305057580207     
  0.999213312830633     
  0.998808953736722     
  0.996429901884309     
  0.877340201577395     
  0.733793242623595     
  0.960082029612393     
  0.991106104917210     
  0.985943612875338     
  0.997745465589837     
  0.999083224936956     
  0.999297474908581     
  0.999404481989710     
  0.999438254984557     
  0.999446618400301     
  0.999455076034336     
  0.999455634371541     
  0.999284640538886     
  0.999168918083236     
  0.999448396944380     
  0.999448732104919     
  0.999444246952955     
  0.999439861714934     
  0.999434176550745     
  0.999427737489168     
  0.999381822778428     
  0.999410958071076     
  0.999407038962601     
  0.999272132227766     
  0.999363341180375     
  0.999365789388428     
  0.999358601891045     
  0.999364044312054     
  0.999352664536759     
  0.999336319357992     
  0.999266094235030     
  0.998868335671756     
  0.993293826773314     
  0.997420725193751     
  0.999187801289589     
  0.999284361654524     
  0.995856010618630     
  0.967713087219873     
  0.991917051708034     
  0.991062094314260     
  0.992540483848348     
  0.999147052774090     
  0.998683665575597     
  0.999069865368280     
  0.999153472252134     
  0.999147238318919     
  0.999131534859563     
  0.999114859102801     
  0.999097356006427     
  0.999079502808434     
  0.999061306734119     
  0.999040111129054     
  0.998815865198700     
  0.999001020450531     
  0.998953602471805     
  0.998895906569409     
  0.998916268972163     
  0.998540044682018     
  0.998757698588054     
  0.997779738892682     
  0.987516369719007     
  0.997468436964002     
  0.998576472262039     
  0.998730116039022     
  0.998703776487647     
  0.998257159189444     
  0.998642986142077     
  0.998588235857228     
  0.998432470477888     
  0.996776147011860     
  0.997435580245193     
  0.998221087291778     
  0.997872672469845     
  0.996309669919699     
  0.996327245197205     
  0.993312820977129     
  0.997989609823869     
  0.998166455440541     
  0.998139097546025     
  0.998073202475359     
  0.997713011718175     
  0.997452496452311     
  0.997893750567656     
  0.997792225043394     
  0.997712029479573     
  0.997590686291185     
  0.997572315081755     
  0.997464032773317     
  0.997297631803654     
  0.986961722221817     
  0.997053372405598     
  0.997102462489098     
  0.996999686897424     
  0.996880717689311     
  0.996754693291561     
  0.996618000617984     
  0.996451510162897     
  0.996287456446669     
  0.996097853212907     
  0.995862691695342     
  0.995565235738776     
  0.995124851427618     
  0.993779504690817     
  0.881332624982923     
  0.756685987368762     
  0.981475302024679     
  0.993644971622360     
  0.993636197212947     
  0.992558908060166     
  0.952627594818246     
  0.810605409994798     
  0.967003153519300     
  0.966128456719233     
  0.893387191349962     
  0.983726863808581     
  0.990132404132431     
  0.989313929147435     
  0.988599287832918     
  0.987073463900310     
  0.933904313679342     
  0.882147876781372     
  0.975392321714081     
  0.794072280376298     
  0.838105005759947     
  0.840101250024215     
  0.975531694184734     
  0.974997005559382     
  0.972241347715165     
  0.967460811747417     
  0.958505760389355     
  0.961492100068406     
  0.950652023338676     
  0.951033010399771     
  0.940043029966870     
  0.921571349309552     
  0.826176753170872     
  0.857498415169929     
  0.899935678586930     
  0.883200020768468     
  0.861698761875098     
  0.847477669875676     
  0.854369914558484     
  0.870980249426516     
  0.883882864847125     
  0.891658888359628     
  0.889346329806125     
  0.876888745219071     
  0.853458345860539     
  0.808741371865459     
  0.734065773173335     
  0.586875728643212     
  0.473920162553804     
  0.461928303558216     
  0.518058590416602     
  0.607495109708956     
  0.716284160544644     
  0.794931725106178     
  0.837458372890155     
  0.864208602461182     
  0.886695072692227     
  0.903496689909387     
  0.915913400348254     
  0.928358292006164     
  0.940353189426708     
  0.949012794894067     
  0.954761553176999     
  0.960112514798186     
  0.965061758512408     
  0.968687217650883     
  0.971425526931469     
  0.973942359092332     
  0.976126561370173     
  0.978298179381181     
  0.980142008940825     
  0.981841641627665     
  0.983406789485133     
  0.984841282779361     
  0.985958715128032     
  0.987344121677665     
  0.988495985443650     
  0.989444473048070     
  0.989845799105941     
  0.989871563530526     
  0.990977296508824     
  0.991937306448854     
  0.992860237075631     
  0.993201417347708     
  0.993724553396987     
  0.994291133283266     
  0.994635588058424     
  0.994918684319279     
  0.994635619957725     
  0.995311651903411     
  0.995692723435636     
  0.995870035093697     
  0.995908737427470     
  0.996296553381592     
  0.996468059120372     
  0.996606605402641     
  0.996619036127873     
  0.987204477076117     
  0.977506485319971     
  0.996192316615448     
  0.996474038730528     
  0.997386477739043     
  0.997510569612480     
  0.997514650996002     
  0.978965184409229     
  0.997326311526993     
  0.997893915620891     
  0.997873935585727     
  0.996705176304652     
  0.997908729905354     
  0.998026811198094     
  0.997676883149967     
  0.997611350816472     
  0.997456837821473     
  0.994533694884706     
  0.869702603773651     
  0.815337186267750     
  0.936593573355460     
  0.996171815169959     
  0.997639127856070     
  0.998122030834290     
  0.998208714717182     
  0.998094716921685     
  0.997210023779554     
  0.990150187370768     
  0.734340811450697     
  0.718980908086333     
  0.691824188289211     
  0.897381846941033     
  0.995840347771724     
  0.998170754871380     
  0.994991166505373     
  0.998507836911212     
  0.998865723870295     
  0.998947312718315     
  0.998997396149714     
  0.999036053404943     
  0.999042660236002     
  0.998864928659062     
  0.998904984780853     
  0.998138455240979     
  0.999160581031529     
  0.999182962454861     
  0.999210863308516     
  0.995798842060240     
  0.999121660413957     
  0.999247177329526     
  0.999293734188116     
  0.999317543433162     
  0.999333142011578     
  0.999346641308840     
  0.999349228308690     
  0.999093640586733     
  0.998994754241215     
  0.999377360822923     
  0.999399202167626     
  0.999142204191725     
  0.999353755148163     
  0.999443151330894     
  0.999458848897436     
  0.999464128165035     
  0.999155035065520     
  0.997864233371959     
  0.999406895166478     
  0.999501482517389     
  0.999511617863258     
  0.999494216919083     
  0.999351369102023     
  0.999483902725092     
  0.998672894058964     
  0.997800351158757     
  0.999528410183675     
  0.999524446912491     
  0.999513214246401     
  0.999483379751284     
  0.999418122002514     
  0.999251199424937     
  0.993372271519445     
  0.952488644636515     
  0.988399770242259     
  0.997965019112470     
  0.964573667858249     
  0.938334824486980     
  0.993214570320466     
  0.999081029965180     
  0.999322654251142     
  0.999425953385370     
  0.999416653460608     
  0.999210645859817     
  0.995149449478423     
  0.893611585910237     
  0.937164310162831     
  0.976464108549528     
  0.998744053654398     
  0.999514361588141     
  0.998762011280596     
  0.999577945181894     
  0.999682716648115     
  0.999695168743762     
  0.999704463963094     
  0.999712322905639     
  0.999718587101498     
  0.999724803933873     
  0.999665737655413     
  0.999649281841435     
  0.999739543574398     
  0.999742404761912     
  0.999564785961517     
  0.999587638732485     
  0.999712072267204     
  0.999647468359472     
  0.999563794073629     
  0.999725524511338     
  0.999516012718480     
  0.997948175228540     
  0.999736986117423     
  0.999770424409980     
  0.999772689192544     
  0.999710025792746     
  0.999773963429558     
  0.999757364105063     
  0.999614514992475     
  0.998690688988314     
  0.999069181405629     
  0.999669257892494     
  0.999733892242138     
  0.999682478399899     
  0.998742824893988     
  0.997257846037167     
  0.999650288314915     
  0.999781646043652     
  0.999795743257318     
  0.999766699993882     
  0.999797237800807     
  0.999640222175915     
  0.999804447209129     
  0.999810212186233     
  0.999811872352753     
  0.999813203611015     
  0.999814723923770     
  0.999815049342666     
  0.999797314247343     
  0.999415757382260     
  0.999750544411863     
  0.999245447565896     
  0.989321144310814     
  0.999207007514152     
  0.999613702480317     
  0.999819225538497     
  0.999827727303007     
  0.999830021989201     
  0.999830925349328     
  0.999737536020273     
  0.999541602456685     
  0.999809350270277     
  0.999800197462409     
  0.999015214253195     
  0.999296397875235     
  0.998263049033576     
  0.998461900955763     
  0.999838426503839     
  0.999838727881120     
  0.999835291772731     
  0.999735191671502     
  0.999699267082687     
  0.999547083143692     
  0.984367756534066     
  0.991104546910219     
  0.973328209878639     
  0.941882450732671     
  0.999653133465603     
  0.999715314026653     
  0.999652921214031     
  0.998951458410816     
  0.996467725183232     
  0.999563635960182     
  0.999763513886097     
  0.999831983515602     
  0.999822432095114     
  0.999762085147857     
  0.999017946823156     
  0.947592250781333     
  0.926936485316453     
  0.998004110698283     
  0.999527723769660     
  0.999358321958660     
  0.999801478687208     
  0.999845735499522     
  0.999849705865685     
  0.999856908173278     
  0.999853378643127     
  0.999861922776843     
  0.999863155465436     
  0.999849757996670     
  0.999775580901234     
  0.999673633940566     
  0.999097403065976     
  0.999807459328021     
  0.999848913361281     
  0.999868630334178     
  0.999865608025447     
  0.999859351100599     
  0.999682419658907     
  0.999808978844341     
  0.999871966567376     
  0.999874750656548     
  0.999851815506756     
  0.999875750586872     
  0.999739093671974     
  0.999854024977234     
  0.999877795077081     
  0.999879273979503     
  0.999671132246144     
  0.999387915395971     
  0.999866813113689     
  0.999843133425149     
  0.999651449076383     
  0.998763755395227     
  0.998108049130710     
  0.999873703933267     
  0.999852776265234     
  0.999593191602731     
  0.996476025531515     
  0.996465689368046     
  0.999582230640490     
  0.999788705177043     
  0.999789764070874     
  0.999250590193586     
  0.999248709569555     
  0.999791172945638     
  0.999854170956157     
  0.999804039553977     
  0.999776211107756     
  0.999635869112240     
  0.986547791867712     
  0.968278614900499     
  0.998628977774061     
  0.999795105377755     
  0.999445964931392     
  0.983549265310823     
  0.996637156780499     
  0.999595256217325     
  0.999867447216225     
  0.999717411176378     
  0.995826710722142     
  0.997834000943100     
  0.999795553988990     
  0.999437995653813     
  0.999759784906358     
  0.999880524128380     
  0.999882334418298     
  0.999881888170852     
  0.999881168952012     
  0.999876347010294     
  0.999494032007120     
  0.999788715532618     
  0.999824987367186     
  0.999849899356331     
  0.999693522274195     
  0.998050784535827     
  0.985236179549075     
  0.952040474095022     
  0.968152741212467     
  0.995332094317305     
  0.996453349232850     
  0.974896592751522     
  0.984241340258363     
  0.998698833232688     
  0.999638293182637     
  0.998942141723024     
  0.998732823884269     
  0.999760260498658     
  0.999556809293638     
  0.998050731961854     
  0.872145721416167     
  0.870631082448713     
  0.998480834673144     
  0.999565450089475     
  0.999789893886042     
  0.999833594344539     
  0.999844763707925     
  0.999842846731493     
  0.999613251019758     
  0.999103453091205     
  0.999256415321840     
  0.999336251718056     
  0.999466643941091     
  0.994716272305095     
  0.864739323321708     
  0.895860852931864     
  0.996722960246275     
  0.992115686837718     
  0.952231409726842     
  0.941767781749300     
  0.990253533539294     
  0.997440957254533     
  0.986767810812867     
  0.986614962381897     
  0.997916748032679     
  0.990727308055885     
  0.962798763097849     
  0.981035731097171     
  0.998375960529427     
  0.999601543667590     
  0.999697360635174     
  0.999478939177700     
  0.996271390636351     
  0.978546355443246     
  0.949397727385179     
  0.979546019670433     
  0.998343157529202     
  0.999484356785964     
  0.994891981144581     
  0.991128478718445     
  0.998751833425342     
  0.999848989805591     
  0.993841950213107     
  0.993325711174140     
  0.991602039796682     
  0.977261325550701     
  0.994807405613894     
  0.998794569836726     
  0.999813816430952     
  0.999671781594373     
  0.999171155538316     
  0.999888397674048     
  0.999801808253543     
  0.999820829156670     
  0.999912099186656     
  0.999823030054165     
  0.999832987209385     
  0.999827752160017     
  0.999849482223496     
  0.999908240649459     
  0.999907119644628     
  0.999713668015496     
  0.999652241846717     
  0.999832520855525     
  0.999903178827887     
  0.999896112236560     
  0.999901505367883     
  0.999899753682417     
  0.999882264987030     
  0.999890198914557     
  0.999895504700194     
  0.999893711799136     
  0.999892056580471     
  0.999889758055251     
  0.999881017557605     
  0.999868349104796     
  0.999651540900566     
  0.994060201419697     
  0.997229566446237     
  0.999689640207453     
  0.985732645464253     
  0.970034733683108     
  0.999409686298832     
  0.999848764338773     
  0.999819312797813     
  0.999316487126298     
  0.995755648153249     
  0.975318837831051     
  0.984130351456829     
  0.997977903403638     
  0.999642479219112     
  0.999805232458894     
  0.999634557801011     
  0.999561229632468     
  0.999756697355050     
  0.999720878050245     
  0.963385587554278     
  0.989751084114324     
  0.975025789252794     
  0.982015358747659     
  0.999776690003673     
  0.999809216610941     
  0.999798004960130     
  0.999840641811334     
  0.999833971505285     
  0.999840813061837     
  0.999839017136044     
  0.999825197878896     
  0.999827261374191     
  0.999821099026945     
  0.999774883212667     
  0.999795170986948     
  0.999816419236346     
  0.999812014184109     
  0.998222042900041     
  0.999783038673157     
  0.999784233018197     
  0.999688188223893     
  0.999740912447635     
  0.999728492492266     
  0.998029344060592     
  0.995078691846225     
  0.967616596924413     
  0.998983785390231     
  0.999674397400900     
  0.999630665068157     
  0.998597080353748     
  0.996994376881368     
  0.997940821075109     
  0.995786890598910     
  0.916178074536496     
  0.971954622579970     
  0.717592160058965     
  0.980577932047005     
  0.998847757370455     
  0.999507716995844     
  0.999571329851813     
  0.999555234609682     
  0.999477059274462     
  0.999152067745188     
  0.995808434149491     
  0.895063254175919     
  0.895152335493583     
  0.995772058082472     
  0.997739885532712     
  0.993233668168951     
  0.998003356251128     
  0.999407945510875     
  0.999518959433673     
  0.999555031189834     
  0.999586201063397     
  0.999526797087438     
  0.999531314642023     
  0.999581526581372     
  0.999573849982519     
  0.999552202776268     
  0.999553122779021     
  0.999429512113317     
  0.999458887498227     
  0.999396375960612     
  0.999120454510405     
  0.999358261767244     
  0.999449428699133     
  0.999398271710172     
  0.998112934560436     
  0.999415799994005     
  0.999395519114337     
  0.999182507396047     
  0.999268518806484     
  0.999302509403587     
  0.999234697083920     
  0.998030385524383     
  0.983068776130520     
  0.994182260818088     
  0.972666934977031     
  0.977924878675693     
  0.997679723280478     
  0.994617303074735     
  0.987786661662798     
  0.997006435484537     
  0.993424888740983     
  0.994363174763471     
  0.996370774736331     
  0.998509005102474     
  0.998774473919572     
  0.998710300039683     
  0.998643761254817     
  0.998556542126611     
  0.998366800807832     
  0.998404087701704     
  0.998310565206314     
  0.997898073791214     
  0.998099318465390     
  0.998011802997313     
  0.995401526239414     
  0.991197455296815     
  0.997558671758249     
  0.997400294277024     
  0.997081016901802     
  0.996545437989918     
  0.996895814659117     
  0.996748620121866     
  0.996555168853562     
  0.996336004569279     
  0.996110963358461     
  0.995881630856254     
  0.995606536024906     
  0.995255937709793     
  0.994949552088602     
  0.994610339152754     
  0.994199682702343     
  0.993711770906764     
  0.992994048127958     
  0.986630394040594     
  0.983181049840313     
  0.989092897563932     
  0.990286429028849     
  0.989595504341810     
  0.987903086607320     
  0.987511999521918     
  0.986649256707115     
  0.985469271301581     
  0.984336728977861     
  0.983118284879629     
  0.981885335655819     
  0.980755311518473     
  0.979706337638329     
  0.978634070388430     
  0.977693648421032     
  0.977558054657961     
  0.978405770980010     
  0.979473367593930     
  0.980536643357776     
  0.981653802076029     
  0.982851910658662     
  0.983755748740587     
  0.984638475324739     
  0.986302280530419     
  0.987414594498325     
  0.988449722464379     
  0.989411181677056     
  0.990235675579941     
  0.991069393837614     
  0.991786942704127     
  0.992408597657941     
  0.993034252177582     
  0.993456488955301     
  0.993941657177300     
  0.994302176334102     
  0.994243524826412     
  0.994696884304705     
  0.995515741237433     
  0.995685553060373     
  0.994690616214154     
  0.987381721790973     
  0.992627349518450     
  0.988706841822858     
  0.996759517855138     
  0.996766619450199     
  0.997228405661688     
  0.997389888127302     
  0.997552100635276     
  0.997692210124881     
  0.997444332380488     
  0.997530109564638     
  0.992867171151225     
  0.982686190196467     
  0.995255952578379     
  0.998100714524749     
  0.998435189048390     
  0.998539676376833     
  0.998582559910752     
  0.998420787790264     
  0.996354199039941     
  0.996761812559822     
  0.998660062286762     
  0.998538392511248     
  0.998594843132053     
  0.999028042492090     
  0.999071234320211     
  0.999108167294167     
  0.999142805087994     
  0.999162492007021     
  0.999205187889619     
  0.999232899644706     
  0.999258441606270     
  0.999254634946676     
  0.998866346052269     
  0.999142327909871     
  0.999339231596499     
  0.998959112875566     
  0.999193284356431     
  0.999382408461143     
  0.997716042901739     
  0.998840308374566     
  0.999423309140923     
  0.999433562621578     
  0.999438852401246     
  0.999440871907229     
  0.999433613280668     
  0.999424930744141     
  0.999426547714447     
  0.999411698225652     
  0.999387694250956     
  0.999343495695221     
  0.999202249097315     
  0.999150655598704     
  0.998799354150041     
  0.998856920014974     
  0.998722458592248     
  0.998303408146345     
  0.997437603022891     
  0.995008140114735     
  0.941940403173269     
  0.711781228392153     
  0.400283642828224     
  0.916967893593438     
  0.990471760560101     
  0.996163290258259     
  0.987699664148383     
  0.995351474236598     
  0.994752894140501     
  0.998881469049657     
  0.999256549624015     
  0.999237120724069     
  0.997972548009603     
  0.994759872742882     
  0.997303095385702     
  0.999292624428244     
  0.999552355030605     
  0.999591295522828     
  0.999636534289169     
  0.999642898991790     
  0.999651029662247     
  0.999708468903738     
  0.999629693939818     
  0.999125240901280     
  0.997978386950197     
  0.999557858761206     
  0.999717391912763     
  0.999638499232661     
  0.999656916140508     
  0.999793258187291     
  0.999798795826108     
  0.999801685574539     
  0.999806829466911     
  0.999809996232715     
  0.999806719048190     
  0.999810699361572     
  0.999800546269615     
  0.999685303400944     
  0.995527329310698     
  0.998287199556707     
  0.999781656625309     
  0.994622581995844     
  0.984162045144704     
  0.998938200323035     
  0.999465231648484     
  0.999684667996168     
  0.999827126320572     
  0.999843787833908     
  0.999844801270735     
  0.999748538651974     
  0.999121866032975     
  0.989364254412916     
  0.998359105179839     
  0.999868003953509     
  0.999861087756557     
  0.999866588504668     
  0.999868896796991     
  0.999874776646624     
  0.999876873588661     
  0.999880578448231     
