  0.999586239286083     
  0.999585495255724     
  0.999578438099652     
  0.999580208901348     
  0.999563010634847     
  0.999477511914895     
  0.999480527468056     
  0.999465284092695     
  0.999543648755755     
  0.999471951390229     
  0.998731017609920     
  0.991527017883847     
  0.996549397408798     
  0.998949935103498     
  0.999320998283438     
  0.999247490319824     
  0.998775034315306     
  0.995535257154861     
  0.883828374648147     
  0.750430796308272     
  0.960025450348158     
  0.989893585531220     
  0.984261600734946     
  0.996671125985367     
  0.998860446736846     
  0.999297188946865     
  0.999420882618288     
  0.999454137963963     
  0.999462396176054     
  0.999469832383729     
  0.999469601218732     
  0.999311189439055     
  0.999205388834003     
  0.999461852964488     
  0.999462652216297     
  0.999458331984951     
  0.999453921749643     
  0.999448273671146     
  0.999441833332420     
  0.999400597997713     
  0.999425859736003     
  0.999421713850481     
  0.999304361855245     
  0.999379228263582     
  0.999383503596371     
  0.999375752338853     
  0.999379415148860     
  0.999368107482752     
  0.999350875637359     
  0.999263473711640     
  0.998783263972214     
  0.993483479448741     
  0.997273715739907     
  0.999144620230142     
  0.999356776392840     
  0.996655384329304     
  0.969801353800666     
  0.992871508471297     
  0.991731735520027     
  0.992998987086710     
  0.999218050837293     
  0.998761600122844     
  0.999102238423409     
  0.999175548304495     
  0.999168439052345     
  0.999153177174421     
  0.999136982146051     
  0.999119940157411     
  0.999102579108431     
  0.999084898976275     
  0.999064310801597     
  0.998865770192240     
  0.999026311102988     
  0.998982424077187     
  0.998929790150711     
  0.998925174326552     
  0.998522748730416     
  0.998767061983679     
  0.997898237838669     
  0.988807991442034     
  0.997620889191199     
  0.998628252640006     
  0.998763228929524     
  0.998737359164477     
  0.998346861211457     
  0.998676486317581     
  0.998611053404509     
  0.998385117416447     
  0.996636394434115     
  0.997465578115344     
  0.998174420301755     
  0.997490714328508     
  0.995496973645113     
  0.995347477888044     
  0.992599068023723     
  0.997777205598112     
  0.998183056872725     
  0.998182287014357     
  0.998107101515166     
  0.997727556185523     
  0.997534898504291     
  0.997940955645754     
  0.997852188139110     
  0.997775674347282     
  0.997659693444790     
  0.997618868921903     
  0.997494951423580     
  0.997339506341794     
  0.988590752632176     
  0.997140106603204     
  0.997175467808359     
  0.997077332651632     
  0.996962047163475     
  0.996839318214344     
  0.996706469447069     
  0.996546420936952     
  0.996386484320758     
  0.996202351230825     
  0.995975670874581     
  0.995691370342249     
  0.995303757022498     
  0.994387314226567     
  0.890841535050799     
  0.775971310412847     
  0.983307444703814     
  0.993943369758591     
  0.993787458956467     
  0.992337278123671     
  0.953898029002790     
  0.822102731332215     
  0.967115278229186     
  0.967127515434417     
  0.900348808769518     
  0.983825715679953     
  0.990261935266242     
  0.989570610045097     
  0.988827012801935     
  0.987023440765367     
  0.937239763211332     
  0.889541615846349     
  0.975455192799661     
  0.810705104928571     
  0.849756026604647     
  0.851896734446340     
  0.976554822751254     
  0.975499474726588     
  0.972417423131741     
  0.966687585219054     
  0.957528968168363     
  0.961748505356460     
  0.951784632011897     
  0.951985817725015     
  0.941224884072674     
  0.924039328376583     
  0.835652609744924     
  0.863773160984823     
  0.901429622951582     
  0.884236021852584     
  0.862811752727720     
  0.848895937577779     
  0.855783955730320     
  0.872261681939502     
  0.885179311436037     
  0.892943761339491     
  0.890802284753612     
  0.878401333439302     
  0.854447877439594     
  0.808202908838732     
  0.730659684777597     
  0.584268677598993     
  0.475249437074792     
  0.463682844122507     
  0.517637573327060     
  0.605996644695939     
  0.714060383543163     
  0.793640872483283     
  0.837287483512407     
  0.864567621200954     
  0.887122808799149     
  0.904057042398539     
  0.916739583941605     
  0.929363635590004     
  0.941420839631983     
  0.950062742920066     
  0.955769264648320     
  0.961061808222507     
  0.965948337713984     
  0.969500056317310     
  0.972163248260881     
  0.974610775858454     
  0.976744677476689     
  0.978850967774187     
  0.980651130587549     
  0.982309336283260     
  0.983835202437523     
  0.985237748725045     
  0.986352422700471     
  0.987688541915757     
  0.988809466508729     
  0.989741432560709     
  0.990198969893808     
  0.990222396279174     
  0.991276203042524     
  0.992197117915984     
  0.993074784104235     
  0.993416194428982     
  0.993916570586535     
  0.994447864649137     
  0.994772763222385     
  0.995039650676813     
  0.994797715657691     
  0.995427240580178     
  0.995797194801040     
  0.995983839503768     
  0.996039908008638     
  0.996401489573515     
  0.996569124760365     
  0.996703592561509     
  0.996710847048821     
  0.988296590583120     
  0.979696194867994     
  0.996275898372439     
  0.996534563027356     
  0.997435064540792     
  0.997576384871483     
  0.997566198724729     
  0.980853008106841     
  0.997397293402515     
  0.997949865708842     
  0.997956105872267     
  0.996846247427126     
  0.997988356900700     
  0.998085482475261     
  0.997768279495236     
  0.997680725066065     
  0.997364501272461     
  0.993217341269159     
  0.877658218739274     
  0.827364726149245     
  0.938451173061346     
  0.995350723343986     
  0.997657593645320     
  0.998180615690659     
  0.998265356066310     
  0.998139529054430     
  0.996776600821117     
  0.986447490634286     
  0.746581309223959     
  0.731041066823131     
  0.707495400977928     
  0.899044714061349     
  0.994148764144963     
  0.998064631429882     
  0.995423225394157     
  0.998537414485901     
  0.998890814395045     
  0.998975621906952     
  0.999024565288340     
  0.999060462764776     
  0.999061052881876     
  0.998886242913855     
  0.998939381120943     
  0.998256031827314     
  0.999183295310329     
  0.999206265147079     
  0.999232130248848     
  0.996346502897197     
  0.999160965644466     
  0.999270717087401     
  0.999312070083228     
  0.999334077746223     
  0.999349058510066     
  0.999360735844732     
  0.999354832764139     
  0.999096493531734     
  0.999033623818106     
  0.999388611999013     
  0.999400810952617     
  0.999121310233851     
  0.999339445858020     
  0.999449847503023     
  0.999470694738882     
  0.999472835107712     
  0.999181377724284     
  0.998008018914161     
  0.999416932223380     
  0.999512144938378     
  0.999523245591988     
  0.999508186823184     
  0.999379726439507     
  0.999499598729334     
  0.998815052693198     
  0.998077209904253     
  0.999541696120615     
  0.999538969240897     
  0.999529288113387     
  0.999502987296261     
  0.999451264330097     
  0.999414678533193     
  0.994544377387375     
  0.957743065041675     
  0.990137457082663     
  0.998717188848740     
  0.969311565112208     
  0.945683021546331     
  0.994801137498185     
  0.999313302261109     
  0.999365474500643     
  0.999452752177598     
  0.999439093531228     
  0.999156580507671     
  0.994763112942795     
  0.900462271732511     
  0.940575683611826     
  0.977878608341889     
  0.998678461771284     
  0.999500878408432     
  0.998878511210100     
  0.999595005103358     
  0.999690246786862     
  0.999702020902161     
  0.999710645779002     
  0.999717966101694     
  0.999723769932752     
  0.999728907072904     
  0.999676035364408     
  0.999662619592966     
  0.999743179250447     
  0.999745273649413     
  0.999587948036101     
  0.999564622024477     
  0.999695640845732     
  0.999658415283466     
  0.999578087567700     
  0.999700728956058     
  0.999518674660620     
  0.998192364072543     
  0.999740927326426     
  0.999772468966619     
  0.999774684037908     
  0.999719324889160     
  0.999773957461792     
  0.999740424654124     
  0.999502358577279     
  0.998414686934565     
  0.998839556103748     
  0.999604411455924     
  0.999728077869832     
  0.999657203818445     
  0.998697702952024     
  0.997322736042437     
  0.999601020014844     
  0.999776458818629     
  0.999796631480229     
  0.999770773136656     
  0.999799020184695     
  0.999659847699599     
  0.999805594176064     
  0.999810924373987     
  0.999812561369845     
  0.999813919416203     
  0.999815366394325     
  0.999815780695275     
  0.999800910895146     
  0.999476675763542     
  0.999780424858865     
  0.999404299036545     
  0.990017341643595     
  0.999369458353575     
  0.999663034035289     
  0.999820777495459     
  0.999827670855934     
  0.999829866215095     
  0.999830678204566     
  0.999747963936213     
  0.999577516375724     
  0.999798145646780     
  0.999783403351715     
  0.999064913526716     
  0.999324601812067     
  0.998491630592559     
  0.998667708452678     
  0.999837705428636     
  0.999837879099952     
  0.999833083158250     
  0.999738258305837     
  0.999730504362891     
  0.999737264747476     
  0.985473902529573     
  0.991948408851512     
  0.975259166752836     
  0.947591002308907     
  0.999562110949798     
  0.999703473573594     
  0.999618667112726     
  0.998758380662975     
  0.996140137480973     
  0.999409411069677     
  0.999742926727660     
  0.999829646147726     
  0.999821190455464     
  0.999733683392385     
  0.998751573458063     
  0.950860520292502     
  0.931850072385906     
  0.997696853937793     
  0.999481438728096     
  0.999356817504409     
  0.999787585794717     
  0.999840177409048     
  0.999846275629240     
  0.999853524539649     
  0.999851941743726     
  0.999859106660396     
  0.999859057668475     
  0.999828689055576     
  0.999694761867242     
  0.999578486298809     
  0.999108516984286     
  0.999811745637091     
  0.999850680023482     
  0.999865916635240     
  0.999862011664742     
  0.999849260827712     
  0.999669201433215     
  0.999802982075780     
  0.999866563135178     
  0.999870959025916     
  0.999851857044155     
  0.999872183539355     
  0.999755119742855     
  0.999853471641204     
  0.999874125245327     
  0.999878169104942     
  0.999687523125714     
  0.999417399953419     
  0.999866441932703     
  0.999828591103244     
  0.999647505050255     
  0.998880812578145     
  0.998311545969238     
  0.999865901735857     
  0.999824007798261     
  0.999294807105721     
  0.995402313285573     
  0.995392404676262     
  0.999286478945415     
  0.999757395905478     
  0.999721960626344     
  0.999066997704547     
  0.999065843684259     
  0.999725233867882     
  0.999841431361005     
  0.999806835100644     
  0.999782430931805     
  0.999650193112165     
  0.987990179078356     
  0.971815117887512     
  0.998740424664143     
  0.999811739894331     
  0.999562843148819     
  0.984435239067808     
  0.996938460526838     
  0.999657879472383     
  0.999861802802166     
  0.999715473888321     
  0.996234913965240     
  0.998009460119183     
  0.999791400333427     
  0.999494904191913     
  0.999770633420287     
  0.999873063693447     
  0.999874268548263     
  0.999873436379956     
  0.999872037908438     
  0.999865961314900     
  0.999523587435393     
  0.999784632521613     
  0.999816493544316     
  0.999829211739930     
  0.999526289117987     
  0.996210819898182     
  0.977836212363117     
  0.940288294693804     
  0.957992903930000     
  0.991236606031370     
  0.994979773884651     
  0.973718814651243     
  0.982951955568974     
  0.998044508005659     
  0.999538940753133     
  0.998957751673371     
  0.998758360682396     
  0.999741477512400     
  0.999452049815671     
  0.997142320500947     
  0.881640262722547     
  0.880287849962203     
  0.997532398049120     
  0.999452273977205     
  0.999770910436092     
  0.999821948739465     
  0.999833626722162     
  0.999829663074464     
  0.999609402471086     
  0.999106094509798     
  0.999135669976344     
  0.999200365352199     
  0.999283957638942     
  0.993887375175695     
  0.872480907416126     
  0.901335461771148     
  0.995108349385867     
  0.985829425360141     
  0.939243644102511     
  0.928554666621385     
  0.982927720403689     
  0.995695954808492     
  0.985450751812743     
  0.985309576579023     
  0.996945333144892     
  0.988580043216877     
  0.959510873536575     
  0.978346234650101     
  0.997496608958967     
  0.999469032144458     
  0.999644639078715     
  0.999258654036815     
  0.994987718177572     
  0.975127213183853     
  0.944790418369935     
  0.975955881922621     
  0.997214859534018     
  0.999144513576401     
  0.994494369084853     
  0.990798689383951     
  0.998420480930416     
  0.999832790549952     
  0.994210687052043     
  0.992827621687596     
  0.987957911421075     
  0.971971718610992     
  0.991783805060038     
  0.998220696238976     
  0.999751101858636     
  0.999665014156128     
  0.999220393046848     
  0.999864759563946     
  0.999793707898197     
  0.999810241307153     
  0.999887590591816     
  0.999800844457369     
  0.999786521513359     
  0.999781667612515     
  0.999823262736594     
  0.999882806179712     
  0.999882542215669     
  0.999719733213485     
  0.999652753797344     
  0.999812843211916     
  0.999877150300917     
  0.999870342544737     
  0.999875190087518     
  0.999873162277199     
  0.999857088790403     
  0.999863634783557     
  0.999867882480767     
  0.999865664423540     
  0.999863569980761     
  0.999860740840798     
  0.999849933053801     
  0.999831153043712     
  0.999659982297657     
  0.994427217311066     
  0.997445649510087     
  0.999756668499657     
  0.986492480404533     
  0.971324132628076     
  0.999477909210905     
  0.999821444575477     
  0.999753650899923     
  0.998775583506237     
  0.992726061145186     
  0.969150263506780     
  0.978815391339373     
  0.996142967678083     
  0.999385180722573     
  0.999722615559602     
  0.999501112135990     
  0.999417605176334     
  0.999668287416441     
  0.999686298044994     
  0.968414335720163     
  0.991098146109894     
  0.978427978406707     
  0.984441945110784     
  0.999741619867176     
  0.999769618774062     
  0.999758632219607     
  0.999794984529114     
  0.999788081801764     
  0.999792693412405     
  0.999789577177622     
  0.999775017084550     
  0.999770692149880     
  0.999764032677025     
  0.999722121727824     
  0.999741568631455     
  0.999759227271333     
  0.999752729382325     
  0.998353188755113     
  0.999720345636879     
  0.999710036853200     
  0.999599485654483     
  0.999656889903141     
  0.999626687082461     
  0.997905013921354     
  0.994298024641252     
  0.969415495556830     
  0.998618246241571     
  0.999547142850503     
  0.999468352655868     
  0.998184111284466     
  0.996422412059392     
  0.997680082673069     
  0.995577958584618     
  0.923504984463871     
  0.970592374136666     
  0.737968695406468     
  0.978908488362446     
  0.998223131991732     
  0.999398282484060     
  0.999485040342656     
  0.999468768550759     
  0.999391263683121     
  0.999017895950718     
  0.995444066160225     
  0.904106784792903     
  0.904178529268829     
  0.995238775338131     
  0.996822488340438     
  0.991768649151458     
  0.997068037525992     
  0.999111648476667     
  0.999382775096552     
  0.999421894923623     
  0.999443465737775     
  0.999387906186203     
  0.999386346577354     
  0.999422537843723     
  0.999409402525522     
  0.999383171792415     
  0.999377090460291     
  0.999262899869388     
  0.999262137402788     
  0.999126482491040     
  0.998803990770546     
  0.999074662140846     
  0.999215722112996     
  0.999174531202578     
  0.998028940941870     
  0.999173529372659     
  0.999147567605178     
  0.998935344990173     
  0.999006039952862     
  0.999024353951586     
  0.998919191962434     
  0.997646821877797     
  0.983501094240931     
  0.991063326739803     
  0.967584618772786     
  0.974622146194004     
  0.996177615868547     
  0.993131329141236     
  0.985877440580241     
  0.995898530306780     
  0.993165271427954     
  0.994229234915151     
  0.996094940853499     
  0.998051254223059     
  0.998248708070556     
  0.998149834697339     
  0.998052560548082     
  0.997934398076874     
  0.997723466567525     
  0.997707398308441     
  0.997573039918359     
  0.997160341995551     
  0.997273587282536     
  0.997177690751487     
  0.994753926797597     
  0.990716881008132     
  0.996586414412766     
  0.996279774570833     
  0.995901240860147     
  0.995348082555331     
  0.995564613332583     
  0.995339066136165     
  0.995059284051081     
  0.994740877729411     
  0.994421002111432     
  0.994101430929410     
  0.993717127083706     
  0.993236029237864     
  0.992793636310654     
  0.992310772390537     
  0.991738315837478     
  0.991054215465683     
  0.990084634849213     
  0.983813023559449     
  0.979877023477766     
  0.985063543241747     
  0.986248361254838     
  0.985347786089121     
  0.983414230371507     
  0.982555791454997     
  0.981303906979225     
  0.979682225436816     
  0.978105885994192     
  0.976401784651374     
  0.974656117240510     
  0.973017858791457     
  0.971473120418831     
  0.969957944828779     
  0.968720724262117     
  0.968553672501726     
  0.969645217495040     
  0.971130493763521     
  0.972691802934246     
  0.974319179722559     
  0.976023620604229     
  0.977417701935463     
  0.978771203409137     
  0.980835536365943     
  0.982352666068897     
  0.983773623103413     
  0.985095108717718     
  0.986232656087839     
  0.987380194979221     
  0.988373253413110     
  0.989237852594745     
  0.990112776649089     
  0.990767059859379     
  0.991470623516575     
  0.992015725382874     
  0.992139424793838     
  0.992739374346734     
  0.993620243536059     
  0.993786912119654     
  0.992273252422458     
  0.984205150716361     
  0.989992993147206     
  0.988017862435007     
  0.995412812385964     
  0.995529073678457     
  0.996029655307846     
  0.996259503929089     
  0.996491583743605     
  0.996693587967111     
  0.996516841731714     
  0.996352278912998     
  0.990772759579519     
  0.979932666338522     
  0.993501287374251     
  0.997202087941002     
  0.997757611906487     
  0.997914361159541     
  0.997963366643287     
  0.997623323122522     
  0.995172200372237     
  0.995639348413148     
  0.997976694810989     
  0.998104405169801     
  0.998210723720725     
  0.998616650976299     
  0.998677566426500     
  0.998731928801054     
  0.998783007883660     
  0.998819732719032     
  0.998875426807957     
  0.998916838552562     
  0.998955061415843     
  0.998965800752899     
  0.998638579085724     
  0.998903650783304     
  0.999082586846598     
  0.998776270791369     
  0.998985103108909     
  0.999152811296149     
  0.997682618883363     
  0.998691351457362     
  0.999220082757364     
  0.999239924552326     
  0.999253337596438     
  0.999263355320061     
  0.999265058375422     
  0.999264986301901     
  0.999272954264084     
  0.999266424715463     
  0.999250052414290     
  0.999207804458205     
  0.999063653824712     
  0.999033198281802     
  0.998729488191556     
  0.998804108611518     
  0.998693950510386     
  0.998322475795278     
  0.997540908596255     
  0.994967668534595     
  0.943671291705755     
  0.719520487654942     
  0.429525276175939     
  0.911590637130310     
  0.988833777007307     
  0.996421517491375     
  0.988427177148772     
  0.995625218236718     
  0.995001219594575     
  0.998907211373563     
  0.999223026221710     
  0.999139653207619     
  0.997795157487187     
  0.994758279569738     
  0.997140840876553     
  0.999050505074496     
  0.999424745033041     
  0.999511960640365     
  0.999568151726770     
  0.999586966856266     
  0.999597962429441     
  0.999636770611958     
  0.999475037576287     
  0.998774852672696     
  0.997697209101740     
  0.999347296970318     
  0.999638864187935     
  0.999598318266678     
  0.999623744383981     
  0.999740741501962     
  0.999747512452638     
  0.999751803122273     
  0.999757835884453     
  0.999762156317936     
  0.999760834031184     
  0.999765335984655     
  0.999757300423901     
  0.999652674127681     
  0.995838717020944     
  0.998365698720856     
  0.999867166256340     
  0.995495963008714     
  0.986088703024804     
  0.999058551343009     
  0.999279106935327     
  0.999571839126719     
  0.999776501279934     
  0.999807142555584     
  0.999812233816269     
  0.999766867670038     
  0.999342408863256     
  0.990658280224024     
  0.998681597981272     
  0.999884026226589     
  0.999833283267697     
  0.999834962008418     
  0.999837233514874     
  0.999844053313244     
  0.999847542554669     
  0.999860887461844     
