  0.999609877297606     
  0.999607706642998     
  0.999597685256390     
  0.999599993205645     
  0.999589512478903     
  0.999525928779844     
  0.999517460850579     
  0.999505809324324     
  0.999566879325697     
  0.999421976730261     
  0.997938042094129     
  0.989110321797656     
  0.994670434423547     
  0.998563274351635     
  0.999353162910910     
  0.999316452607525     
  0.998706592676118     
  0.993730066740575     
  0.896920051768166     
  0.784001679142488     
  0.959911285876837     
  0.987446986117602     
  0.980867663910071     
  0.994503338727701     
  0.998410927588119     
  0.999296611936074     
  0.999453975677684     
  0.999486186549450     
  0.999494232516302     
  0.999499607725395     
  0.999497783534152     
  0.999364759888566     
  0.999278979701939     
  0.999489004619976     
  0.999490740348660     
  0.999486752926208     
  0.999482292281560     
  0.999476719065630     
  0.999470276180439     
  0.999438483016077     
  0.999455928650284     
  0.999451325200816     
  0.999369395659900     
  0.999411285680678     
  0.999419247876829     
  0.999410359083796     
  0.999410430968816     
  0.999399268840623     
  0.999380247877426     
  0.999258185909561     
  0.998611602550900     
  0.993866169345948     
  0.996977073010497     
  0.999057487321888     
  0.999502898641703     
  0.998268404130205     
  0.974015176475252     
  0.994797467444552     
  0.993082978311585     
  0.993924183755188     
  0.999361315343147     
  0.998918861681129     
  0.999167563016235     
  0.999220094939921     
  0.999211219452852     
  0.999196848677451     
  0.999181623747363     
  0.999165512266973     
  0.999149144365983     
  0.999132505395820     
  0.999113142998263     
  0.998966472921368     
  0.999077344883769     
  0.999040582998934     
  0.998998163672582     
  0.998943144419101     
  0.998487847235595     
  0.998785956395977     
  0.998137357341627     
  0.991414362919566     
  0.997928523815564     
  0.998732740809333     
  0.998830047851100     
  0.998805126145591     
  0.998527872438262     
  0.998744086960564     
  0.998657097416443     
  0.998289562569604     
  0.996354384170714     
  0.997526111639345     
  0.998080249605885     
  0.996719948961495     
  0.993857006596148     
  0.993370370571820     
  0.991158759074245     
  0.997348586661543     
  0.998216557597204     
  0.998269440941210     
  0.998175507949206     
  0.997756906169532     
  0.997701181742433     
  0.998036213242377     
  0.997973190934452     
  0.997904106926566     
  0.997798947031306     
  0.997712812749220     
  0.997557344115276     
  0.997424007693345     
  0.991878082232934     
  0.997315133543501     
  0.997322790454413     
  0.997234019730439     
  0.997126168067685     
  0.997010089437168     
  0.996884997779676     
  0.996737949192028     
  0.996586321025836     
  0.996413226828212     
  0.996203661587661     
  0.995945908828382     
  0.995664787282191     
  0.995613871025678     
  0.910030491743868     
  0.814889085847907     
  0.987004712015535     
  0.994545538394868     
  0.994092706088343     
  0.991890027070918     
  0.956461778540839     
  0.845304471140338     
  0.967341547585649     
  0.969143632861143     
  0.914397485641313     
  0.984025200865555     
  0.990523332127575     
  0.990088598656388     
  0.989286568100844     
  0.986922492591592     
  0.943970807133760     
  0.904462433762566     
  0.975582068943096     
  0.844270784080292     
  0.873268259765686     
  0.875700526327376     
  0.978619542148845     
  0.976513481146199     
  0.972772751986572     
  0.965127174464123     
  0.955557749518148     
  0.962265945431720     
  0.954070301415002     
  0.953908639634159     
  0.943609938461442     
  0.929019867258505     
  0.854775511335046     
  0.876436023672301     
  0.904444507154907     
  0.886326746705313     
  0.865057850835128     
  0.851758109996095     
  0.858637601705755     
  0.874847715994114     
  0.887795647879005     
  0.895536744036893     
  0.893740528487090     
  0.881453871289533     
  0.856444842524515     
  0.807116240198846     
  0.723785872868242     
  0.579007393712626     
  0.477932045670362     
  0.467223685669153     
  0.516787916955041     
  0.602972583309324     
  0.709572560950498     
  0.791035789509283     
  0.836942609615323     
  0.865292162299329     
  0.887986030364195     
  0.905187900531551     
  0.918406922660504     
  0.931392543045842     
  0.943575491833296     
  0.952181672164075     
  0.957802957306514     
  0.962977607719965     
  0.967737573535729     
  0.971140475592080     
  0.973652072092058     
  0.975959734914751     
  0.977992124048707     
  0.979966574867103     
  0.981678612933307     
  0.983253213856077     
  0.984699804577224     
  0.986037877806861     
  0.987146985789112     
  0.988383636227101     
  0.989442121354028     
  0.990340744900599     
  0.990911726422431     
  0.990930434985878     
  0.991879446593588     
  0.992721461605593     
  0.993507776922583     
  0.993849651993469     
  0.994304095137792     
  0.994764176524104     
  0.995049607486734     
  0.995283782895370     
  0.995124854737195     
  0.995660520127012     
  0.996008037755403     
  0.996213518551556     
  0.996304635591332     
  0.996613271316089     
  0.996773095191259     
  0.996899332021112     
  0.996896140024505     
  0.990500698473585     
  0.984115480240092     
  0.996444583764477     
  0.996656713779124     
  0.997533123020188     
  0.997709214175480     
  0.997670233204129     
  0.984663049172847     
  0.997540550502504     
  0.998062785460978     
  0.998121944007159     
  0.997130961014543     
  0.998149062430552     
  0.998203894678068     
  0.997952738645386     
  0.997820738636849     
  0.997178144174972     
  0.990560624089959     
  0.893714573511558     
  0.851639232418939     
  0.942200265154607     
  0.993693556734167     
  0.997694862216317     
  0.998298854681122     
  0.998379672689101     
  0.998229971407818     
  0.995901841434894     
  0.978974485334254     
  0.771285843512308     
  0.755381654318684     
  0.739124081099801     
  0.902400826069902     
  0.990734690938136     
  0.997850445405426     
  0.996295238841241     
  0.998597110213575     
  0.998941454066388     
  0.999032757797557     
  0.999079400293996     
  0.999109727806488     
  0.999098174518717     
  0.998929261240737     
  0.999008802947942     
  0.998493335851755     
  0.999229139433753     
  0.999253296911942     
  0.999275053305928     
  0.997451847665108     
  0.999240295540091     
  0.999318227519415     
  0.999349077566858     
  0.999367449116890     
  0.999381182972835     
  0.999389183047988     
  0.999366144328472     
  0.999102251684984     
  0.999112075086678     
  0.999411320503592     
  0.999404058003241     
  0.999079139397308     
  0.999310565001716     
  0.999463362596331     
  0.999494603595964     
  0.999490408639255     
  0.999234546103742     
  0.998298226991019     
  0.999437190436000     
  0.999533665372120     
  0.999546714373648     
  0.999536382955263     
  0.999436961482830     
  0.999531278799455     
  0.999101979227418     
  0.998636009618338     
  0.999568511910397     
  0.999568280543510     
  0.999561731015522     
  0.999542562486110     
  0.999518157727668     
  0.999744639808707     
  0.996910122858935     
  0.968348450443737     
  0.993644762752847     
   1.00023535193318     
  0.978874444358047     
  0.960514494809372     
  0.998003440586563     
  0.999782117636613     
  0.999451902426499     
  0.999506842626065     
  0.999484386422502     
  0.999047455237844     
  0.993983332146232     
  0.914289695544434     
  0.947461206935497     
  0.980733640723766     
  0.998546070695048     
  0.999473663843057     
  0.999113655909685     
  0.999629439067982     
  0.999705445732073     
  0.999715851416386     
  0.999723123275731     
  0.999729356449809     
  0.999734231081812     
  0.999737188954517     
  0.999696820547491     
  0.999689540911146     
  0.999750517616120     
  0.999751064310515     
  0.999634699208707     
  0.999518164212883     
  0.999662474994900     
  0.999680511023585     
  0.999606938198693     
  0.999650680438351     
  0.999524047654004     
  0.998685247369224     
  0.999748882473556     
  0.999776595813558     
  0.999778710549104     
  0.999738094742210     
  0.999773945416177     
  0.999706232979465     
  0.999275974633205     
  0.997857585509877     
  0.998376064199096     
  0.999473520696206     
  0.999716341705872     
  0.999606187660136     
  0.998606625257404     
  0.997453715283579     
  0.999501572776336     
  0.999765988480793     
  0.999798424347146     
  0.999778994733289     
  0.999802617911996     
  0.999699461699984     
  0.999807909324400     
  0.999812361923781     
  0.999813952151183     
  0.999815364270885     
  0.999816663224235     
  0.999817256935586     
  0.999808170760841     
  0.999599640189820     
  0.999840738938256     
  0.999724943184150     
  0.991422628221341     
  0.999697368569670     
  0.999762610850748     
  0.999823910157683     
  0.999827556916141     
  0.999829551780777     
  0.999830179335499     
  0.999769013020086     
  0.999650009850848     
  0.999775528706181     
  0.999749503793399     
  0.999165233520671     
  0.999381532657521     
  0.998953032660730     
  0.999083140500172     
  0.999836249903150     
  0.999836165791926     
  0.999828624952574     
  0.999744448477042     
  0.999793558608115     
   1.00012115765079     
  0.987706726554773     
  0.993651798101134     
  0.979156930597604     
  0.959114101836872     
  0.999378375623601     
  0.999679572765449     
  0.999549522666243     
  0.998368638493727     
  0.995478876055820     
  0.999098095714110     
  0.999701369847329     
  0.999824927972683     
  0.999818684098086     
  0.999676351921532     
  0.998213874548332     
  0.957457827130922     
  0.941768616662906     
  0.997076626200899     
  0.999388007758253     
  0.999353780611801     
  0.999759541549311     
  0.999828957815195     
  0.999839351326949     
  0.999846694303254     
  0.999849041201342     
  0.999853422008254     
  0.999850785789275     
  0.999786158904849     
  0.999531618911730     
  0.999386419122479     
  0.999130951817005     
  0.999820398095317     
  0.999854246258434     
  0.999860438679158     
  0.999854751932910     
  0.999828892250364     
  0.999642518634597     
  0.999790876764042     
  0.999855655544273     
  0.999863305076162     
  0.999851940893378     
  0.999864982927878     
  0.999787470763308     
  0.999852354648420     
  0.999866717125760     
  0.999875938743666     
  0.999720610706253     
  0.999476919253727     
  0.999865692643874     
  0.999799235039005     
  0.999639543378041     
  0.999117112208413     
  0.998722339025059     
  0.999850151653758     
  0.999765933620595     
  0.998692465221106     
  0.993234832933351     
  0.993225785122405     
  0.998689449938991     
  0.999694192334605     
  0.999585086654013     
  0.998696381431539     
  0.998696693802573     
  0.999592123041238     
  0.999815713988048     
  0.999812478465867     
  0.999794986893966     
  0.999679109010327     
  0.990901933174402     
  0.978954281339348     
  0.998965403527536     
  0.999845320182996     
  0.999798786795009     
  0.986223768269741     
  0.997546707777886     
  0.999784298282228     
  0.999850408299835     
  0.999711563038085     
  0.997058964518504     
  0.998363664510747     
  0.999783015222460     
  0.999609787300741     
  0.999792533689356     
  0.999858003039869     
  0.999857985663630     
  0.999856374404077     
  0.999853604678107     
  0.999844995243023     
  0.999583252374345     
  0.999776389945880     
  0.999799346626971     
  0.999787448540078     
  0.999188686223700     
  0.992496376806247     
  0.962897454709677     
  0.916563440376203     
  0.937482587807042     
  0.982968771949240     
  0.992004966382456     
  0.971341150917300     
  0.980348981161935     
  0.996723572853413     
  0.999338370391166     
  0.998989264713899     
  0.998809913876698     
  0.999703558749428     
  0.999240562998255     
  0.995308431563587     
  0.900807735481521     
  0.899782843311312     
  0.995617700912009     
  0.999223794608300     
  0.999732586702579     
  0.999798438601467     
  0.999811143361089     
  0.999803047863153     
  0.999601633000190     
  0.999111427025317     
  0.998891908103626     
  0.998926036355250     
  0.998915147991766     
  0.992213984388275     
  0.888109757686929     
  0.912387712838376     
  0.991848736926550     
  0.973138567026869     
  0.913023598291972     
  0.901879651360382     
  0.968138143200553     
  0.992173086398027     
  0.982791827014656     
  0.982674215274857     
  0.994984202609665     
  0.984245056133897     
  0.952873139334639     
  0.972916556675854     
  0.995721332038554     
  0.999201511277785     
  0.999538202062855     
  0.998813930481728     
  0.992396168084586     
  0.968224450138140     
  0.935488905417704     
  0.968707887974788     
  0.994936978800013     
  0.998458415492327     
  0.993691642603758     
  0.990132887445084     
  0.997751522456843     
  0.999800086286955     
  0.994955121300540     
  0.991822039427027     
  0.980600850381316     
  0.961292621377939     
  0.985679503056366     
  0.997062110190921     
  0.999624488082088     
  0.999651351433725     
  0.999319798329156     
  0.999817036688914     
  0.999777354109291     
  0.999788865499830     
  0.999838110143696     
  0.999756053867105     
  0.999692711635697     
  0.999688627139883     
  0.999770327942136     
  0.999831456210267     
  0.999832922483948     
  0.999731978341189     
  0.999653787383845     
  0.999773115602063     
  0.999824600702952     
  0.999818315459867     
  0.999822061443506     
  0.999819476100006     
  0.999806259765780     
  0.999810003556961     
  0.999812114984053     
  0.999809038503323     
  0.999806057232796     
  0.999802156750750     
  0.999787175158183     
  0.999756056171453     
  0.999677025052435     
  0.995168204532095     
  0.997881911142237     
  0.999891995634226     
  0.988026554828740     
  0.973927376932441     
  0.999615648652486     
  0.999766286971085     
  0.999621081782476     
  0.997683516511261     
  0.986609416157825     
  0.956696084953205     
  0.968084624860704     
  0.992438276252759     
  0.998865700668421     
  0.999555813671401     
  0.999231687696692     
  0.999127629686822     
  0.999489788979772     
  0.999616481422834     
  0.978567329125223     
  0.993817853940061     
  0.985296979340328     
  0.989341214561703     
  0.999670813307734     
  0.999689670708902     
  0.999679138539749     
  0.999702802242783     
  0.999695430156755     
  0.999695539386627     
  0.999689757328843     
  0.999673701370959     
  0.999656477986400     
  0.999648814687454     
  0.999615595227835     
  0.999633344284110     
  0.999643755302825     
  0.999633031808406     
  0.998617975955502     
  0.999593766486936     
  0.999560232382333     
  0.999420392098734     
  0.999487245301801     
  0.999421138007226     
  0.997653986269162     
  0.992721823961090     
  0.973047553176588     
  0.997880205418520     
  0.999290209629468     
  0.999140635536500     
  0.997350304595293     
  0.995267583218877     
  0.997153636748590     
  0.995156112302896     
  0.938298470489559     
  0.967841907070336     
  0.779110268638682     
  0.975537767426960     
  0.996961969315574     
  0.999177326255155     
  0.999310815369633     
  0.999294186923942     
  0.999218035596454     
  0.998746992191687     
  0.994708376780910     
  0.922366447051195     
  0.922403206385696     
  0.994162029529841     
  0.994970178962601     
  0.988810637803021     
  0.995179538938130     
  0.998513395600198     
  0.999107805229386     
  0.999153079137612     
  0.999155268164920     
  0.999107470616258     
  0.999093640260625     
  0.999101521928114     
  0.999077364505339     
  0.999041878759684     
  0.999021660557922     
  0.998926489854093     
  0.998864875055159     
  0.998581534218493     
  0.998165010702975     
  0.998502038261960     
  0.998743838173843     
  0.998722769605662     
  0.997859346569748     
  0.998684352023532     
  0.998646919254527     
  0.998436289434609     
  0.998476057792535     
  0.998462717924907     
  0.998282140897111     
  0.996872349871561     
  0.984374009640121     
  0.984765721944001     
  0.957322634462438     
  0.967953410202083     
  0.993144621654965     
  0.990130907843784     
  0.982022410911062     
  0.993661486123058     
  0.992641060558449     
  0.993958787668173     
  0.995537984923530     
  0.997126975700956     
  0.997187094380257     
  0.997018155427853     
  0.996858819842020     
  0.996678175858709     
  0.996424456118540     
  0.996300652483428     
  0.996083837234868     
  0.995670720761141     
  0.995606276744039     
  0.995493455458123     
  0.993446295876231     
  0.989746505805517     
  0.994623231038549     
  0.994017217258129     
  0.993519030449510     
  0.992930373198664     
  0.992876638535527     
  0.992492877969466     
  0.992038772583398     
  0.991519972054320     
  0.991008601789743     
  0.990506815353143     
  0.989901990554895     
  0.989157380964932     
  0.988440354277789     
  0.987667421548934     
  0.986768248303377     
  0.985687992203447     
  0.984209845677414     
  0.978124084333143     
  0.973205403454211     
  0.976927303735518     
  0.978094518442217     
  0.976770598674027     
  0.974350116362813     
  0.972547967478507     
  0.970510297082495     
  0.967996707092559     
  0.965524214898457     
  0.962839432472343     
  0.960058438816534     
  0.957393906055405     
  0.954848071091909     
  0.952438527547198     
  0.950601972113497     
  0.950371379014469     
  0.951955261733299     
  0.954283929881701     
  0.956850889295376     
  0.959508522711757     
  0.962235375906700     
  0.964619383340061     
  0.966923501173464     
  0.969796603101023     
  0.972131161831936     
  0.974331209960583     
  0.976379685114512     
  0.978149371240580     
  0.979930599343004     
  0.981479986724058     
  0.982835156721981     
  0.984213425341347     
  0.985336275424354     
  0.986480841346709     
  0.987398667971477     
  0.987890586233745     
  0.988786542953137     
  0.989792630405750     
  0.989952947690099     
  0.987391815106337     
  0.977790622141680     
  0.984673366423526     
  0.986626586278268     
  0.992693367970225     
  0.993030056344954     
  0.993608976437274     
  0.993976876825522     
  0.994350040034634     
  0.994677028605055     
  0.994643919204910     
  0.993973831320237     
  0.986543413530027     
  0.974372337330273     
  0.989958000020603     
  0.995387442300034     
  0.996389342013117     
  0.996651625398103     
  0.996712991974916     
  0.996012952464263     
  0.992785313500618     
  0.993372681123880     
  0.996596723506858     
  0.997228023549395     
  0.997435043167765     
  0.997785897000557     
  0.997882602277006     
  0.997972160391802     
  0.998056439913284     
  0.998127570078462     
  0.998209511838608     
  0.998278588488998     
  0.998342418379927     
  0.998382531156383     
  0.998178627708986     
  0.998421666986041     
  0.998564318753821     
  0.998407039317976     
  0.998564701265937     
  0.998689161598281     
  0.997615122173862     
  0.998390546455853     
  0.998809685052887     
  0.998848889188021     
  0.998878706068640     
  0.998904875141206     
  0.998924675218573     
  0.998941990946055     
  0.998962783915323     
  0.998973055547061     
  0.998972094556674     
  0.998933785408620     
  0.998783769982572     
  0.998796000871991     
  0.998588398287852     
  0.998697459195053     
  0.998636380111405     
  0.998360981829768     
  0.997749528564750     
  0.994885938283075     
  0.947166733778560     
  0.735149548576072     
  0.488577406017420     
  0.900731504452288     
  0.985525937985731     
  0.996942997069286     
  0.989896362154464     
  0.996178034426505     
  0.995502704453330     
  0.998959197179856     
  0.999155326707754     
  0.998942820253051     
  0.997436921854729     
  0.994755062175204     
  0.996813171369841     
  0.998561549740314     
  0.999167038858003     
  0.999351745059601     
  0.999430054041772     
  0.999474012523273     
  0.999490793621100     
  0.999491976389701     
  0.999162709743889     
  0.998067244458257     
  0.997129370475053     
  0.998922067007339     
  0.999480277119107     
  0.999517172550589     
  0.999556753738517     
  0.999634683497541     
  0.999643945025275     
  0.999651064767200     
  0.999658892511441     
  0.999665542695451     
  0.999668168265407     
  0.999673723586782     
  0.999669964338813     
  0.999586778411962     
  0.996467573718504     
  0.998524230276795     
   1.00003985585532     
  0.997259787399698     
  0.989979662024325     
  0.999301605074799     
  0.998903220196082     
  0.999343976204116     
  0.999674261649777     
  0.999733135628437     
  0.999746462182914     
  0.999803884095199     
  0.999787807311513     
  0.993271639727141     
  0.999332891434721     
  0.999916384199030     
  0.999777130324346     
  0.999771090208219     
  0.999773287354917     
  0.999782005377920     
  0.999788306403180     
  0.999821120044350     
