  0.999597781006491     
  0.999596340395074     
  0.999587835892717     
  0.999589868963503     
  0.999575950658630     
  0.999501152351238     
  0.999498560873637     
  0.999485071277743     
  0.999554991502045     
  0.999447550366674     
  0.998343833238797     
  0.990347023546153     
  0.995631961035420     
  0.998761141330014     
  0.999336703211393     
  0.999281162321028     
  0.998741616541374     
  0.994653843085255     
  0.890220600215465     
  0.766822323582157     
  0.959969707712742     
  0.988698994575576     
  0.982604457862957     
  0.995612670229369     
  0.998640962113999     
  0.999296907212598     
  0.999437040800595     
  0.999469786160490     
  0.999477940735004     
  0.999484370624634     
  0.999483361636505     
  0.999337345966080     
  0.999241320599323     
  0.999475110133245     
  0.999476366627718     
  0.999472208889729     
  0.999467774036295     
  0.999462162505333     
  0.999455720918153     
  0.999419095837546     
  0.999440541258657     
  0.999436171956504     
  0.999336115398681     
  0.999394880680262     
  0.999400956161698     
  0.999392649482871     
  0.999394558976599     
  0.999383322365452     
  0.999365216957953     
  0.999260891884815     
  0.998699448447249     
  0.993670331820180     
  0.997128876852965     
  0.999102076700162     
  0.999428122043317     
  0.997442957106457     
  0.971858793401815     
  0.993811876192815     
  0.992391492387365     
  0.993450722816479     
  0.999288001016226     
  0.998838384460053     
  0.999134133717955     
  0.999197298574563     
  0.999189326935642     
  0.999174500138017     
  0.999158778759922     
  0.999142191091065     
  0.999125314945843     
  0.999108143160272     
  0.999088153471460     
  0.998914939003032     
  0.999051228693642     
  0.999010820555897     
  0.998963173963263     
  0.998933948336783     
  0.998505707863291     
  0.998776287292070     
  0.998014989304619     
  0.990080566768394     
  0.997771093447439     
  0.998679269530809     
  0.998795853602799     
  0.998770446720588     
  0.998435240786159     
  0.998709492634491     
  0.998633534591622     
  0.998338462367716     
  0.996498701806823     
  0.997495133837720     
  0.998128441118626     
  0.997114385476751     
  0.994696254344433     
  0.994382149081741     
  0.991895832940909     
  0.997567931215650     
  0.998199413688405     
  0.998224840130137     
  0.998140501110263     
  0.997741886375958     
  0.997616086611540     
  0.997987465332030     
  0.997911267941845     
  0.997838381730856     
  0.997727684175381     
  0.997664737091553     
  0.997525414708054     
  0.997380764184014     
  0.990195792981871     
  0.997225563564380     
  0.997247398112348     
  0.997153835113277     
  0.997042179160769     
  0.996922697197695     
  0.996793635804211     
  0.996639934464440     
  0.996484054406792     
  0.996305311007818     
  0.996086987046776     
  0.995815648384566     
  0.995480029451798     
  0.994986178340579     
  0.900210504604574     
  0.794972829070513     
  0.985112626708260     
  0.994237377060133     
  0.993936495035611     
  0.992118909097179     
  0.955149771800851     
  0.833430905053795     
  0.967225753461267     
  0.968111877466911     
  0.907208021879657     
  0.983923113527782     
  0.990389561197427     
  0.989823515739729     
  0.989051388603135     
  0.986974153292579     
  0.940526162640631     
  0.896826629914623     
  0.975517139413106     
  0.827093366522054     
  0.861235743285244     
  0.863518798808437     
  0.977562909744659     
  0.975994557164031     
  0.972590910210562     
  0.965925724749600     
  0.956566533720956     
  0.962001141954781     
  0.952900594162093     
  0.952924621785387     
  0.942389369429122     
  0.926471039193222     
  0.844989219968649     
  0.869955704516127     
  0.902901616030343     
  0.885256801159321     
  0.863908391359928     
  0.850293368840887     
  0.857177223526124     
  0.873524290087174     
  0.886456713991609     
  0.894209761179874     
  0.892236854582334     
  0.879891705750637     
  0.855422876121189     
  0.807672353688976     
  0.727303615753967     
  0.581699909988623     
  0.476559192590821     
  0.465411622273458     
  0.517222737802540     
  0.604520179982747     
  0.711869254318540     
  0.792368970300182     
  0.837119102806531     
  0.864921369900334     
  0.887544266456240     
  0.904609170223514     
  0.917553641635899     
  0.930354224425617     
  0.942472821389889     
  0.951097283014941     
  0.956762188706124     
  0.961997172131371     
  0.966821908253351     
  0.970300968868824     
  0.972890146119972     
  0.975269386415976     
  0.977353725750208     
  0.979395647076812     
  0.981152784055550     
  0.982770170759238     
  0.984257331687193     
  0.985628399815207     
  0.986740356139051     
  0.988027911103560     
  0.989118350469973     
  0.990034037453838     
  0.990546962016493     
  0.990568084880007     
  0.991570726986804     
  0.992453120182896     
  0.993286185719378     
  0.993627822871698     
  0.994105772930873     
  0.994602298545541     
  0.994907927679317     
  0.995158843996803     
  0.994957435582058     
  0.995541135192801     
  0.995900135107636     
  0.996095976155459     
  0.996169156427876     
  0.996504888113011     
  0.996668709534126     
  0.996799158681437     
  0.996801312835779     
  0.989372704134193     
  0.981853825696952     
  0.996358255732431     
  0.996594200735829     
  0.997482939652567     
  0.997641236126632     
  0.997616991463333     
  0.982713183222851     
  0.997467235744709     
  0.998004996442982     
  0.998037072883328     
  0.996985252848593     
  0.998066817969416     
  0.998143294703946     
  0.997858337702651     
  0.997749083651862     
  0.997273516498896     
  0.991920257728147     
  0.885497376854069     
  0.839216210228356     
  0.940281582765587     
  0.994541649391513     
  0.997675789172092     
  0.998238343150724     
  0.998321168500921     
  0.998183685416187     
  0.996349520180571     
  0.982798973324133     
  0.758642706950686     
  0.742924772113239     
  0.722937336613507     
  0.900683253746258     
  0.992481926907967     
  0.997960060410454     
  0.995848964204293     
  0.998566559425371     
  0.998915537933855     
  0.999003517050754     
  0.999051337074293     
  0.999084515150220     
  0.999079176556905     
  0.998907245487286     
  0.998973274500888     
  0.998371889230125     
  0.999205677480906     
  0.999229227143650     
  0.999253086271610     
  0.996886157419137     
  0.999199696294643     
  0.999293912747207     
  0.999330137961390     
  0.999350370387261     
  0.999364742377503     
  0.999374624388430     
  0.999360355314031     
  0.999099304785405     
  0.999071925393522     
  0.999399698769247     
  0.999402396230558     
  0.999100721557911     
  0.999325345630843     
  0.999456445846740     
  0.999482367525460     
  0.999481414857391     
  0.999207335581444     
  0.998149704200819     
  0.999426822677341     
  0.999522651629490     
  0.999534703500013     
  0.999521952709116     
  0.999407669662069     
  0.999515065528658     
  0.998955135512388     
  0.998350026119088     
  0.999554788073614     
  0.999553279543161     
  0.999545127312806     
  0.999522308597849     
  0.999483922847822     
  0.999575771296209     
  0.995699374545123     
  0.962920792599209     
  0.991849782083327     
  0.999458381061755     
  0.973980318495123     
  0.952923985674259     
  0.996364552868182     
  0.999542185310130     
  0.999407669959595     
  0.999479159966950     
  0.999461206209647     
  0.999103303910675     
  0.994382412375997     
  0.907213022929501     
  0.943937295899327     
  0.979272476022634     
  0.998613826576156     
  0.999487591877745     
  0.998993312092957     
  0.999611816233257     
  0.999697667115933     
  0.999708773142394     
  0.999716737455954     
  0.999723527016463     
  0.999728877198703     
  0.999732950391310     
  0.999686182947623     
  0.999675762908392     
  0.999746761928641     
  0.999748100718635     
  0.999610772503281     
  0.999541940787921     
  0.999679448902761     
  0.999669202669484     
  0.999592172761463     
  0.999676294730900     
  0.999521297812941     
  0.998432994831178     
  0.999744811110697     
  0.999774483734814     
  0.999776649820476     
  0.999728488513658     
  0.999773951581007     
  0.999723731958644     
  0.999391835857630     
  0.998142705003212     
  0.998613275264126     
  0.999540509454405     
  0.999722348175084     
  0.999632297306334     
  0.998653238081272     
  0.997386681149910     
  0.999552469099678     
  0.999771347120125     
  0.999797506771163     
  0.999774786979696     
  0.999800776620592     
  0.999679187527554     
  0.999806724447021     
  0.999811626195189     
  0.999813240358132     
  0.999814624803183     
  0.999815999514465     
  0.999816501404389     
  0.999804455202573     
  0.999536707669003     
  0.999809870511549     
  0.999560839149278     
  0.990703409489988     
  0.999529545683328     
  0.999711647893764     
  0.999822306874992     
  0.999827615230040     
  0.999829712706981     
  0.999830434654742     
  0.999758240177338     
  0.999612907947697     
  0.999787103980030     
  0.999766853478639     
  0.999113890052726     
  0.999352395614128     
  0.998716888325189     
  0.998870523424150     
  0.999836994837685     
  0.999837042659263     
  0.999830906653374     
  0.999741280358625     
  0.999761287548479     
  0.999924681822805     
  0.986563970081130     
  0.992780005366964     
  0.977162058692632     
  0.953216588258037     
  0.999472411255400     
  0.999691805189089     
  0.999584910777103     
  0.998568108508215     
  0.995817309717258     
  0.999257426998069     
  0.999722638677327     
  0.999827342737613     
  0.999819966853795     
  0.999705694224303     
  0.998489069470341     
  0.954081316712960     
  0.936692290751315     
  0.997394059800849     
  0.999435825902470     
  0.999355334899571     
  0.999773894655873     
  0.999834700029935     
  0.999842895202455     
  0.999850190036753     
  0.999850525707291     
  0.999856331430566     
  0.999855019363747     
  0.999807925980774     
  0.999615116060428     
  0.999484719824495     
  0.999119469581425     
  0.999815969731785     
  0.999852421044186     
  0.999863242321371     
  0.999858467497112     
  0.999839316985615     
  0.999656175023051     
  0.999797072324650     
  0.999861238107112     
  0.999867222409541     
  0.999851897978872     
  0.999868668242742     
  0.999770913317179     
  0.999852926332217     
  0.999870508648306     
  0.999877080257082     
  0.999703676261361     
  0.999446456867706     
  0.999866076135159     
  0.999814259684084     
  0.999643618220585     
  0.998996172273926     
  0.998512091966594     
  0.999858212670171     
  0.999795656453606     
  0.999000748766911     
  0.994344167640965     
  0.994334679649857     
  0.998995014627078     
  0.999726540488445     
  0.999655140003802     
  0.998886066293027     
  0.998885628217516     
  0.999660250450255     
  0.999828876392970     
  0.999809590134934     
  0.999788560624297     
  0.999664309553119     
  0.989411666647984     
  0.975300380741125     
  0.998850256886580     
  0.999828133418264     
  0.999678028174196     
  0.985308378522191     
  0.997235399756470     
  0.999719595642315     
  0.999856240142663     
  0.999713564658778     
  0.996637205284576     
  0.998182378274378     
  0.999787306828565     
  0.999550988649296     
  0.999781324846382     
  0.999865711281200     
  0.999866319461800     
  0.999865106954551     
  0.999863039058416     
  0.999855725970068     
  0.999552715018712     
  0.999780608613603     
  0.999808122666638     
  0.999808823555591     
  0.999361476374125     
  0.994397484325948     
  0.970543336896995     
  0.928706183941848     
  0.947980085141580     
  0.987200378896678     
  0.993527519968939     
  0.972558077283034     
  0.981681225561397     
  0.997399649048737     
  0.999441025613384     
  0.998973135814147     
  0.998783528084638     
  0.999722966216590     
  0.999348805581433     
  0.996247047716470     
  0.890997487306607     
  0.889804960995855     
  0.996597677094295     
  0.999340734468308     
  0.999752201486956     
  0.999810471522109     
  0.999822650762343     
  0.999816670026628     
  0.999605609562197     
  0.999108697742159     
  0.999016670121268     
  0.999066443263076     
  0.999103911995267     
  0.993070458870782     
  0.880110600455218     
  0.906730948418688     
  0.993517072719614     
  0.979634008030490     
  0.926443558882356     
  0.915532479374273     
  0.975707759254545     
  0.993976165020510     
  0.984152721477464     
  0.984023049901209     
  0.995987951761982     
  0.986463797319418     
  0.956270478004173     
  0.975695586493340     
  0.996629958519538     
  0.999338434494711     
  0.999592678948250     
  0.999041550189652     
  0.993722583271015     
  0.971757444779006     
  0.940249637705229     
  0.972417582370729     
  0.996102852323483     
  0.998809576923651     
  0.994102497378367     
  0.990473661043823     
  0.998093911761161     
  0.999816825133839     
  0.994574101396831     
  0.992336721527175     
  0.984366379139039     
  0.966758453611465     
  0.988803840372426     
  0.997655104254994     
  0.999689292283287     
  0.999658344370316     
  0.999268920103549     
  0.999841462513912     
  0.999785724412268     
  0.999799806208783     
  0.999863435566867     
  0.999778978902828     
  0.999740726085153     
  0.999736247803282     
  0.999797421429848     
  0.999857738549928     
  0.999858319248717     
  0.999725710940710     
  0.999653258365043     
  0.999793449323683     
  0.999851497092403     
  0.999844944421385     
  0.999849254224185     
  0.999846954251875     
  0.999832275552634     
  0.999837453602582     
  0.999840658445745     
  0.999838021341753     
  0.999835493986429     
  0.999832141859924     
  0.999819296558477     
  0.999794493048769     
  0.999668302045857     
  0.994788944331454     
  0.997658618858008     
  0.999822730971234     
  0.987241367265872     
  0.972594954140245     
  0.999545149225214     
  0.999794518396818     
  0.999688934919433     
  0.998242471705331     
  0.989740113873832     
  0.963070540475589     
  0.973576983613344     
  0.994334459646849     
  0.999131587801559     
  0.999641188442480     
  0.999369588159312     
  0.999276048908017     
  0.999581150520839     
  0.999652215945027     
  0.973370679973100     
  0.992425814014696     
  0.981781187427739     
  0.986833598396284     
  0.999707054575095     
  0.999730590931975     
  0.999719826206604     
  0.999749984402017     
  0.999742852566908     
  0.999745266292872     
  0.999740848716509     
  0.999725558414124     
  0.999714936942680     
  0.999707787458688     
  0.999670119396098     
  0.999688737491694     
  0.999702858129893     
  0.999694297476260     
  0.998482447977768     
  0.999658554444804     
  0.999636907956467     
  0.999512058960951     
  0.999574075861065     
  0.999526345877838     
  0.997782471857365     
  0.993528584245767     
  0.971188525402228     
  0.998257963427504     
  0.999421718093603     
  0.999308374023578     
  0.997777079737975     
  0.995858670359727     
  0.997423092716838     
  0.995372030087120     
  0.930726570586942     
  0.969249706973871     
  0.758052346327178     
  0.977263039427082     
  0.997607483866112     
  0.999290420714077     
  0.999399990886561     
  0.999383545022156     
  0.999306700927800     
  0.998885652038375     
  0.995084933431471     
  0.913020383548073     
  0.913075046503955     
  0.994713153726568     
  0.995918269834512     
  0.990324674582886     
  0.996146153656007     
  0.998819607231724     
  0.999248546718027     
  0.999290670747915     
  0.999302780266937     
  0.999251009835092     
  0.999243460236486     
  0.999265832058320     
  0.999247316293187     
  0.999216567732543     
  0.999203585471667     
  0.999098679597538     
  0.999068211822023     
  0.998860463389633     
  0.998492069710239     
  0.998795133257527     
  0.998985369958437     
  0.998954001932713     
  0.997946152785242     
  0.998934735618955     
  0.998903174325405     
  0.998691729325012     
  0.998747327452122     
  0.998750189611210     
  0.998608213651359     
  0.997268761273538     
  0.983927210102004     
  0.987989136152246     
  0.962575208829685     
  0.971366789411971     
  0.994697054229106     
  0.991666668561090     
  0.983995602203280     
  0.994806514309611     
  0.992909377303450     
  0.994097215830875     
  0.995823062370294     
  0.997600067080209     
  0.997730480867463     
  0.997597405150744     
  0.997469835905700     
  0.997321173300393     
  0.997089354949136     
  0.997020695941929     
  0.996846086534485     
  0.996433184558872     
  0.996459691244793     
  0.996355533207295     
  0.994115608478806     
  0.990243193795436     
  0.995628089713436     
  0.995175311377522     
  0.994738369644273     
  0.994167883024151     
  0.994252484782890     
  0.993949706589982     
  0.993584829543093     
  0.993168601882186     
  0.992755249286356     
  0.992346730897630     
  0.991854781111426     
  0.991245051600526     
  0.990668597933112     
  0.990044138833876     
  0.989312197691626     
  0.988434716478575     
  0.987216882633998     
  0.981035994186356     
  0.976620304213445     
  0.981091878471067     
  0.982268104978196     
  0.981160877867574     
  0.978989633158396     
  0.977670529221345     
  0.976035069757686     
  0.973978010436656     
  0.971964221699059     
  0.969781409416239     
  0.967530356733329     
  0.965391132017795     
  0.963357718067808     
  0.961405966070020     
  0.959876187654988     
  0.959678121856332     
  0.961010000937124     
  0.962906975455134     
  0.964959187697025     
  0.967089478605076     
  0.969293004109535     
  0.971170311836255     
  0.972987850586568     
  0.975446978965718     
  0.977363131190467     
  0.979164396153010     
  0.980840756537335     
  0.982286877921281     
  0.983743747445876     
  0.985008373647481     
  0.986112441234193     
  0.987233068896949     
  0.988116079173495     
  0.989034914361979     
  0.989761958677334     
  0.990065400897916     
  0.990809843803585     
  0.991751837573756     
  0.991915406526945     
  0.989890435873985     
  0.981073974744092     
  0.987396281466922     
  0.987338727995448     
  0.994085349338737     
  0.994309209794955     
  0.994848031763329     
  0.995145269000311     
  0.995446217230688     
  0.995709231283392     
  0.995602599794215     
  0.995191272135412     
  0.988708262692410     
  0.977218469475329     
  0.991771681818285     
  0.996316294682682     
  0.997089710812032     
  0.997297975242891     
  0.997353014833084     
  0.996837244902847     
  0.994007077854764     
  0.994532909648885     
  0.997303083289080     
  0.997676613268555     
  0.997832087595734     
  0.998211131779546     
  0.998289517595574     
  0.998361060332784     
  0.998428345792487     
  0.998481865140416     
  0.998550371706494     
  0.998605287716691     
  0.998656010318272     
  0.998681087892822     
  0.998414061939429     
  0.998668378983631     
  0.998829603604774     
  0.998596037158073     
  0.998779891663577     
  0.998926489285563     
  0.997649671627030     
  0.998544519174530     
  0.999019754937818     
  0.999049048159114     
  0.999070468486529     
  0.999088370240875     
  0.999098907063132     
  0.999107322558021     
  0.999121550846371     
  0.999123222507691     
  0.999114372974090     
  0.999074047714728     
  0.998927034352945     
  0.998917415345053     
  0.998660618141223     
  0.998752049974769     
  0.998665848758779     
  0.998341271680926     
  0.997642741872900     
  0.994927773713750     
  0.945377514120688     
  0.727149463894466     
  0.458350241328568     
  0.906289998312607     
  0.987219131131170     
  0.996676065717845     
  0.989144325665635     
  0.995895062524486     
  0.995246007609070     
  0.998932587010702     
  0.999189980322800     
  0.999043573941615     
  0.997620293453788     
  0.994756709077853     
  0.996980897066749     
  0.998811833637571     
  0.999298952189948     
  0.999433755427164     
  0.999500742833676     
  0.999531831074893     
  0.999545650723798     
  0.999566093051265     
  0.999322582865953     
  0.998429452248583     
  0.997420033644637     
  0.999139732249598     
  0.999561454147685     
  0.999558709168093     
  0.999591044714345     
  0.999688972177617     
  0.999696958853881     
  0.999702630475258     
  0.999709539425718     
  0.999714997079068     
  0.999715601844361     
  0.999720617985677     
  0.999714669801155     
  0.999620509022126     
  0.996145675290872     
  0.998443081302332     
  0.999951459645702     
  0.996356922116089     
  0.987987959776973     
  0.999177190802959     
  0.999095629053726     
  0.999460614689237     
  0.999726596095376     
  0.999771018324702     
  0.999780129405392     
  0.999784936099040     
  0.999559816330811     
  0.991933910313987     
  0.998999506489416     
  0.999899820751908     
  0.999805873986560     
  0.999803785023165     
  0.999806020244681     
  0.999813766611647     
  0.999818628345315     
  0.999841476291622     
