  0.999577702824926     
  0.999577474003098     
  0.999571487333553     
  0.999573064160903     
  0.999553439986720     
  0.999460027081305     
  0.999467189689475     
  0.999450649201147     
  0.999535259499672     
  0.999489998722529     
  0.999017384320733     
  0.992399756876277     
  0.997227944748158     
  0.999089569241463     
  0.999309382737135     
  0.999222586133196     
  0.998799750457818     
  0.996187160033856     
  0.879100621880830     
  0.738307468715458     
  0.960066678103463     
  0.990777115203841     
  0.985487237029096     
  0.997453967985803     
  0.999022779156644     
  0.999297397319429     
  0.999408931923813     
  0.999442564465282     
  0.999450899335332     
  0.999459079827872     
  0.999459423950960     
  0.999291843964113     
  0.999178813568798     
  0.999452047919902     
  0.999452508999745     
  0.999448068594121     
  0.999443676572687     
  0.999438001469831     
  0.999431562060735     
  0.999386916986022     
  0.999415001281076     
  0.999411020641041     
  0.999280876961325     
  0.999367651756632     
  0.999370595709666     
  0.999363255248409     
  0.999368214814108     
  0.999356854602797     
  0.999340268847681     
  0.999265383220407     
  0.998845253562671     
  0.993345284341561     
  0.997380837818416     
  0.999176085181757     
  0.999304009589496     
  0.996072900705618     
  0.968279686003305     
  0.992176019561489     
  0.991243784577577     
  0.992664887115109     
  0.999166316300236     
  0.998704811136393     
  0.999078648972600     
  0.999159462025321     
  0.999152990595134     
  0.999137406946070     
  0.999120861621054     
  0.999103483632799     
  0.999085763965105     
  0.999067707876670     
  0.999046677080361     
  0.998829405616511     
  0.999007882407265     
  0.998961422458198     
  0.998905099987861     
  0.998918685205223     
  0.998535351882702     
  0.998760239097437     
  0.997811890431217     
  0.987866816846963     
  0.997509800801344     
  0.998590521480021     
  0.998739100332089     
  0.998712888242281     
  0.998281497410998     
  0.998652075507562     
  0.998594426779284     
  0.998419622513556     
  0.996738228959872     
  0.997443719347189     
  0.998208425483651     
  0.997769038625657     
  0.996089167173213     
  0.996061412394960     
  0.993119163867474     
  0.997931979832319     
  0.998170959777414     
  0.998150815803839     
  0.998082400032164     
  0.997716957951249     
  0.997474853934872     
  0.997906558336410     
  0.997808494336892     
  0.997729297713600     
  0.997609409425082     
  0.997584946142552     
  0.997472421667809     
  0.997308993263512     
  0.987403713000109     
  0.997076905240645     
  0.997122270381561     
  0.997020753832929     
  0.996902784090243     
  0.996777653811218     
  0.996642004063958     
  0.996477261436767     
  0.996314324768700     
  0.996126205691341     
  0.995893345280655     
  0.995599458653499     
  0.995173392185769     
  0.993944415841605     
  0.883912585984779     
  0.761918487025728     
  0.981972399396089     
  0.993725933052506     
  0.993677237563160     
  0.992498775419891     
  0.952972288954633     
  0.813724861861383     
  0.967033575168553     
  0.966399521071056     
  0.895276015118861     
  0.983753684257452     
  0.990167548458784     
  0.989383571670732     
  0.988661074032928     
  0.987059891655980     
  0.934809285355025     
  0.884153940035630     
  0.975409379839467     
  0.798585082466715     
  0.841266148751053     
  0.843301587902938     
  0.975809288230130     
  0.975133334871250     
  0.972289120265929     
  0.967251020983784     
  0.958240738515067     
  0.961561667562014     
  0.950959320929440     
  0.951291524513741     
  0.940363688599583     
  0.922240957004806     
  0.828747725092205     
  0.859200867196945     
  0.900341012607011     
  0.883481106450498     
  0.862000736188730     
  0.847862471165336     
  0.854753569017436     
  0.871327924712346     
  0.884234613627805     
  0.892007496927462     
  0.889741355813822     
  0.877299136718816     
  0.853726822918839     
  0.808595277540634     
  0.733141642829324     
  0.586168391071530     
  0.474280817431609     
  0.462404340249970     
  0.517944361382695     
  0.607088550918270     
  0.715680812523273     
  0.794581495200602     
  0.837412007739025     
  0.864306010175204     
  0.886811124534839     
  0.903648722726744     
  0.916137557458249     
  0.928631058086421     
  0.940642860237144     
  0.949297662744722     
  0.955034961498779     
  0.960370073299015     
  0.965302301579537     
  0.968907753678949     
  0.971625682382441     
  0.974123711073769     
  0.976294265948585     
  0.978448159489730     
  0.980280141545471     
  0.981968534414616     
  0.983523024509714     
  0.984948850062554     
  0.986065533995793     
  0.987437568116399     
  0.988581037593687     
  0.989525042631070     
  0.989941619630215     
  0.989966749684681     
  0.991058394288415     
  0.992007797139283     
  0.992918446840414     
  0.993259689514451     
  0.993776650458489     
  0.994333656775500     
  0.994672805659917     
  0.994951504229456     
  0.994679598838558     
  0.995343012756285     
  0.995721067996621     
  0.995900911833905     
  0.995944325845543     
  0.996325024034492     
  0.996495479631449     
  0.996632919358383     
  0.996643945692370     
  0.987500782407538     
  0.978100583317520     
  0.996214993477494     
  0.996490459787207     
  0.997399659989660     
  0.997528426169963     
  0.997528636578623     
  0.979477375892701     
  0.997345569841513     
  0.997909095610314     
  0.997896229451533     
  0.996743450721001     
  0.997930333732539     
  0.998042729466031     
  0.997701680141411     
  0.997630172928282     
  0.997431785754287     
  0.994176551679058     
  0.871861061185136     
  0.818600406877979     
  0.937097563082809     
  0.995949042894007     
  0.997644137850297     
  0.998137925616175     
  0.998224082198082     
  0.998106874990752     
  0.997092430966018     
  0.989145601871794     
  0.737661802753664     
  0.722252970484380     
  0.696075970919028     
  0.897833002068563     
  0.995381401653403     
  0.998141962366915     
  0.995108389003882     
  0.998515861641948     
  0.998872531211939     
  0.998954993317768     
  0.999004767439027     
  0.999042675933963     
  0.999047650362799     
  0.998870711448798     
  0.998914316881071     
  0.998170355036831     
  0.999166743658606     
  0.999189284723211     
  0.999216633254260     
  0.995947428205359     
  0.999132324333430     
  0.999253563909944     
  0.999298708905304     
  0.999322029361448     
  0.999337460319362     
  0.999350465298688     
  0.999350748853646     
  0.999094414618799     
  0.999005299941863     
  0.999380413377475     
  0.999399638646699     
  0.999136535458217     
  0.999349872900119     
  0.999444968066306     
  0.999462062786449     
  0.999466490440470     
  0.999162182074822     
  0.997903243722250     
  0.999409618312308     
  0.999504375329536     
  0.999514772571396     
  0.999498007079657     
  0.999359062700802     
  0.999488161190003     
  0.998711462947161     
  0.997875465353259     
  0.999532014773213     
  0.999528386944711     
  0.999517575223220     
  0.999488699443632     
  0.999427113793208     
  0.999295552662596     
  0.993690273478714     
  0.953914211745454     
  0.988871218727748     
  0.998169088788090     
  0.965859097023615     
  0.940328448211584     
  0.993645018371859     
  0.999144047234763     
  0.999334271712962     
  0.999433224101252     
  0.999422741620666     
  0.999195977526838     
  0.995044633522610     
  0.895470227074398     
  0.938089840486062     
  0.976847872492561     
  0.998726258110379     
  0.999510703506630     
  0.998793618524205     
  0.999582573656309     
  0.999684759626147     
  0.999697027780615     
  0.999706141131070     
  0.999713853942055     
  0.999719993237532     
  0.999725917142052     
  0.999668531489880     
  0.999652900458030     
  0.999740529956085     
  0.999743183108861     
  0.999571069974982     
  0.999581394160022     
  0.999707614324193     
  0.999650438324883     
  0.999567671982345     
  0.999718797333872     
  0.999516734918949     
  0.998014425043067     
  0.999738055389408     
  0.999770979109441     
  0.999773230404923     
  0.999712548687559     
  0.999773961810452     
  0.999752768343439     
  0.999584086378303     
  0.998615808224458     
  0.999006882907164     
  0.999651664733146     
  0.999732314774561     
  0.999675621284204     
  0.998730583097362     
  0.997275451001067     
  0.999636921597965     
  0.999780238725934     
  0.999795984236153     
  0.999767805055440     
  0.999797721369274     
  0.999645546664252     
  0.999804758386054     
  0.999810405405694     
  0.999812059285870     
  0.999813397811797     
  0.999814898228529     
  0.999815247761427     
  0.999798290031516     
  0.999432284765748     
  0.999758651085660     
  0.999288544534939     
  0.989510025070138     
  0.999251080982438     
  0.999627086297062     
  0.999819646589510     
  0.999827711988717     
  0.999829979727180     
  0.999830858298176     
  0.999740365145454     
  0.999551346009528     
  0.999806310423618     
  0.999795641172857     
  0.999028697803174     
  0.999304049679258     
  0.998325063812536     
  0.998517737057306     
  0.999838230874331     
  0.999838497604726     
  0.999834692570427     
  0.999736023656329     
  0.999707741825457     
  0.999598679817095     
  0.984667856207855     
  0.991333488325836     
  0.973852082183883     
  0.943431191408941     
  0.999628438893594     
  0.999712101691135     
  0.999643628019475     
  0.998899076110048     
  0.996378850134862     
  0.999521794523028     
  0.999757928561527     
  0.999831349384601     
  0.999822095236705     
  0.999754379718072     
  0.998945679433185     
  0.948478935698766     
  0.928269546259616     
  0.997920751661320     
  0.999515166599329     
  0.999357913798784     
  0.999797709535721     
  0.999844227586048     
  0.999848775240583     
  0.999855990191766     
  0.999852988811703     
  0.999861158763396     
  0.999862043731888     
  0.999844041988221     
  0.999753654684780     
  0.999647820376945     
  0.999100418271577     
  0.999808622203361     
  0.999849392656552     
  0.999867894108113     
  0.999864632333653     
  0.999856613612688     
  0.999678833559039     
  0.999807351923726     
  0.999870500618981     
  0.999873721989344     
  0.999851826775837     
  0.999874782849421     
  0.999743441532627     
  0.999853874857657     
  0.999876799455081     
  0.999878974228085     
  0.999675579074143     
  0.999395914522608     
  0.999866712412698     
  0.999839188111477     
  0.999650379067257     
  0.998795512846578     
  0.998163257526814     
  0.999871587209047     
  0.999844971426292     
  0.999512240388468     
  0.996184729267792     
  0.996174509173498     
  0.999501993762558     
  0.999780211032804     
  0.999771369133341     
  0.999200781934173     
  0.999199098449076     
  0.999773283820944     
  0.999850714733289     
  0.999804797979243     
  0.999777898530899     
  0.999639755177437     
  0.986939107804510     
  0.969238058810582     
  0.998659213012424     
  0.999799618275520     
  0.999477673655756     
  0.983789627374119     
  0.996718899578686     
  0.999612245714333     
  0.999865915904314     
  0.999716885596382     
  0.995937454929746     
  0.997881602432779     
  0.999794427116471     
  0.999453434743351     
  0.999762728069975     
  0.999878500139295     
  0.999880146177403     
  0.999879595231621     
  0.999878691734701     
  0.999873529411438     
  0.999502050278108     
  0.999787607828127     
  0.999822683027756     
  0.999844286891997     
  0.999648152626656     
  0.997551610045114     
  0.983228600780545     
  0.948852159932818     
  0.965396423124823     
  0.994221007094355     
  0.996053575084237     
  0.974577067081670     
  0.983891536337188     
  0.998521317966807     
  0.999611339355908     
  0.998946376623643     
  0.998739751887667     
  0.999755164770150     
  0.999528388588474     
  0.997804284687190     
  0.874721540213687     
  0.873250911703572     
  0.998223528973520     
  0.999534746033025     
  0.999784743781800     
  0.999830434957518     
  0.999841742307200     
  0.999839270081422     
  0.999612206930936     
  0.999104169692555     
  0.999223657831233     
  0.999299386568382     
  0.999417082264764     
  0.994491397639284     
  0.866839566660044     
  0.897346079688577     
  0.996284926639775     
  0.990410264716581     
  0.948707913656274     
  0.938183150723849     
  0.988266089278161     
  0.996967549844921     
  0.986410501646264     
  0.986260820163393     
  0.997653209914276     
  0.990144770142517     
  0.961906781872734     
  0.980306089901262     
  0.998137398791525     
  0.999565594256025     
  0.999683057664045     
  0.999419177453167     
  0.995923139908446     
  0.977618767940982     
  0.948147799495829     
  0.978572042878711     
  0.998037059035082     
  0.999392159981748     
  0.994784112125285     
  0.991039009486544     
  0.998661940150229     
  0.999844595077837     
  0.993941985502991     
  0.993190583586359     
  0.990613417975478     
  0.975826299374903     
  0.993987128262544     
  0.998638882806087     
  0.999796802504479     
  0.999669945646749     
  0.999184513246467     
  0.999881984861866     
  0.999799610698769     
  0.999817956767397     
  0.999905450224637     
  0.999817011302274     
  0.999820381489080     
  0.999815249845018     
  0.999842369119081     
  0.999901340514666     
  0.999900452018723     
  0.999715313446862     
  0.999652380734119     
  0.999827182499541     
  0.999896117539944     
  0.999889121169866     
  0.999894366290177     
  0.999892539696598     
  0.999875434935091     
  0.999882992331665     
  0.999888011070430     
  0.999886102830743     
  0.999884328457023     
  0.999881885983472     
  0.999872584653679     
  0.999858258201303     
  0.999653830962149     
  0.994159768943714     
  0.997288187478580     
  0.999707824264077     
  0.985938780482663     
  0.970384533605125     
  0.999428194428574     
  0.999841352786321     
  0.999801499449706     
  0.999169745984474     
  0.994933755065696     
  0.973645372958308     
  0.982688462890263     
  0.997480106225488     
  0.999572677082464     
  0.999782819445179     
  0.999598355537221     
  0.999522265988607     
  0.999732712773244     
  0.999711496901859     
  0.964749827452499     
  0.990116526009231     
  0.975948762466636     
  0.982673662430606     
  0.999767175900280     
  0.999798474199966     
  0.999787323617790     
  0.999828255552957     
  0.999821522197077     
  0.999827758800291     
  0.999825604694571     
  0.999811584461466     
  0.999811914860124     
  0.999805617652948     
  0.999760569697268     
  0.999780629357783     
  0.999800903796210     
  0.999795930988250     
  0.998257621057171     
  0.999766030876065     
  0.999764104578407     
  0.999664124393958     
  0.999718118252192     
  0.999700874049815     
  0.997995614971799     
  0.994866907405609     
  0.968104613622291     
  0.998884619621839     
  0.999639874991477     
  0.999586631954284     
  0.998485047581268     
  0.996839210807015     
  0.997870086405594     
  0.995730210291364     
  0.918165761457026     
  0.971585063979387     
  0.723120022809923     
  0.980125035972702     
  0.998678305524723     
  0.999478029000365     
  0.999547920765708     
  0.999531777634250     
  0.999453784193116     
  0.999115668921526     
  0.995709586529108     
  0.897516629064699     
  0.897601006526117     
  0.995627386510946     
  0.997491009563230     
  0.992836230783629     
  0.997749618570168     
  0.999327564672319     
  0.999482014721734     
  0.999518913381524     
  0.999547479188555     
  0.999489118154733     
  0.999491987079641     
  0.999538395441000     
  0.999529237988722     
  0.999506347355592     
  0.999505368019353     
  0.999384312881137     
  0.999405512363147     
  0.999323158223525     
  0.999034603033037     
  0.999281325809591     
  0.999386027925805     
  0.999337574585890     
  0.998090148477733     
  0.999350075986934     
  0.999328253993199     
  0.999115456361909     
  0.999197312693750     
  0.999227050511609     
  0.999149105876901     
  0.997926331216271     
  0.983186056673430     
  0.993336147377007     
  0.971288189888960     
  0.977028904315331     
  0.997272227558261     
  0.994214184181265     
  0.987268723298510     
  0.996705880226782     
  0.993354459123334     
  0.994326839240013     
  0.996295945886543     
  0.998384825427727     
  0.998631843030366     
  0.998558255836399     
  0.998483379139055     
  0.998387765681709     
  0.998192275891561     
  0.998215088547804     
  0.998110488068278     
  0.997697940682751     
  0.997875312793312     
  0.997785523754250     
  0.995225844514516     
  0.991067084426692     
  0.997294916501984     
  0.997096318289607     
  0.996760965862789     
  0.996220618074969     
  0.996534684971516     
  0.996366234937415     
  0.996149363860967     
  0.995903277213531     
  0.995652509358002     
  0.995398696955934     
  0.995093975952474     
  0.994707975776885     
  0.994364694161630     
  0.993986511674271     
  0.993531962193385     
  0.992990828474779     
  0.992204781831062     
  0.985866097333519     
  0.982284733279914     
  0.987999814255029     
  0.989190982218858     
  0.988443183859330     
  0.986685350558851     
  0.986167480706900     
  0.985199172020506     
  0.983899363840685     
  0.982646428850721     
  0.981296236356244     
  0.979924197727499     
  0.978656300639357     
  0.977472836681456     
  0.976280418193652     
  0.975259481567496     
  0.975115354528376     
  0.976029217060730     
  0.977210121953253     
  0.978408504208543     
  0.979664074789333     
  0.980999541038208     
  0.982036372101471     
  0.983046810239240     
  0.984819270401599     
  0.986041402519154     
  0.987181197908128     
  0.988240324787488     
  0.989149743573872     
  0.990068594788047     
  0.990860883615755     
  0.991548444232330     
  0.992241720297926     
  0.992726906340971     
  0.993271320584143     
  0.993681913091559     
  0.993672729474337     
  0.994165855703616     
  0.995001535304902     
  0.995170494571224     
  0.994034840080647     
  0.986519990105142     
  0.991912708573451     
  0.988519937448434     
  0.996394187489244     
  0.996430901692309     
  0.996903212288352     
  0.997083240996555     
  0.997264406965078     
  0.997421307131736     
  0.997192725777982     
  0.997210591635129     
  0.992299006380822     
  0.981939223887221     
  0.994779953279290     
  0.997856938381968     
  0.998251378438101     
  0.998370043230472     
  0.998414587546774     
  0.998204454703870     
  0.996033551157923     
  0.996457315041680     
  0.998474681178266     
  0.998420662245176     
  0.998490640854988     
  0.998916441982272     
  0.998964441824562     
  0.999006102995689     
  0.999045200933805     
  0.999069509845211     
  0.999115731844054     
  0.999147160089807     
  0.999176142086918     
  0.999176281415018     
  0.998804558555922     
  0.999077580775766     
  0.999269610312637     
  0.998909512417414     
  0.999136810034393     
  0.999320124556206     
  0.997706975813817     
  0.998799900150475     
  0.999368179004231     
  0.999381033563478     
  0.999388526989932     
  0.999392716219608     
  0.999387888678693     
  0.999381541949944     
  0.999384881790818     
  0.999372289296264     
  0.999350355605850     
  0.999306686206408     
  0.999164651828986     
  0.999118792512396     
  0.998780401354227     
  0.998842593674969     
  0.998714725104331     
  0.998308580694335     
  0.997465627078644     
  0.994997161257644     
  0.942409947012655     
  0.713880682021327     
  0.408216112252194     
  0.915509188797619     
  0.990027419860332     
  0.996233340317582     
  0.987897018670760     
  0.995425733533064     
  0.994820258060339     
  0.998888452238046     
  0.999247455643581     
  0.999210680464172     
  0.997924426846556     
  0.994759440562674     
  0.997259080228570     
  0.999226944163363     
  0.999517737986308     
  0.999569774180104     
  0.999617984010364     
  0.999627726169990     
  0.999636634012047     
  0.999689019175308     
  0.999587740032854     
  0.999030190487536     
  0.997902111375257     
  0.999500739333991     
  0.999696089579058     
  0.999627599284630     
  0.999647917593242     
  0.999779011918178     
  0.999784884122640     
  0.999788153904120     
  0.999793538924591     
  0.999797018650352     
  0.999794271776078     
  0.999798393598345     
  0.999788814933892     
  0.999676452033690     
  0.995611799667459     
  0.998308494072220     
  0.999804852868163     
  0.994859504469713     
  0.984684690396112     
  0.998970847982793     
  0.999414741549016     
  0.999654060887470     
  0.999813393259529     
  0.999833847067201     
  0.999835966697799     
  0.999753510763226     
  0.999181692650528     
  0.989715284498308     
  0.998446587704407     
  0.999872350309298     
  0.999853545244953     
  0.999858009201026     
  0.999860307516678     
  0.999866442347805     
  0.999868916980031     
  0.999875236889715     
