  0.999620785922510     
  0.999617956910577     
  0.999606567579158     
  0.999609123424751     
  0.999601742774673     
  0.999548272628397     
  0.999534505216395     
  0.999524511309834     
  0.999577600010363     
  0.999398913881500     
  0.997572090766472     
  0.987995036354216     
  0.993803307519313     
  0.998384833220852     
  0.999368006668090     
  0.999348278267273     
  0.998675007260470     
  0.992896981089672     
  0.902961796343489     
  0.799494491435744     
  0.959858599438818     
  0.986317889177447     
  0.979301372509955     
  0.993502910600939     
  0.998203475480110     
  0.999296345646580     
  0.999469248084416     
  0.999500976948219     
  0.999508924979423     
  0.999513349052571     
  0.999510789692958     
  0.999389482715395     
  0.999312942011516     
  0.999501535167873     
  0.999503703096258     
  0.999499869279753     
  0.999495385384773     
  0.999489846731965     
  0.999483402685362     
  0.999455967144326     
  0.999469805621428     
  0.999464991018025     
  0.999399409185320     
  0.999426080403595     
  0.999435744130379     
  0.999426330372942     
  0.999424745032433     
  0.999413650086299     
  0.999393803443409     
  0.999255745536480     
  0.998532379023623     
  0.994042784877422     
  0.996840169046449     
  0.999017274460637     
  0.999570335846784     
  0.999012833266280     
  0.975959911205226     
  0.995686323827227     
  0.993706595948630     
  0.994351175501406     
  0.999427434069515     
  0.998991440333807     
  0.999197711362448     
  0.999240653947455     
  0.999230963334581     
  0.999217003839332     
  0.999202226648251     
  0.999186544636291     
  0.999170635114101     
  0.999154476683106     
  0.999135680029301     
  0.999012949284951     
  0.999100898039456     
  0.999067424584316     
  0.999029719547500     
  0.998951438018365     
  0.998471739398823     
  0.998794676607715     
  0.998247716683222     
  0.992617266644385     
  0.998070504812983     
  0.998780964737230     
  0.998860886502245     
  0.998836402382956     
  0.998611413948038     
  0.998775286492779     
  0.998678347999936     
  0.998245461322932     
  0.996224228377574     
  0.997554049617810     
  0.998036787053768     
  0.996364217676251     
  0.993100111981659     
  0.992457874570386     
  0.990494011401515     
  0.997150765402607     
  0.998232019261799     
  0.998309665329738     
  0.998207079788674     
  0.997770452175066     
  0.997777927130020     
  0.998080177917492     
  0.998029037966726     
  0.997963383125913     
  0.997863217576604     
  0.997756171253885     
  0.997586140649097     
  0.997463008229170     
  0.993395309364828     
  0.997395915191099     
  0.997390785578620     
  0.997306336979832     
  0.997201916399215     
  0.997088907238179     
  0.996967395885979     
  0.996826347385665     
  0.996678554009102     
  0.996510554823716     
  0.996308889042924     
  0.996063389339108     
  0.995831418524092     
  0.996179981186693     
  0.918887052510587     
  0.832851396768672     
  0.988711169649351     
  0.994823467000354     
  0.994233591869863     
  0.991683599645265     
  0.957645070947314     
  0.856013189230037     
  0.967445981883491     
  0.970074169899294     
  0.920881645536004     
  0.984117273252280     
  0.990643979972097     
  0.990327676792624     
  0.989498676507222     
  0.986875899769851     
  0.947077536564235     
  0.911349180125549     
  0.975640629054487     
  0.859763151837622     
  0.884120432338703     
  0.886687280524347     
  0.979572524270219     
  0.976981501639395     
  0.972936756232780     
  0.964406956435338     
  0.954647919481610     
  0.962504773835009     
  0.955125270578962     
  0.954796134502131     
  0.944710781784010     
  0.931318682122626     
  0.863601876460263     
  0.882280699577892     
  0.905836059703441     
  0.887291744457237     
  0.866094563941112     
  0.853079180836641     
  0.859954738423580     
  0.876041334251751     
  0.889003253858167     
  0.896733572018107     
  0.895096718012046     
  0.882862816409160     
  0.857366572994640     
  0.806614670770749     
  0.720613150848494     
  0.576578958233830     
  0.479170250787541     
  0.468858024907805     
  0.516395742359045     
  0.601576770493114     
  0.707501119258418     
  0.789833361601676     
  0.836783426039414     
  0.865626589376419     
  0.888384468726015     
  0.905709872818015     
  0.919176520092297     
  0.932329031587395     
  0.944570021775466     
  0.953159714368616     
  0.958741657521478     
  0.963861892409971     
  0.968563440490120     
  0.971897653302908     
  0.974339277741791     
  0.976582382959407     
  0.978567916894178     
  0.980481514150471     
  0.982152876289472     
  0.983688887524529     
  0.985098886811260     
  0.986407201004468     
  0.987513740212095     
  0.988704478179975     
  0.989734142767231     
  0.990617376331501     
  0.991240721917287     
  0.991257253142665     
  0.992157893411795     
  0.992963489855159     
  0.993707639349670     
  0.994049729147979     
  0.994482970526462     
  0.994910181386162     
  0.995177394819615     
  0.995396470932778     
  0.995275857736736     
  0.995768198934543     
  0.996105360222212     
  0.996319535634095     
  0.996426830783369     
  0.996711027422705     
  0.996867245781527     
  0.996989683376737     
  0.996981669478210     
  0.991518094518127     
  0.986155384083285     
  0.996522447556983     
  0.996713097614768     
  0.997578386097349     
  0.997770527274632     
  0.997718254858806     
  0.986421741742144     
  0.997606677206526     
  0.998114908662741     
  0.998198494152901     
  0.997262383676211     
  0.998223243537043     
  0.998258553386565     
  0.998037884509436     
  0.997885368603729     
  0.997092122045965     
  0.989334286557161     
  0.901126175641896     
  0.862844337594222     
  0.943930846491233     
  0.992928607659026     
  0.997712065427876     
  0.998353433979164     
  0.998432441469978     
  0.998271719820535     
  0.995498049943253     
  0.975524920746268     
  0.782689551829779     
  0.766617374527998     
  0.753724030493396     
  0.903950024901773     
  0.989158735332298     
  0.997751575819322     
  0.996697766014496     
  0.998624666183848     
  0.998964829720329     
  0.999059132181636     
  0.999104712596446     
  0.999132468989111     
  0.999115310214418     
  0.998949118923676     
  0.999040848779149     
  0.998602877948893     
  0.999250301597407     
  0.999275007326573     
  0.999294867113182     
  0.997962088827794     
  0.999276915263464     
  0.999340158981947     
  0.999366160742606     
  0.999382853827203     
  0.999396012107419     
  0.999402314717780     
  0.999371365927184     
  0.999104909743219     
  0.999148289518972     
  0.999421803144057     
  0.999405556899791     
  0.999059672566342     
  0.999297233055429     
  0.999469601423986     
  0.999505640396791     
  0.999498520937028     
  0.999259089728960     
  0.998432193188480     
  0.999446542065862     
  0.999543599680819     
  0.999557548094068     
  0.999549398940994     
  0.999463382527806     
  0.999545903081616     
  0.999234431551058     
  0.998893965534612     
  0.999580890762158     
  0.999581811401572     
  0.999576707516726     
  0.999560831458793     
  0.999549037552246     
  0.999896959129503     
  0.998002218041631     
  0.973244202139024     
  0.995263837872560     
   1.00093618125369     
  0.983288959009293     
  0.967361159177933     
  0.999481723766755     
  0.999998537691670     
  0.999491800341692     
  0.999531812546023     
  0.999505295124290     
  0.998997079339029     
  0.993623358699548     
  0.920672913313739     
  0.950639806319656     
  0.982051625316846     
  0.998484954197211     
  0.999461100604533     
  0.999222207414497     
  0.999645335078376     
  0.999712462142932     
  0.999722236114129     
  0.999728883374513     
  0.999734614683884     
  0.999739060365962     
  0.999741012205773     
  0.999706415837975     
  0.999701968905394     
  0.999753905312834     
  0.999753737524798     
  0.999656281550909     
  0.999496717276188     
  0.999647164186823     
  0.999690711394632     
  0.999620256939913     
  0.999627575780977     
  0.999526528073048     
  0.998912785039709     
  0.999752554940308     
  0.999778500960447     
  0.999780569378203     
  0.999746759808140     
  0.999773939855345     
  0.999690448427234     
  0.999171464605039     
  0.997600399665766     
  0.998162092965825     
  0.999413094860030     
  0.999710923689753     
  0.999582635956894     
  0.998564579029067     
  0.997514182214627     
  0.999455662634249     
  0.999761154810182     
  0.999799252031723     
  0.999782790271992     
  0.999804278821426     
  0.999717749727249     
  0.999808978126833     
  0.999813025578155     
  0.999814594215259     
  0.999816031299002     
  0.999817261916217     
  0.999817938454532     
  0.999811522343281     
  0.999656407884525     
  0.999868583534518     
  0.999872971905527     
  0.992071394123527     
  0.999848752057465     
  0.999808581668978     
  0.999825356389842     
  0.999827504314380     
  0.999829406618006     
  0.999829949025744     
  0.999778730628715     
  0.999683477527469     
  0.999765087252993     
  0.999733853533377     
  0.999211547856437     
  0.999407815722653     
  0.999166046764399     
  0.999274931960551     
  0.999835577933699     
  0.999835374811721     
  0.999826566737692     
  0.999747306289505     
  0.999822668851913     
   1.00029838961143     
  0.988737556206756     
  0.994438203987202     
  0.980956418040044     
  0.964433996670952     
  0.999293550044182     
  0.999668538404335     
  0.999517600500322     
  0.998188704639557     
  0.995173588500134     
  0.998954369197159     
  0.999682184054875     
  0.999822749704745     
  0.999817526971978     
  0.999649883305741     
  0.997965631125663     
  0.960503657614117     
  0.946347793665311     
  0.996790280197015     
  0.999344872614530     
  0.999352378540009     
  0.999746594076149     
  0.999823777945604     
  0.999836154507276     
  0.999843540908902     
  0.999847702073008     
  0.999850797503812     
  0.999846966803429     
  0.999766523437841     
  0.999456298430563     
  0.999297744702639     
  0.999141309639935     
  0.999824392808205     
  0.999855892738379     
  0.999857909582205     
  0.999851400211220     
  0.999819488339455     
  0.999630199516298     
  0.999785287885547     
  0.999850619634129     
  0.999859771331385     
  0.999851979605683     
  0.999861658477684     
  0.999802406920479     
  0.999851838942991     
  0.999863296860794     
  0.999874909004054     
  0.999735886987902     
  0.999504398884992     
  0.999865346702281     
  0.999785681528691     
  0.999635867520310     
  0.999226210483937     
  0.998912000175337     
  0.999842879910224     
  0.999739121001040     
  0.998414366054324     
  0.992234113711782     
  0.992225462292532     
  0.998413802853044     
  0.999665011343201     
  0.999521892085570     
  0.998525268110502     
  0.998526257334768     
  0.999530665719852     
  0.999803840254310     
  0.999815084015256     
  0.999800784004901     
  0.999692459547972     
  0.992246298237269     
  0.982250456648247     
  0.999069277119204     
  0.999860824345379     
  0.999907723095192     
  0.987049541540635     
  0.997827538996039     
  0.999842666625604     
  0.999845147382574     
  0.999709757370774     
  0.997439434894526     
  0.998527203524191     
  0.999779143745399     
  0.999662829863015     
  0.999802645250453     
  0.999851049386679     
  0.999850467686548     
  0.999848496704414     
  0.999845093846652     
  0.999835314960009     
  0.999610800409571     
  0.999772584243538     
  0.999791429668391     
  0.999768165898418     
  0.999032810181004     
  0.990781364005917     
  0.956000004311761     
  0.905609304949189     
  0.928012645054589     
  0.979151376068637     
  0.990631447087352     
  0.970243341944432     
  0.979147141163082     
  0.996113672791595     
  0.999245763274237     
  0.999003814893017     
  0.998833717001660     
  0.999686050892287     
  0.999142915173073     
  0.994461686363123     
  0.909657770848657     
  0.908784111091987     
  0.994733642182445     
  0.999118300438642     
  0.999714891737027     
  0.999787583408953     
  0.999800762245458     
  0.999790758959097     
  0.999598045638920     
  0.999113889185268     
  0.998779356849690     
  0.998799371328896     
  0.998744858552066     
  0.991441333587078     
  0.895326037419386     
  0.917490853200418     
  0.990343679112776     
  0.967278822889870     
  0.900917016325209     
  0.889562983731363     
  0.961309337544984     
  0.990546467307331     
  0.981564116577067     
  0.981457383604453     
  0.994078684201539     
  0.982243448116862     
  0.949808273101892     
  0.970409488266293     
  0.994901625000251     
  0.999077987471622     
  0.999489056293559     
  0.998608585531989     
  0.991199554450736     
  0.965037188535131     
  0.931194047548939     
  0.965361213573521     
  0.993885193592166     
  0.998141617281643     
  0.993320992149731     
  0.989825460157773     
  0.997442637363810     
  0.999784985395656     
  0.995298857280552     
  0.991357720183039     
  0.977203785176645     
  0.956361627016086     
  0.982860883778587     
  0.996527140543702     
  0.999566024926686     
  0.999645042746823     
  0.999365698218162     
  0.999795000868980     
  0.999769802814090     
  0.999778995298064     
  0.999815262702309     
  0.999735371931648     
  0.999649395130776     
  0.999645665861787     
  0.999745885366572     
  0.999807745401085     
  0.999810010586938     
  0.999737632531049     
  0.999654264643093     
  0.999754771332387     
  0.999800335840288     
  0.999794291843525     
  0.999797529154395     
  0.999794686342734     
  0.999782789283083     
  0.999785239121769     
  0.999786364090688     
  0.999782891201785     
  0.999779500406409     
  0.999775105198065     
  0.999758196295671     
  0.999721379670858     
  0.999684894670672     
  0.995510361225579     
  0.998083358592268     
  0.999954484129417     
  0.988734927893246     
  0.975129450275535     
  0.999679251240640     
  0.999740817360336     
  0.999559866518914     
  0.997179241920669     
  0.983784981578565     
  0.950945212050571     
  0.963129554090139     
  0.990727585161545     
  0.998625823526044     
  0.999478790501558     
  0.999107276963539     
  0.998993729087940     
  0.999407364527474     
  0.999584242470102     
  0.983255642524649     
  0.995073725494406     
  0.988468861097306     
  0.991603540538550     
  0.999638117069054     
  0.999652753172576     
  0.999642430786336     
  0.999660235234096     
  0.999652646367695     
  0.999650676484474     
  0.999643663379023     
  0.999626916624666     
  0.999603737043737     
  0.999595610150789     
  0.999566404134778     
  0.999583369119708     
  0.999590433323087     
  0.999577758500163     
  0.998740248102154     
  0.999535315323394     
  0.999491056262843     
  0.999337690898183     
  0.999408907326555     
  0.999326220074467     
  0.997538067235100     
  0.991993968503253     
  0.974724760717359     
  0.997539393398677     
  0.999171563049574     
  0.998989302224958     
  0.996965268693187     
  0.994734304910528     
  0.996910533640331     
  0.994961311197222     
  0.945129846113368     
  0.966571787763257     
  0.798108772025435     
  0.973981222190005     
  0.996379583873186     
  0.999075291975284     
  0.999230360800284     
  0.999213567572789     
  0.999138041207533     
  0.998621892366868     
  0.994368644660411     
  0.930798538691384     
  0.930819151079888     
  0.993664800277823     
  0.994114802181577     
  0.987444658192759     
  0.994307448564881     
  0.998237127927210     
  0.998980826545014     
  0.999028942227267     
  0.999022180769602     
  0.998977967521528     
  0.998958470487329     
  0.998953278825512     
  0.998924031309817     
  0.998884271494556     
  0.998857524797297     
  0.998771137225481     
  0.998681420908024     
  0.998329879052951     
  0.997869931690939     
  0.998237602066747     
  0.998525923198188     
  0.998514146874054     
  0.997781028100216     
  0.998458450306346     
  0.998415720004756     
  0.998205825504681     
  0.998231311704426     
  0.998203353798964     
  0.997987949725902     
  0.996514697132791     
  0.984777124147641     
  0.981857469308598     
  0.952583614630671     
  0.964873761664644     
  0.991743971532706     
  0.988745298601153     
  0.980242137492691     
  0.992628406028470     
  0.992398976677068     
  0.993833893309024     
  0.995280778683183     
  0.996700136829766     
  0.996696832571502     
  0.996495536224460     
  0.996307539562809     
  0.996098040450632     
  0.995824560076866     
  0.995651002495178     
  0.995396107094716     
  0.994982796620204     
  0.994836292855583     
  0.994715654715156     
  0.992842415081589     
  0.989298373584545     
  0.993716605820479     
  0.992972335946950     
  0.992418890499914     
  0.991813838166727     
  0.991635289548150     
  0.991178462248713     
  0.990643850148808     
  0.990032502751903     
  0.989432695409500     
  0.988846757107772     
  0.988140089995195     
  0.987273783919959     
  0.986429924127087     
  0.985523029756064     
  0.984472969846501     
  0.983209758371814     
  0.981496742662749     
  0.975496808040812     
  0.970124300493571     
  0.973169802884724     
  0.974328884037780     
  0.972809449724210     
  0.970164088754110     
  0.967926106889257     
  0.965525535908488     
  0.962600034472418     
  0.959713669852853     
  0.956575976705173     
  0.953316834781415     
  0.950178333196708     
  0.947170156217632     
  0.944347560055857     
  0.942234206014559     
  0.941974259026658     
  0.943785509448390     
  0.946503673281399     
  0.949535065123432     
  0.952668495934937     
  0.955867524743635     
  0.958708705580734     
  0.961451843396296     
  0.964698456295617     
  0.967410526124334     
  0.969970380349972     
  0.972354600033900     
  0.974416225946613     
  0.976490110486067     
  0.978296427133834     
  0.979878157413146     
  0.981488886166551     
  0.982828135211969     
  0.984176370157492     
  0.985266333041447     
  0.985928306911448     
  0.986960969379718     
  0.988024885724620     
  0.988182267876368     
  0.985137367596321     
  0.974828127247631     
  0.982216539969040     
  0.985984035994148     
  0.991437411993714     
  0.991875901910211     
  0.992491001007185     
  0.992922658648585     
  0.993360979384928     
  0.993745690350522     
  0.993778918036249     
  0.992875354450035     
  0.984590104309409     
  0.971804315461363     
  0.988321541319880     
  0.994549351732542     
  0.995757408566624     
  0.996068432134283     
  0.996135507074218     
  0.995269202837216     
  0.991682928770355     
  0.992325818798112     
  0.995959381872984     
  0.996823265089630     
  0.997076793317718     
  0.997402210975157     
  0.997515445510310     
  0.997621258529592     
  0.997720871450567     
  0.997807891531703     
  0.997901955585502     
  0.997983809115232     
  0.998059465468127     
  0.998113144272490     
  0.997966195936653     
  0.998199059159129     
  0.998324952510095     
  0.998236506647322     
  0.998370534928688     
  0.998475020633553     
  0.997583948152709     
  0.998251616556066     
  0.998620138434745     
  0.998668285089857     
  0.998705678089321     
  0.998739306681713     
  0.998767464928125     
  0.998792811278855     
  0.998819527499247     
  0.998837558846260     
  0.998843715655731     
  0.998807225573572     
  0.998654501271714     
  0.998686447442236     
  0.998523233585234     
  0.998648201349959     
  0.998609790217194     
  0.998378766532233     
  0.997845883536565     
  0.994848189623431     
  0.948781171314321     
  0.742368140025584     
  0.515851829678053     
  0.895715988821849     
  0.983998142408322     
  0.997183853707577     
  0.990574937751263     
  0.996433365050596     
  0.995734326774663     
  0.998983208044878     
  0.999124058066424     
  0.998851908148471     
  0.997271461815299     
  0.994753576138964     
  0.996661828756810     
  0.998335712885064     
  0.999048010378084     
  0.999277745140483     
  0.999366269807253     
  0.999421841386585     
  0.999441294639872     
  0.999425098964214     
  0.999018451893463     
  0.997740414325487     
  0.996867096853965     
  0.998725661348558     
  0.999407028681399     
  0.999479692803948     
  0.999525811932024     
  0.999585697111185     
  0.999596108944660     
  0.999604535340409     
  0.999613192111147     
  0.999620918324983     
  0.999625367306555     
  0.999631409120057     
  0.999629624999253     
  0.999556342053887     
  0.996758034589788     
  0.998597454051342     
   1.00011961913725     
  0.998074477843866     
  0.991776853617988     
  0.999413869062522     
  0.998729601848026     
  0.999238728476172     
  0.999627038082744     
  0.999698952457604     
  0.999716082792461     
  0.999820981703204     
  0.999993533718587     
  0.994478733348772     
  0.999633719926899     
  0.999931330165762     
  0.999751193566374     
  0.999741588118789     
  0.999743750888224     
  0.999753345663522     
  0.999760945413065     
  0.999802751581630     
