  0.999635901541792     
  0.999632160283084     
  0.999618875456635     
  0.999621774812063     
  0.999618689830085     
  0.999579233673054     
  0.999558122982213     
  0.999550425999874     
  0.999592455301286     
  0.999366956445560     
  0.997065003577468     
  0.986449619377104     
  0.992601755324967     
  0.998137572416395     
  0.999388575256191     
  0.999392378246766     
  0.998631240147013     
  0.991742594450059     
  0.911333702028577     
  0.820962538750498     
  0.959785592949514     
  0.984753322167924     
  0.977130992233339     
  0.992116635294071     
  0.997916012605540     
  0.999295976653486     
  0.999490410833165     
  0.999521471801826     
  0.999529284140985     
  0.999532390252028     
  0.999528812192257     
  0.999423740907027     
  0.999360003305750     
  0.999518898659192     
  0.999521665497826     
  0.999518044546524     
  0.999513528448017     
  0.999508037703577     
  0.999501592062007     
  0.999480194891714     
  0.999489034948361     
  0.999483927763835     
  0.999440999010382     
  0.999446581508435     
  0.999458603070837     
  0.999448461885141     
  0.999444580132856     
  0.999433578297126     
  0.999412587517896     
  0.999252363886028     
  0.998422598072786     
  0.994287523225040     
  0.996650459375567     
  0.998961550912248     
  0.999663784638347     
   1.00004440118371     
  0.978654764811539     
  0.996918028928837     
  0.994570755357137     
  0.994942866920195     
  0.999519056246901     
  0.999092014252464     
  0.999239488656544     
  0.999269143085065     
  0.999258322953399     
  0.999244933402061     
  0.999230776677901     
  0.999215689815769     
  0.999200415506382     
  0.999184922997554     
  0.999166910337765     
  0.999077353168447     
  0.999133536477348     
  0.999104619944696     
  0.999073447704896     
  0.998962930778547     
  0.998449418131308     
  0.998806760560200     
  0.998400646239160     
  0.994284181963667     
  0.998267254129835     
  0.998847790808975     
  0.998903621045471     
  0.998879743343396     
  0.998727181456129     
  0.998818521226364     
  0.998707796006380     
  0.998184347951670     
  0.996043864648453     
  0.997592764773339     
  0.997976558618732     
  0.995871261020338     
  0.992051240185182     
  0.991193376155121     
  0.989572831459072     
  0.996876632639197     
  0.998253445432659     
  0.998365406758941     
  0.998250830877789     
  0.997789223744196     
  0.997884278215106     
  0.998141102679427     
  0.998106428958004     
  0.998045526208793     
  0.997952281735656     
  0.997816256192722     
  0.997626046068611     
  0.997517054104863     
  0.995497842783560     
  0.997507860360765     
  0.997485011581229     
  0.997406552558255     
  0.997306886775067     
  0.997198131303810     
  0.997081581554397     
  0.996948847953643     
  0.996806368858397     
  0.996645430358599     
  0.996454711634993     
  0.996226192156714     
  0.996062333908091     
  0.996964489827889     
  0.931160377493142     
  0.857743390417151     
  0.991075963716544     
  0.995208618336876     
  0.994428830463499     
  0.991397533646064     
  0.959284872397679     
  0.870853295641616     
  0.967590706707771     
  0.971363707102466     
  0.929867394229200     
  0.984244867265864     
  0.990811174016711     
  0.990658992051833     
  0.989792617257989     
  0.986811331185562     
  0.951382862442662     
  0.920892885549621     
  0.975721782164793     
  0.881232626305848     
  0.899159490886861     
  0.901912855692756     
  0.980893179309065     
  0.977630091042841     
  0.973164035809597     
  0.963408866594980     
  0.953387061338549     
  0.962835746611007     
  0.956587267281077     
  0.956026043010484     
  0.946236354090326     
  0.934504431516050     
  0.875833661259130     
  0.890380395335335     
  0.907764508947920     
  0.888629064146940     
  0.867531269799635     
  0.854909958972527     
  0.861780065960709     
  0.877695487497659     
  0.890676793031323     
  0.898392175993950     
  0.896976171980752     
  0.884815382422470     
  0.858643940708860     
  0.805919577019588     
  0.716216270021603     
  0.573213535806245     
  0.480886205989959     
  0.471122960650956     
  0.515852249974578     
  0.599642391740502     
  0.704630422062964     
  0.788166981538313     
  0.836562821928362     
  0.866090054591033     
  0.888936644312127     
  0.906433248396832     
  0.920243067953825     
  0.933626866791124     
  0.945948294901616     
  0.954515138971358     
  0.960042560862148     
  0.965087384633997     
  0.969707974980314     
  0.972946995066512     
  0.975291648821524     
  0.977445286887552     
  0.979365886630412     
  0.981195149768196     
  0.982810141126252     
  0.984292672740732     
  0.985651961637036     
  0.986919034162115     
  0.988022013777669     
  0.989149123420732     
  0.990138846797402     
  0.991000752125191     
  0.991696667958934     
  0.991710182008069     
  0.992543785949957     
  0.993298911059627     
  0.993984624157939     
  0.994327011759373     
  0.994730870262715     
  0.995112526692347     
  0.995354492944918     
  0.995552643340607     
  0.995485130345698     
  0.995917429358940     
  0.996240238054466     
  0.996466463327303     
  0.996596179641149     
  0.996846506550736     
  0.996997728166519     
  0.997114900538166     
  0.997100204100836     
  0.992928097102433     
  0.988982475824469     
  0.996630358647742     
  0.996791239780631     
  0.997641116090652     
  0.997855501022441     
  0.997784808062231     
  0.988859115385779     
  0.997698322337802     
  0.998187146368515     
  0.998304585318092     
  0.997444523031727     
  0.998326051595897     
  0.998334305287108     
  0.998155888871514     
  0.997974939882775     
  0.996972903075051     
  0.987634691191356     
  0.911398008602195     
  0.878373644835309     
  0.946329284185968     
  0.991868452849786     
  0.997735907643850     
  0.998429076392039     
  0.998505574711281     
  0.998329579771209     
  0.994938426902011     
  0.970744093679254     
  0.798494212766991     
  0.782189228519660     
  0.773958465177021     
  0.906097099874353     
  0.986974575779799     
  0.997614549678625     
  0.997255640164653     
  0.998662856835780     
  0.998997226769939     
  0.999095685292651     
  0.999139793760612     
  0.999163986776200     
  0.999139059182231     
  0.998976640410843     
  0.999085262299717     
  0.998754696571140     
  0.999279631079997     
  0.999305096675234     
  0.999322327897625     
  0.998669253943644     
  0.999327668148301     
  0.999370554783383     
  0.999389837103130     
  0.999404203941348     
  0.999416564519808     
  0.999420514545932     
  0.999378602803681     
  0.999108593683035     
  0.999198481000891     
  0.999436331596739     
  0.999407634302378     
  0.999032692401841     
  0.999278755554516     
  0.999478248176067     
  0.999520936949302     
  0.999509764257213     
  0.999293106238063     
  0.998617865267412     
  0.999459503080998     
  0.999557368278093     
  0.999572563255566     
  0.999567438660697     
  0.999500001238415     
  0.999566171877744     
  0.999418006455931     
  0.999251484892072     
  0.999598047502297     
  0.999600564804644     
  0.999597464558279     
  0.999586151800056     
  0.999591836253672     
   1.00010807024558     
  0.999515838329498     
  0.980029613367974     
  0.997507844482068     
   1.00190751782011     
  0.989407400058844     
  0.976850525214645     
   1.00153060195778     
   1.00029849286063     
  0.999547098337801     
  0.999566420560522     
  0.999534274361207     
  0.998927258827111     
  0.993124438568166     
  0.929520005756346     
  0.955045324942442     
  0.983878345054711     
  0.998400246984700     
  0.999443687994373     
  0.999372659585722     
  0.999667366934810     
  0.999722186889893     
  0.999731085313520     
  0.999736866885196     
  0.999741902614587     
  0.999745753775828     
  0.999746311253619     
  0.999719714975157     
  0.999719194202493     
  0.999758600690644     
  0.999757442626488     
  0.999686194915344     
  0.999466991561750     
  0.999625943204449     
  0.999704849254644     
  0.999638716919885     
  0.999595552345776     
  0.999529965977077     
  0.999228156481561     
  0.999757645051490     
  0.999781141533586     
  0.999783145755929     
  0.999758769787998     
  0.999773932147910     
  0.999668570642228     
  0.999026610973902     
  0.997243933086385     
  0.997865522783717     
  0.999329342876965     
  0.999703414154526     
  0.999549992554320     
  0.998506301586739     
  0.997597991413993     
  0.999392029583211     
  0.999754455169672     
  0.999800399233083     
  0.999788051032733     
  0.999806580906759     
  0.999743097666877     
  0.999810459531067     
  0.999813945431202     
  0.999815484143940     
  0.999816955829654     
  0.999818091730599     
  0.999818883071600     
  0.999816167796507     
  0.999735090680161     
  0.999907177534456     
   1.00007814726064     
  0.992970617443926     
   1.00005857761368     
  0.999872299713686     
  0.999827360947519     
  0.999827431405394     
  0.999829205414090     
  0.999829629802979     
  0.999792199812262     
  0.999729865753149     
  0.999750614755616     
  0.999712161292646     
  0.999275742474078     
  0.999444245751543     
  0.999461298321946     
  0.999540767745367     
  0.999834646538397     
  0.999834278458585     
  0.999823713907617     
  0.999751267420974     
  0.999863017752912     
   1.00054404610409     
  0.990166362806156     
  0.995528221905125     
  0.983450645377479     
  0.971807783669420     
  0.999175975120030     
  0.999653243900533     
  0.999473353800700     
  0.997939301598931     
  0.994750434664078     
  0.998755152185299     
  0.999655590916127     
  0.999819730437953     
  0.999815923094392     
  0.999613195469551     
  0.997621543577319     
  0.964725453904530     
  0.952694951742089     
  0.996393378140754     
  0.999285083267393     
  0.999350435135930     
  0.999728647639322     
  0.999816598145305     
  0.999831723402678     
  0.999839169992782     
  0.999845845907425     
  0.999847159675895     
  0.999841673299666     
  0.999739306657343     
  0.999351896401808     
  0.999174832630094     
  0.999155666683428     
  0.999829929908720     
  0.999858174937846     
  0.999854403977308     
  0.999846754354943     
  0.999806453470877     
  0.999613123832584     
  0.999777541065212     
  0.999843639285413     
  0.999854873152320     
  0.999852033265438     
  0.999857050398077     
  0.999823110209518     
  0.999851124113408     
  0.999858555959808     
  0.999873481659316     
  0.999757061794642     
  0.999542489065462     
  0.999864867183923     
  0.999766894652346     
  0.999630772313579     
  0.999377434698040     
  0.999174895077287     
  0.999832800324693     
  0.999701955182388     
  0.998028883718252     
  0.990846983046984     
  0.990838879996960     
  0.998031718531305     
  0.999624562491579     
  0.999434295687682     
  0.998288081233477     
  0.998290008483730     
  0.999445477184287     
  0.999787381567761     
  0.999818695680676     
  0.999808819639161     
  0.999710965338862     
  0.994109785616528     
  0.986819443225527     
  0.999213261396527     
  0.999882315441798     
   1.00005872527887     
  0.988194189058630     
  0.998216814132400     
  0.999923574162127     
  0.999837854933327     
  0.999707254433163     
  0.997966826793681     
  0.998753894541873     
  0.999773777259765     
  0.999736355381934     
  0.999816661510521     
  0.999841410490459     
  0.999840046537444     
  0.999837576912405     
  0.999833296420378     
  0.999821896469248     
  0.999648986621665     
  0.999767308895641     
  0.999780455414686     
  0.999741436850526     
  0.998816739088777     
  0.988404058489983     
  0.946438933060962     
  0.890424947783310     
  0.914885629601075     
  0.973859786122956     
  0.988727503461509     
  0.968721581010515     
  0.977481173295461     
  0.995268240240567     
  0.999117392851252     
  0.999023984121453     
  0.998866712538086     
  0.999661781744465     
  0.999007557013370     
  0.993287938158291     
  0.921925594712712     
  0.921261581206136     
  0.993508167605089     
  0.998972065220379     
  0.999690363091117     
  0.999772536000318     
  0.999786371988581     
  0.999773724121237     
  0.999593072846888     
  0.999117302228370     
  0.998623338317982     
  0.998623788153176     
  0.998508802992558     
  0.990370282690821     
  0.905329274074040     
  0.924564852797156     
  0.988257358574350     
  0.959156002734561     
  0.884134771042757     
  0.872489502773951     
  0.951843175261119     
  0.988291629041727     
  0.979862248804445     
  0.979770594811301     
  0.992823441158635     
  0.979468787284152     
  0.945559703605822     
  0.966934144864870     
  0.993765331448619     
  0.998906756280146     
  0.999420929384441     
  0.998323931780686     
  0.989540780650095     
  0.960618928869684     
  0.925240406281556     
  0.960721964802667     
  0.992427179941488     
  0.997702462536230     
  0.992807185498845     
  0.989399295032762     
  0.997014451059670     
  0.999764052046269     
  0.995775355702513     
  0.990714064695400     
  0.972494651579855     
  0.949526100599323     
  0.978953606678759     
  0.995785544730038     
  0.999484980955905     
  0.999636297385299     
  0.999429326582456     
  0.999764453861327     
  0.999759334873582     
  0.999765312775862     
  0.999783590516616     
  0.999706701648796     
  0.999589347684664     
  0.999586110802128     
  0.999712001826536     
  0.999774876247113     
  0.999778248901632     
  0.999745470674200     
  0.999654926246076     
  0.999729341474321     
  0.999766698497043     
  0.999760988903690     
  0.999763521036006     
  0.999760321279727     
  0.999750253052900     
  0.999750909107923     
  0.999750666558592     
  0.999746644114905     
  0.999742685580649     
  0.999737604520555     
  0.999718023820356     
  0.999673308703331     
  0.999695804089753     
  0.995984683290324     
  0.998362619655603     
   1.00004111027628     
  0.989716927462358     
  0.976795855239139     
  0.999767422022749     
  0.999705509407011     
  0.999475005098553     
  0.996480176220074     
  0.979869521852882     
  0.942972880746361     
  0.956260423710291     
  0.988356081380421     
  0.998293285417099     
  0.999372014347942     
  0.998934807956645     
  0.998808104283267     
  0.999293100407238     
  0.999539549927007     
  0.989755010183644     
  0.996814730524510     
  0.992866019634410     
  0.994739790372248     
  0.999592790421106     
  0.999601574518814     
  0.999591542914062     
  0.999601224643699     
  0.999593335208282     
  0.999588483002001     
  0.999579763243695     
  0.999562058785666     
  0.999530622053682     
  0.999521852421090     
  0.999498210210776     
  0.999514088179560     
  0.999516512611620     
  0.999501132590291     
  0.998909755263299     
  0.999454283799586     
  0.999395156536176     
  0.999223041094922     
  0.999300306238314     
  0.999194633845360     
  0.997377366722216     
  0.990984929437569     
  0.977049905394980     
  0.997066918857916     
  0.999007080788808     
  0.998779505495459     
  0.996431484462918     
  0.993995008213172     
  0.996573513621532     
  0.994691253260640     
  0.954600370473693     
  0.964810985023690     
  0.824446960209328     
  0.971823335697488     
  0.995572204405979     
  0.998933838495769     
  0.999118823895684     
  0.999101802137515     
  0.999027142091849     
  0.998448461816555     
  0.993897660985714     
  0.942488279981688     
  0.942486516387478     
  0.992975470663667     
  0.992928956812771     
  0.985550940842522     
  0.993098430548788     
  0.997854125358759     
  0.998804790024817     
  0.998856845259417     
  0.998837675172119     
  0.998798430878185     
  0.998771077699266     
  0.998747761653600     
  0.998711457313335     
  0.998665771960459     
  0.998629974280870     
  0.998555763088111     
  0.998427087851724     
  0.997980994728097     
  0.997460846026350     
  0.997870998092770     
  0.998223814190725     
  0.998224920059949     
  0.997672450196920     
  0.998145268071942     
  0.998095193213029     
  0.997886317892633     
  0.997892003519300     
  0.997843779356733     
  0.997580091827697     
  0.996018857622695     
  0.985335990976608     
  0.977825544902488     
  0.946013557951371     
  0.960604211833866     
  0.989802142743414     
  0.986824320643363     
  0.977774003946124     
  0.991196164432639     
  0.992063356180675     
  0.993660742020068     
  0.994924192327641     
  0.996108374234188     
  0.996017140895176     
  0.995770984171055     
  0.995543251591928     
  0.995293747468602     
  0.994992870533875     
  0.994750333904971     
  0.994442643801432     
  0.994029063624173     
  0.993768791997935     
  0.993637315782196     
  0.992005197220314     
  0.988677084431323     
  0.992459662382093     
  0.991523713411165     
  0.990893656257804     
  0.990265872582479     
  0.989914280425714     
  0.989356151863981     
  0.988709923527183     
  0.987970267187029     
  0.987247848549243     
  0.986545239817594     
  0.985697375906573     
  0.984662346800270     
  0.983642642241360     
  0.982550019679252     
  0.981290766214851     
  0.979773900346433     
  0.977735255752264     
  0.971854309717781     
  0.965852606169164     
  0.967960334732121     
  0.969108135250991     
  0.967317631427100     
  0.964360489476745     
  0.961518254279123     
  0.958614544224888     
  0.955117953050065     
  0.951657779051882     
  0.947892151875776     
  0.943970084908059     
  0.940174451750347     
  0.936525261942730     
  0.933129988346617     
  0.930632862981384     
  0.930332209762861     
  0.932458681630441     
  0.935716847434638     
  0.939392137155070     
  0.943185223674008     
  0.947038887828720     
  0.950513905365174     
  0.953865712389047     
  0.957630170919604     
  0.960865632974334     
  0.963924333233729     
  0.966774039677087     
  0.969240420137275     
  0.971720053444242     
  0.973882585597784     
  0.975778426865230     
  0.977711446944345     
  0.979350719769925     
  0.980981329499875     
  0.982309948881065     
  0.983207694886797     
  0.984429891737825     
  0.985573983375687     
  0.985727294158708     
  0.982011667676907     
  0.970720745151011     
  0.978810244487002     
  0.985093164000633     
  0.989696074537531     
  0.990275707420504     
  0.990940966293950     
  0.991461020043605     
  0.991989678462306     
  0.992454418671591     
  0.992579619737398     
  0.991352347872666     
  0.981881895167680     
  0.968243821497448     
  0.986052633116768     
  0.993387359655987     
  0.994881247615716     
  0.995259847678336     
  0.995334836513854     
  0.994238008964403     
  0.990154493384952     
  0.990874363056712     
  0.995075718510987     
  0.996262073923858     
  0.996580085219895     
  0.996870235592331     
  0.997006387328145     
  0.997134737186972     
  0.997255609325388     
  0.997364660262164     
  0.997475531430844     
  0.997575099682889     
  0.997667153037753     
  0.997739640768239     
  0.997671660170334     
  0.997890414098827     
  0.997993071702987     
  0.998000063264148     
  0.998101323281095     
  0.998178113932672     
  0.997540725300894     
  0.998058989785859     
  0.998357331211504     
  0.998417876515363     
  0.998465773658872     
  0.998509744746027     
  0.998549491488258     
  0.998585972207396     
  0.998620900919227     
  0.998649691049991     
  0.998665716636015     
  0.998631748576299     
  0.998475268241137     
  0.998534549830698     
  0.998432881595930     
  0.998579904441325     
  0.998572922810777     
  0.998403425386582     
  0.997979481784611     
  0.994795850247690     
  0.951019627204490     
  0.752376895929048     
  0.553668522772350     
  0.888761841530950     
  0.981879811167791     
  0.997517808411535     
  0.991515803187936     
  0.996787388874393     
  0.996055478542581     
  0.999016499903348     
  0.999080703027847     
  0.998725855316157     
  0.997042045471501     
  0.994751515691579     
  0.996451986423422     
  0.998022581198358     
  0.998882972582590     
  0.999175141186160     
  0.999277830253403     
  0.999349503829653     
  0.999372662088817     
  0.999332370349890     
  0.998818431616533     
  0.997287248656560     
  0.996503441598918     
  0.998453335042051     
  0.999305465964605     
  0.999427725171249     
  0.999482909462030     
  0.999517774813198     
  0.999529781556730     
  0.999540019650699     
  0.999549825864705     
  0.999559044008427     
  0.999566021211885     
  0.999572737530858     
  0.999573692001448     
  0.999514140122120     
  0.997160777231596     
  0.998698983593471     
   1.00023021621819     
  0.999204101050935     
  0.994268782810623     
  0.999569530889316     
  0.998488867749178     
  0.999092794955210     
  0.999561559169750     
  0.999651554965724     
  0.999673959489823     
  0.999844688837187     
   1.00027878925972     
  0.996152463140287     
   1.00005084250947     
  0.999952053951477     
  0.999715230135965     
  0.999700681033231     
  0.999702796103516     
  0.999713606538120     
  0.999723007049379     
  0.999777282110017     
