  0.999639677280796     
  0.999635708153464     
  0.999621949851725     
  0.999624935014553     
  0.999622923054113     
  0.999586967471534     
  0.999564022497162     
  0.999556899270394     
  0.999596166029485     
  0.999358973739163     
  0.996938337269739     
  0.986063586416322     
  0.992301616901095     
  0.998075808549757     
  0.999393713135658     
  0.999403394097975     
  0.998620307436844     
  0.991454236816092     
  0.913424946104369     
  0.826325111202879     
  0.959767356410014     
  0.984362503525749     
  0.976588845090961     
  0.991770352376346     
  0.997844206135739     
  0.999295884481238     
  0.999495697164503     
  0.999526591299799     
  0.999534369746767     
  0.999537146640905     
  0.999533314117913     
  0.999432298428239     
  0.999371758983295     
  0.999523235975575     
  0.999526152421676     
  0.999522584645711     
  0.999518060505513     
  0.999512581730978     
  0.999506135693605     
  0.999486246886980     
  0.999493838360790     
  0.999488658093339     
  0.999451388001620     
  0.999451702614984     
  0.999464313159976     
  0.999453990268248     
  0.999449534882278     
  0.999438556308105     
  0.999417279729527     
  0.999251519158296     
  0.998395175053872     
  0.994348658310530     
  0.996603070304172     
  0.998947631280538     
  0.999687127974129     
   1.00030208509094     
  0.979327935053342     
  0.997225707119138     
  0.994786621273109     
  0.995090670759304     
  0.999541943374466     
  0.999117137530030     
  0.999249924594360     
  0.999276259655135     
  0.999265157374271     
  0.999251910198687     
  0.999237908471088     
  0.999222970281488     
  0.999207854652551     
  0.999192528495565     
  0.999174711682209     
  0.999093441295287     
  0.999141689582541     
  0.999113911377746     
  0.999084371042499     
  0.998965801683254     
  0.998443842250181     
  0.998809779148776     
  0.998438848283382     
  0.994700580275137     
  0.998316402475592     
  0.998864484095710     
  0.998914296226219     
  0.998890570014597     
  0.998756100460720     
  0.998829321374025     
  0.998715152198253     
  0.998169081657208     
  0.995998809251248     
  0.997602435939989     
  0.997961513359247     
  0.995748118774660     
  0.991789228311378     
  0.990877499818536     
  0.989342717211393     
  0.996808153194560     
  0.998258797777569     
  0.998379331203146     
  0.998261760090547     
  0.997793912966957     
  0.997910845208731     
  0.998156321975690     
  0.998125761607803     
  0.998066045966014     
  0.997974530425232     
  0.997831265731154     
  0.997636014661044     
  0.997530555067838     
  0.996023067703072     
  0.997535824923439     
  0.997508549805278     
  0.997431587028809     
  0.997333109038418     
  0.997225416181406     
  0.997110105888831     
  0.996979449422511     
  0.996838297889003     
  0.996679123216569     
  0.996491139165911     
  0.996266861493406     
  0.996120018296225     
  0.997160466060960     
  0.934226349318595     
  0.863961607174225     
  0.991666708306020     
  0.995304832295645     
  0.994477602691536     
  0.991326071934699     
  0.959694508935113     
  0.874560484253820     
  0.967626860258567     
  0.971685845162196     
  0.932112116822899     
  0.984276741441554     
  0.990852940673487     
  0.990741757790116     
  0.989866046526631     
  0.986795201314376     
  0.952458376086701     
  0.923277000366110     
  0.975742055049142     
  0.886595925773343     
  0.902916407318667     
  0.905716368121799     
  0.981223093329606     
  0.977792115835859     
  0.973220812789724     
  0.963159532459673     
  0.953072084548887     
  0.962918427447265     
  0.956952491206813     
  0.956333288749051     
  0.946617460361284     
  0.935300270382736     
  0.878889311263649     
  0.892403799886750     
  0.908246259774536     
  0.888963143578930     
  0.867890177359010     
  0.855367311099148     
  0.862236056715118     
  0.878108716904698     
  0.891094865537232     
  0.898806517722932     
  0.897445685293874     
  0.885303160401836     
  0.858963045003850     
  0.805745932799042     
  0.715117866541990     
  0.572372804843352     
  0.481314876528072     
  0.471688774814728     
  0.515716477522646     
  0.599159155018347     
  0.703913278600880     
  0.787750694427309     
  0.836507711634790     
  0.866205835396920     
  0.889074586425668     
  0.906613959053639     
  0.920509508622373     
  0.933951086911277     
  0.946292609905819     
  0.954853746237207     
  0.960367548009917     
  0.965393533013918     
  0.969993898932296     
  0.973209138425051     
  0.975529567395166     
  0.977660855160091     
  0.979565233335717     
  0.981373428445844     
  0.982974337487313     
  0.984443509032642     
  0.985790129648138     
  0.987046899336088     
  0.988148989771816     
  0.989260203962483     
  0.990239949348120     
  0.991096526541445     
  0.991810571838431     
  0.991823332202350     
  0.992640189250334     
  0.993382705706748     
  0.994053820312084     
  0.994396282349787     
  0.994792800474643     
  0.995163076543928     
  0.995398735577647     
  0.995591658334779     
  0.995537410861404     
  0.995954710146900     
  0.996273933292415     
  0.996503168887683     
  0.996638486493827     
  0.996880352062784     
  0.997030325406600     
  0.997146182432715     
  0.997129816572779     
  0.993280345960048     
  0.989688744320350     
  0.996657317180539     
  0.996810761399827     
  0.997656787421344     
  0.997876729343792     
  0.997801434533652     
  0.989468025909543     
  0.997721217357162     
  0.998205192985810     
  0.998331089312398     
  0.997490025625989     
  0.998351735423434     
  0.998353229871327     
  0.998185369118441     
  0.997997316893874     
  0.996943119356378     
  0.987210091833205     
  0.913964158243264     
  0.882253239258893     
  0.946928471876426     
  0.991603600404160     
  0.997741864012028     
  0.998447973726631     
  0.998523845203322     
  0.998344034625493     
  0.994798619072956     
  0.969549722875384     
  0.802442616583666     
  0.786079473384010     
  0.779013543880402     
  0.906633494336999     
  0.986428916323787     
  0.997580316991451     
  0.997395011683132     
  0.998672397862445     
  0.999005320407203     
  0.999104817228646     
  0.999148557970059     
  0.999171860763406     
  0.999144992313587     
  0.998983516022926     
  0.999096358004771     
  0.998792625012076     
  0.999286958390495     
  0.999312613825361     
  0.999329188363686     
  0.998845923510149     
  0.999340347641502     
  0.999378148510800     
  0.999395752128224     
  0.999409537807199     
  0.999421699099930     
  0.999425061385809     
  0.999380410784329     
  0.999109514038243     
  0.999211020295795     
  0.999439961229680     
  0.999408153298669     
  0.999025951959389     
  0.999274139325978     
  0.999480408392814     
  0.999524758486837     
  0.999512573177350     
  0.999301604591666     
  0.998664251798933     
  0.999462741138574     
  0.999560808096300     
  0.999576314505896     
  0.999571945541469     
  0.999509149731714     
  0.999571235656562     
  0.999463869229988     
  0.999340804501267     
  0.999602333799530     
  0.999605250001517     
  0.999602650330748     
  0.999592477634243     
  0.999602528749456     
   1.00016081264021     
  0.999893989919184     
  0.981724830801570     
  0.998068470976729     
   1.00215018971064     
  0.990935989174350     
  0.979221284341215     
   1.00204248014401     
   1.00037343172055     
  0.999560913639548     
  0.999575066813009     
  0.999541514358816     
  0.998909815281748     
  0.992999791231316     
  0.931730313723090     
  0.956145975641886     
  0.984334722990741     
  0.998379084173366     
  0.999439337715571     
  0.999410247819259     
  0.999672871269108     
  0.999724616475871     
  0.999733296157985     
  0.999738861450992     
  0.999743723400724     
  0.999747426030319     
  0.999747635147091     
  0.999723037581625     
  0.999723497708436     
  0.999759773767549     
  0.999758368296766     
  0.999693668374635     
  0.999459564979965     
  0.999620641415881     
  0.999708381418441     
  0.999643328912770     
  0.999587551690231     
  0.999530824894784     
  0.999306948186681     
  0.999758916754376     
  0.999781801249322     
  0.999783789433570     
  0.999761770341671     
  0.999773930222306     
  0.999663104726081     
  0.998990420918636     
  0.997154873859840     
  0.997791427966759     
  0.999308418347916     
  0.999701537977123     
  0.999541836943335     
  0.998491741571984     
  0.997618930284007     
  0.999376131507512     
  0.999752781331154     
  0.999800685850096     
  0.999789365382946     
  0.999807156060853     
  0.999749430611663     
  0.999810829646231     
  0.999814175248124     
  0.999815706484660     
  0.999817186815497     
  0.999818299052536     
  0.999819119076126     
  0.999817328424005     
  0.999754748927315     
  0.999916819932551     
   1.00012940868972     
  0.993195281362273     
   1.00011100091723     
  0.999888219186321     
  0.999827861771418     
  0.999827413189622     
  0.999829155144736     
  0.999829550047410     
  0.999795564995443     
  0.999741455539692     
  0.999746998897269     
  0.999706741625946     
  0.999291781094429     
  0.999453347569462     
  0.999535065142267     
  0.999607185249875     
  0.999834413834639     
  0.999834004540906     
  0.999823001143620     
  0.999752257088604     
  0.999873098716801     
   1.00060542214107     
  0.990523343144406     
  0.995800557701222     
  0.984073816564275     
  0.973650091291349     
  0.999146599535850     
  0.999649422633156     
  0.999462298942831     
  0.997876989229795     
  0.994644711287315     
  0.998705378543025     
  0.999648946713847     
  0.999818976084341     
  0.999815522370773     
  0.999604029127110     
  0.997535574318654     
  0.965780257845417     
  0.954280772250857     
  0.996294213164796     
  0.999270145041540     
  0.999349949580919     
  0.999724163759996     
  0.999814804286397     
  0.999830616299358     
  0.999838077926853     
  0.999845382147364     
  0.999846250769812     
  0.999840350724598     
  0.999732506576050     
  0.999325811660377     
  0.999144123155886     
  0.999159253780644     
  0.999831313350012     
  0.999858745144312     
  0.999853528103074     
  0.999845593588628     
  0.999803196709622     
  0.999608857471649     
  0.999775605520382     
  0.999841895242740     
  0.999853649339814     
  0.999852046672343     
  0.999855899065792     
  0.999828282945207     
  0.999850945512469     
  0.999857371440035     
  0.999873125035342     
  0.999762352351407     
  0.999552005958690     
  0.999864747375427     
  0.999762200715883     
  0.999629499265885     
  0.999415218394557     
  0.999240579973046     
  0.999830281915628     
  0.999692669206559     
  0.997932569906050     
  0.990500404477297     
  0.990492438242506     
  0.997936253559886     
  0.999614456212797     
  0.999412409426759     
  0.998228819244095     
  0.998230980829610     
  0.999424192499389     
  0.999783269298947     
  0.999819598070222     
  0.999810827376839     
  0.999715589092768     
  0.994575386470121     
  0.987961026093007     
  0.999249236568642     
  0.999887685099886     
   1.00009645395284     
  0.988480185310718     
  0.998314076642187     
  0.999943789360820     
  0.999836032873247     
  0.999706629059503     
  0.998098598816363     
  0.998810534680976     
  0.999772436409635     
  0.999754726203347     
  0.999820163564715     
  0.999839002147798     
  0.999837442742220     
  0.999834848526318     
  0.999830348749613     
  0.999818543762124     
  0.999658527728636     
  0.999765990810259     
  0.999777713413269     
  0.999734758389289     
  0.998762752009265     
  0.987810069479854     
  0.944050020745547     
  0.886631009105181     
  0.911605733101265     
  0.972537636594793     
  0.988251786406195     
  0.968341355455169     
  0.977064916130089     
  0.995057001142409     
  0.999085318303331     
  0.999029023594708     
  0.998874956789727     
  0.999655717862089     
  0.998973736442997     
  0.992994665437720     
  0.924990834764004     
  0.924379205220817     
  0.993201970025741     
  0.998935526808811     
  0.999684234346846     
  0.999768776242400     
  0.999782776425146     
  0.999769467777885     
  0.999591830338900     
  0.999118155015935     
  0.998584355290867     
  0.998579916649974     
  0.998449821725851     
  0.990102667838576     
  0.907828703562594     
  0.926332378015582     
  0.987736065609023     
  0.957126414618952     
  0.879941515049620     
  0.868223475484233     
  0.949477932344812     
  0.987728228257309     
  0.979437014689827     
  0.979349128142123     
  0.992509801765288     
  0.978775500495365     
  0.944498140099261     
  0.966065782032556     
  0.993481412553409     
  0.998863971739296     
  0.999403906900886     
  0.998252806925212     
  0.989126311800815     
  0.959514961639993     
  0.923752800518260     
  0.959562778884269     
  0.992062873146988     
  0.997592733011255     
  0.992678802986004     
  0.989292811052831     
  0.996907461995384     
  0.999758821517903     
  0.995894416440169     
  0.990553237017103     
  0.971317998117438     
  0.947818132440440     
  0.977977308988617     
  0.995600244668701     
  0.999464730759241     
  0.999634112208669     
  0.999445225214894     
  0.999756821165937     
  0.999756719277019     
  0.999761893958411     
  0.999775676662845     
  0.999699537869299     
  0.999574343755214     
  0.999571229895856     
  0.999703535407809     
  0.999766663286556     
  0.999770312657910     
  0.999747429179885     
  0.999655091559911     
  0.999722987343733     
  0.999758293566437     
  0.999752667525421     
  0.999755023450504     
  0.999751734499832     
  0.999742123237853     
  0.999742331075973     
  0.999741746820112     
  0.999737587054068     
  0.999733486653622     
  0.999728234214283     
  0.999707985905374     
  0.999661297181589     
  0.999698530034821     
  0.996103202571236     
  0.998432398906399     
   1.00006275565245     
  0.989962300976498     
  0.977212242254206     
  0.999789453394787     
  0.999696686948485     
  0.999453800618661     
  0.996305499283243     
  0.978891157601901     
  0.940980816288861     
  0.954544017613787     
  0.987763507707883     
  0.998210193229683     
  0.999345333890029     
  0.998891712617044     
  0.998761721644209     
  0.999264548865840     
  0.999528382451974     
  0.991379029745351     
  0.997249761737593     
  0.993964754126385     
  0.995523457315970     
  0.999581464468682     
  0.999588786294867     
  0.999578827341671     
  0.999586479404268     
  0.999578514855862     
  0.999572942421380     
  0.999563796204490     
  0.999545852431072     
  0.999512352432780     
  0.999503422185094     
  0.999481170223020     
  0.999496776563510     
  0.999498041619710     
  0.999481985624924     
  0.998952111034076     
  0.999434035955297     
  0.999371193469635     
  0.999194392813508     
  0.999273169372852     
  0.999161753513656     
  0.997337211385955     
  0.990732793814841     
  0.977630905832705     
  0.996948858218263     
  0.998965980390571     
  0.998727082006546     
  0.996298103702947     
  0.993810274374249     
  0.996489299748642     
  0.994623771696463     
  0.956966848350722     
  0.964370998496913     
  0.831028307229904     
  0.971284125933984     
  0.995370457401205     
  0.998898492251313     
  0.999090953157124     
  0.999073874277941     
  0.998999430691634     
  0.998405125076406     
  0.993779971749624     
  0.945409310045071     
  0.945401956808043     
  0.992803220926634     
  0.992632637515286     
  0.985077738078267     
  0.992796320524209     
  0.997758420432006     
  0.998760801881959     
  0.998813841510957     
  0.998791570718157     
  0.998753568046671     
  0.998724251738838     
  0.998696406719457     
  0.998658338980005     
  0.998611172913978     
  0.998573113527578     
  0.998501944961520     
  0.998363534556219     
  0.997893814708305     
  0.997358622700213     
  0.997779390145017     
  0.998148322370334     
  0.998152647237293     
  0.997645318424702     
  0.998067009114103     
  0.998015098930009     
  0.997806478241624     
  0.997807215986590     
  0.997753927569886     
  0.997478174736238     
  0.995894955280447     
  0.985475642909453     
  0.976818030509989     
  0.944371803371647     
  0.959537317386733     
  0.989316909490551     
  0.986344297426318     
  0.977157254514732     
  0.990838268602367     
  0.991979489579187     
  0.993617474051233     
  0.994835086574010     
  0.995960501269264     
  0.995847295620173     
  0.995589928823542     
  0.995352266690212     
  0.995092765758861     
  0.994785042684173     
  0.994525269007070     
  0.994204386086867     
  0.993790738379747     
  0.993502037521597     
  0.993367852861064     
  0.991795987213716     
  0.988521832155620     
  0.992145567980801     
  0.991161720604159     
  0.990512518921577     
  0.989879054745250     
  0.989484220867837     
  0.988900778085319     
  0.988226657908608     
  0.987454938383341     
  0.986701880302717     
  0.985970116649688     
  0.985086968919298     
  0.984009777451859     
  0.982946130838900     
  0.981807096399770     
  0.980495567259031     
  0.978915315355667     
  0.976795298969952     
  0.970944086434097     
  0.964785152593930     
  0.966658540133718     
  0.967803520984027     
  0.965945278742377     
  0.962910224884874     
  0.959916991574990     
  0.956887550761893     
  0.953248248427617     
  0.949644683495106     
  0.945722139944730     
  0.941634412472748     
  0.937674566362619     
  0.933865191358558     
  0.930326808845335     
  0.927733780523641     
  0.927422953503827     
  0.929628195131053     
  0.933021301728203     
  0.936857495206725     
  0.940815423432717     
  0.944832674926747     
  0.948466082551966     
  0.951969990692672     
  0.955863854301877     
  0.959230107610005     
  0.962413465334724     
  0.965379493112962     
  0.967947018435722     
  0.970528045167659     
  0.972779592790757     
  0.974753927952596     
  0.976767486233837     
  0.978481732814388     
  0.980182905994210     
  0.981571163933592     
  0.982527827777042     
  0.983797387945102     
  0.984961514642468     
  0.985113807659006     
  0.981230569375155     
  0.969694328322637     
  0.977959025646569     
  0.984870538721814     
  0.989260921169206     
  0.989875824908742     
  0.990553618312559     
  0.991095761717465     
  0.991646995009410     
  0.992131734072354     
  0.992279918816941     
  0.990971753043060     
  0.981205121351479     
  0.967354063618748     
  0.985485638722072     
  0.993096980623832     
  0.994662296972632     
  0.995057784134610     
  0.995134750522843     
  0.993980315508114     
  0.989772539976614     
  0.990511646529116     
  0.994854892290587     
  0.996121832969974     
  0.996455958433247     
  0.996737295478015     
  0.996879174128759     
  0.997013155855599     
  0.997139340591328     
  0.997253896963515     
  0.997368968162876     
  0.997472963261849     
  0.997569114170317     
  0.997646302199073     
  0.997598055606878     
  0.997813283576220     
  0.997910134512171     
  0.997940975902696     
  0.998034047070602     
  0.998103916664167     
  0.997529923862038     
  0.998010852117130     
  0.998291655323833     
  0.998355299031787     
  0.998405821143044     
  0.998452376804428     
  0.998495019501882     
  0.998534282692137     
  0.998571263694694     
  0.998602742442974     
  0.998621234234550     
  0.998587896409838     
  0.998430477406864     
  0.998496590172488     
  0.998410302356486     
  0.998562836824482     
  0.998563709522025     
  0.998409587719706     
  0.998012868470491     
  0.994782770437748     
  0.951579026033486     
  0.754878124487558     
  0.563119072555090     
  0.887023970045722     
  0.981350430743023     
  0.997601265224548     
  0.991750929916534     
  0.996875861149608     
  0.996135735975164     
  0.999024819709582     
  0.999069868375103     
  0.998694354031550     
  0.996984713054036     
  0.994751000772258     
  0.996399545602627     
  0.997944327725914     
  0.998841728632524     
  0.999149499819211     
  0.999255728645699     
  0.999331426203099     
  0.999355510357509     
  0.999309196838782     
  0.998768445160764     
  0.997173999345200     
  0.996412561521425     
  0.998385278690126     
  0.999280084678246     
  0.999414738061684     
  0.999472187799858     
  0.999500800491339     
  0.999513205806192     
  0.999523896649112     
  0.999533990109563     
  0.999543581090389     
  0.999551190109715     
  0.999558074985273     
  0.999559713846131     
  0.999503593476871     
  0.997261426323872     
  0.998724356774888     
   1.00025785547769     
  0.999486404760924     
  0.994891540244133     
  0.999608432322003     
  0.998428705880096     
  0.999056324681695     
  0.999545195313086     
  0.999639709836183     
  0.999663432429364     
  0.999850613504922     
   1.00035007772995     
  0.996570746703935     
   1.00015508611104     
  0.999957233060505     
  0.999706242461969     
  0.999690457877208     
  0.999692561021074     
  0.999703675257577     
  0.999713525795242     
  0.999770916978646     
