  0.999668562062378     
  0.999664306643915     
  0.999635640464850     
  0.999651761430212     
  0.999646799072781     
  0.999605134967267     
  0.999594780860448     
  0.999586504910058     
  0.999626111650463     
  0.999385886223444     
  0.996938018983514     
  0.986782542575192     
  0.992152621657126     
  0.998071415521345     
  0.999415274871279     
  0.999422580088372     
  0.998742071618196     
  0.992806625941474     
  0.916255166517961     
  0.828806177014216     
  0.963184901460891     
  0.985850411242231     
  0.978181382231738     
  0.991822323409085     
  0.997864909872288     
  0.999336848807096     
  0.999523800771796     
  0.999559787633907     
  0.999567739613609     
  0.999572935751379     
  0.999570246779184     
  0.999471141864649     
  0.999408955330437     
  0.999562433891450     
  0.999564515387937     
  0.999561487888570     
  0.999556665262467     
  0.999552642761087     
  0.999546978386095     
  0.999522545260812     
  0.999535842743770     
  0.999531267288929     
  0.999375304684353     
  0.999499148130306     
  0.999504647736570     
  0.999497910282413     
  0.999495837515880     
  0.999486226946084     
  0.999467831765098     
  0.999318695613282     
  0.998510170531375     
  0.994216762826123     
  0.997016745886483     
  0.999058015992956     
  0.999765264841617     
   1.00014501383235     
  0.982803870314042     
  0.998392465868716     
  0.995884268251651     
  0.995959404695604     
  0.999661183881756     
  0.999139692357870     
  0.999299868151027     
  0.999328215955781     
  0.999327927235439     
  0.999315842669359     
  0.999303101784928     
  0.999288936525024     
  0.999275244154958     
  0.999261340762883     
  0.999244620798501     
  0.999139295077515     
  0.999214760967658     
  0.999185141352454     
  0.999133897066449     
  0.999040916444011     
  0.998561873023830     
  0.998839673336200     
  0.998446329874564     
  0.993249980458195     
  0.998300821105075     
  0.998919345059769     
  0.999004455162875     
  0.998983467461198     
  0.998697310856912     
  0.998928839082575     
  0.998818816995371     
  0.998303930755708     
  0.996472358324874     
  0.997719425325380     
  0.998126103817342     
  0.996100324726454     
  0.992460141199929     
  0.991306601725544     
  0.990075159606594     
  0.996941564090641     
  0.998393300167187     
  0.998518165880098     
  0.998410589144433     
  0.998006553372119     
  0.997999175925985     
  0.998310429474904     
  0.998274357099684     
  0.998208372881964     
  0.998090424866752     
  0.997986642134195     
  0.997778508476450     
  0.997652397394561     
  0.992052434401157     
  0.997680267939346     
  0.997720644951662     
  0.997652117798328     
  0.997563260603282     
  0.997466327562519     
  0.997362038040875     
  0.997240976694957     
  0.997114958288306     
  0.996972143391581     
  0.996801493627149     
  0.996604828933127     
  0.996561485880754     
  0.998378658378151     
  0.940161260605829     
  0.871022734262464     
  0.993859704676353     
  0.996002037879758     
  0.995011323656483     
  0.992371417445872     
  0.962909393787934     
  0.878690434223470     
  0.970934827446364     
  0.974078309556456     
  0.933328708355861     
  0.986078192498722     
  0.991828778397524     
  0.991601801932389     
  0.990859778422864     
  0.988267936316657     
  0.954921091605145     
  0.925259652731088     
  0.978231981583247     
  0.884870405273082     
  0.909611831140787     
  0.911949598799630     
  0.984045423900029     
  0.980037829782465     
  0.975490697847276     
  0.965573820694498     
  0.956450799561758     
  0.965933930131608     
  0.961055240159710     
  0.960272579266819     
  0.950848809705142     
  0.939939875465585     
  0.885944367919950     
  0.899269798903265     
  0.914286927521799     
  0.895480823493481     
  0.874353607492848     
  0.861062034610446     
  0.867741995814736     
  0.883632715272459     
  0.896257354519172     
  0.903710731038719     
  0.901735544142607     
  0.889455117954062     
  0.864171413967136     
  0.811722626594724     
  0.720124010864757     
  0.572032703701938     
  0.475679003936548     
  0.465605741548793     
  0.512101158299174     
  0.597417826793895     
  0.707286001838699     
  0.794636506430356     
  0.843888093730211     
  0.873471548287481     
  0.896530881404914     
  0.913636244629505     
  0.926405300893007     
  0.938680716797058     
  0.949930018154839     
  0.957805909277246     
  0.962888031407524     
  0.967533710429799     
  0.971770378987570     
  0.974813648289590     
  0.977075861301109     
  0.979141243369473     
  0.980961948041987     
  0.982694664977191     
  0.984198982273903     
  0.985591964760091     
  0.986858188838795     
  0.988014574828735     
  0.988962741284105     
  0.990033659778844     
  0.990941413846453     
  0.991711554182641     
  0.992158519823918     
  0.992349359425471     
  0.993163115594913     
  0.993817109086824     
  0.994450613857690     
  0.994741361768053     
  0.995111456931327     
  0.995503439598241     
  0.995713104323877     
  0.995885626069330     
  0.995802979022330     
  0.996218067723524     
  0.996525336465777     
  0.996745498772662     
  0.996847957093543     
  0.997103432934057     
  0.997241938972434     
  0.997346646491436     
  0.997327164293950     
  0.992398508453782     
  0.987406854735100     
  0.996839481881131     
  0.997058024277382     
  0.997835974495913     
  0.998032083070518     
  0.997982188990588     
  0.988722586827403     
  0.997892178813670     
  0.998348623154471     
  0.998471180255757     
  0.997739727239369     
  0.998479325249794     
  0.998464641682126     
  0.998271052170939     
  0.998112387350385     
  0.997200599316520     
  0.988561387946902     
  0.904845611769820     
  0.869070477306090     
  0.945030778420618     
  0.992483732720596     
  0.997871915698772     
  0.998543051457781     
  0.998617752076408     
  0.998381004404099     
  0.995309882315753     
  0.972740782300247     
  0.794587777756963     
  0.778224954330373     
  0.767971316345596     
  0.906424128142510     
  0.987923657051054     
  0.997776008598965     
  0.996629290712074     
  0.998757129442191     
  0.999078515491532     
  0.999170171072417     
  0.999211412262399     
  0.999234167804411     
  0.999212987103984     
  0.999073583801565     
  0.999155309773276     
  0.998762981524819     
  0.999341754875259     
  0.999360405660679     
  0.999377519815527     
  0.997409988036717     
  0.999338906887453     
  0.999400341331575     
  0.999438517343662     
  0.999456066025503     
  0.999467559310764     
  0.999470937370087     
  0.999430944528915     
  0.999194295310105     
  0.999247499516238     
  0.999484919411117     
  0.999456180867557     
  0.999127873975026     
  0.999339000572167     
  0.999522482888818     
  0.999563359240377     
  0.999554405935519     
  0.999346262637318     
  0.998682774671781     
  0.999510411143740     
  0.999595690472365     
  0.999610331854707     
  0.999605157020279     
  0.999528104418631     
  0.999602948701012     
  0.999153749365726     
  0.998651762631990     
  0.999634384380566     
  0.999638414259211     
  0.999637370204786     
  0.999629591994005     
  0.999650655498053     
   1.00030883707032     
   1.00067550450389     
  0.982599948004019     
  0.999022922290071     
   1.00273948926383     
  0.992068560712267     
  0.981119996943097     
   1.00328313582709     
   1.00058343214381     
  0.999619439797773     
  0.999611600916156     
  0.999578108604741     
  0.999081800699944     
  0.994165875642299     
  0.933333460831081     
  0.958409150305656     
  0.984825473960354     
  0.998634333528216     
  0.999492217172729     
  0.999153424372207     
  0.999676756146316     
  0.999746004575061     
  0.999754242080314     
  0.999759462893065     
  0.999763233403178     
  0.999767290703763     
  0.999768335846225     
  0.999736884598045     
  0.999724957467814     
  0.999779034552945     
  0.999777136768108     
  0.999487281749120     
  0.999493846357461     
  0.999638109472544     
  0.999707867707343     
  0.999639924310094     
  0.999592928554755     
  0.999491744559477     
  0.998829421600495     
  0.999773992419536     
  0.999799378053995     
  0.999800913275364     
  0.999773219625352     
  0.999793020018649     
  0.999692626595572     
  0.999083573006632     
  0.997477041610536     
  0.998024283548624     
  0.999350840234283     
  0.999720548686389     
  0.999597627279072     
  0.998633798522034     
  0.997661267867415     
  0.999461634182580     
  0.999777692481878     
  0.999816989002007     
  0.999804132310308     
  0.999821684104297     
  0.999750698922473     
  0.999825557106890     
  0.999828764451635     
  0.999830213255474     
  0.999831598468813     
  0.999832515544270     
  0.999831788594307     
  0.999818091301318     
  0.999571179356153     
  0.999938148817779     
   1.00026440786853     
  0.994240530063054     
   1.00024990337983     
  0.999883223438088     
  0.999842981977432     
  0.999841306834620     
  0.999842618703924     
  0.999841936786897     
  0.999796749089326     
  0.999648376096880     
  0.999745308884146     
  0.999709437370682     
  0.999271618484531     
  0.999434817278705     
  0.998789839064579     
  0.999149152076322     
  0.999847340261916     
  0.999847318197810     
  0.999838090344497     
  0.999767292665929     
  0.999900530338758     
   1.00073992493580     
  0.992134557374090     
  0.997005920480533     
  0.985519816779441     
  0.971033333371821     
  0.999340452280820     
  0.999696743715779     
  0.999504622344740     
  0.998102615327862     
  0.995350596521246     
  0.998809249986859     
  0.999668770060244     
  0.999833348280522     
  0.999832203171026     
  0.999671706794306     
  0.998076663568183     
  0.966958789985927     
  0.955193651687542     
  0.997033817158568     
  0.999378579920034     
  0.999335057123231     
  0.999748557326268     
  0.999827537824854     
  0.999840579995651     
  0.999848174455731     
  0.999845154984480     
  0.999855074410552     
  0.999849351043006     
  0.999714305521274     
  0.999216537908919     
  0.999024540429510     
  0.999183276169611     
  0.999845486255777     
  0.999864276913043     
  0.999864216693924     
  0.999855606626922     
  0.999818566836708     
  0.999646777654321     
  0.999786444906653     
  0.999853943965033     
  0.999865175476985     
  0.999856935713411     
  0.999867179837603     
  0.999792220463912     
  0.999854021341786     
  0.999868284893652     
  0.999885738211953     
  0.999794894999862     
  0.999614136561284     
  0.999877421076176     
  0.999784815613955     
  0.999653874718939     
  0.999274702186995     
  0.998973680908749     
  0.999844465475099     
  0.999702979162433     
  0.997923057108574     
  0.990780756486316     
  0.990774628687974     
  0.997927985345203     
  0.999626438465843     
  0.999464062745636     
  0.998425428714118     
  0.998427190408598     
  0.999474123528571     
  0.999799232269959     
  0.999807797292017     
  0.999809515746452     
  0.999736685713696     
  0.993192400389652     
  0.984090655242941     
  0.999228228104713     
  0.999920346757136     
   1.00029125401870     
  0.990339293858675     
  0.998639625586070     
  0.999928178104658     
  0.999855864387637     
  0.999722096682410     
  0.997648885416023     
  0.998680355254022     
  0.999768051324889     
  0.999571340617724     
  0.999761327817508     
  0.999852008970984     
  0.999851409058716     
  0.999848168103051     
  0.999845461552598     
  0.999835316023025     
  0.999640976053600     
  0.999777358025855     
  0.999791915979631     
  0.999759096492452     
  0.998775974504888     
  0.987890740145624     
  0.945497075489350     
  0.892620799233654     
  0.915422981091646     
  0.972838126458378     
  0.989366398362024     
  0.972368783302870     
  0.980013449138471     
  0.995658478693712     
  0.999188664924043     
  0.999143529448151     
  0.998992560673202     
  0.999665926860387     
  0.999070733494077     
  0.993818827229209     
  0.914768997236737     
  0.913998524578216     
  0.994064396343870     
  0.999056504431232     
  0.999709890875226     
  0.999787515675988     
  0.999801822386969     
  0.999791611021829     
  0.999622401645285     
  0.999159505682586     
  0.998731144158221     
  0.998746102174922     
  0.998747841372870     
  0.992076128028004     
  0.911290534396987     
  0.930007333585511     
  0.989086062014309     
  0.957423927714295     
  0.885623002725656     
  0.875034917875838     
  0.950016723230550     
  0.988245829872139     
  0.982169666843681     
  0.982223737764033     
  0.993445462866288     
  0.981551482147230     
  0.951982414285286     
  0.970625580677083     
  0.994293780359983     
  0.999018278900059     
  0.999492109030409     
  0.998477162757388     
  0.990502484518886     
  0.964722212805210     
  0.933673319084816     
  0.964831718531588     
  0.993093857345482     
  0.997971691622115     
  0.993688953599054     
  0.990725301352420     
  0.997342649993067     
  0.999891521193859     
  0.996588428840599     
  0.991225070446940     
  0.972310339817869     
  0.950924611174636     
  0.978491970476684     
  0.995564521340922     
  0.999480465660462     
  0.999647515205410     
  0.999398986322976     
  0.999778925305668     
  0.999745979198437     
  0.999757200529992     
  0.999799640407164     
  0.999717117954837     
  0.999621698840767     
  0.999618159271860     
  0.999726900087576     
  0.999790371254654     
  0.999792639008160     
  0.999540735354084     
  0.999650295112996     
  0.999742900734537     
  0.999781697944172     
  0.999787824763934     
  0.999778546865620     
  0.999775344898532     
  0.999764071845881     
  0.999765620357542     
  0.999765851342970     
  0.999762122839715     
  0.999758257215462     
  0.999753613949122     
  0.999733529603202     
  0.999690325128463     
  0.999779912071460     
  0.996737546873530     
  0.998799486754247     
   1.00029433815716     
  0.990930345924200     
  0.980864946202157     
   1.00015773020256     
  0.999768760804091     
  0.999490425186505     
  0.996327700694592     
  0.979213693348613     
  0.944259040312861     
  0.956546514353840     
  0.987873144251700     
  0.998253170734435     
  0.999397502818503     
  0.998996271968708     
  0.998879602939902     
  0.999319979864114     
  0.999505105088172     
  0.981517238337373     
  0.994712737613201     
  0.987317463519352     
  0.990805755365990     
  0.999595169778627     
  0.999612135224372     
  0.999604688690549     
  0.999618362992747     
  0.999610588478991     
  0.999607109541700     
  0.999598767787409     
  0.999565147548774     
  0.999544107428641     
  0.999534776154127     
  0.999514359115448     
  0.999528939453424     
  0.999536114212473     
  0.999522039318422     
  0.998804307314439     
  0.999479718649949     
  0.999426163520247     
  0.999273273384076     
  0.999342166267476     
  0.999263989016006     
  0.997434198946495     
  0.992375941376897     
  0.978162435850061     
  0.997514927046238     
  0.999097486577613     
  0.998804339434785     
  0.996535711750791     
  0.994292712335607     
  0.996546967904075     
  0.994779348235013     
  0.946683807121982     
  0.965684316333778     
  0.813978798514825     
  0.972870200641327     
  0.995911685102010     
  0.998958921931342     
  0.999151604266393     
  0.999134327528596     
  0.999061619125611     
  0.998556442287079     
  0.994558722246975     
  0.939950783859001     
  0.939936138463524     
  0.993593671914784     
  0.992926559875840     
  0.985935393125314     
  0.993029117498061     
  0.997847338961927     
  0.998824690196587     
  0.998898977157347     
  0.998890202133541     
  0.998828939540426     
  0.998803941612546     
  0.998804535239334     
  0.998768578220083     
  0.998726409839371     
  0.998690970340761     
  0.998575430755568     
  0.998478147911744     
  0.998077580764840     
  0.997592719893951     
  0.997972400624408     
  0.998304139210037     
  0.998301902063109     
  0.997601699174699     
  0.998229490099480     
  0.998183157311316     
  0.998001300157306     
  0.997997299825799     
  0.997911388479088     
  0.997681364194677     
  0.996138475906441     
  0.984223620414521     
  0.977454836417992     
  0.947850237843631     
  0.961851259000263     
  0.990026230879704     
  0.988693082183999     
  0.981140113818262     
  0.992465960305804     
  0.993103465577425     
  0.994393986094584     
  0.995366961003913     
  0.996327352835575     
  0.996179881852416     
  0.995933725618567     
  0.995710859917071     
  0.995465919450015     
  0.995152255099206     
  0.994937105912749     
  0.994637425783628     
  0.994135510609118     
  0.993983005135002     
  0.993885171812157     
  0.992610675031926     
  0.989709026356653     
  0.992765793863892     
  0.991795769562537     
  0.991145223691602     
  0.990454469319287     
  0.990193221036724     
  0.989638428704819     
  0.988981253049878     
  0.988218341394450     
  0.987496365586116     
  0.986821769599660     
  0.985996304702523     
  0.984977641523253     
  0.983965678078871     
  0.982865534709848     
  0.981573988877298     
  0.980033239340505     
  0.977977477990498     
  0.971987450272104     
  0.966088874615492     
  0.968113519435086     
  0.969119175728813     
  0.967301730343406     
  0.964160601574059     
  0.961281501619210     
  0.958219224719156     
  0.954510435126105     
  0.950751454164338     
  0.946601613063757     
  0.942176358832296     
  0.937742748677869     
  0.933393843885346     
  0.929410298157904     
  0.926646817472322     
  0.926319845223632     
  0.928645544272966     
  0.932424342516670     
  0.936807801138123     
  0.941262060935744     
  0.945649878457513     
  0.949570281692180     
  0.953259594058631     
  0.957192618777024     
  0.960593160408452     
  0.963780850802796     
  0.966733464748902     
  0.969287627205560     
  0.971819062132276     
  0.974030308406194     
  0.975971664649880     
  0.977933838678472     
  0.979608851844074     
  0.981220101248767     
  0.982636982849964     
  0.983582570718252     
  0.984712689991177     
  0.985868076957421     
  0.985960243969563     
  0.982080498545786     
  0.971427303988274     
  0.978965731929844     
  0.983030942161105     
  0.989959640420531     
  0.990546424152163     
  0.991214748631377     
  0.991723750549540     
  0.992246462538532     
  0.992706481860188     
  0.992827667589089     
  0.992031826290900     
  0.984352174054921     
  0.972898415163593     
  0.987904441300496     
  0.993876286522390     
  0.995096858860818     
  0.995438441252866     
  0.995491200092592     
  0.994330532582135     
  0.990393580981047     
  0.991082842385848     
  0.995155861783754     
  0.996356134287586     
  0.996621677591561     
  0.996993473351345     
  0.997125287680094     
  0.997249173926792     
  0.997365402935766     
  0.997469322299004     
  0.997577138412319     
  0.997672846724226     
  0.997761451479213     
  0.997829364362443     
  0.997723960898604     
  0.997787041240680     
  0.998069503217729     
  0.997679035980697     
  0.997999168487392     
  0.998231902963884     
  0.997430006693999     
  0.998085098613887     
  0.998421928466493     
  0.998479076355922     
  0.998524128862470     
  0.998565328338420     
  0.998597513364659     
  0.998627964440554     
  0.998667001074407     
  0.998689780633870     
  0.998703825665902     
  0.998664329437727     
  0.998513135898904     
  0.998562110495455     
  0.998485042175832     
  0.998597062053370     
  0.998549568563691     
  0.998347338109798     
  0.997871080101129     
  0.994919035142918     
  0.946965913924271     
  0.764384499950156     
  0.560861358299134     
  0.897852073881687     
  0.983703137893654     
  0.997539982310401     
  0.992691567688955     
  0.997285949240582     
  0.996569024593227     
  0.999076010364547     
  0.999088556979007     
  0.998784709719380     
  0.997203062003223     
  0.994675050656270     
  0.996277739199063     
  0.997895203424623     
  0.998826791940479     
  0.999180793857183     
  0.999296547783262     
  0.999341482990993     
  0.999356132691580     
  0.999342494574658     
  0.998865417793349     
  0.997427979748916     
  0.996542849747547     
  0.998520524672826     
  0.999329919613958     
  0.999398103926505     
  0.999369232008209     
  0.999534701736301     
  0.999546434857826     
  0.999554308783632     
  0.999565411293099     
  0.999574980670607     
  0.999580362533887     
  0.999588455617165     
  0.999590584829861     
  0.999537642679748     
  0.997008567889696     
  0.998778635587070     
   1.00030065878388     
  0.999587439645943     
  0.994815642097035     
  0.999710246463420     
  0.998370180431407     
  0.998954032206657     
  0.999552925907494     
  0.999664517564610     
  0.999688031922804     
  0.999658499563514     
   1.00040763034341     
  0.996459331643413     
   1.00021865320515     
  0.999984018762818     
  0.999729363757620     
  0.999713389222757     
  0.999712532812681     
  0.999725389920843     
  0.999734759299380     
  0.999792411891861     
