  0.999629548443705     
  0.999627932321712     
  0.999557822654306     
  0.999615766067880     
  0.999588401901210     
  0.999521706668201     
  0.999538167151399     
  0.999524734526551     
  0.999589623302702     
  0.999493598763454     
  0.998512314823592     
  0.991942807986173     
  0.995286620574048     
  0.998841910160181     
  0.999375136618705     
  0.999294787882844     
  0.998809755995077     
  0.995642809982224     
  0.900117468630697     
  0.782568591406054     
  0.964997539891425     
  0.990828450830008     
  0.985613308171687     
  0.996137737224956     
  0.998772033089999     
  0.999355747052959     
  0.999457837630459     
  0.999501819669149     
  0.999510880797848     
  0.999522334054141     
  0.999522020764864     
  0.999391524119602     
  0.999302091667748     
  0.999515130814475     
  0.999515565481306     
  0.999511916300621     
  0.999503858245822     
  0.999502632309139     
  0.999496827059884     
  0.999452956761236     
  0.999482611260560     
  0.999477616946785     
  0.998927588002934     
  0.999445040391300     
  0.999436028491365     
  0.999435743272154     
  0.999439799109310     
  0.999430221072603     
  0.999415803386580     
  0.999325413509592     
  0.998708625152296     
  0.992400686314989     
  0.997659889753856     
  0.999200158405461     
  0.999470158658134     
  0.997014866198391     
  0.978032919828371     
  0.995374324176158     
  0.994105254739884     
  0.994859062082300     
  0.999369411727178     
  0.998855970307130     
  0.999181941806000     
  0.999220580046810     
  0.999251782716609     
  0.999237907198823     
  0.999223278550171     
  0.999207744064699     
  0.999192006728929     
  0.999175996090688     
  0.999157375766146     
  0.998958330510771     
  0.999123201257300     
  0.999080753713782     
  0.998968473441121     
  0.999015083454241     
  0.998662757522882     
  0.998695256527648     
  0.997981979612641     
  0.987458110532514     
  0.997698540337840     
  0.998684450042702     
  0.998883871655927     
  0.998860510123198     
  0.998074480024797     
  0.998807617873556     
  0.998724854260654     
  0.998429692180731     
  0.997084020562935     
  0.997650818429037     
  0.998301874676103     
  0.997463462121908     
  0.995556341484026     
  0.994627184968564     
  0.993141281833002     
  0.997791526293492     
  0.998342022584238     
  0.998361929686845     
  0.998288078207159     
  0.997973587366779     
  0.997636767522888     
  0.998141125600766     
  0.998047507885497     
  0.997933876823473     
  0.997735245332653     
  0.997835533141412     
  0.997702965990468     
  0.997500857387052     
  0.979238230137929     
  0.997295726887208     
  0.997458213857531     
  0.997372966170966     
  0.997270203059980     
  0.997163823958197     
  0.997045401891832     
  0.996901873610937     
  0.996764451853296     
  0.996605067970646     
  0.996404094375044     
  0.996171801951042     
  0.995903262658321     
  0.995770110373185     
  0.915277697968309     
  0.820723115274132     
  0.987027909732296     
  0.994781584860147     
  0.994479894348308     
  0.993050486347847     
  0.961093344901306     
  0.851039602456520     
  0.971971301203711     
  0.971662307460305     
  0.913236235880582     
  0.985752140806577     
  0.991314136851255     
  0.990685881180103     
  0.990072623004318     
  0.988385658764988     
  0.947309772570902     
  0.906647189002053     
  0.977795620970983     
  0.839613051522556     
  0.880150912552276     
  0.881799960226095     
  0.980151953397855     
  0.978321201134386     
  0.974950078669705     
  0.968768759563112     
  0.961113140161675     
  0.965264884891340     
  0.957544479248505     
  0.956761585076052     
  0.946370353138317     
  0.930851054793495     
  0.860975213444930     
  0.881044327609468     
  0.907324100364142     
  0.890302280689240     
  0.868333232257353     
  0.852906766126667     
  0.859787234718693     
  0.876793870962763     
  0.889578438685785     
  0.897084873940805     
  0.893822596982713     
  0.880958119013314     
  0.858140410408648     
  0.812735938986500     
  0.734574254560743     
  0.581274052805387     
  0.464445747020680     
  0.452298377681300     
  0.509374847151808     
  0.599679717608200     
  0.714411312126156     
  0.798548918708545     
  0.843216896251121     
  0.870566321807232     
  0.893853355909343     
  0.910909300140604     
  0.922732448525002     
  0.934318305515225     
  0.945224853884676     
  0.953287146901007     
  0.958590960403051     
  0.963491941423965     
  0.968005958304470     
  0.971421383218478     
  0.974090774362112     
  0.976521457145301     
  0.978622232874010     
  0.980631571927707     
  0.982284574355637     
  0.983873715445575     
  0.985298195102804     
  0.986564672113320     
  0.987433057655747     
  0.988762594364420     
  0.989792690421450     
  0.990603251124984     
  0.990437793436852     
  0.990998617704631     
  0.992086088001532     
  0.992827480424958     
  0.993639415614526     
  0.993918038747713     
  0.994326673184165     
  0.994922335778377     
  0.995213239408908     
  0.995453045563595     
  0.995263448680242     
  0.995816551755379     
  0.996146228506143     
  0.996320333732037     
  0.996335825369444     
  0.996703228454150     
  0.996861284036019     
  0.996979703180412     
  0.996978627663899     
  0.987812067134490     
  0.977863767773098     
  0.996544882515047     
  0.996900603694718     
  0.997658944449684     
  0.997780212279473     
  0.997786893972018     
  0.983523115720527     
  0.997644550305155     
  0.998138191849875     
  0.998176390261490     
  0.997354032513349     
  0.998197292385145     
  0.998233323920705     
  0.997943412577010     
  0.997852327962677     
  0.997472705307877     
  0.992968306146168     
  0.865101796082711     
  0.810633470240379     
  0.933926641663278     
  0.995207058551956     
  0.997724698326342     
  0.998302784690496     
  0.998390043981278     
  0.997961274395794     
  0.996737308192570     
  0.985525812543084     
  0.732620348033783     
  0.716155001861407     
  0.689834552740818     
  0.893417673334433     
  0.993662139166110     
  0.998049883432380     
  0.993546633473572     
  0.998615292484539     
  0.998975136034318     
  0.999058979182222     
  0.999105897649907     
  0.999139481434830     
  0.999142024436748     
  0.999012997083223     
  0.999018244075065     
  0.998149744916640     
  0.999256676529223     
  0.999267120098220     
  0.999291317760488     
  0.992751636864289     
  0.999111883836292     
  0.999252456712412     
  0.999359742710552     
  0.999393877393023     
  0.999407969340574     
  0.999418085303577     
  0.999408597010224     
  0.999201548511119     
  0.999130860322943     
  0.999443628549494     
  0.999448583471168     
  0.999218482310997     
  0.999392177091017     
  0.999497062885230     
  0.999519276265058     
  0.999520460498548     
  0.999258677197055     
  0.998272899326174     
  0.999477655916062     
  0.999551404567712     
  0.999566410570183     
  0.999556293636764     
  0.999396038205330     
  0.999542728131259     
  0.998051780352685     
  0.996379858132172     
  0.999583877081232     
  0.999588729672706     
  0.999584256692207     
  0.999566431530352     
  0.999537755458273     
  0.999640794684717     
  0.996499022043242     
  0.965114394167857     
  0.993067634693093     
  0.999624607068266     
  0.975063614336577     
  0.955162736079200     
  0.997265654512685     
  0.999643743675148     
  0.999474927255293     
  0.999524618887700     
  0.999501719687985     
  0.999203263512195     
  0.995199818016871     
  0.913758219818251     
  0.949380984366041     
  0.980825233035694     
  0.998842398472926     
  0.999545506941517     
  0.998255067927824     
  0.999594617943257     
  0.999720029912861     
  0.999730523975327     
  0.999737743103129     
  0.999740922768822     
  0.999748333060735     
  0.999752949674925     
  0.999696484977195     
  0.999646352337325     
  0.999764648734193     
  0.999766635776425     
  0.998783582792464     
  0.999596806677336     
  0.999705624611539     
  0.999657354955236     
  0.999597129713685     
  0.999702160604562     
  0.999459770042135     
  0.997298816371549     
  0.999761926161558     
  0.999792178012032     
  0.999791973181365     
  0.999742564698800     
  0.999792859251513     
  0.999752870474511     
  0.999486718799085     
  0.998510423008604     
  0.998860448166186     
  0.999540879664370     
  0.999730488715027     
  0.999674835837156     
  0.998659221974789     
  0.996957823223694     
  0.999603110362547     
  0.999792715432784     
  0.999813581849724     
  0.999792187468928     
  0.999815611917852     
  0.999689036915840     
  0.999821842289032     
  0.999826407043208     
  0.999827759875768     
  0.999829331677624     
  0.999829805703175     
  0.999824021543161     
  0.999774953055842     
  0.998945884632777     
  0.999822556994075     
  0.999694091925834     
  0.992736471743638     
  0.999669958034689     
  0.999672368588642     
  0.999836533827548     
  0.999842038837221     
  0.999843695633201     
  0.999840238923618     
  0.999760784824802     
  0.999356722803451     
  0.999793382788079     
  0.999785922783273     
  0.999143928430455     
  0.999346799713833     
  0.996475892264266     
  0.997760094141094     
  0.999850435146187     
  0.999851219754394     
  0.999846875847914     
  0.999749985409141     
  0.999780973440539     
   1.00000294402404     
  0.989557097581718     
  0.994533619702245     
  0.980538621324739     
  0.954266833268260     
  0.999596802032871     
  0.999742534649457     
  0.999602008092881     
  0.998849935691876     
  0.996742710379696     
  0.999378475455057     
  0.999746237375907     
  0.999843824244920     
  0.999838756516543     
  0.999752343154113     
  0.998860214952520     
  0.958126991151583     
  0.941511077763591     
  0.997969894645037     
  0.999518825454003     
  0.999112047814439     
  0.999799893820792     
  0.999850876622451     
  0.999856891007387     
  0.999863121607665     
  0.999821910060116     
  0.999857350077797     
  0.999866834742696     
  0.999817706931029     
  0.999620337408123     
  0.999503626297712     
  0.999266908690425     
  0.999839797799049     
  0.999851569557075     
  0.999874798624090     
  0.999866696358566     
  0.999856376147235     
  0.999703183806660     
  0.999807492486953     
  0.999874786874901     
  0.999880139720082     
  0.999852553671498     
  0.999880922312423     
  0.999659511565943     
  0.999841640871484     
  0.999879713395253     
  0.999889308680785     
  0.999750336016053     
  0.999554983427778     
  0.999875832302490     
  0.999839600556099     
  0.999681657654251     
  0.998750064735508     
  0.998030301426059     
  0.999873103682612     
  0.999816445598015     
  0.999113678130902     
  0.995212992212705     
  0.995207130501716     
  0.999108684962747     
  0.999751779569404     
  0.999708874383403     
  0.999105924477481     
  0.999104931468201     
  0.999707270922885     
  0.999843708214904     
  0.999751008388829     
  0.999775396091650     
  0.999658433707653     
  0.987159675735681     
  0.968787406126419     
  0.998778601674594     
  0.999834030215764     
  0.999806134418559     
  0.988576861927456     
  0.997183482749191     
  0.999534115319650     
  0.999872372326351     
  0.999714617909080     
  0.995797957352037     
  0.997973103081468     
  0.999723470842500     
  0.998984123889784     
  0.999562376354668     
  0.999880547289372     
  0.999882622839802     
  0.999876570686107     
  0.999880315492794     
  0.999874731127309     
  0.999538794567354     
  0.999790139124919     
  0.999822942751379     
  0.999838066344429     
  0.999362595235292     
  0.995129482216305     
  0.975063025861986     
  0.941349117527503     
  0.956788522257636     
  0.988944607527972     
  0.994877486836279     
  0.978648041363106     
  0.985796004238308     
  0.997956293026030     
  0.999524338786212     
  0.999183191105203     
  0.999013987538583     
  0.999741573607005     
  0.999417773965681     
  0.996797824229060     
  0.867073125225576     
  0.865639706072137     
  0.997211076589843     
  0.999434980295752     
  0.999774011501933     
  0.999828457647495     
  0.999842755581112     
  0.999840661136332     
  0.999655204126829     
  0.999200210411250     
  0.999191296791377     
  0.999252245691121     
  0.999316131359008     
  0.994642068305040     
  0.889202675918150     
  0.915180970612011     
  0.994812877324797     
  0.982243567706914     
  0.939199499691009     
  0.930518014883595     
  0.979075643827513     
  0.994953198857521     
  0.987313433196810     
  0.987533258724286     
  0.996865833392153     
  0.989492036499180     
  0.966005593200328     
  0.981176192503770     
  0.997385260637418     
  0.999490733437485     
  0.999688047325677     
  0.999259453690135     
  0.995134385996511     
  0.978050508752789     
  0.953438375323695     
  0.978617860159273     
  0.997050692050574     
  0.999164305662972     
  0.995510477809800     
  0.992670953232992     
  0.998565766957425     
  0.999909507481315     
  0.995821622583301     
  0.993845440263412     
  0.986875848940690     
  0.972735918352589     
  0.990473518213455     
  0.997764976360227     
  0.999702472294435     
  0.999668935898110     
  0.999182635115509     
  0.999849287757855     
  0.999723019936318     
  0.999754941526634     
  0.999890847972927     
  0.999792507411309     
  0.999794056553832     
  0.999789360828679     
  0.999823609899933     
  0.999884931645401     
  0.999882910928717     
  0.998890444494940     
  0.999631206909082     
  0.999818625431734     
  0.999878440883827     
  0.999923929921058     
  0.999877783193687     
  0.999875845461332     
  0.999858362723862     
  0.999865769362167     
  0.999870368388339     
  0.999868419392630     
  0.999866399992952     
  0.999863918548786     
  0.999851603113539     
  0.999832034364468     
  0.999752098095733     
  0.995962652010668     
  0.998222754542364     
  0.999944192739886     
  0.986330513713497     
  0.978809763690127     
  0.999776300573648     
  0.999849632181838     
  0.999742637789922     
  0.998403383445288     
  0.991176225944220     
  0.969615201125851     
  0.978026189677666     
  0.995089113272338     
  0.999254769221369     
  0.999702130901807     
  0.999489133829692     
  0.999413632816023     
  0.999629315722811     
  0.999496859826453     
  0.950734391532084     
  0.986773061178321     
  0.966541539740540     
  0.976048550427951     
  0.999700766827005     
  0.999751244701508     
  0.999751329927148     
  0.999788495366264     
  0.999783156467381     
  0.999788024692553     
  0.999785126781124     
  0.999717365108899     
  0.999762608893411     
  0.999754977774314     
  0.999699416560361     
  0.999707897692816     
  0.999743704275789     
  0.999740041912908     
  0.998344492568340     
  0.999716912381075     
  0.999704038361263     
  0.999606991440780     
  0.999655255956726     
  0.999622164693361     
  0.997411075079336     
  0.994949824922989     
  0.973767896182812     
  0.998667199676264     
  0.999537690568621     
  0.999419946859991     
  0.998169093320237     
  0.996597169445216     
  0.997495464497103     
  0.995308742421707     
  0.906717574488808     
  0.967938039657784     
  0.719843865915310     
  0.976985973652167     
  0.998002810200662     
  0.999267739410070     
  0.999468878999498     
  0.999456280915579     
  0.999379038808182     
  0.999002569873735     
  0.995615860813506     
  0.907331551079921     
  0.907378366923188     
  0.995309573166393     
  0.996466392786221     
  0.991786345227908     
  0.996725364064559     
  0.998995348003464     
  0.999293972364752     
  0.999395312552138     
  0.999432442320212     
  0.999311442345920     
  0.999310569416489     
  0.999407029200088     
  0.999387192445418     
  0.999369920518977     
  0.999355550358001     
  0.999118635435379     
  0.999184090200102     
  0.999088554161701     
  0.998791657195205     
  0.999036119507718     
  0.999188189916668     
  0.999145990239750     
  0.997771879821270     
  0.999150406821241     
  0.999126639008385     
  0.998957937875681     
  0.999000369680090     
  0.998877119782704     
  0.998845847089284     
  0.997432616055022     
  0.980643222142142     
  0.989775397106696     
  0.969450316331317     
  0.976620978400429     
  0.995656319438713     
  0.993640354212750     
  0.987712225972743     
  0.996085913366719     
  0.994511712176296     
  0.995275450309533     
  0.996635623654513     
  0.998107881174726     
  0.998192679454058     
  0.998082918462066     
  0.997979754740866     
  0.997853739345747     
  0.997596299675238     
  0.997613151226120     
  0.997474542577852     
  0.996799989386765     
  0.997164628962152     
  0.997095424255960     
  0.995385540332894     
  0.992328201801810     
  0.996520823942076     
  0.996131367969009     
  0.995689599972040     
  0.994983298784239     
  0.995363864701891     
  0.995124064063137     
  0.994819883725154     
  0.994468098592895     
  0.994127203161250     
  0.993799686930857     
  0.993398574082081     
  0.992886879734987     
  0.992424901622004     
  0.991911904780875     
  0.991293863484721     
  0.990557835865966     
  0.989531673232728     
  0.983818883764688     
  0.980102019506418     
  0.984382649771262     
  0.985338524724286     
  0.984405426679877     
  0.982237147687773     
  0.981370376894443     
  0.979982900625523     
  0.978182032794751     
  0.976381300438199     
  0.974405848666661     
  0.972328196886229     
  0.970276237479261     
  0.968335693885610     
  0.966497334529202     
  0.965084772005112     
  0.964884569777101     
  0.966132362953606     
  0.967904193765415     
  0.969868246679972     
  0.971909849565956     
  0.973959149295101     
  0.975709232487195     
  0.977365037398152     
  0.979475708419150     
  0.981139799397647     
  0.982692285384818     
  0.984129127335443     
  0.985367688649557     
  0.986599199440633     
  0.987669291314932     
  0.988604589469648     
  0.989545751239363     
  0.990281040921042     
  0.990936550242334     
  0.991684172877531     
  0.991950968719011     
  0.992397681171743     
  0.993303056142353     
  0.993407121129117     
  0.991662718003321     
  0.984465806273067     
  0.989501885320927     
  0.981473823073074     
  0.995180664880794     
  0.995343014708868     
  0.995859315127454     
  0.996086659942203     
  0.996346141934146     
  0.996560097244754     
  0.996334370043116     
  0.996244121390911     
  0.991376489030304     
  0.982479362053082     
  0.993737018507385     
  0.997102860670675     
  0.997679128158695     
  0.997836882726325     
  0.997870244393588     
  0.997414947124652     
  0.995043737086948     
  0.995525057346992     
  0.997797794756618     
  0.998030248346403     
  0.997939493387225     
  0.998566144619462     
  0.998630036428080     
  0.998687761396883     
  0.998740054436293     
  0.998779679212944     
  0.998836236590321     
  0.998879239553871     
  0.998918909371285     
  0.998932696230437     
  0.998602276369318     
  0.998180578629841     
  0.999034999381748     
  0.997266799362637     
  0.998303222790538     
  0.999035073003103     
  0.997387062461898     
  0.998652957081938     
  0.999192019226328     
  0.999214873719675     
  0.999228645737260     
  0.999239090707939     
  0.999225931510889     
  0.999215855480121     
  0.999248245068607     
  0.999229405911188     
  0.999222719567236     
  0.999175429204226     
  0.999039023623636     
  0.999003460638897     
  0.998775402179005     
  0.998795160141548     
  0.998637256044315     
  0.998245792988439     
  0.997419627137165     
  0.994683205575304     
  0.925605201477524     
  0.738339129538163     
  0.446825046521532     
  0.913942676729840     
  0.988150500949524     
  0.996409252020315     
  0.990959729727401     
  0.996342092306500     
  0.996028395969725     
  0.998973272411719     
  0.999201121906331     
  0.999119428904994     
  0.997607220935593     
  0.993914011805639     
  0.996925103830281     
  0.998908711057558     
  0.999353778827764     
  0.999490753985936     
  0.999556915310644     
  0.999494448507077     
  0.999471787821755     
  0.999570576640505     
  0.999429026761323     
  0.998715515285855     
  0.997428570027338     
  0.999279660083378     
  0.999619141983030     
  0.999433102244581     
  0.999129568439616     
  0.999734425933623     
  0.999742005401041     
  0.999738875114126     
  0.999750487610807     
  0.999757718147096     
  0.999753807701015     
  0.999760223552112     
  0.999757173742969     
  0.999670301563854     
  0.994782542813188     
  0.998484418300158     
  0.999973643471247     
  0.996742821367939     
  0.988736038617023     
  0.999346515427404     
  0.999146570111563     
  0.999382705425294     
  0.999761109666142     
  0.999807643432540     
  0.999812064749919     
  0.998911918415053     
  0.999637465208555     
  0.992392606673227     
  0.999139611926975     
  0.999922448268745     
  0.999836445295299     
  0.999835534003686     
  0.999825843849035     
  0.999843984062988     
  0.999847919559853     
  0.999868272123888     
