  0.999673336800082     
  0.999668758377193     
  0.999645164350535     
  0.999656166803006     
  0.999653946156532     
  0.999615345570136     
  0.999601709700706     
  0.999594064881933     
  0.999630577406798     
  0.999372703412287     
  0.996745342347898     
  0.986150981022706     
  0.991769052721263     
  0.997977114773478     
  0.999420187397798     
  0.999438220628401     
  0.998733787681816     
  0.992459502727395     
  0.918230278663312     
  0.834465262093729     
  0.962963049555820     
  0.985241139187585     
  0.977271772239686     
  0.991294149183667     
  0.997753884578335     
  0.999334535794012     
  0.999531874216917     
  0.999566882538869     
  0.999574698781280     
  0.999579129100090     
  0.999576149371391     
  0.999480886649245     
  0.999422034898033     
  0.999568223559757     
  0.999570506633511     
  0.999567555238529     
  0.999563128629283     
  0.999558763853202     
  0.999553116734277     
  0.999531062670347     
  0.999542358121311     
  0.999537833948113     
  0.999430104135271     
  0.999505770803008     
  0.999513046605439     
  0.999505519426502     
  0.999502696543720     
  0.999493082007061     
  0.999474199998870     
  0.999317873346129     
  0.998485879732873     
  0.994439050614359     
  0.996938024907272     
  0.999040617685917     
  0.999801386074601     
   1.00052814724323     
  0.983387841044539     
  0.998761891253712     
  0.996102022821117     
  0.996094088957987     
  0.999696897487987     
  0.999174420688548     
  0.999314302679944     
  0.999341390934374     
  0.999337247588033     
  0.999325382261693     
  0.999312872468231     
  0.999298874828947     
  0.999285432793950     
  0.999271787361462     
  0.999255300033909     
  0.999161446109112     
  0.999225968391098     
  0.999197919014653     
  0.999154145937670     
  0.999044078568170     
  0.998549524085538     
  0.998857350960008     
  0.998503169708132     
  0.993958948816892     
  0.998374544953923     
  0.998948098099033     
  0.999019215586315     
  0.998998518494130     
  0.998773550858286     
  0.998943677663074     
  0.998830318915266     
  0.998288536344457     
  0.996397484808043     
  0.997727823507044     
  0.998104587632211     
  0.995933462153865     
  0.992081132436987     
  0.990900125169895     
  0.989699831126393     
  0.996837518755318     
  0.998399577157952     
  0.998537291103922     
  0.998425586016192     
  0.998010588832873     
  0.998043539438316     
  0.998331154520008     
  0.998302126519715     
  0.998241974994883     
  0.998133903847170     
  0.998005140044950     
  0.997787755981629     
  0.997670948145796     
  0.993621086882041     
  0.997727341685697     
  0.997752770629217     
  0.997686290405748     
  0.997599135594728     
  0.997503358985818     
  0.997400799605130     
  0.997282488678765     
  0.997157866330054     
  0.997017079861695     
  0.996850142372632     
  0.996657839263381     
  0.996642064478387     
  0.998697993209215     
  0.943207478565782     
  0.877180371020988     
  0.994696049070946     
  0.996151445363450     
  0.995076381213327     
  0.992288285673860     
  0.963131715410970     
  0.882075470435348     
  0.970807941252171     
  0.974374079713087     
  0.935788460695537     
  0.986118108354582     
  0.991891781911078     
  0.991713931147537     
  0.990956144090143     
  0.988253524390063     
  0.955852893700468     
  0.927538255258803     
  0.978285402485171     
  0.890410992192411     
  0.913218563057435     
  0.915640654902274     
  0.984522081344199     
  0.980247988206078     
  0.975556883347533     
  0.965182678311110     
  0.955880008450962     
  0.966015838759749     
  0.961485049994903     
  0.960702418578793     
  0.951397093382557     
  0.941052594235215     
  0.889001277885547     
  0.901501101695153     
  0.915139372358492     
  0.896114823385296     
  0.875090673056511     
  0.862060474146384     
  0.868715889603299     
  0.884469990266371     
  0.897075051365280     
  0.904521933697278     
  0.902704327151229     
  0.890495408758052     
  0.864909793634909     
  0.811598565841362     
  0.718354850487013     
  0.570901271955556     
  0.477054310812534     
  0.467234988270035     
  0.512434946581977     
  0.597140897900576     
  0.706413630582041     
  0.794157498035512     
  0.843970270644052     
  0.873827245471710     
  0.896858701072466     
  0.913970115588955     
  0.926854984209445     
  0.939214826993248     
  0.950506094458391     
  0.958359164709156     
  0.963414145186263     
  0.968028567293449     
  0.972231279534183     
  0.975228984519850     
  0.977441344976134     
  0.979462001604339     
  0.981248415907267     
  0.982947264596859     
  0.984433377793882     
  0.985802343549669     
  0.987049191568044     
  0.988192098604016     
  0.989150033713378     
  0.990189287675825     
  0.991082062625325     
  0.991847254217889     
  0.992369205099685     
  0.992514744224770     
  0.993294987093649     
  0.993938279700876     
  0.994549937581327     
  0.994842170279272     
  0.995207546865128     
  0.995574590855546     
  0.995774308697530     
  0.995938592130215     
  0.995869040381798     
  0.996267230381301     
  0.996571755527775     
  0.996797557309636     
  0.996910664240844     
  0.997152435437192     
  0.997288547860378     
  0.997391576572694     
  0.997369840677495     
  0.992960094068004     
  0.988575358099050     
  0.996875554177782     
  0.997077299718759     
  0.997857651074651     
  0.998062923648161     
  0.998006102141701     
  0.989359244166173     
  0.997922500138189     
  0.998374389855529     
  0.998507276511306     
  0.997786954642334     
  0.998513859574139     
  0.998492966107498     
  0.998311171111308     
  0.998144231272957     
  0.997167280230787     
  0.988021764379451     
  0.909712220420472     
  0.876226070744893     
  0.946390479028788     
  0.992150260977617     
  0.997889942531623     
  0.998572472294344     
  0.998645635155000     
  0.998432400863636     
  0.995135091872796     
  0.971175232792971     
  0.802175815019592     
  0.785825561632695     
  0.777539360938839     
  0.908016804806419     
  0.987220962420912     
  0.997742471719703     
  0.997006773073180     
  0.998774497919493     
  0.999091174727485     
  0.999183787001056     
  0.999224333010688     
  0.999245762608745     
  0.999221676844157     
  0.999081002969418     
  0.999172094237108     
  0.998838075948952     
  0.999352173240764     
  0.999371829074642     
  0.999388075831322     
  0.997980435381710     
  0.999366707490995     
  0.999418450903807     
  0.999448163904219     
  0.999463681518660     
  0.999474856592645     
  0.999477409554191     
  0.999433681178157     
  0.999193407090503     
  0.999261783067738     
  0.999489975871200     
  0.999457111243281     
  0.999116778071932     
  0.999332488557663     
  0.999525595837959     
  0.999568757680233     
  0.999558562932650     
  0.999356988474218     
  0.998732968695894     
  0.999514422412817     
  0.999601113822444     
  0.999615710564324     
  0.999611140964658     
  0.999544277645622     
  0.999610323509790     
  0.999288700402290     
  0.998929988726920     
  0.999640569710747     
  0.999644498849938     
  0.999643874730924     
  0.999637326933080     
  0.999664481818896     
   1.00039064916314     
   1.00118698031650     
  0.984741333160429     
  0.999752243918595     
   1.00312095798939     
  0.994151101599213     
  0.984298905905803     
   1.00402008059415     
   1.00069851351958     
  0.999637137938819     
  0.999622253442044     
  0.999587463832633     
  0.999066925311920     
  0.994039249827780     
  0.935730824885010     
  0.959514824954600     
  0.985315382389061     
  0.998608851815336     
  0.999485690760848     
  0.999263446559829     
  0.999686815677308     
  0.999749185719549     
  0.999757146868152     
  0.999762122950377     
  0.999765965828029     
  0.999769612486586     
  0.999770220227465     
  0.999741832446984     
  0.999734584467870     
  0.999780796430064     
  0.999778422860882     
  0.999573466378355     
  0.999481236396489     
  0.999629840606145     
  0.999714054232438     
  0.999645165569179     
  0.999579550353512     
  0.999495660648485     
  0.999016883371081     
  0.999775470244794     
  0.999800259887204     
  0.999802008225786     
  0.999776974138130     
  0.999793039708932     
  0.999685248094787     
  0.999034196736486     
  0.997350475413054     
  0.997921871790330     
  0.999327564537037     
  0.999719331246383     
  0.999588170868937     
  0.998630684681718     
  0.997747425283425     
  0.999444306239624     
  0.999775852473199     
  0.999817406310413     
  0.999805595319011     
  0.999822427829623     
  0.999758251341132     
  0.999826012102155     
  0.999829053190438     
  0.999830513749623     
  0.999831876109889     
  0.999832847451693     
  0.999832739922236     
  0.999823374993168     
  0.999647767352579     
  0.999952306886255     
   1.00033426220129     
  0.994424752899730     
   1.00032093746223     
  0.999909049859262     
  0.999843771776655     
  0.999841217175397     
  0.999842486796107     
  0.999842144750435     
  0.999801154196573     
  0.999684099524143     
  0.999739420494094     
  0.999700068943066     
  0.999287258819920     
  0.999445598284173     
  0.999073268030090     
  0.999319294327758     
  0.999846961176419     
  0.999846840303767     
  0.999837014222960     
  0.999769412607357     
  0.999915174726322     
   1.00083019708125     
  0.992450268862245     
  0.997308751763631     
  0.986129963037637     
  0.973087065050763     
  0.999309051885412     
  0.999691134752031     
  0.999492693470128     
  0.998011075138159     
  0.995180074432039     
  0.998739524563849     
  0.999659280932777     
  0.999832065055806     
  0.999831400435095     
  0.999661829420273     
  0.997980683952921     
  0.968040626495869     
  0.956869679440102     
  0.996919153410170     
  0.999361400665534     
  0.999362374512195     
  0.999742268880919     
  0.999824678941375     
  0.999838581975920     
  0.999846343498416     
  0.999848002386641     
  0.999854795650529     
  0.999847209356723     
  0.999701639217123     
  0.999167073803093     
  0.998965853866725     
  0.999173031418777     
  0.999846183077379     
  0.999865833535181     
  0.999862920428844     
  0.999854248154296     
  0.999813935252851     
  0.999639867970739     
  0.999783866598631     
  0.999851390723481     
  0.999863342363983     
  0.999857472512712     
  0.999865496383438     
  0.999808477348249     
  0.999855537956728     
  0.999866884892325     
  0.999885300825510     
  0.999800353537429     
  0.999621382918268     
  0.999877615703981     
  0.999778104339031     
  0.999650471241441     
  0.999338971697630     
  0.999089247704171     
  0.999840957201820     
  0.999689079125891     
  0.997777201538311     
  0.990237789702013     
  0.990231628126656     
  0.997783344241321     
  0.999611083573890     
  0.999434072069603     
  0.998342064326364     
  0.998344163305533     
  0.999445561594784     
  0.999793783691918     
  0.999814754298575     
  0.999813695633235     
  0.999746272130832     
  0.993931452900022     
  0.985965418324273     
  0.999283310843914     
  0.999930921228859     
   1.00035068520852     
  0.990555206924538     
  0.998818015980897     
  0.999976454389112     
  0.999853842010282     
  0.999723012904194     
  0.997875642439352     
  0.998767000836553     
  0.999773512898778     
  0.999643280946113     
  0.999785701551874     
  0.999848512706655     
  0.999847585011940     
  0.999844688452869     
  0.999841191526146     
  0.999830487188790     
  0.999653494567224     
  0.999775792177524     
  0.999788114794562     
  0.999749421632624     
  0.998704105488267     
  0.987003893894549     
  0.941874828899575     
  0.886650879013797     
  0.910355096060129     
  0.970864842195030     
  0.988691206328412     
  0.971599477170724     
  0.979304995383451     
  0.995376959797825     
  0.999147539438890     
  0.999138670243612     
  0.998989935526060     
  0.999656658853564     
  0.999028215071381     
  0.993453848114691     
  0.920612586264806     
  0.919923348944960     
  0.993678870637094     
  0.999010134137703     
  0.999702034895580     
  0.999782499505638     
  0.999796807281214     
  0.999785601423863     
  0.999618382691395     
  0.999154518536153     
  0.998674766101779     
  0.998684089166718     
  0.998678213991847     
  0.991761746131569     
  0.913996769562263     
  0.931823884104119     
  0.988384401632765     
  0.954382971367383     
  0.879058679626533     
  0.868236978911638     
  0.946456338027971     
  0.987424021336029     
  0.981539434606366     
  0.981573195295852     
  0.993026385311514     
  0.980578571424492     
  0.950264230720861     
  0.969332869027594     
  0.993914996526951     
  0.998960391251445     
  0.999468101574549     
  0.998381311890825     
  0.989934955607852     
  0.963089145246750     
  0.931251573430761     
  0.963142545520595     
  0.992609037677574     
  0.997825563717512     
  0.993465766494082     
  0.990486904696757     
  0.997192783715051     
  0.999889317362650     
  0.996682384601162     
  0.990903999323618     
  0.970525639626678     
  0.948252083386701     
  0.977023874667651     
  0.995294899597785     
  0.999453263129920     
  0.999644890516717     
  0.999425496007216     
  0.999770303720019     
  0.999748792426977     
  0.999757477329133     
  0.999788464575320     
  0.999707880325185     
  0.999600579439806     
  0.999597181491877     
  0.999715049952316     
  0.999778784469017     
  0.999781577678321     
  0.999620417908041     
  0.999652634066615     
  0.999733621865661     
  0.999769843594973     
  0.999771147148514     
  0.999766386937536     
  0.999763030030641     
  0.999752517858576     
  0.999753348514619     
  0.999753044230612     
  0.999749097645042     
  0.999745005762181     
  0.999740097563866     
  0.999719061207916     
  0.999672960439912     
  0.999783320333057     
  0.996832500935853     
  0.998870158510039     
   1.00033724445133     
  0.991494003637800     
  0.981116786256648     
   1.00020447031037     
  0.999758850863327     
  0.999459519104922     
  0.996073346397275     
  0.977747800688533     
  0.941151881493242     
  0.953914376747999     
  0.986988891415879     
  0.998130433486352     
  0.999360173197601     
  0.998935875746373     
  0.998814161794479     
  0.999282073118640     
  0.999506115483842     
  0.985289456967639     
  0.995685690487292     
  0.989863415873301     
  0.992614157311822     
  0.999582229501447     
  0.999595088165651     
  0.999586718619490     
  0.999597514167761     
  0.999589441136270     
  0.999584939247862     
  0.999575930326777     
  0.999546493927460     
  0.999517330935613     
  0.999507791255794     
  0.999491680958503     
  0.999507008686657     
  0.999510674652332     
  0.999495323679494     
  0.998860656508736     
  0.999450651065615     
  0.999392110481305     
  0.999232376778342     
  0.999303797551984     
  0.999220094979216     
  0.997437032757031     
  0.992060513414123     
  0.978700985356932     
  0.997373716081425     
  0.999043539479825     
  0.998728896444049     
  0.996335539610924     
  0.994010298776107     
  0.996430728430697     
  0.994714470157596     
  0.951581741328999     
  0.965408117881185     
  0.825515252570446     
  0.972365802021926     
  0.995655411759771     
  0.998921075385609     
  0.999112721173666     
  0.999094870964743     
  0.999022718098636     
  0.998501767482007     
  0.994429165202079     
  0.943948424984097     
  0.943926255945809     
  0.993383379187431     
  0.992492733781295     
  0.985218325041060     
  0.992576120076488     
  0.997706643190265     
  0.998767176573536     
  0.998838147852116     
  0.998823746738544     
  0.998769805259771     
  0.998741850502191     
  0.998730694840797     
  0.998692761993602     
  0.998647542180722     
  0.998609520283285     
  0.998508856158287     
  0.998391628178637     
  0.997953676393651     
  0.997445778450529     
  0.997842031239088     
  0.998195789726772     
  0.998198450178167     
  0.997580841701644     
  0.998116621587650     
  0.998067522966585     
  0.997884053144154     
  0.997874361755565     
  0.997793026436936     
  0.997538642438590     
  0.995979862713916     
  0.984662444301018     
  0.975944789816354     
  0.945202858640612     
  0.960041027921935     
  0.989336185033780     
  0.988086723713673     
  0.980334606366845     
  0.992022281702356     
  0.992930863850437     
  0.994285949231193     
  0.995211466765947     
  0.996109121078505     
  0.995933181302793     
  0.995670307073203     
  0.995432769337966     
  0.995173251997110     
  0.994852695712148     
  0.994609110159084     
  0.994289687168923     
  0.993808931110332     
  0.993593039419030     
  0.993491696284430     
  0.992270563477283     
  0.989387996809621     
  0.992305542826248     
  0.991264357586484     
  0.990588220727336     
  0.989899370732596     
  0.989559453949427     
  0.988966051602830     
  0.988265607639592     
  0.987452302291949     
  0.986683615377864     
  0.985966475598139     
  0.985088995325798     
  0.984008190040614     
  0.982928811583479     
  0.981756697899693     
  0.980382596287212     
  0.978743206886137     
  0.976561241327088     
  0.970537228406763     
  0.964371228680021     
  0.966119344171148     
  0.967131098012128     
  0.965205249643356     
  0.961944869232953     
  0.958819102676144     
  0.955551530832850     
  0.951608870403774     
  0.947609848738007     
  0.943193472163772     
  0.938480449449968     
  0.933754896042491     
  0.929110772658108     
  0.924864266367116     
  0.921935183518064     
  0.921592661923432     
  0.924050478544870     
  0.928075277838810     
  0.932755294716942     
  0.937505286790744     
  0.942179749933831     
  0.946366182428014     
  0.950304754934792     
  0.954461157557066     
  0.958074547863706     
  0.961462677024948     
  0.964601090484686     
  0.967316516100430     
  0.970007293175081     
  0.972358420035899     
  0.974423097117989     
  0.976510425634699     
  0.978300629257130     
  0.980029032979924     
  0.981527951713698     
  0.982556745664353     
  0.983770637077343     
  0.984956669392172     
  0.985047375915427     
  0.980905869111834     
  0.969828985152753     
  0.977674159571653     
  0.983221821710389     
  0.989319619341360     
  0.989958431249935     
  0.990645390533252     
  0.991188918468956     
  0.991743897712255     
  0.992234080106866     
  0.992397791794662     
  0.991515452961708     
  0.983491081313614     
  0.971723908945448     
  0.987189437530453     
  0.993480746503511     
  0.994780302346435     
  0.995144419276329     
  0.995199555357725     
  0.993952416375881     
  0.989823520402004     
  0.990538272055845     
  0.994831987004416     
  0.996150904070279     
  0.996460125755550     
  0.996800678218437     
  0.996940818834586     
  0.997072815483903     
  0.997196882126399     
  0.997308683121213     
  0.997422782808517     
  0.997524952068592     
  0.997619555574787     
  0.997694103625586     
  0.997616285361478     
  0.997738796113881     
  0.997951139412319     
  0.997729573723802     
  0.997961893164894     
  0.998133438691056     
  0.997435271433986     
  0.998015481957662     
  0.998327518922071     
  0.998388870827742     
  0.998437757998857     
  0.998482727672201     
  0.998520471559045     
  0.998555890957160     
  0.998595742343180     
  0.998623624087270     
  0.998640210590975     
  0.998601669769056     
  0.998448663121558     
  0.998508001739121     
  0.998449444470485     
  0.998572775469575     
  0.998538818162363     
  0.998359787471037     
  0.997926428039858     
  0.994947947807393     
  0.949584739265409     
  0.767577671729494     
  0.574842281039664     
  0.895879351781320     
  0.983157886105426     
  0.997678611427792     
  0.992903893906327     
  0.997401667899707     
  0.996635306833737     
  0.999088606286752     
  0.999074756216591     
  0.998743672160331     
  0.997153510820029     
  0.994768356659819     
  0.996198369885776     
  0.997770943360135     
  0.998762181118600     
  0.999142791354940     
  0.999264625487153     
  0.999322728650883     
  0.999341952761097     
  0.999314530446905     
  0.998796316053861     
  0.997270120055426     
  0.996434254812714     
  0.998427449643245     
  0.999294458958044     
  0.999393812881726     
  0.999398616541185     
  0.999510214012495     
  0.999522456351736     
  0.999531679432423     
  0.999542719363932     
  0.999552575454634     
  0.999559096590383     
  0.999567395271920     
  0.999570159436695     
  0.999521377397366     
  0.997281501020879     
  0.998814709672895     
   1.00034075433325     
  0.999936220798250     
  0.995561069236413     
  0.999754844038371     
  0.998274985997470     
  0.998901471754655     
  0.999527400039586     
  0.999646968549784     
  0.999672823919936     
  0.999750040107313     
   1.00050206279640     
  0.996957967096656     
   1.00035095853718     
  0.999991568170325     
  0.999716234028719     
  0.999698412492315     
  0.999698639198022     
  0.999710848487510     
  0.999720884111908     
  0.999783110241105     
