  0.999676997712055     
  0.999672171634947     
  0.999652466560017     
  0.999659544517798     
  0.999659426015213     
  0.999623174313453     
  0.999607022230840     
  0.999599861320252     
  0.999634001426418     
  0.999362595780170     
  0.996597611689584     
  0.985666744621278     
  0.991474959258154     
  0.997904811616939     
  0.999423953977885     
  0.999450212700175     
  0.998727436136116     
  0.992193352711892     
  0.919744658394706     
  0.838804259812193     
  0.962792948703211     
  0.984773990861216     
  0.976574344953401     
  0.990889180814327     
  0.997668757838054     
  0.999332762330289     
  0.999538064397735     
  0.999572322442561     
  0.999580034612878     
  0.999583877754164     
  0.999580675094360     
  0.999488358318126     
  0.999432063466524     
  0.999572662705711     
  0.999575100337929     
  0.999572207296913     
  0.999568084330314     
  0.999563457121656     
  0.999557823235610     
  0.999537593289790     
  0.999547353709427     
  0.999542868857954     
  0.999472120994931     
  0.999510848664958     
  0.999519486349009     
  0.999511353659509     
  0.999507955635059     
  0.999498338059097     
  0.999479082782930     
  0.999317242880237     
  0.998467254973210     
  0.994609487910387     
  0.996877666233275     
  0.999027277668736     
  0.999829081762152     
   1.00082191206640     
  0.983835596694644     
  0.999045145797653     
  0.996268984813023     
  0.996197357339884     
  0.999724280698990     
  0.999201048455824     
  0.999325370284829     
  0.999351492789377     
  0.999344393929247     
  0.999332696707173     
  0.999320364104999     
  0.999306494991471     
  0.999293244903397     
  0.999279797264091     
  0.999263488313711     
  0.999178430369899     
  0.999234561665195     
  0.999207716270980     
  0.999169671740297     
  0.999046503124979     
  0.998540055541475     
  0.998870905277885     
  0.998546751670037     
  0.994502550772542     
  0.998431072788021     
  0.998970144529643     
  0.999030533165381     
  0.999010058903377     
  0.998832008052000     
  0.998955055183554     
  0.998839138046144     
  0.998276732629360     
  0.996340075274698     
  0.997734262845546     
  0.998088090007140     
  0.995805519525128     
  0.991790525646749     
  0.990588457186797     
  0.989412045979423     
  0.996757741394993     
  0.998404390078957     
  0.998551955491850     
  0.998437084968543     
  0.998013683051582     
  0.998077555486882     
  0.998347045607314     
  0.998323418944298     
  0.998267739693902     
  0.998167241729938     
  0.998019323483706     
  0.997794846592086     
  0.997685172111689     
  0.994823866615957     
  0.997763435960552     
  0.997777403330889     
  0.997712492623465     
  0.997626643145463     
  0.997531753255583     
  0.997430520492898     
  0.997314318496619     
  0.997190766606193     
  0.997051535475143     
  0.996887444436466     
  0.996698485646797     
  0.996703849227528     
  0.998942847690705     
  0.945543210168672     
  0.881901829891911     
  0.995337328739696     
  0.996266005851215     
  0.995126265118076     
  0.992224543056230     
  0.963302184177490     
  0.884671003534080     
  0.970710649121262     
  0.974600866623614     
  0.937674519294678     
  0.986148714560622     
  0.991940091011000     
  0.991799908315615     
  0.991030034295852     
  0.988242473769689     
  0.956567371274997     
  0.929285419256304     
  0.978326364048900     
  0.894659351428197     
  0.915984100349437     
  0.918470850728071     
  0.984887568732258     
  0.980409131784988     
  0.975607632554559     
  0.964882761075958     
  0.955442341345854     
  0.966078644103756     
  0.961814616797066     
  0.961032008109900     
  0.951817503122405     
  0.941905798549575     
  0.891345239350001     
  0.903212009098252     
  0.915793006079370     
  0.896600959104038     
  0.875655837262566     
  0.862826053962494     
  0.869462648635950     
  0.885111993468506     
  0.897702042758242     
  0.905143945755807     
  0.903447168606112     
  0.891293081147979     
  0.865475967366516     
  0.811503438681214     
  0.716998295047916     
  0.570033713207669     
  0.478108868423768     
  0.468484262343514     
  0.512690888894971     
  0.596928554120193     
  0.705744712767397     
  0.793790203293768     
  0.844033282414189     
  0.874099987714929     
  0.897110067444348     
  0.914226122094982     
  0.927199793777471     
  0.939624373835344     
  0.950947820400306     
  0.958783392157928     
  0.963817561019821     
  0.968408015974020     
  0.972584691180332     
  0.975547458266028     
  0.977721592632467     
  0.979707954538126     
  0.981468075558691     
  0.983140954621918     
  0.984613109233260     
  0.985963659340309     
  0.987195650102639     
  0.988328221700050     
  0.989293647355001     
  0.990308621375282     
  0.991189910552676     
  0.991951307546599     
  0.992530756369267     
  0.992641559615722     
  0.993396104862845     
  0.994031192174685     
  0.994626098099335     
  0.994919469351072     
  0.995281227804548     
  0.995629149054647     
  0.995821239727911     
  0.995979206104186     
  0.995919695751735     
  0.996304927964741     
  0.996607349355660     
  0.996837475466250     
  0.996958747704572     
  0.997190010278225     
  0.997324287306041     
  0.997426028732952     
  0.997402564727471     
  0.993390715445803     
  0.989471361712970     
  0.996903214279421     
  0.997092080061046     
  0.997874272607044     
  0.998086572115812     
  0.998024438686099     
  0.989847431623152     
  0.997945750473441     
  0.998394147722142     
  0.998534955076045     
  0.997823168574216     
  0.998540340473443     
  0.998514685268265     
  0.998341934315404     
  0.998168649203619     
  0.997141731133536     
  0.987607980494386     
  0.913443942200262     
  0.881712991039675     
  0.947433099947360     
  0.991894554116385     
  0.997903765551621     
  0.998595032274706     
  0.998667015987181     
  0.998471811845250     
  0.995001061900564     
  0.969974763021854     
  0.807994355345082     
  0.791653743069320     
  0.784876185450411     
  0.909238077724623     
  0.986682132211889     
  0.997716755440495     
  0.997296228901844     
  0.998787816182003     
  0.999100881916753     
  0.999194227793081     
  0.999234240737402     
  0.999254653595259     
  0.999228340207477     
  0.999086692050121     
  0.999184964710548     
  0.998895659031667     
  0.999360162141083     
  0.999380588659100     
  0.999396170289809     
  0.998417860273626     
  0.999388025288864     
  0.999432337521708     
  0.999455560995450     
  0.999469521166988     
  0.999480452235189     
  0.999482372503998     
  0.999435779675115     
  0.999192725992736     
  0.999272735883110     
  0.999493853233010     
  0.999457824668261     
  0.999108269577293     
  0.999327495051028     
  0.999527982893373     
  0.999572897285433     
  0.999561750582180     
  0.999365213214840     
  0.998771458280159     
  0.999517498319771     
  0.999605272537920     
  0.999619835050493     
  0.999615729557093     
  0.999556679561737     
  0.999615978645898     
  0.999392183324996     
  0.999143337673808     
  0.999645312739245     
  0.999649164631501     
  0.999648862529182     
  0.999643258238620     
  0.999675084121891     
   1.00045338435978     
   1.00157919066543     
  0.986383392766347     
   1.00031150346990     
   1.00341347655645     
  0.995748040204836     
  0.986736564941629     
   1.00458518669375     
   1.00078676058739     
  0.999650709289694     
  0.999630422052917     
  0.999594637647476     
  0.999055518500158     
  0.993942150013590     
  0.937569183935160     
  0.960362684449301     
  0.985691056807702     
  0.998589311773449     
  0.999480686135937     
  0.999347814512066     
  0.999694529597751     
  0.999751625108281     
  0.999759374339965     
  0.999764162756899     
  0.999768061128853     
  0.999771392896228     
  0.999771665225644     
  0.999745626602541     
  0.999741966736577     
  0.999782147490234     
  0.999779409075775     
  0.999639555385494     
  0.999471566688801     
  0.999623499781091     
  0.999718798255005     
  0.999649184733671     
  0.999569291517946     
  0.999498663632433     
  0.999160635208652     
  0.999776603490230     
  0.999800936106464     
  0.999802847870808     
  0.999779853226672     
  0.999793054808138     
  0.999679590003795     
  0.998996333279534     
  0.997253419971449     
  0.997843338794594     
  0.999309715892751     
  0.999718397669019     
  0.999580919346561     
  0.998628296872947     
  0.997813494004261     
  0.999431018520237     
  0.999774441484669     
  0.999817726318504     
  0.999806717210638     
  0.999822998147187     
  0.999764042832329     
  0.999826361010563     
  0.999829274606890     
  0.999830744180642     
  0.999832089016347     
  0.999833101971882     
  0.999833469439677     
  0.999827426747280     
  0.999706498230091     
  0.999963163890147     
   1.00038782947241     
  0.994566022871127     
   1.00037540946079     
  0.999928854680631     
  0.999844377429273     
  0.999841148420773     
  0.999842385643358     
  0.999842304226193     
  0.999804532231097     
  0.999711493866756     
  0.999734905007668     
  0.999692884802060     
  0.999299252552930     
  0.999453865661374     
  0.999290614649053     
  0.999449767438820     
  0.999846670475645     
  0.999846473831744     
  0.999836189001106     
  0.999771038281349     
  0.999926404758350     
   1.00089942220331     
  0.992692372084187     
  0.997540977895733     
  0.986597853811831     
  0.974661970152046     
  0.999284972467741     
  0.999686833512216     
  0.999483545795752     
  0.997940877386516     
  0.995049309226790     
  0.998686055459137     
  0.999652004169999     
  0.999831081011120     
  0.999830784854426     
  0.999654254920179     
  0.997907081606447     
  0.968870237465370     
  0.958154949042559     
  0.996831222953318     
  0.999348226664516     
  0.999383323002453     
  0.999737446549890     
  0.999822486589009     
  0.999837049781603     
  0.999844939416429     
  0.999850185936951     
  0.999854581881305     
  0.999845566988127     
  0.999691925960252     
  0.999129141841290     
  0.998920849568616     
  0.999165175140758     
  0.999846717441582     
  0.999867027245718     
  0.999861926375169     
  0.999853206395715     
  0.999810383474137     
  0.999634569205383     
  0.999781889394396     
  0.999849432740974     
  0.999861936619717     
  0.999857884163692     
  0.999864205405745     
  0.999820944146242     
  0.999856700992563     
  0.999865811282613     
  0.999884965409757     
  0.999804539493631     
  0.999626939891555     
  0.999877764957168     
  0.999772957697594     
  0.999647861232893     
  0.999388257772428     
  0.999177871937363     
  0.999838266825546     
  0.999678419652813     
  0.997665349733131     
  0.989821406292422     
  0.989815218640087     
  0.997672423630712     
  0.999599308396156     
  0.999411073165507     
  0.998278134779259     
  0.998280492384714     
  0.999423658320373     
  0.999789605342108     
  0.999820089418560     
  0.999816901064643     
  0.999753623673538     
  0.994498210875950     
  0.987403120464609     
  0.999325552238076     
  0.999939030495523     
   1.00039626134641     
  0.990720784780848     
  0.998954818760807     
   1.00001347618293     
  0.999852291102428     
  0.999723715530728     
  0.998049536562748     
  0.998833447130991     
  0.999777701242375     
  0.999698450199021     
  0.999804393171688     
  0.999845831505951     
  0.999844652441575     
  0.999842019990927     
  0.999837916941875     
  0.999826784066250     
  0.999663094732936     
  0.999774591363228     
  0.999785199749024     
  0.999742002191559     
  0.998648990667720     
  0.986323790084138     
  0.939097002736322     
  0.882072668531066     
  0.906468636393011     
  0.969351569312603     
  0.988173414626767     
  0.971009510966008     
  0.978761695490893     
  0.995161068147270     
  0.999116001050133     
  0.999134943807688     
  0.998987922348471     
  0.999649551379042     
  0.998995608413034     
  0.993173951697509     
  0.925093939287405     
  0.924467001894311     
  0.993383217015019     
  0.998974573471851     
  0.999696010262951     
  0.999778652678454     
  0.999792961268875     
  0.999780992747870     
  0.999615300611111     
  0.999150693960827     
  0.998631530511525     
  0.998636532186315     
  0.998624817623888     
  0.991520650489035     
  0.916072149257181     
  0.933216975765928     
  0.987846306167607     
  0.952050895131048     
  0.874024569869223     
  0.863023709482237     
  0.943725914077450     
  0.986793784292099     
  0.981056115398911     
  0.981074300156734     
  0.992704998377283     
  0.979832454351221     
  0.948946569654569     
  0.968341498503476     
  0.993624510018905     
  0.998915997625510     
  0.999449690420006     
  0.998307804482128     
  0.989499721184239     
  0.961836755350779     
  0.929394350193460     
  0.961847127603887     
  0.992237231858667     
  0.997713498900704     
  0.993294605266956     
  0.990304079263954     
  0.997077851820065     
  0.999887627252257     
  0.996754438994666     
  0.990657770771864     
  0.969156957406297     
  0.946202527518625     
  0.975897994633580     
  0.995088127080230     
  0.999432401540624     
  0.999642877645121     
  0.999445826269816     
  0.999763691827643     
  0.999750949891930     
  0.999757689606240     
  0.999779893821413     
  0.999700795976976     
  0.999584382941761     
  0.999581093596429     
  0.999705962059350     
  0.999769898535699     
  0.999773094714722     
  0.999681526695207     
  0.999654427817749     
  0.999726505867218     
  0.999760752447453     
  0.999758357013808     
  0.999757061432558     
  0.999753585697650     
  0.999743657044945     
  0.999743937169802     
  0.999743222380559     
  0.999739108542174     
  0.999734843135906     
  0.999729731755144     
  0.999707965291481     
  0.999659643329704     
  0.999785934156236     
  0.996905321990835     
  0.998924357283221     
   1.00037014966592     
  0.991926277870000     
  0.981309924808446     
   1.00024031575422     
  0.999751250830427     
  0.999435816910953     
  0.995878279370327     
  0.976623591490980     
  0.938768966292627     
  0.951895759845777     
  0.986310747360329     
  0.998036304787154     
  0.999331544642406     
  0.998889557106041     
  0.998763974120467     
  0.999253001925855     
  0.999506890369384     
  0.988182424421738     
  0.996431862020583     
  0.991815944102928     
  0.994001047879936     
  0.999572305404194     
  0.999582014509302     
  0.999572937084807     
  0.999581524864010     
  0.999573222887613     
  0.999567936473865     
  0.999558415883922     
  0.999532188136996     
  0.999496795563576     
  0.999487096045410     
  0.999474288659450     
  0.999490189568042     
  0.999491164566036     
  0.999474834936044     
  0.998903871819081     
  0.999428358551352     
  0.999365994511181     
  0.999201012324731     
  0.999274371777413     
  0.999186431705534     
  0.997439206065412     
  0.991818604783734     
  0.979114011003182     
  0.997265418199187     
  0.999002166213108     
  0.998671037459668     
  0.996182022878384     
  0.993793709072311     
  0.996341581562727     
  0.994664713565518     
  0.955338088711748     
  0.965196294320233     
  0.834362852827940     
  0.971978965700885     
  0.995458869041332     
  0.998892049868702     
  0.999082900689434     
  0.999064610657416     
  0.998992883834965     
  0.998459835857811     
  0.994329804269503     
  0.947014329364322     
  0.946986391521266     
  0.993222099591171     
  0.992160019819426     
  0.984668384262778     
  0.992228702770458     
  0.997598739338680     
  0.998723067614305     
  0.998791495975574     
  0.998772780018641     
  0.998724453312247     
  0.998694230848923     
  0.998674064260596     
  0.998634616063311     
  0.998587055982978     
  0.998547053533305     
  0.998457797870403     
  0.998325273271347     
  0.997858649905211     
  0.997333083999350     
  0.997742046428711     
  0.998112692710237     
  0.998119109268928     
  0.997564845359785     
  0.998030058663170     
  0.997978838788908     
  0.997794132115874     
  0.997780076008266     
  0.997702250176687     
  0.997429183761362     
  0.995858216246228     
  0.984998995090508     
  0.974786676893559     
  0.943172480702722     
  0.958652690811715     
  0.988806961618139     
  0.987621683267026     
  0.979716830392998     
  0.991682006633358     
  0.992798488558643     
  0.994203091331638     
  0.995092211809003     
  0.995941750053703     
  0.995743976294489     
  0.995468280246780     
  0.995219489818088     
  0.994948792756649     
  0.994622950654269     
  0.994357555915382     
  0.994022991152149     
  0.993558462842339     
  0.993293957332278     
  0.993189922240201     
  0.992009716554459     
  0.989141784644218     
  0.991952555204909     
  0.990856793209708     
  0.990161029263091     
  0.989473639647065     
  0.989073388111765     
  0.988450373718155     
  0.987716745016398     
  0.986864790103940     
  0.986060277947920     
  0.985310509012093     
  0.984393135337176     
  0.983264669927595     
  0.982133587251588     
  0.980906275607465     
  0.979468857462356     
  0.977753815777565     
  0.975475057371590     
  0.969424979002272     
  0.963053877509600     
  0.964589907759627     
  0.965606337478547     
  0.963597348525627     
  0.960245507051346     
  0.956930558050638     
  0.953505533740818     
  0.949383504324473     
  0.945200381517313     
  0.940579583367186     
  0.935645854152134     
  0.930696392198225     
  0.925825848043739     
  0.921377661276886     
  0.918321567398748     
  0.917967118633610     
  0.920526262205567     
  0.924739732264186     
  0.929647195283357     
  0.934624000195436     
  0.939518307280850     
  0.943908772010604     
  0.948038515730316     
  0.952366239100243     
  0.956142874782897     
  0.959684731557469     
  0.962965645039414     
  0.965804752389458     
  0.968617737961888     
  0.971076147167536     
  0.973235406001172     
  0.975418722687349     
  0.977297272528410     
  0.979115528750913     
  0.980677366499470     
  0.981769976058465     
  0.983048117276849     
  0.984257653147990     
  0.984347239234766     
  0.980004970569884     
  0.968603131570787     
  0.976683569181921     
  0.983368219616511     
  0.988828745360561     
  0.989507460899896     
  0.990208712266590     
  0.990778720310546     
  0.991358447288334     
  0.991871763600548     
  0.992068091152947     
  0.991119411382097     
  0.982830650869506     
  0.970823100083745     
  0.986641052168021     
  0.993177379642334     
  0.994537513268426     
  0.994918913398825     
  0.994975872658104     
  0.993662412549135     
  0.989386300801756     
  0.990120602550063     
  0.994583584423171     
  0.995993498369149     
  0.996336220070512     
  0.996652809749613     
  0.996799336336874     
  0.996937553383793     
  0.997067631222559     
  0.997185477164084     
  0.997304396135431     
  0.997411520725426     
  0.997510725072493     
  0.997590362083123     
  0.997533700930815     
  0.997701793296253     
  0.997860357274006     
  0.997768334944342     
  0.997933303879446     
  0.998057918911976     
  0.997439309365356     
  0.997962087576730     
  0.998255108934067     
  0.998319685196428     
  0.998371513442319     
  0.998419374747935     
  0.998461382135943     
  0.998500612108265     
  0.998541088369469     
  0.998572883362550     
  0.998591419103028     
  0.998553611038565     
  0.998399213752034     
  0.998466501355306     
  0.998422141698572     
  0.998554148107530     
  0.998530572798755     
  0.998369335908408     
  0.997968878939100     
  0.994970123320947     
  0.951593334051942     
  0.770026781713984     
  0.585565422019670     
  0.894366305297432     
  0.982739686479527     
  0.997784937840748     
  0.993066744951241     
  0.997490422417351     
  0.996686144365857     
  0.999098267182252     
  0.999064171220994     
  0.998712196902701     
  0.997115505709750     
  0.994839921165768     
  0.996137494611335     
  0.997675637402848     
  0.998712625384487     
  0.999113643874813     
  0.999240141444638     
  0.999308344276262     
  0.999331076904040     
  0.999293082247830     
  0.998743315706837     
  0.997149043189937     
  0.996350963506613     
  0.998356061930803     
  0.999267260941654     
  0.999390521685383     
  0.999421154240745     
  0.999491432116393     
  0.999504065013976     
  0.999514322879211     
  0.999525314806589     
  0.999535390797196     
  0.999542785740817     
  0.999551242108247     
  0.999554493271082     
  0.999508902008949     
  0.997490839417601     
  0.998842378335554     
   1.00037150745340     
   1.00020373460731     
  0.996132809235022     
  0.999789050236867     
  0.998201972141102     
  0.998861158022048     
  0.999507821756225     
  0.999633508489282     
  0.999661159406230     
  0.999820251582798     
   1.00057449239703     
  0.997340420166839     
   1.00045243668405     
  0.999997358565925     
  0.999706163522673     
  0.999686925330731     
  0.999687982782428     
  0.999699695189749     
  0.999710241821109     
  0.999775975857269     
