  0.999652309237082     
  0.999649153315631     
  0.999603221986921     
  0.999636765940472     
  0.999622471072746     
  0.999570379072621     
  0.999571195789825     
  0.999560771558111     
  0.999610910699780     
  0.999430759037782     
  0.997593868010982     
  0.988932302978842     
  0.993458243325429     
  0.998392403385006     
  0.999398553267203     
  0.999369341770402     
  0.998770269006273     
  0.993988184746890     
  0.909532168341164     
  0.809543482930928     
  0.963940052008752     
  0.987924279590618     
  0.981277551517111     
  0.993620143552625     
  0.998242821749270     
  0.999344721915841     
  0.999496320148017     
  0.999535637818924     
  0.999544051849763     
  0.999551854720872     
  0.999550155452168     
  0.999437972464016     
  0.999364435007554     
  0.999542726999210     
  0.999544122388011     
  0.999540835866506     
  0.999534665303023     
  0.999531807855960     
  0.999526084767152     
  0.999493553858694     
  0.999513665845008     
  0.999508915862600     
  0.999188779911275     
  0.999476606094630     
  0.999476059972942     
  0.999472010582795     
  0.999472491056715     
  0.999462894013908     
  0.999446155895325     
  0.999321494401489     
  0.998592850143018     
  0.993460153274114     
  0.997284691267524     
  0.999117235163156     
  0.999642317982842     
  0.998840933208257     
  0.980816196921568     
  0.997135046249520     
  0.995143093988252     
  0.995500978446816     
  0.999539625227422     
  0.999021487417389     
  0.999250737346615     
  0.999283372330109     
  0.999296203619788     
  0.999283372863426     
  0.999269845452471     
  0.999255109700551     
  0.999240565306402     
  0.999225783940626     
  0.999208272194752     
  0.999063900333498     
  0.999176614666563     
  0.999141650532658     
  0.999064976862557     
  0.999030153670840     
  0.998603904481197     
  0.998779504965480     
  0.998252867418092     
  0.990836908361518     
  0.998049892029450     
  0.998821480310248     
  0.998954216174142     
  0.998932239399587     
  0.998437818801992     
  0.998878334234926     
  0.998779668903962     
  0.998356327328955     
  0.996727198322563     
  0.997690841248369     
  0.998199336298410     
  0.996668257557781     
  0.993750132729831     
  0.992690081022084     
  0.991352622339839     
  0.997295690958738     
  0.998371935934525     
  0.998453071740868     
  0.998359546215225     
  0.997992818407347     
  0.997848181836159     
  0.998239890512938     
  0.998179842274024     
  0.998094006268212     
  0.997942441952967     
  0.997923683623795     
  0.997747034189884     
  0.997589259166450     
  0.986713467868840     
  0.997520050878743     
  0.997611304255714     
  0.997535810437874     
  0.997441159262434     
  0.997340290412160     
  0.997230112461513     
  0.997099690168593     
  0.996968920415761     
  0.996819201907129     
  0.996635917570455     
  0.996424408407964     
  0.996287237116088     
  0.997291805377510     
  0.929793498350305     
  0.850065321702447     
  0.991013223677238     
  0.995493533109970     
  0.994789902065855     
  0.992654353832101     
  0.962152729934028     
  0.867169593967744     
  0.971366679284046     
  0.973071669378871     
  0.924957062739493     
  0.985942341006331     
  0.991614349507539     
  0.991220176902245     
  0.990531804027280     
  0.988316986341118     
  0.951749769390857     
  0.917504599112686     
  0.978050167726735     
  0.866013470980012     
  0.897336627257913     
  0.899387418047596     
  0.982423164443102     
  0.979322575811787     
  0.975265442107669     
  0.966905033400112     
  0.958393426275664     
  0.965655163148261     
  0.959592431273630     
  0.958809671552477     
  0.948982792390862     
  0.936152875333836     
  0.875540565297725     
  0.891675852645271     
  0.911385746345218     
  0.893323092514928     
  0.871845109373292     
  0.857663990791577     
  0.864427493355651     
  0.880783177526351     
  0.893474450931636     
  0.900949932299362     
  0.898438449289763     
  0.885914661700100     
  0.861658464554206     
  0.812144845812931     
  0.726145034264302     
  0.575883326811182     
  0.470998400793480     
  0.460060906536043     
  0.510965173654236     
  0.598360300323388     
  0.710254944427589     
  0.796266714821829     
  0.843608421505212     
  0.872261007294756     
  0.895415216895791     
  0.912499987039689     
  0.924874902609878     
  0.936862992115545     
  0.947969473284431     
  0.955923032062526     
  0.961097526454750     
  0.965849582855971     
  0.970201815328599     
  0.973400153280162     
  0.975832028563355     
  0.978049623699053     
  0.979987028023145     
  0.981835007767391     
  0.983401278826723     
  0.984875996683257     
  0.986208162693321     
  0.987410421289006     
  0.988325343469875     
  0.989504023966911     
  0.990462755751939     
  0.991249738208985     
  0.991441513928897     
  0.991786521059833     
  0.992714330274502     
  0.993404741460811     
  0.994112595885791     
  0.994398291135514     
  0.994784444863686     
  0.995261298780235     
  0.995504814800656     
  0.995705373195589     
  0.995578160755514     
  0.996050758836428     
  0.996367364663545     
  0.996568335084315     
  0.996634554673103     
  0.996936669778930     
  0.997083321830513     
  0.997193742745540     
  0.997181930369470     
  0.990487353141032     
  0.983430276625848     
  0.996716723003239     
  0.996992427418327     
  0.997762206326951     
  0.997927128750895     
  0.997900809649761     
  0.986555967274451     
  0.997788991900087     
  0.998260936233657     
  0.998348340851818     
  0.997579007524852     
  0.998361801502188     
  0.998368250933433     
  0.998134523694387     
  0.998004019640945     
  0.997313987018647     
  0.990397771236228     
  0.888284160316374     
  0.844719453174589     
  0.940403618776030     
  0.993618560020036     
  0.997810569208515     
  0.998442930533256     
  0.998522864335978     
  0.998206099437750     
  0.995904703145495     
  0.978068421987321     
  0.768765351178068     
  0.752359777372664     
  0.735410902021910     
  0.901004195200339     
  0.990314948361863     
  0.997890135508168     
  0.995344709275931     
  0.998698024161673     
  0.999035435898173     
  0.999123835884184     
  0.999167442826224     
  0.999194710608160     
  0.999183415889907     
  0.999048336374761     
  0.999098192303711     
  0.998507435733264     
  0.999306301288254     
  0.999321531944393     
  0.999341597879945     
  0.995468767756453     
  0.999244302117677     
  0.999338714965369     
  0.999405690402311     
  0.999430150768871     
  0.999442726941494     
  0.999448912799562     
  0.999421631836231     
  0.999197317878526     
  0.999198893341709     
  0.999467712561286     
  0.999453014854528     
  0.999165632633045     
  0.999361160523044     
  0.999511889741926     
  0.999544988748686     
  0.999540259996556     
  0.999309763484198     
  0.998511968657500     
  0.999496761149141     
  0.999577235309977     
  0.999592028618895     
  0.999584794249626     
  0.999473068584639     
  0.999577853008905     
  0.998694525774153     
  0.997704990705341     
  0.999613336424016     
  0.999617709129070     
  0.999615236108183     
  0.999603270982242     
  0.999603606339865     
   1.00003044152978     
  0.998935022995542     
  0.975313117942631     
  0.996541146830346     
   1.00144140802982     
  0.984981991885287     
  0.970302666347759     
   1.00077543057260     
   1.00019182903072     
  0.999559215980462     
  0.999575352188541     
  0.999546274394374     
  0.999132419000187     
  0.994596760322296     
  0.925175674450166     
  0.954646747969894     
  0.983158409693939     
  0.998721042812529     
  0.999514425252602     
  0.998779041170011     
  0.999642525637462     
  0.999735179808073     
  0.999744357707292     
  0.999750411295214     
  0.999753935563887     
  0.999759390197023     
  0.999761923725840     
  0.999720048211839     
  0.999692199045883     
  0.999773039304908     
  0.999772760505459     
  0.999194016598286     
  0.999536754915963     
  0.999666246337088     
  0.999686816546263     
  0.999622089665934     
  0.999638451053066     
  0.999478419152221     
  0.998191539848830     
  0.999768963784857     
  0.999796377420207     
  0.999797187466722     
  0.999760444086443     
  0.999792953018333     
  0.999717733482133     
  0.999251585879345     
  0.997907708572918     
  0.998372759805898     
  0.999430040313361     
  0.999724691258000     
  0.999629804483848     
  0.998644393934644     
  0.997368101746644     
  0.999520595566121     
  0.999783953429600     
  0.999815569039508     
  0.999799154180678     
  0.999819153458249     
  0.999725000619398     
  0.999824008914927     
  0.999827781974135     
  0.999829190779678     
  0.999830653754970     
  0.999831386182519     
  0.999828551570397     
  0.999800112832419     
  0.999310578715541     
  0.999889974195336     
   1.00002671989654     
  0.993613689837889     
   1.00000820166468     
  0.999795346130304     
  0.999840294599410     
  0.999841611909672     
  0.999843067533803     
  0.999841229170556     
  0.999781760293001     
  0.999526823862699     
  0.999765344649628     
  0.999741314238180     
  0.999218400973258     
  0.999398134069594     
  0.997825450979725     
  0.998570231053155     
  0.999848630125744     
  0.999848944262641     
  0.999841751912429     
  0.999760079445997     
  0.999850702038894     
   1.00043276953010     
  0.991060334696820     
  0.995975524356834     
  0.983443770734324     
  0.964045439601898     
  0.999447293113333     
  0.999715828371997     
  0.999545210632370     
  0.998414082745131     
  0.995930800936910     
  0.999046491718234     
  0.999701056916247     
  0.999837714461657     
  0.999834934482868     
  0.999705314558781     
  0.998403233864385     
  0.963277849010857     
  0.949490985171530     
  0.997423958937482     
  0.999437032029246     
  0.999242110285260     
  0.999769953607422     
  0.999837265096157     
  0.999847378195330     
  0.999854404224571     
  0.999835466806762     
  0.999856022879755     
  0.999856638034252     
  0.999757402006800     
  0.999384836955956     
  0.999224218202032     
  0.999218133331739     
  0.999843115363849     
  0.999858980608381     
  0.999868627146267     
  0.999860228731391     
  0.999834325448532     
  0.999670287303672     
  0.999795217385627     
  0.999862631148525     
  0.999871412478973     
  0.999855109303944     
  0.999872907627060     
  0.999736908048689     
  0.999848861217025     
  0.999873048247524     
  0.999887226370763     
  0.999776322951799     
  0.999589481688699     
  0.999876758878754     
  0.999807649886862     
  0.999665454613255     
  0.999056033675806     
  0.998580480578563     
  0.999856401886138     
  0.999750272050594     
  0.998419309327162     
  0.992628119540441     
  0.992622104734055     
  0.998420103978027     
  0.999678681018809     
  0.999566101095882     
  0.998709062058381     
  0.998709675901901     
  0.999571300511983     
  0.999817770084139     
  0.999784127343453     
  0.999795294457604     
  0.999704069743381     
  0.990677916712241     
  0.977712142025314     
  0.999040820099517     
  0.999884369269657     
   1.00008905170732     
  0.989604695183873     
  0.998032690488601     
  0.999763928557605     
  0.999862745079178     
  0.999718979443512     
  0.996877396397224     
  0.998385563738054     
  0.999749469603914     
  0.999326580823830     
  0.999678402090817     
  0.999863904150884     
  0.999864419424347     
  0.999860006732945     
  0.999859989222846     
  0.999851744876507     
  0.999598385108465     
  0.999782685406798     
  0.999804848483764     
  0.999792012552343     
  0.999020488889227     
  0.990907985279040     
  0.957820738772769     
  0.912931733006450     
  0.932664982053876     
  0.979551643720836     
  0.991663537575827     
  0.974986114934641     
  0.982423746635109     
  0.996616259795947     
  0.999328581548524     
  0.999160061360671     
  0.999001491903107     
  0.999697458270170     
  0.999215388591480     
  0.995060548626096     
  0.894888127735507     
  0.893841299518991     
  0.995376016728048     
  0.999214263456862     
  0.999736618124861     
  0.999804581440511     
  0.999818884511933     
  0.999812056533980     
  0.999636074687468     
  0.999176472633489     
  0.998922949780183     
  0.998957078432040     
  0.998984722463483     
  0.993145693607078     
  0.902083601707146     
  0.923827219847624     
  0.991473188882657     
  0.967769589686743     
  0.907955516127509     
  0.898162193053658     
  0.962129500742840     
  0.991041699710073     
  0.984313773921683     
  0.984436939802093     
  0.994871199664721     
  0.984861402213502     
  0.957827806234427     
  0.975023480070646     
  0.995582429268430     
  0.999215216498649     
  0.999573783894844     
  0.998803253055290     
  0.992433249341425     
  0.970277993994428     
  0.941912215734626     
  0.970578361486449     
  0.994743234084661     
  0.998468824346437     
  0.994448243910385     
  0.991536334308383     
  0.997852499288245     
  0.999899018682641     
  0.996268789354620     
  0.992317360151425     
  0.978381915439241     
  0.960016579611528     
  0.983486443085300     
  0.996481775514569     
  0.999573008674529     
  0.999656444387594     
  0.999308800558957     
  0.999808255849935     
  0.999736408633619     
  0.999756258863718     
  0.999837660352106     
  0.999748544143898     
  0.999693546449477     
  0.999689525015441     
  0.999767213830246     
  0.999829789049881     
  0.999830269183711     
  0.999269658958462     
  0.999642338108292     
  0.999774466954514     
  0.999822025769532     
  0.999844561009489     
  0.999819914166849     
  0.999817239251401     
  0.999803377693129     
  0.999807368255199     
  0.999809420141904     
  0.999806433491318     
  0.999803337533130     
  0.999799595494578     
  0.999782749750641     
  0.999749398136503     
  0.999768317505134     
  0.996414522938954     
  0.998559068963188     
   1.00014837565289     
  0.989012846155379     
  0.980008215758020     
  0.999998725964780     
  0.999802473198800     
  0.999595563749365     
  0.997192980795567     
  0.984200463588896     
  0.954829167196042     
  0.965500675264025     
  0.990881244609017     
  0.998670704689429     
  0.999524492535498     
  0.999201730561209     
  0.999102223388274     
  0.999448932501806     
  0.999501667887418     
  0.968684784684950     
  0.991402918887554     
  0.978656579363220     
  0.984653894886929     
  0.999639190244337     
  0.999670126152706     
  0.999665819471829     
  0.999689286676209     
  0.999682527587073     
  0.999682528449939     
  0.999676456182542     
  0.999628603307134     
  0.999635195420335     
  0.999626573002046     
  0.999591505272558     
  0.999603543075432     
  0.999622653886246     
  0.999612919838714     
  0.998612620379281     
  0.999578599752621     
  0.999542003852870     
  0.999412393761814     
  0.999472687237755     
  0.999413305620727     
  0.997424559035211     
  0.993448946707256     
  0.976330429979541     
  0.997995289666784     
  0.999281000247651     
  0.999060976145834     
  0.997216642690765     
  0.995253405128065     
  0.996942382017523     
  0.995000045040418     
  0.930022442034623     
  0.966623863161944     
  0.774735173829155     
  0.974586014621534     
  0.996783449831940     
  0.999087664345152     
  0.999283872560320     
  0.999268546453512     
  0.999193948148095     
  0.998742428531108     
  0.994999433517077     
  0.926352112645534     
  0.926363074486470     
  0.994309017677603     
  0.994402290100869     
  0.988374614642962     
  0.994570058901263     
  0.998325937080963     
  0.999020331351300     
  0.999105896885070     
  0.999116259590388     
  0.999030092980076     
  0.999015152900167     
  0.999055713057933     
  0.999026476812099     
  0.998994687993109     
  0.998968032561161     
  0.998801892066006     
  0.998772454642170     
  0.998499055169020     
  0.998092556930206     
  0.998415865581182     
  0.998672700815833     
  0.998653803639164     
  0.997672647809075     
  0.998613422455693     
  0.998576497493757     
  0.998400125562906     
  0.998415483404049     
  0.998314005921969     
  0.998166842550223     
  0.996678009575416     
  0.982730932337724     
  0.982591352958692     
  0.956855451892596     
  0.968008858642010     
  0.992373456953625     
  0.990755639253939     
  0.983880082746516     
  0.993975150944775     
  0.993690576737220     
  0.994761477135350     
  0.995895879397137     
  0.997069674060495     
  0.997019039560986     
  0.996829749039350     
  0.996656789557243     
  0.996461431518447     
  0.996171209098884     
  0.996052785304448     
  0.995820259388210     
  0.995246370272112     
  0.995309471533298     
  0.995223575418982     
  0.993767560346460     
  0.990801003329094     
  0.994331328914163     
  0.993603355308599     
  0.993039854646626     
  0.992342620635892     
  0.992348958726669     
  0.991925494781669     
  0.991415492250387     
  0.990823990103437     
  0.990260897318432     
  0.989731009131788     
  0.989082468818939     
  0.988275175355722     
  0.987492516650200     
  0.986637172001278     
  0.985626430110041     
  0.984421192788200     
  0.982794700993563     
  0.976920266206951     
  0.971931306401109     
  0.974896535897857     
  0.975881444778477     
  0.974432714957105     
  0.971697201641589     
  0.969657105559016     
  0.967293109356172     
  0.964379796850561     
  0.961437277461214     
  0.958194015174733     
  0.954747559480343     
  0.951306945815676     
  0.947962176127781     
  0.944873041913466     
  0.942672819138285     
  0.942398719306041     
  0.944275022174276     
  0.947217066726754     
  0.950591810427567     
  0.954040166845946     
  0.957452989916289     
  0.960468524043745     
  0.963310006959970     
  0.966483238049568     
  0.969159800757997     
  0.971665723906610     
  0.973986364898649     
  0.975992011767804     
  0.977981466218417     
  0.979716928047150     
  0.981238825710775     
  0.982775305226945     
  0.984058515472831     
  0.985271283097160     
  0.986409127752958     
  0.987071703316752     
  0.987916885546247     
  0.988968035528281     
  0.989065166827703     
  0.986075741824269     
  0.976863627767064     
  0.983358721614183     
  0.982381709412236     
  0.992136522025679     
  0.992546342154807     
  0.993151282891024     
  0.993542850997621     
  0.993955812040915     
  0.994313237487427     
  0.994289780351956     
  0.993788136508621     
  0.987280955091738     
  0.976893185781914     
  0.990336333957036     
  0.995221607905131     
  0.996173538293007     
  0.996438474642397     
  0.996483146924485     
  0.995616586257608     
  0.992332476323146     
  0.992935038153250     
  0.996257425429057     
  0.997054163059502     
  0.997171146939888     
  0.997649206585191     
  0.997752700970412     
  0.997849001583970     
  0.997938572754409     
  0.998015684690293     
  0.998102128707169     
  0.998175861692476     
  0.998244063175683     
  0.998289408272764     
  0.998090182652352     
  0.997951130474253     
  0.998472076659290     
  0.997507149539545     
  0.998125947304488     
  0.998566794003183     
  0.997412100578761     
  0.998321874302197     
  0.998743027797312     
  0.998785876954134     
  0.998817886969234     
  0.998846263241239     
  0.998859541635397     
  0.998873094607193     
  0.998909359924887     
  0.998914786155528     
  0.998920187145545     
  0.998877441260895     
  0.998732414060107     
  0.998746139426829     
  0.998606113170176     
  0.998679662821312     
  0.998586131568216     
  0.998304996843938     
  0.997682837564881     
  0.994820701076803     
  0.938059108651209     
  0.753524314389457     
  0.513311376610813     
  0.904561416733350     
  0.985557569115975     
  0.997068497558640     
  0.991969436073448     
  0.996892384918308     
  0.996343595968907     
  0.999033171158163     
  0.999135493844326     
  0.998924279719022     
  0.997371586925261     
  0.994357714713697     
  0.996547675853557     
  0.998317814022515     
  0.999046534227003     
  0.999310040756394     
  0.999405115725964     
  0.999405266559951     
  0.999404358628376     
  0.999437600461580     
  0.999100432288029     
  0.997964858814130     
  0.996912179526229     
  0.998837071148518     
  0.999450520529968     
  0.999412697659491     
  0.999269296060354     
  0.999617983687410     
  0.999627984890661     
  0.999631270308949     
  0.999642585562950     
  0.999651179761832     
  0.999652686937387     
  0.999660080716898     
  0.999660050419632     
  0.999592959914151     
  0.996080339897296     
  0.998655950074512     
   1.00016429668796     
  0.998401261115886     
  0.992280502943987     
  0.999558573772066     
  0.998693928559959     
  0.999132785622704     
  0.999639737021481     
  0.999724200077881     
  0.999739752825782     
  0.999347179607959     
   1.00008647564343     
  0.994763527408068     
  0.999768697815442     
  0.999958344113129     
  0.999774016380242     
  0.999764323221716     
  0.999759783220322     
  0.999774843425504     
  0.999781946940156     
  0.999824045518311     
