  0.999676096674780     
  0.999671331551133     
  0.999650669312658     
  0.999658713181732     
  0.999658077291308     
  0.999621247472742     
  0.999605714690084     
  0.999598434677916     
  0.999633158693044     
  0.999365083511220     
  0.996633971758166     
  0.985785926859690     
  0.991547342754026     
  0.997922607170276     
  0.999423026931433     
  0.999447261160892     
  0.998728999405643     
  0.992258858694558     
  0.919371932699726     
  0.837736326780504     
  0.962834814666163     
  0.984888967468935     
  0.976745998854069     
  0.990988853445235     
  0.997689709615836     
  0.999333198823200     
  0.999536540842074     
  0.999570983548334     
  0.999578721333168     
  0.999582708993148     
  0.999579561202033     
  0.999486519355404     
  0.999429595187156     
  0.999571570121676     
  0.999573969713063     
  0.999571062309525     
  0.999566864608748     
  0.999562301991118     
  0.999556664847968     
  0.999535985940880     
  0.999546124169958     
  0.999541629640254     
  0.999461779590351     
  0.999509598875293     
  0.999517901365825     
  0.999509917707513     
  0.999506661239766     
  0.999497044411666     
  0.999477881006016     
  0.999317398053870     
  0.998471838999938     
  0.994567538958143     
  0.996892522039559     
  0.999030560987156     
  0.999822265146115     
   1.00074960903178     
  0.983725392547085     
  0.998975429587275     
  0.996227891176102     
  0.996171940333191     
  0.999717540985882     
  0.999194494676112     
  0.999322646261660     
  0.999349006461859     
  0.999342635029734     
  0.999330896432596     
  0.999318520218802     
  0.999304619471492     
  0.999291322140033     
  0.999277825818401     
  0.999261472964475     
  0.999174250099813     
  0.999232446635715     
  0.999205304909651     
  0.999165850433308     
  0.999045906377882     
  0.998542385998799     
  0.998867569203744     
  0.998536025000869     
  0.994368755991546     
  0.998417159794764     
  0.998964718319923     
  0.999027747609349     
  0.999007218502530     
  0.998817620184837     
  0.998952254873189     
  0.998836967423207     
  0.998279637838376     
  0.996354205292015     
  0.997732677952244     
  0.998092150514056     
  0.995837009633513     
  0.991862051771776     
  0.990665167047568     
  0.989482877639326     
  0.996777376751146     
  0.998403205489305     
  0.998548346190151     
  0.998434254765581     
  0.998012921480367     
  0.998069183216067     
  0.998343134379678     
  0.998318178300376     
  0.998261398300992     
  0.998159036369612     
  0.998015832552790     
  0.997793101399302     
  0.997681671205121     
  0.994527829640279     
  0.997754552171101     
  0.997771340547434     
  0.997706043538184     
  0.997619872780944     
  0.997524764644159     
  0.997423205363257     
  0.997306484300085     
  0.997182668939214     
  0.997043054995493     
  0.996878263365367     
  0.996688481444602     
  0.996688642285203     
  0.998882582195748     
  0.944968321584171     
  0.880739747244828     
  0.995179491918688     
  0.996237809314770     
  0.995113987293702     
  0.992240231898729     
  0.963260227026586     
  0.884032169951447     
  0.970734595443030     
  0.974545047978854     
  0.937210307127477     
  0.986141181508194     
  0.991928200776680     
  0.991778746903079     
  0.991011847823815     
  0.988245193639732     
  0.956391518058367     
  0.928855392539790     
  0.978316282241456     
  0.893613709200392     
  0.915303422722489     
  0.917774258696299     
  0.984797611836553     
  0.980369469737102     
  0.975595141719424     
  0.964956579308732     
  0.955550063781927     
  0.966063185900876     
  0.961733500914603     
  0.960950886625520     
  0.951714028153884     
  0.941695800320614     
  0.890768322622921     
  0.902790905235857     
  0.915632127874240     
  0.896481306995221     
  0.875516733931842     
  0.862637622504567     
  0.869278849494653     
  0.884953977764382     
  0.897547721876678     
  0.904990850412893     
  0.903264333594651     
  0.891096750613045     
  0.865336615409979     
  0.811526852263475     
  0.717332183199268     
  0.570247244940638     
  0.477849310748886     
  0.468176779172982     
  0.512627893946980     
  0.596980818206487     
  0.705909353230560     
  0.793880605404489     
  0.844017773345177     
  0.874032857748479     
  0.897048198704906     
  0.914163111271531     
  0.927114925867181     
  0.939523572140473     
  0.950839098455251     
  0.958678977100371     
  0.963718268309272     
  0.968314622284288     
  0.972497705972953     
  0.975469072312842     
  0.977652615258141     
  0.979647418117514     
  0.981414010698665     
  0.983093281662862     
  0.984568871897227     
  0.985923954646125     
  0.987159602223472     
  0.988294717680632     
  0.989258299680777     
  0.990279249727252     
  0.991163365898377     
  0.991925696854989     
  0.992490993679779     
  0.992610346479225     
  0.993371216691807     
  0.994008323574556     
  0.994607352665117     
  0.994900443681402     
  0.995263092665667     
  0.995615720606618     
  0.995809688558700     
  0.995969209755385     
  0.995907227904752     
  0.996295649426960     
  0.996598588615838     
  0.996827650374297     
  0.996946912876636     
  0.997180761946082     
  0.997315490720326     
  0.997417548986915     
  0.997394510321919     
  0.993284726132398     
  0.989250827328241     
  0.996896406266155     
  0.997088442157342     
  0.997870181528668     
  0.998080751488410     
  0.998019925488463     
  0.989727273390230     
  0.997940027836448     
  0.998389284690626     
  0.998528142510973     
  0.997814255185083     
  0.998533822689768     
  0.998509339497870     
  0.998334362519752     
  0.998162639179212     
  0.997148019574754     
  0.987709825814065     
  0.912525447191846     
  0.880362485877427     
  0.947176477836444     
  0.991957491705985     
  0.997900363266604     
  0.998589479544738     
  0.998661753482420     
  0.998462111544696     
  0.995034050961106     
  0.970270237045414     
  0.806562226232349     
  0.790219240782167     
  0.783070357504084     
  0.908937483235837     
  0.986814755655830     
  0.997723085044870     
  0.997224984498230     
  0.998784538128003     
  0.999098492664030     
  0.999191657976682     
  0.999231802125283     
  0.999252465235509     
  0.999226700137722     
  0.999085291782624     
  0.999181796868949     
  0.998881485962996     
  0.999358195812651     
  0.999378432639947     
  0.999394177979558     
  0.998310195731680     
  0.999382778282255     
  0.999428919570820     
  0.999453740329049     
  0.999468083838080     
  0.999479074963917     
  0.999481150959012     
  0.999435263165996     
  0.999192893633159     
  0.999270040034338     
  0.999492898886364     
  0.999457649070805     
  0.999110363798842     
  0.999328724118170     
  0.999527395359965     
  0.999571878391340     
  0.999560965995830     
  0.999363188832921     
  0.998761984713425     
  0.999516741236644     
  0.999604248939457     
  0.999618819876860     
  0.999614600151268     
  0.999553627035732     
  0.999614586727691     
  0.999366712713388     
  0.999090825348518     
  0.999644145320752     
  0.999648016225908     
  0.999647634864282     
  0.999641798344646     
  0.999672474537838     
   1.00043794311176     
   1.00148265445473     
  0.985979226396915     
   1.00017385077148     
   1.00334147783018     
  0.995354979475440     
  0.986136574328434     
   1.00444609488469     
   1.00076503998314     
  0.999647368918246     
  0.999628411479434     
  0.999592871926972     
  0.999058326105939     
  0.993966049595325     
  0.937116700874684     
  0.960153997186584     
  0.985598590454925     
  0.998594121247935     
  0.999481917945949     
  0.999327048659961     
  0.999692630936554     
  0.999751024690686     
  0.999758826082350     
  0.999763660690110     
  0.999767545402943     
  0.999770954675849     
  0.999771309561574     
  0.999744692729422     
  0.999740149704306     
  0.999781814947419     
  0.999779166334016     
  0.999623288583355     
  0.999473946740414     
  0.999625060479098     
  0.999717630585612     
  0.999648195476990     
  0.999571816575933     
  0.999497924493195     
  0.999125252849553     
  0.999776324558805     
  0.999800769665172     
  0.999802641204675     
  0.999779144581780     
  0.999793051091686     
  0.999680982659262     
  0.999005652811083     
  0.997277308739774     
  0.997862668538343     
  0.999314109075232     
  0.999718627455474     
  0.999582704203084     
  0.998628884597589     
  0.997797232148381     
  0.999434289100025     
  0.999774788779111     
  0.999817647553119     
  0.999806441073126     
  0.999822857771693     
  0.999762617339647     
  0.999826275131728     
  0.999829220108382     
  0.999830687463316     
  0.999832036612431     
  0.999833039325330     
  0.999833289879258     
  0.999826429465086     
  0.999692042449964     
  0.999960491590663     
   1.00037464463656     
  0.994531251231175     
   1.00036200193525     
  0.999923979998615     
  0.999844228356256     
  0.999841165343769     
  0.999842410540708     
  0.999842264973420     
  0.999803700774215     
  0.999704751124240     
  0.999736016433094     
  0.999694653080641     
  0.999296300458339     
  0.999451830758460     
  0.999237117717435     
  0.999417653241963     
  0.999846742027728     
  0.999846564033916     
  0.999836392118423     
  0.999770638143369     
  0.999923640635304     
   1.00088238335758     
  0.992632781571787     
  0.997483818493523     
  0.986482688649485     
  0.974274327942858     
  0.999290899300939     
  0.999687892206129     
  0.999485797376584     
  0.997958155650155     
  0.995081495384183     
  0.998699216187653     
  0.999653795251283     
  0.999831323221044     
  0.999830936371692     
  0.999656119286394     
  0.997925197884121     
  0.968666039281386     
  0.957838596242908     
  0.996852865921017     
  0.999351469278410     
  0.999378166795787     
  0.999738633506059     
  0.999823026209062     
  0.999837426912076     
  0.999845285013699     
  0.999849648483254     
  0.999854634497962     
  0.999845971236829     
  0.999694316758588     
  0.999138478326963     
  0.998931926824262     
  0.999167108867104     
  0.999846585914319     
  0.999866733428417     
  0.999862171049408     
  0.999853462811969     
  0.999811257701559     
  0.999635873432560     
  0.999782376059472     
  0.999849914674906     
  0.999862282626873     
  0.999857782840731     
  0.999864523164566     
  0.999817875591781     
  0.999856414725068     
  0.999866075538994     
  0.999885047968398     
  0.999803509169433     
  0.999625572107218     
  0.999877728220231     
  0.999774224483604     
  0.999648503656231     
  0.999376126574563     
  0.999156058103355     
  0.999838929030778     
  0.999681043360133     
  0.997692880778918     
  0.989923894330612     
  0.989917713110874     
  0.997699725484815     
  0.999602206723410     
  0.999416734087209     
  0.998293870320436     
  0.998296164270093     
  0.999429049567388     
  0.999790633796516     
  0.999818776237940     
  0.999816112083126     
  0.999751814172233     
  0.994358709621004     
  0.987049245815398     
  0.999315154979566     
  0.999937034487667     
   1.00038504327344     
  0.990680029571197     
  0.998921146228550     
   1.00000436366598     
  0.999852672841793     
  0.999723542586732     
  0.998006734374588     
  0.998817092080267     
  0.999776670325973     
  0.999684870869349     
  0.999799792426039     
  0.999846491455435     
  0.999845374263166     
  0.999842676805088     
  0.999838722946841     
  0.999827695551595     
  0.999660731751068     
  0.999774886931347     
  0.999785917257654     
  0.999743828411294     
  0.998662556620747     
  0.986491190747824     
  0.939780736594964     
  0.883199548944936     
  0.907425249445331     
  0.969724046306412     
  0.988300863894890     
  0.971154725280283     
  0.978895423375891     
  0.995214207746859     
  0.999123763914342     
  0.999135861032870     
  0.998988417871877     
  0.999651300814650     
  0.999003634225461     
  0.993242845492703     
  0.923990897493710     
  0.923348625424065     
  0.993455989323032     
  0.998983326390363     
  0.999697493168976     
  0.999779599538508     
  0.999793907928485     
  0.999782127130088     
  0.999616059236233     
  0.999151635344252     
  0.998642172549266     
  0.998648237895579     
  0.998637960646195     
  0.991579993959496     
  0.915561313571220     
  0.932874078974799     
  0.987978753464036     
  0.952624914531164     
  0.875263670439757     
  0.864306908753851     
  0.944397983424476     
  0.986948911504450     
  0.981175080107948     
  0.981197098758631     
  0.992784104928580     
  0.980016104490700     
  0.949270900338317     
  0.968585515678435     
  0.993696010742285     
  0.998926924731217     
  0.999454222166444     
  0.998325897697733     
  0.989606850403114     
  0.962145020408008     
  0.929851489853755     
  0.962165983727596     
  0.992328748720093     
  0.997741082712276     
  0.993336735166427     
  0.990349080214081     
  0.997106141349644     
  0.999888043258812     
  0.996736703397102     
  0.990718377903158     
  0.969493847327764     
  0.946707008973943     
  0.976175120861997     
  0.995139022464030     
  0.999437536452900     
  0.999643373097340     
  0.999440822138191     
  0.999765319292388     
  0.999750418849134     
  0.999757637355994     
  0.999782003445181     
  0.999702539733917     
  0.999588369583634     
  0.999585053507150     
  0.999708198974077     
  0.999772085739910     
  0.999775182731327     
  0.999666485233694     
  0.999653986299571     
  0.999728257416520     
  0.999762990165099     
  0.999761505209720     
  0.999759356836160     
  0.999755910350206     
  0.999745838068834     
  0.999746253703197     
  0.999745639957132     
  0.999741567287147     
  0.999737344592738     
  0.999732283224226     
  0.999710696471683     
  0.999662921241271     
  0.999785290782010     
  0.996887397600071     
  0.998911016635223     
   1.00036205027772     
  0.991819876580687     
  0.981262385078592     
   1.00023149264551     
  0.999753121526221     
  0.999441651043789     
  0.995926293791067     
  0.976900307967711     
  0.939355504789219     
  0.952392628844941     
  0.986477667992282     
  0.998059473941148     
  0.999338591371987     
  0.998900958134563     
  0.998776327487543     
  0.999260157610464     
  0.999506699636603     
  0.987470339186266     
  0.996248196696871     
  0.991335341773020     
  0.993659673594904     
  0.999574748158076     
  0.999585232507645     
  0.999576329323401     
  0.999585460531689     
  0.999577214909200     
  0.999572121602087     
  0.999562726956873     
  0.999535709420346     
  0.999501850221154     
  0.999492190046926     
  0.999478569669792     
  0.999494329494024     
  0.999495966858319     
  0.999479878119620     
  0.998893234623835     
  0.999433845723954     
  0.999372422806030     
  0.999208732504362     
  0.999281614763381     
  0.999194717728790     
  0.997438671118648     
  0.991878149229797     
  0.979012347042672     
  0.997292075120868     
  0.999012350014208     
  0.998685279131153     
  0.996219810184289     
  0.993847021452344     
  0.996363524584326     
  0.994676960885203     
  0.954413483826417     
  0.965248433575807     
  0.832185062583043     
  0.972074183445278     
  0.995507247011969     
  0.998899194350235     
  0.999090240848939     
  0.999072059078142     
  0.999000227388236     
  0.998470157116730     
  0.994354261467993     
  0.946259672192481     
  0.946233154208243     
  0.993261797776549     
  0.992241915747702     
  0.984803749534304     
  0.992314217878929     
  0.997625299359497     
  0.998733924826761     
  0.998802979116603     
  0.998785325239825     
  0.998735616484925     
  0.998705952208488     
  0.998688003620321     
  0.998648928421498     
  0.998601944389427     
  0.998562429445891     
  0.998470365642688     
  0.998341606241055     
  0.997882040262015     
  0.997360823252000     
  0.997766657261502     
  0.998133146687656     
  0.998138638699124     
  0.997568782792944     
  0.998051365767670     
  0.998000668034005     
  0.997816265809530     
  0.997803284062851     
  0.997724594388454     
  0.997456126578531     
  0.995888159043692     
  0.984916154437678     
  0.975071741891019     
  0.943672250401346     
  0.958994424684171     
  0.988937227960021     
  0.987736151225888     
  0.979868893644449     
  0.991765764087110     
  0.992831072250412     
  0.994223486501332     
  0.995121565987361     
  0.995982947835907     
  0.995790548440729     
  0.995518008445266     
  0.995271987835063     
  0.995004042630848     
  0.994679501622223     
  0.994419475149010     
  0.994088637491478     
  0.993620114784062     
  0.993367575415479     
  0.993264202950110     
  0.992073923192425     
  0.989202388989457     
  0.992039442007495     
  0.990957113924258     
  0.990266181139046     
  0.989578432069704     
  0.989193031767252     
  0.988577306307373     
  0.987851845948865     
  0.987009404533056     
  0.986213710677137     
  0.985471973336197     
  0.984564419332315     
  0.983447685353614     
  0.982329329554615     
  0.981115604766772     
  0.979693771846798     
  0.977997351804232     
  0.975742418740614     
  0.969698756351556     
  0.963378140178092     
  0.964966374728670     
  0.965981653544655     
  0.963993129497298     
  0.960663801000848     
  0.957395418871538     
  0.954009151185769     
  0.949931273105632     
  0.945793466455796     
  0.941222986305323     
  0.936343583602403     
  0.931449236352093     
  0.926634425294682     
  0.922235881867757     
  0.919211051611239     
  0.918859538815990     
  0.921393741080790     
  0.925560770315476     
  0.930412248013190     
  0.935333223474885     
  0.940173416475904     
  0.944513659129563     
  0.948596346475164     
  0.952881899616784     
  0.956618352800479     
  0.960122369846533     
  0.963368207242695     
  0.966176870588590     
  0.968959774783423     
  0.971391776652748     
  0.973527754374614     
  0.975687443754950     
  0.977544247338812     
  0.979340386529390     
  0.980886736879714     
  0.981963638340976     
  0.983225964580899     
  0.984429715106105     
  0.984519577010768     
  0.980226725659737     
  0.968904873988860     
  0.976927401877942     
  0.983332183943705     
  0.988949573465478     
  0.989618466783072     
  0.990316200182057     
  0.990879690187838     
  0.991453325547810     
  0.991960947480127     
  0.992149246678227     
  0.991216896684286     
  0.982993215287386     
  0.971044833477768     
  0.986776036818008     
  0.993252053181367     
  0.994597275637129     
  0.994974421526962     
  0.995030932019756     
  0.993733796826133     
  0.989493922171130     
  0.990223411688185     
  0.994644728602032     
  0.996032243713874     
  0.996366719405279     
  0.996689207518465     
  0.996834162205994     
  0.996970848108705     
  0.997099446297693     
  0.997215804281371     
  0.997333536991059     
  0.997439441831363     
  0.997537513685847     
  0.997615898053142     
  0.997554029082783     
  0.997710901539388     
  0.997882703297082     
  0.997758793870711     
  0.997940341134770     
  0.998076508113067     
  0.997438315428697     
  0.997975230612534     
  0.998272932666962     
  0.998336715255608     
  0.998387819557484     
  0.998434969089172     
  0.998475927017109     
  0.998514219017201     
  0.998554541466944     
  0.998585373213950     
  0.998603429150581     
  0.998565440719148     
  0.998411385740724     
  0.998476716698365     
  0.998428862292206     
  0.998558733244588     
  0.998532602400750     
  0.998366985554231     
  0.997958429619727     
  0.994964664802588     
  0.951098916875046     
  0.769423931237701     
  0.582925911563638     
  0.894738743056848     
  0.982842626710106     
  0.997758765492168     
  0.993026658998922     
  0.997468575399950     
  0.996673630651333     
  0.999095889142216     
  0.999066776729720     
  0.998719944574036     
  0.997124860713627     
  0.994822305476816     
  0.996152479137450     
  0.997699097087551     
  0.998724823594191     
  0.999120818566621     
  0.999246168225770     
  0.999311885010709     
  0.999333754012301     
  0.999298361754114     
  0.998756361823177     
  0.997178846449149     
  0.996371465794712     
  0.998373634132483     
  0.999273955778612     
  0.999391331819184     
  0.999415606547677     
  0.999496055313249     
  0.999508592074830     
  0.999518595226589     
  0.999529598970852     
  0.999539620833266     
  0.999546800687967     
  0.999555218241253     
  0.999558349529082     
  0.999511972851169     
  0.997439310340713     
  0.998835567636030     
   1.00036393750711     
   1.00013788550219     
  0.995992074174219     
  0.999780630304247     
  0.998219944667471     
  0.998871081340381     
  0.999512640996392     
  0.999636821715034     
  0.999664030654286     
  0.999802968858207     
   1.00055666367169     
  0.997246278385724     
   1.00042745758043     
  0.999995933245116     
  0.999708642403934     
  0.999689752925827     
  0.999690605887582     
  0.999702440604143     
  0.999712861450117     
  0.999777732005604     
