  0.999620273161652     
  0.999619284539166     
  0.999539321968937     
  0.999607208421910     
  0.999574518414846     
  0.999501872267593     
  0.999524707734021     
  0.999510049189754     
  0.999580948556578     
  0.999519206300003     
  0.998886586397349     
  0.993169601585934     
  0.996031690900482     
  0.999025085505401     
  0.999365594279765     
  0.999264407047582     
  0.998825846983982     
  0.996317070434621     
  0.896280980602764     
  0.771576345813378     
  0.965428464622870     
  0.992011894477874     
  0.987380117084540     
  0.997163648150441     
  0.998987684601032     
  0.999360239745132     
  0.999442156208722     
  0.999488038974767     
  0.999497363813886     
  0.999510304597361     
  0.999510556103138     
  0.999372596818583     
  0.999276687333879     
  0.999503885642898     
  0.999503928843911     
  0.999500131902511     
  0.999491304736464     
  0.999490743640153     
  0.999484904930864     
  0.999436414007337     
  0.999469956968790     
  0.999464863114186     
  0.998821156440536     
  0.999432177888546     
  0.999419716350246     
  0.999420964989936     
  0.999426477745399     
  0.999416907474825     
  0.999403435340591     
  0.999327010465857     
  0.998755801026236     
  0.991968976527938     
  0.997812774761482     
  0.999233947721568     
  0.999400007800344     
  0.996270788218807     
  0.976898803804431     
  0.994656874971235     
  0.993682362447221     
  0.994597498378537     
  0.999300054401944     
  0.998788526740105     
  0.999153909603445     
  0.999194994040318     
  0.999233682535647     
  0.999219381338933     
  0.999204304000481     
  0.999188444087326     
  0.999172220698119     
  0.999155709204386     
  0.999136637204580     
  0.998915314472297     
  0.999101437182163     
  0.999055940453977     
  0.998929151837318     
  0.999008942903644     
  0.998686737902045     
  0.998660928545494     
  0.997871603479001     
  0.986081385427334     
  0.997555378791871     
  0.998628615862633     
  0.998855209213102     
  0.998831283496106     
  0.997926435173354     
  0.998778804058024     
  0.998702519733312     
  0.998459585044741     
  0.997229409284916     
  0.997634510988040     
  0.998343654239598     
  0.997787470067934     
  0.996292284315759     
  0.995416460041376     
  0.993870071919454     
  0.997993554293546     
  0.998329834415268     
  0.998324793993773     
  0.998258958720505     
  0.997965751733512     
  0.997550627483041     
  0.998100884237080     
  0.997993588860129     
  0.997868632936854     
  0.997650824311290     
  0.997799616812906     
  0.997685010723869     
  0.997464838780578     
  0.976192508221027     
  0.997204328134538     
  0.997395838678741     
  0.997306616980192     
  0.997200548857269     
  0.997091924779760     
  0.996970143865869     
  0.996821275841825     
  0.996681143945135     
  0.996517822178147     
  0.996309641499723     
  0.996068881413183     
  0.995746818540743     
  0.995150121609016     
  0.909363491313395     
  0.808768170426320     
  0.985404169154428     
  0.994491515516909     
  0.994353587991695     
  0.993211882245741     
  0.960661721326323     
  0.844467796296831     
  0.972217640534458     
  0.971088096155915     
  0.908460868958668     
  0.985674648466266     
  0.991191822874882     
  0.990468196391771     
  0.989885542033583     
  0.988413637453189     
  0.945500820961323     
  0.902223650290914     
  0.977691913397400     
  0.828856996290923     
  0.873149122426906     
  0.874634503795858     
  0.979226621400732     
  0.977913223837309     
  0.974821594377586     
  0.969528071301366     
  0.962221193304025     
  0.965105879797810     
  0.956710114840464     
  0.955927167194677     
  0.945306012035954     
  0.928691028803405     
  0.855041121719958     
  0.876712928928207     
  0.905669344313437     
  0.889071573055870     
  0.866902462210665     
  0.850968633478312     
  0.857896758016006     
  0.875168599687752     
  0.887991178700564     
  0.895510227280159     
  0.891942075619709     
  0.878938801906917     
  0.856707142097044     
  0.812976752162333     
  0.738008339253109     
  0.583470244072782     
  0.461776188568462     
  0.449135919569034     
  0.508726948275500     
  0.600217247243101     
  0.716104610585067     
  0.799478683937653     
  0.843057389927972     
  0.869875912616572     
  0.893217059998180     
  0.910261261710541     
  0.921859624120849     
  0.933281615396699     
  0.944106714147767     
  0.952213306510773     
  0.957569805332178     
  0.962531458616687     
  0.967111386522471     
  0.970615251959618     
  0.973381405854240     
  0.975898899294702     
  0.978066231593471     
  0.980141307295457     
  0.981829643719186     
  0.983465399973287     
  0.984927487520121     
  0.986220126727804     
  0.987069554526921     
  0.988460548149783     
  0.989519717269210     
  0.990339883764299     
  0.990028896175153     
  0.990677640864451     
  0.991830154409174     
  0.992592315958881     
  0.993446651853774     
  0.993722394267823     
  0.994140187159527     
  0.994784249994600     
  0.995094458445784     
  0.995350253376253     
  0.995135242771029     
  0.995721141732358     
  0.996056143386328     
  0.996219304592912     
  0.996214131210885     
  0.996608130987566     
  0.996770832194305     
  0.996892509728437     
  0.996895808227137     
  0.986722237445274     
  0.975596145971942     
  0.996474880174206     
  0.996863197686448     
  0.997616878975671     
  0.997720363462578     
  0.997740488639462     
  0.982287638158178     
  0.997585709949262     
  0.998088190244208     
  0.998106343944995     
  0.997262386153138     
  0.998130277656494     
  0.998178359892773     
  0.997865561449734     
  0.997790534858027     
  0.997537360668520     
  0.994015435605992     
  0.855658276071063     
  0.796748294006854     
  0.931288200872864     
  0.995854143234168     
  0.997689718347697     
  0.998245695596886     
  0.998335939046647     
  0.997861544034531     
  0.997076472322955     
  0.988563597907844     
  0.717896620019784     
  0.701406948070857     
  0.671269006234423     
  0.890327304948577     
  0.995025614653966     
  0.998114956520413     
  0.992814190990347     
  0.998581591957259     
  0.998950573083812     
  0.999032560059119     
  0.999080827501950     
  0.999116984116120     
  0.999125163867499     
  0.998998601848835     
  0.998985677726604     
  0.998004042307888     
  0.999236462296072     
  0.999244955919580     
  0.999270836635898     
  0.991644841386357     
  0.999057944688028     
  0.999217320404440     
  0.999341026475320     
  0.999379101895931     
  0.999393811297205     
  0.999405528155605     
  0.999403287465083     
  0.999203271794783     
  0.999103148158159     
  0.999433818327084     
  0.999446778423545     
  0.999240009682298     
  0.999404811115012     
  0.999491023449719     
  0.999508802795146     
  0.999512395578891     
  0.999237868278520     
  0.998175519646042     
  0.999469873828337     
  0.999540883011687     
  0.999555975666575     
  0.999544684607600     
  0.999364661810243     
  0.999528420915099     
  0.997789974941272     
  0.995840101155200     
  0.999571877632382     
  0.999576925711225     
  0.999571638123918     
  0.999551426070014     
  0.999510933093567     
  0.999482084082872     
  0.995506793921527     
  0.960960272533984     
  0.991652813687158     
  0.998884594107357     
  0.971023702272501     
  0.948996012953695     
  0.995836071826145     
  0.999420500922730     
  0.999440595346480     
  0.999503954578770     
  0.999483572026956     
  0.999232119276377     
  0.995445449786580     
  0.909107777260052     
  0.947236190011803     
  0.979874910056335     
  0.998891827600280     
  0.999558166741192     
  0.998041650126602     
  0.999575104850458     
  0.999713859278960     
  0.999724889430859     
  0.999732583296775     
  0.999735622612607     
  0.999743829458214     
  0.999749294524844     
  0.999686887636408     
  0.999627678933728     
  0.999761231253034     
  0.999764141177039     
  0.998616413548816     
  0.999621265655734     
  0.999721663288797     
  0.999645355338431     
  0.999586963616880     
  0.999728109229317     
  0.999452174352284     
  0.996935215116290     
  0.999759059781754     
  0.999790467622131     
  0.999789849442409     
  0.999735282571013     
  0.999792821061149     
  0.999767181437284     
  0.999582486047848     
  0.998755902084138     
  0.999059078048770     
  0.999586023190600     
  0.999732849945251     
  0.999693176504300     
  0.998665261227622     
  0.996790722806278     
  0.999636717374224     
  0.999796284056739     
  0.999812772500395     
  0.999789350047564     
  0.999814169511941     
  0.999674389566981     
  0.999820959863933     
  0.999825847061169     
  0.999827177097959     
  0.999828793223515     
  0.999829162008414     
  0.999822176564813     
  0.999764706059862     
  0.998797353390678     
  0.999795099612086     
  0.999558620880178     
  0.992379203341526     
  0.999532200305584     
  0.999622283150637     
  0.999835002168972     
  0.999842212712809     
  0.999843951439991     
  0.999839835625370     
  0.999752242149073     
  0.999287445880115     
  0.999804801840381     
  0.999804090413269     
  0.999113598197482     
  0.999325892941027     
  0.995926262842479     
  0.997430153426450     
  0.999851170267365     
  0.999852146480453     
  0.999848962639402     
  0.999745874483713     
  0.999752575623876     
  0.999827892658292     
  0.988944888013645     
  0.993946389380193     
  0.979355471567877     
  0.950284408888245     
  0.999657690773623     
  0.999753410984378     
  0.999625139255053     
  0.999027439570292     
  0.997073365154550     
  0.999513677519195     
  0.999764637318632     
  0.999846312477377     
  0.999840313051835     
  0.999771495667514     
  0.999046321353219     
  0.956029297961951     
  0.938261255802776     
  0.998192226926994     
  0.999552135768443     
  0.999059080047095     
  0.999812086914529     
  0.999856419881753     
  0.999860765069967     
  0.999866671728948     
  0.999816389135012     
  0.999857890572403     
  0.999870987294426     
  0.999842265730967     
  0.999716243330656     
  0.999617413125455     
  0.999286772054919     
  0.999838446750159     
  0.999848551476307     
  0.999877311896329     
  0.999869330230577     
  0.999865356044430     
  0.999716580514293     
  0.999812491367329     
  0.999879737133602     
  0.999883693767967     
  0.999851512927388     
  0.999884186171621     
  0.999627993070248     
  0.999838700504305     
  0.999882427662853     
  0.999890156664694     
  0.999739753313519     
  0.999540934666485     
  0.999875454972414     
  0.999852611818331     
  0.999688256003753     
  0.998625465483601     
  0.997806253187222     
  0.999879905107539     
  0.999843393219909     
  0.999396443056759     
  0.996265617519421     
  0.996259816479894     
  0.999389091602255     
  0.999781546999469     
  0.999767014894395     
  0.999267535572046     
  0.999265887959977     
  0.999762640883420     
  0.999854270740808     
  0.999737521709250     
  0.999767293104746     
  0.999639849890030     
  0.985726986781290     
  0.965153104175178     
  0.998671822110664     
  0.999813531375629     
  0.999690926313808     
  0.988158313694163     
  0.996837673894224     
  0.999440532413314     
  0.999876292659121     
  0.999712841841595     
  0.995358397953751     
  0.997805144848094     
  0.999712883895140     
  0.998844672332537     
  0.999515129701842     
  0.999887324504285     
  0.999890035399920     
  0.999883315634999     
  0.999888592468345     
  0.999884091247876     
  0.999514529028187     
  0.999793174307944     
  0.999830310796110     
  0.999856819569336     
  0.999501901616148     
  0.996848481408811     
  0.982084097141182     
  0.952920678034463     
  0.966611613586673     
  0.992769410770419     
  0.996186200925866     
  0.980139168540767     
  0.987169177013243     
  0.998501949564409     
  0.999604050284459     
  0.999192609423868     
  0.999019075694455     
  0.999759537103063     
  0.999500183925208     
  0.997505230033800     
  0.855747079137463     
  0.854156261177446     
  0.997958295925272     
  0.999524854002851     
  0.999789237690179     
  0.999838179771559     
  0.999852475597821     
  0.999852308573370     
  0.999662993383507     
  0.999209876107539     
  0.999300563830512     
  0.999372433360260     
  0.999451075864308     
  0.995251367659856     
  0.883957781299557     
  0.911660369997125     
  0.996172737570774     
  0.988137098462760     
  0.951921440469051     
  0.943692653865667     
  0.985975761019815     
  0.996545877477285     
  0.988534828252889     
  0.988794009475388     
  0.997678001672965     
  0.991377519737206     
  0.969335386804123     
  0.983681421662067     
  0.998119326893891     
  0.999602916625963     
  0.999734572290771     
  0.999445205904020     
  0.996234212015764     
  0.981215251183755     
  0.958131485481940     
  0.981891300367424     
  0.997990217540880     
  0.999447483699639     
  0.995942985251791     
  0.993132932846721     
  0.998856185718192     
  0.999913778163616     
  0.995639551774680     
  0.994467620565870     
  0.990334273489021     
  0.977914767961893     
  0.993318395186658     
  0.998287447164146     
  0.999755184896254     
  0.999674021952349     
  0.999131265567021     
  0.999865994291614     
  0.999717568608830     
  0.999754405162023     
  0.999912503718886     
  0.999810407363030     
  0.999834979880786     
  0.999830009549128     
  0.999846571844496     
  0.999907383195838     
  0.999904344212779     
  0.998736046149136     
  0.999626674814154     
  0.999836604635770     
  0.999901410363301     
  0.999956245014718     
  0.999901344560666     
  0.999899706934431     
  0.999880749801120     
  0.999889547252219     
  0.999895183301508     
  0.999893656743941     
  0.999892075620459     
  0.999890107380403     
  0.999879636394331     
  0.999865679211630     
  0.999745494471537     
  0.995778676052922     
  0.998085826784604     
  0.999861061406046     
  0.985238426569860     
  0.978321825642879     
  0.999685742385631     
  0.999868832442187     
  0.999802517269348     
  0.998896183977973     
  0.994016317220708     
  0.975635134000675     
  0.983125774813087     
  0.996802284514452     
  0.999492562054262     
  0.999774453500982     
  0.999606145258929     
  0.999540417785620     
  0.999702755525178     
  0.999494902313650     
  0.943426232731891     
  0.984888106218925     
  0.961609148767642     
  0.972545065641942     
  0.999725836396733     
  0.999784270306366     
  0.999786143543436     
  0.999828885839829     
  0.999824125072750     
  0.999830974858056     
  0.999829369236209     
  0.999753502149410     
  0.999814481865626     
  0.999807254245231     
  0.999743349605117     
  0.999750382673323     
  0.999792986383232     
  0.999791795852789     
  0.998235332540525     
  0.999773222045875     
  0.999770005546791     
  0.999686215561849     
  0.999729582760559     
  0.999707194609057     
  0.997405585551345     
  0.995560854867071     
  0.972724652029486     
  0.998940743413458     
  0.999642192538455     
  0.999566088278586     
  0.998556847144561     
  0.997144230803240     
  0.997720630151306     
  0.995434416150658     
  0.897229949540565     
  0.968473052131897     
  0.697497179137505     
  0.977963014451531     
  0.998499219896645     
  0.999341049046112     
  0.999544196108528     
  0.999532708495147     
  0.999454389962970     
  0.999108474294518     
  0.995866810046476     
  0.899588240820731     
  0.899649665252793     
  0.995716900084243     
  0.997306689262422     
  0.993175259003088     
  0.997602786294668     
  0.999267863981492     
  0.999405370952376     
  0.999513132777020     
  0.999561159131392     
  0.999425978444889     
  0.999430832002657     
  0.999550048020649     
  0.999534037516412     
  0.999522675087520     
  0.999513305929327     
  0.999247579070200     
  0.999351663406602     
  0.999328533629042     
  0.999076253859197     
  0.999288618232447     
  0.999398039679245     
  0.999346353508094     
  0.997812275922852     
  0.999369006042720     
  0.999350593982694     
  0.999185015172401     
  0.999238468023567     
  0.999106354548106     
  0.999122258689439     
  0.997739803483787     
  0.979793352257711     
  0.992699889687812     
  0.974577446440705     
  0.980126803185863     
  0.996992706140267     
  0.994814661281909     
  0.989272208797784     
  0.996945157828698     
  0.994845977664448     
  0.995484676753106     
  0.996936755782009     
  0.998530509716894     
  0.998670438579095     
  0.998593051231552     
  0.998518298692709     
  0.998420509938782     
  0.998176414305862     
  0.998248331664284     
  0.998147952982503     
  0.997432421376865     
  0.997919807002429     
  0.997857395649181     
  0.996044168578522     
  0.992949874797200     
  0.997412094989715     
  0.997160436737549     
  0.996768220313954     
  0.996058226504113     
  0.996591125584859     
  0.996426085751941     
  0.996205686059183     
  0.995951478625383     
  0.995701029010946     
  0.995455888169094     
  0.995155490780656     
  0.994764120333371     
  0.994432675381360     
  0.994059031024367     
  0.993600838271336     
  0.993055802286351     
  0.992274003737562     
  0.986627008603403     
  0.983427953361322     
  0.988244018576779     
  0.989188068958804     
  0.988464854495070     
  0.986527463381354     
  0.986138290433638     
  0.985148300551932     
  0.983800246149776     
  0.982464269619703     
  0.981004870026153     
  0.979484378081042     
  0.977997656808425     
  0.976628688063058     
  0.975299439902988     
  0.974207477824988     
  0.974037340956227     
  0.975029287922261     
  0.976324775653958     
  0.977714602274873     
  0.979183583310960     
  0.980677859504708     
  0.981912840490633     
  0.983086015962939     
  0.984764172964603     
  0.986016139001731     
  0.987180530733488     
  0.988257625072201     
  0.989183946750419     
  0.990106939986501     
  0.990906196187603     
  0.991602721954575     
  0.992301563461810     
  0.992813825955411     
  0.993242508022267     
  0.993831293506120     
  0.993936990533216     
  0.994221509743084     
  0.995067546758623     
  0.995174431158725     
  0.993936786915289     
  0.987560118797514     
  0.992002331485134     
  0.981104287537984     
  0.996419715548239     
  0.996481336396159     
  0.996961556162951     
  0.997122056101585     
  0.997319066605361     
  0.997474624499807     
  0.997166567083130     
  0.997243764556193     
  0.993043464294815     
  0.984753059001939     
  0.995121169910156     
  0.997868569599116     
  0.998291933517158     
  0.998406062039950     
  0.998434819170143     
  0.998146912687544     
  0.996147267780625     
  0.996579238947758     
  0.998424750134987     
  0.998427530320660     
  0.998252221918106     
  0.998939351573952     
  0.998987124008709     
  0.999029147618492     
  0.999066267452797     
  0.999090633996254     
  0.999135026687495     
  0.999165521742488     
  0.999193578443484     
  0.999194520379574     
  0.998810702923882     
  0.998273965860811     
  0.999264113065133     
  0.997168975229499     
  0.998375374988501     
  0.999225665094727     
  0.997376871830162     
  0.998787709143224     
  0.999374760307380     
  0.999389476627593     
  0.999395825464892     
  0.999398972104312     
  0.999375052531065     
  0.999355359254594     
  0.999386171203076     
  0.999357455839860     
  0.999345849769296     
  0.999296709620227     
  0.999163812823454     
  0.999108189458566     
  0.998844302096589     
  0.998842166993567     
  0.998658063427007     
  0.998221697381585     
  0.997312502269939     
  0.994627245921206     
  0.920536561174925     
  0.732158890767807     
  0.419765728467412     
  0.917760756329223     
  0.989205796817062     
  0.996140946464817     
  0.990548791186737     
  0.996118130046788     
  0.995900113681421     
  0.998948894441630     
  0.999227831589092     
  0.999198851707650     
  0.997703120306846     
  0.993733431918122     
  0.997078710669163     
  0.999149195849753     
  0.999478821833533     
  0.999564300896134     
  0.999618694809310     
  0.999530743779199     
  0.999499230113735     
  0.999624695118344     
  0.999562757512829     
  0.999021015537384     
  0.997638728977665     
  0.999459783220011     
  0.999687766781514     
  0.999441406397420     
  0.999072702904793     
  0.999781814846811     
  0.999788408657941     
  0.999782667283350     
  0.999794400679791     
  0.999801076175353     
  0.999794960849509     
  0.999800978648319     
  0.999796699927026     
  0.999701777169874     
  0.994254381276375     
  0.998414610513132     
  0.999896054007764     
  0.996067893079123     
  0.987293565056065     
  0.999260215201754     
  0.999330778886136     
  0.999484413604643     
  0.999810503796439     
  0.999841601705917     
  0.999841492907932     
  0.998734784212101     
  0.999454735894134     
  0.991427738136698     
  0.998883599900377     
  0.999907840163011     
  0.999861851210529     
  0.999864513719754     
  0.999852727632454     
  0.999872121230567     
  0.999874767442347     
  0.999886270330390     
