  0.999616655830237     
  0.999615911932759     
  0.999532106767722     
  0.999603870972811     
  0.999569103911880     
  0.999494136937110     
  0.999519458622856     
  0.999504321979272     
  0.999577565449611     
  0.999529193102765     
  0.999032550223518     
  0.993648043970093     
  0.996322263803304     
  0.999096522732046     
  0.999361872829997     
  0.999252558728408     
  0.998832122355300     
  0.996580027081986     
  0.894784779138005     
  0.767289455465086     
  0.965596521775813     
  0.992473427706084     
  0.988069157552720     
  0.997563744422977     
  0.999071786749412     
  0.999361991853587     
  0.999436040603301     
  0.999482664638388     
  0.999492092325477     
  0.999505613232649     
  0.999506085005582     
  0.999365215374959     
  0.999266779923633     
  0.999499500152823     
  0.999499390689565     
  0.999495536126167     
  0.999486409018895     
  0.999486107205426     
  0.999480255450181     
  0.999429962545088     
  0.999465021960219     
  0.999459889289235     
  0.998779649572749     
  0.999427161690303     
  0.999413354844867     
  0.999415201671661     
  0.999421282607778     
  0.999411715369220     
  0.999398611989272     
  0.999327633254215     
  0.998774198881296     
  0.991800616535014     
  0.997872397459657     
  0.999247125003615     
  0.999372650127513     
  0.995980610314218     
  0.976456517952839     
  0.994377082217404     
  0.993517441887775     
  0.994495493195209     
  0.999273006296841     
  0.998762224982349     
  0.999142977564279     
  0.999185015978983     
  0.999226623809955     
  0.999212156611235     
  0.999196904297278     
  0.999180917478543     
  0.999164504543166     
  0.999147797730979     
  0.999128549592249     
  0.998898539113043     
  0.999092949651673     
  0.999046263812038     
  0.998913817261023     
  0.999006548222954     
  0.998696089721602     
  0.998647541399218     
  0.997828559280676     
  0.985544494086919     
  0.997499549095336     
  0.998606841835760     
  0.998844031536894     
  0.998819885808675     
  0.997868701247928     
  0.998767567371669     
  0.998693809817099     
  0.998471242518601     
  0.997286107243744     
  0.997628151498469     
  0.998359947200090     
  0.997913824799100     
  0.996579282839737     
  0.995724256554541     
  0.994154280719480     
  0.998072339798350     
  0.998325081358971     
  0.998310312087143     
  0.998247602922741     
  0.997962696055468     
  0.997517035281903     
  0.998085191243130     
  0.997972561978124     
  0.997843189698252     
  0.997617902562749     
  0.997785610496285     
  0.997678008700239     
  0.997450792596184     
  0.975004768008147     
  0.997168685385453     
  0.997371514261530     
  0.997280742836155     
  0.997173385877609     
  0.997063886347269     
  0.996940795606752     
  0.996789845271196     
  0.996648656527333     
  0.996483799133373     
  0.996272807948908     
  0.996028745775059     
  0.995685810499658     
  0.994908346616179     
  0.907057148939497     
  0.804106145625986     
  0.984770965578997     
  0.994378398414939     
  0.994304332873824     
  0.993274821031379     
  0.960493403231493     
  0.841905023721322     
  0.972313704101085     
  0.970864174287459     
  0.906598647964471     
  0.985644429263408     
  0.991144124895567     
  0.990383307337884     
  0.989812587389577     
  0.988424548097053     
  0.944795397764101     
  0.900498637443184     
  0.977651471386051     
  0.824662546766250     
  0.870418694399769     
  0.871840254038040     
  0.978865778094619     
  0.977754128742369     
  0.974771490591669     
  0.969824172634962     
  0.962653289664491     
  0.965043874223789     
  0.956384746585812     
  0.955601778281027     
  0.944890962705616     
  0.927848707879659     
  0.852727072484082     
  0.875023864466461     
  0.905024059024538     
  0.888591649128626     
  0.866344522757427     
  0.850212844672009     
  0.857159553463677     
  0.874534814248144     
  0.887372216416647     
  0.894896184038712     
  0.891208755107800     
  0.878151357673252     
  0.856148231300990     
  0.813070658528490     
  0.739347477631258     
  0.584326659189937     
  0.460735182310672     
  0.447902705641873     
  0.508474297496933     
  0.600426858926727     
  0.716764918253399     
  0.799841248927781     
  0.842995189981413     
  0.869606685677766     
  0.892968934840710     
  0.910008557690313     
  0.921519264524589     
  0.932877356299632     
  0.943670693912994     
  0.951794561142432     
  0.957171604927519     
  0.962156917663538     
  0.966762547847733     
  0.970300900912465     
  0.973104787641996     
  0.975656133051979     
  0.977849419205920     
  0.979950129000803     
  0.981652244000955     
  0.983306177891647     
  0.984782930678225     
  0.986085771879566     
  0.986927807231129     
  0.988342765926557     
  0.989413272087376     
  0.990237184401647     
  0.989869447936150     
  0.990552477004572     
  0.991730354005920     
  0.992500614460472     
  0.993371484399065     
  0.993646103537240     
  0.994067467776075     
  0.994730404101777     
  0.995048140405585     
  0.995310170104055     
  0.995085249582211     
  0.995683937141603     
  0.996021015233072     
  0.996179908910443     
  0.996166677363565     
  0.996571048371585     
  0.996735561131406     
  0.996858509273748     
  0.996863513408794     
  0.986297266801198     
  0.974711904990757     
  0.996447583337893     
  0.996848611529809     
  0.997600475910376     
  0.997697025952440     
  0.997722393307112     
  0.981805875333600     
  0.997562765722645     
  0.998068692615852     
  0.998079030098880     
  0.997226649615137     
  0.998104145979520     
  0.998156927270057     
  0.997835204271832     
  0.997766439342456     
  0.997562572271210     
  0.994423751249905     
  0.851975890333524     
  0.791333941507237     
  0.930259374109157     
  0.996106465587396     
  0.997676078362842     
  0.998223434466643     
  0.998314841562799     
  0.997822655560703     
  0.997208724595702     
  0.989748138756836     
  0.712155316853035     
  0.695656162967866     
  0.664029650763860     
  0.889122263016725     
  0.995557280730374     
  0.998140330743229     
  0.992528586769150     
  0.998568450984126     
  0.998940995166403     
  0.999022258364224     
  0.999071051823336     
  0.999108211673944     
  0.999118589382774     
  0.998992988681949     
  0.998972979063182     
  0.997947228225185     
  0.999228580128352     
  0.999236313411862     
  0.999262850408752     
  0.991213267692027     
  0.999036912163854     
  0.999203619691542     
  0.999333728451760     
  0.999373340488404     
  0.999388290656771     
  0.999400631754807     
  0.999401217118778     
  0.999203943753425     
  0.999092342391404     
  0.999429993042916     
  0.999446074584650     
  0.999248403805496     
  0.999409737470231     
  0.999488668508435     
  0.999504718905086     
  0.999509250849929     
  0.999229754327071     
  0.998137548739854     
  0.999466839389024     
  0.999536780384812     
  0.999551906830294     
  0.999540157952539     
  0.999352427365568     
  0.999522842175606     
  0.997687890561997     
  0.995629636747983     
  0.999567198757695     
  0.999572323064863     
  0.999566717846094     
  0.999545575090343     
  0.999500474433428     
  0.999420199189888     
  0.995119901732584     
  0.959340487572695     
  0.991101143686556     
  0.998596046879177     
  0.969448453254323     
  0.946591475905143     
  0.995278647373039     
  0.999333453920537     
  0.999427208628833     
  0.999495897144614     
  0.999476495889226     
  0.999243370710510     
  0.995541226420224     
  0.907294479744394     
  0.946399893728973     
  0.979504361210072     
  0.998911100935025     
  0.999563103029434     
  0.997958434662874     
  0.999567496347337     
  0.999711453240244     
  0.999722692424413     
  0.999730571400255     
  0.999733555992521     
  0.999742073428925     
  0.999747869322309     
  0.999683145478855     
  0.999620397877637     
  0.999759898723869     
  0.999763168494516     
  0.998551231732870     
  0.999630802575170     
  0.999727917003200     
  0.999640676515419     
  0.999582999712219     
  0.999738226957637     
  0.999449212689173     
  0.996793442127861     
  0.999757942142772     
  0.999789800719137     
  0.999789021369861     
  0.999732443179355     
  0.999792806170315     
  0.999772761451273     
  0.999619826809277     
  0.998851617167307     
  0.999136526048131     
  0.999603625141321     
  0.999733770613748     
  0.999700327720308     
  0.998667615993152     
  0.996725568705871     
  0.999649821070997     
  0.999797675496690     
  0.999812456927769     
  0.999788243711837     
  0.999813607105497     
  0.999668678442980     
  0.999820615799238     
  0.999825628719802     
  0.999826949868477     
  0.999828583276336     
  0.999828911027273     
  0.999821457195132     
  0.999760710688119     
  0.998739440110977     
  0.999784393810794     
  0.999505799925291     
  0.992239902395461     
  0.999478487827552     
  0.999602754581131     
  0.999834404967866     
  0.999842280507780     
  0.999844051180248     
  0.999839678377843     
  0.999748911326371     
  0.999260434553309     
  0.999809254167796     
  0.999811174029711     
  0.999101772350321     
  0.999317741333946     
  0.995711960986397     
  0.997301508820187     
  0.999851456892574     
  0.999852507812531     
  0.999849776282383     
  0.999744271629022     
  0.999741503288903     
  0.999759640013962     
  0.988706187264537     
  0.993717428191446     
  0.978894161572461     
  0.948731662793366     
  0.999681431259206     
  0.999757651658767     
  0.999634158070795     
  0.999096648103629     
  0.997202286955535     
  0.999566392563182     
  0.999771811418888     
  0.999847282633590     
  0.999840919941061     
  0.999778963179251     
  0.999118883675816     
  0.955211414216493     
  0.936994161607134     
  0.998278913445571     
  0.999565123326204     
  0.999038428138989     
  0.999816840947161     
  0.999858581172436     
  0.999862275547827     
  0.999868055902847     
  0.999814236556588     
  0.999858101308025     
  0.999872606349796     
  0.999851841055670     
  0.999753636434887     
  0.999661777852714     
  0.999294516644661     
  0.999837919986088     
  0.999847374748760     
  0.999878291802090     
  0.999870357156636     
  0.999868857233598     
  0.999721803779348     
  0.999814440387872     
  0.999881667195806     
  0.999885079459036     
  0.999851107151095     
  0.999885458719130     
  0.999615704317585     
  0.999837554084578     
  0.999883485927760     
  0.999890487284723     
  0.999735627232556     
  0.999535457210509     
  0.999875307855583     
  0.999857684759398     
  0.999690828622552     
  0.998576885735199     
  0.997718899531775     
  0.999882556897940     
  0.999853899753061     
  0.999506689413540     
  0.996676022148962     
  0.996670244502202     
  0.999498418284313     
  0.999793152902587     
  0.999789683049090     
  0.999330545391476     
  0.999328642518941     
  0.999784228798356     
  0.999858388908235     
  0.999732263462144     
  0.999764133877948     
  0.999632604357637     
  0.985168404688450     
  0.963736149940875     
  0.998630190551369     
  0.999805539227453     
  0.999646008668074     
  0.987995129102070     
  0.996702849178407     
  0.999404046125879     
  0.999877821125270     
  0.999712149385563     
  0.995187021994111     
  0.997739661126513     
  0.999708756247997     
  0.998790302889975     
  0.999496709165547     
  0.999889966804769     
  0.999892925406972     
  0.999885945352389     
  0.999891819489454     
  0.999887740562494     
  0.999505068409747     
  0.999794357660462     
  0.999833183436527     
  0.999864131039639     
  0.999556214076692     
  0.997518680548540     
  0.984821453297610     
  0.957432163787788     
  0.970441408883264     
  0.994260611780529     
  0.996696437508161     
  0.980720523288746     
  0.987704543856733     
  0.998714687718838     
  0.999635127832122     
  0.999196281393977     
  0.999021059441633     
  0.999766540615393     
  0.999532313459402     
  0.997781029278925     
  0.851331349084120     
  0.849679168238079     
  0.998249616889267     
  0.999559893351606     
  0.999795173969076     
  0.999841970162386     
  0.999856265164660     
  0.999856849585423     
  0.999666030196322     
  0.999213644488955     
  0.999343163932595     
  0.999419291074782     
  0.999503686808867     
  0.995488915635498     
  0.881912951684683     
  0.910287792578410     
  0.996702906261406     
  0.990434807764060     
  0.956881337250948     
  0.948829040652934     
  0.988665902818962     
  0.997166813104616     
  0.989011011763177     
  0.989285536222595     
  0.997994640111048     
  0.992112608912122     
  0.970633565323121     
  0.984658128607641     
  0.998405515131047     
  0.999646653126205     
  0.999752710818829     
  0.999517624432779     
  0.996662996852176     
  0.982449076175808     
  0.959961167735164     
  0.983167501292685     
  0.998356505733679     
  0.999557884863321     
  0.996111604597586     
  0.993313042242712     
  0.998969409579052     
  0.999915443149313     
  0.995568568992142     
  0.994710185912571     
  0.991682585870436     
  0.979933809496163     
  0.994427506542928     
  0.998491138898738     
  0.999775735546529     
  0.999676004811462     
  0.999111238548109     
  0.999872507524807     
  0.999715443347767     
  0.999754196054419     
  0.999920946443301     
  0.999817385846386     
  0.999850934257664     
  0.999845856857703     
  0.999855523781498     
  0.999916136145167     
  0.999912700176047     
  0.998675852569964     
  0.999624907937645     
  0.999843613980671     
  0.999910365203461     
  0.999968843311553     
  0.999910530141435     
  0.999909009507936     
  0.999889477564820     
  0.999898817228401     
  0.999904857562226     
  0.999903495688660     
  0.999902085423555     
  0.999900317252781     
  0.999890565329157     
  0.999878795839179     
  0.999742920015954     
  0.995706952123867     
  0.998032444858117     
  0.999828652285096     
  0.984812671784064     
  0.978131601095599     
  0.999650437938480     
  0.999876317731577     
  0.999825861479881     
  0.999088303748168     
  0.995123534656931     
  0.977982020097673     
  0.985113859744481     
  0.997470167806193     
  0.999585266016167     
  0.999802648578676     
  0.999651762317868     
  0.999589845046124     
  0.999731386096019     
  0.999494139175966     
  0.940577144167611     
  0.984153256251901     
  0.959686256634836     
  0.971179233299228     
  0.999735609753719     
  0.999797145310701     
  0.999799715593870     
  0.999844632011974     
  0.999840096618603     
  0.999847718901245     
  0.999846617065105     
  0.999767590090687     
  0.999834704409824     
  0.999827634079353     
  0.999760476768080     
  0.999766945302313     
  0.999812198837431     
  0.999811971930280     
  0.998192776943364     
  0.999795174128298     
  0.999795722556542     
  0.999717100709390     
  0.999758558693637     
  0.999740343075433     
  0.997403445488090     
  0.995799061395822     
  0.972317949529585     
  0.999047382731559     
  0.999682931953818     
  0.999623060526858     
  0.998708010268871     
  0.997357498729299     
  0.997808409297669     
  0.995483409080984     
  0.893531274552634     
  0.968681622335467     
  0.688785511924706     
  0.978343905301944     
  0.998692740775630     
  0.999369628132690     
  0.999573557773038     
  0.999562503046939     
  0.999483764861999     
  0.999149760053382     
  0.995964639978129     
  0.896569594028444     
  0.896636715398736     
  0.995875691916750     
  0.997634269225298     
  0.993716710814859     
  0.997944838871763     
  0.999374101012951     
  0.999448798307182     
  0.999559063498128     
  0.999611337716739     
  0.999470628834658     
  0.999477714758555     
  0.999605801954177     
  0.999591283025342     
  0.999582224294646     
  0.999574804668045     
  0.999297845858632     
  0.999416989326781     
  0.999422085992976     
  0.999187199492347     
  0.999387050916351     
  0.999479846280890     
  0.999424461901934     
  0.997828023683564     
  0.999454223322585     
  0.999437899059404     
  0.999273537378827     
  0.999331286538642     
  0.999195717694219     
  0.999230012828224     
  0.997859554955062     
  0.979462046032066     
  0.993839948836019     
  0.976576161739519     
  0.981493482183321     
  0.997513670686405     
  0.995272441940887     
  0.989880337256583     
  0.997280117053656     
  0.994976284292820     
  0.995566239399872     
  0.997054145902918     
  0.998695262590817     
  0.998856682833485     
  0.998791915536048     
  0.998728238351403     
  0.998641452998333     
  0.998402559099869     
  0.998495942480701     
  0.998410466723767     
  0.997678960456279     
  0.998214195621175     
  0.998154432309652     
  0.996300919181419     
  0.993192219124004     
  0.997759535423971     
  0.997561594021446     
  0.997188693800843     
  0.996477260249089     
  0.997069542314732     
  0.996933645786601     
  0.996745905515761     
  0.996529735887012     
  0.996314543854121     
  0.996101514506779     
  0.995840377961630     
  0.995495912130869     
  0.995215351537681     
  0.994896029433620     
  0.994500148684424     
  0.994029564888539     
  0.993343024180662     
  0.987721676409946     
  0.984724473496542     
  0.989749261732959     
  0.990688701676469     
  0.990047303195934     
  0.988199915863212     
  0.987996919091998     
  0.987161876109807     
  0.985990335977002     
  0.984835528871837     
  0.983577294772521     
  0.982273992610472     
  0.981007609917586     
  0.979861449642310     
  0.978730660210681     
  0.977763671749708     
  0.977605252639445     
  0.978497464047797     
  0.979607262887056     
  0.980773244319777     
  0.982019005890645     
  0.983296923010129     
  0.984331107173766     
  0.985316144521277     
  0.986825699396038     
  0.987917011457734     
  0.988930116942251     
  0.989866975171220     
  0.990671580224636     
  0.991474307911419     
  0.992167987648008     
  0.992771435801415     
  0.993375816803712     
  0.993801139612411     
  0.994141400789982     
  0.994668268920836     
  0.994711167048931     
  0.994932460816913     
  0.995755366717294     
  0.995863349716123     
  0.994823245565619     
  0.988766317254863     
  0.992977033393650     
  0.980960238532916     
  0.996902710752109     
  0.996925066100846     
  0.997391220995700     
  0.997525663861561     
  0.997698322114619     
  0.997831115901204     
  0.997490965179110     
  0.997633434447270     
  0.993693265836611     
  0.985639365445933     
  0.995660723541111     
  0.998167049061963     
  0.998530809795371     
  0.998627932406242     
  0.998654894512455     
  0.998432237988743     
  0.996577431507260     
  0.996990165804740     
  0.998669141270423     
  0.998582393228233     
  0.998374125307664     
  0.999084829711776     
  0.999126318638167     
  0.999162221690207     
  0.999193426851414     
  0.999211845585158     
  0.999251496352558     
  0.999277115700927     
  0.999300645494956     
  0.999296580367038     
  0.998891948287546     
  0.998310368490628     
  0.999353422228376     
  0.997130843127546     
  0.998403500083642     
  0.999299958291071     
  0.997372899504296     
  0.998840235712312     
  0.999445993027884     
  0.999457537034071     
  0.999460992266244     
  0.999461293970394     
  0.999433179959006     
  0.999409737842249     
  0.999439934792532     
  0.999407369654135     
  0.999393845845537     
  0.999343984621069     
  0.999212455514742     
  0.999149012610162     
  0.998871159174459     
  0.998860490177959     
  0.998666174101496     
  0.998212304971076     
  0.997270745274995     
  0.994605433003962     
  0.918560820748544     
  0.729749854181035     
  0.409218103114329     
  0.919249029051402     
  0.989617146839812     
  0.996036362116340     
  0.990388609230477     
  0.996030830637515     
  0.995850109896192     
  0.998939392038510     
  0.999238242876785     
  0.999229810259410     
  0.997740501306447     
  0.993663043006407     
  0.997138585619577     
  0.999242935208145     
  0.999527562728085     
  0.999592968953444     
  0.999642775998878     
  0.999544891397400     
  0.999509926901411     
  0.999645790058093     
  0.999614884631386     
  0.999140096881425     
  0.997720647057508     
  0.999529993563277     
  0.999714516080466     
  0.999444643275649     
  0.999050537283889     
  0.999800286562669     
  0.999806496163429     
  0.999799737003246     
  0.999811517514211     
  0.999817976650126     
  0.999811001876656     
  0.999816864509084     
  0.999812106762389     
  0.999714045978168     
  0.994048510477004     
  0.998387400323984     
  0.999865810638175     
  0.995804814915781     
  0.986731308197318     
  0.999226576553935     
  0.999402580907201     
  0.999524058014247     
  0.999829756917804     
  0.999854838144066     
  0.999852963566169     
  0.998665739976379     
  0.999383510818500     
  0.991051647451980     
  0.998783810476364     
  0.999902146159410     
  0.999871754020736     
  0.999875809531897     
  0.999863206478232     
  0.999883088617359     
  0.999885232281146     
  0.999893285714713     
