  0.999661577159184     
  0.999657794263587     
  0.999621708109482     
  0.999645316877539     
  0.999636343719045     
  0.999590198049377     
  0.999584644783416     
  0.999575445568260     
  0.999619578782657     
  0.999405171089541     
  0.997219881547103     
  0.987706440042400     
  0.992713735864904     
  0.998209365845606     
  0.999408088457057     
  0.999399699940170     
  0.998754189970913     
  0.993314423074644     
  0.913365830220396     
  0.820527664353122     
  0.963509442052788     
  0.986741696785569     
  0.979512022233698     
  0.992594972523702     
  0.998027325120113     
  0.999340232435860     
  0.999511990408674     
  0.999549408749490     
  0.999557559300495     
  0.999563875732332     
  0.999561612102118     
  0.999456886599339     
  0.999389821752519     
  0.999553964421547     
  0.999555751044074     
  0.999552612220044     
  0.999547210283281     
  0.999543688486090     
  0.999537998873289     
  0.999510085533798     
  0.999526311703047     
  0.999521661236403     
  0.999295141227582     
  0.999489460149828     
  0.999492361453770     
  0.999486779254911     
  0.999485803801023     
  0.999476199040092     
  0.999458516018398     
  0.999319898463007     
  0.998545704192977     
  0.993891590526942     
  0.997131902314519     
  0.999083466968290     
  0.999712425213751     
  0.999584550821109     
  0.981949614894696     
  0.997852056151794     
  0.995565728642797     
  0.995762383578596     
  0.999608940728305     
  0.999088890530974     
  0.999278752825584     
  0.999308943155251     
  0.999314293119261     
  0.999301887850398     
  0.999288808927228     
  0.999274398475310     
  0.999260339916442     
  0.999246059182617     
  0.999228998919763     
  0.999106891959479     
  0.999198366460422     
  0.999166449870648     
  0.999104276531759     
  0.999036290815712     
  0.998579937326036     
  0.998813814129507     
  0.998363183398707     
  0.992212887590489     
  0.998192976471792     
  0.998877284597557     
  0.998982863363185     
  0.998961450565884     
  0.998585785809069     
  0.998907132991540     
  0.998801991829733     
  0.998326449897705     
  0.996581884202910     
  0.997707140371784     
  0.998157577914960     
  0.996344412882353     
  0.993014558509048     
  0.991901198819168     
  0.990624192738900     
  0.997093762247197     
  0.998384118151885     
  0.998490189417570     
  0.998388651666408     
  0.998000650289406     
  0.997934280894246     
  0.998280112856259     
  0.998233735985315     
  0.998159219731628     
  0.998026823877646     
  0.997959583433386     
  0.997764981255294     
  0.997625261429386     
  0.989757817052956     
  0.997611408729322     
  0.997673651720027     
  0.997602130360349     
  0.997510782961283     
  0.997412158333347     
  0.997305338010542     
  0.997180253413896     
  0.997052192905687     
  0.996906410886257     
  0.996730330893815     
  0.996527286177664     
  0.996443616726170     
  0.997911540489668     
  0.935705304309401     
  0.862015452299845     
  0.992636315631958     
  0.995783487517101     
  0.994916158783885     
  0.992493020842884     
  0.962584186628144     
  0.873738880826649     
  0.971120433562861     
  0.973645664267011     
  0.929730645403593     
  0.986019804640618     
  0.991736618575597     
  0.991437782470141     
  0.990718817519032     
  0.988289017653972     
  0.953558080137379     
  0.921926584939342     
  0.978153839223090     
  0.876765819305912     
  0.904336027010937     
  0.906550451328196     
  0.983348186509746     
  0.979730417770243     
  0.975393884190185     
  0.966145968725898     
  0.957285730389657     
  0.965814117480156     
  0.960426531951732     
  0.959643828299081     
  0.950046803733253     
  0.938312238855234     
  0.881472855604652     
  0.896005950016821     
  0.913040010448833     
  0.894553438173664     
  0.873275463170033     
  0.859601565769426     
  0.866317432136215     
  0.882407991531456     
  0.895061269409478     
  0.902524145990011     
  0.900318459584064     
  0.887933436464986     
  0.863091352500567     
  0.811904095791437     
  0.722711839061672     
  0.573687697382301     
  0.473667284807815     
  0.463222575273301     
  0.511612912679040     
  0.597822901626105     
  0.708562053027522     
  0.795337170135336     
  0.843767890525719     
  0.872951257178784     
  0.896051368031343     
  0.913147880107826     
  0.925747534044865     
  0.937899456385426     
  0.949087373047660     
  0.956996645464943     
  0.962118468988277     
  0.966809868869677     
  0.971096206723718     
  0.974206124602116     
  0.976541258631126     
  0.978672062066987     
  0.980542924392283     
  0.982325181468514     
  0.983856126538573     
  0.985284239031022     
  0.986578805067080     
  0.987754907162408     
  0.988688784966605     
  0.989806019928040     
  0.990735684353154     
  0.991513063420862     
  0.991850347046315     
  0.992107448528219     
  0.992970225219313     
  0.993639871154176     
  0.994305331758844     
  0.994593907937806     
  0.994970905104082     
  0.995399365915272     
  0.995623580103773     
  0.995808152152266     
  0.995706350552289     
  0.996146157157296     
  0.996457439015310     
  0.996669352472011     
  0.996756235067600     
  0.997031756795033     
  0.997173764023343     
  0.997280927176286     
  0.997264741503511     
  0.991577077074660     
  0.985697685660443     
  0.996786718986996     
  0.997029830132969     
  0.997804268231470     
  0.997986972679565     
  0.997947211339513     
  0.987791351742355     
  0.997847828009930     
  0.998310934390740     
  0.998418382559627     
  0.997670648146597     
  0.998428812234812     
  0.998423211847506     
  0.998212370659573     
  0.998065809639457     
  0.997249334701646     
  0.989350687725493     
  0.897727296080697     
  0.858604103170703     
  0.943041966673354     
  0.992971496073591     
  0.997845548177088     
  0.998500018158723     
  0.998576968050475     
  0.998305827865031     
  0.995565544533959     
  0.975030676548455     
  0.783488931690851     
  0.767107728613831     
  0.753976375074519     
  0.904094560832258     
  0.988951469872548     
  0.997825062075862     
  0.996077157880153     
  0.998731725073476     
  0.999059999204178     
  0.999150255470340     
  0.999192513489918     
  0.999217208457940     
  0.999200276908301     
  0.999062732036187     
  0.999130759720625     
  0.998653143579868     
  0.999326516311229     
  0.999343697058439     
  0.999362079933186     
  0.996575616899070     
  0.999298244049772     
  0.999373853195173     
  0.999424407719097     
  0.999444927165455     
  0.999456885891048     
  0.999461470790803     
  0.999426941754658     
  0.999195594468605     
  0.999226607629427     
  0.999477523566305     
  0.999454820051834     
  0.999144103408736     
  0.999348525370985     
  0.999517929736113     
  0.999555463221039     
  0.999548325713968     
  0.999330574527775     
  0.998609358593024     
  0.999504544081335     
  0.999587758041431     
  0.999602464721496     
  0.999596404649670     
  0.999504448785232     
  0.999592162005811     
  0.998956364605167     
  0.998244818303192     
  0.999625337481006     
  0.999629514710264     
  0.999627856448251     
  0.999618278597400     
  0.999630432641988     
   1.00018917593788     
  0.999927403134135     
  0.979467889395997     
  0.997956193718504     
   1.00218154153241     
  0.989022575035197     
  0.976470433767180     
   1.00220525997221     
   1.00041511103159     
  0.999593554036572     
  0.999596020264078     
  0.999564425421391     
  0.999103557790709     
  0.994351081415131     
  0.929827024182085     
  0.956791967541106     
  0.984108924107854     
  0.998671603569111     
  0.999501762822092     
  0.998992504002580     
  0.999662042909593     
  0.999741351783198     
  0.999749993494499     
  0.999755572256014     
  0.999759236922654     
  0.999763894835663     
  0.999765579728682     
  0.999729647821798     
  0.999710876923717     
  0.999776457615827     
  0.999775255718514     
  0.999361227490658     
  0.999512289766121     
  0.999650203561684     
  0.999698819267184     
  0.999632258424865     
  0.999612495550628     
  0.999486016879435     
  0.998555239789119     
  0.999771830951828     
  0.999798088285213     
  0.999799311802398     
  0.999767728283342     
  0.999792991219715     
  0.999703418361715     
  0.999155790502215     
  0.997662156615491     
  0.998174070319808     
  0.999384883097557     
  0.999722329304111     
  0.999611458138818     
  0.998638352793739     
  0.997535254957213     
  0.999486977830529     
  0.999780383655624     
  0.999816378652304     
  0.999801992534548     
  0.999820596342832     
  0.999739652874972     
  0.999824891638441     
  0.999828342147359     
  0.999829773758289     
  0.999831192396347     
  0.999832030103177     
  0.999830397202092     
  0.999810363489095     
  0.999459163491469     
  0.999917441560618     
   1.00016224062828     
  0.993971090406124     
   1.00014601078688     
  0.999845450410749     
  0.999841826839062     
  0.999841437967654     
  0.999842811628425     
  0.999841632625763     
  0.999790306316834     
  0.999596128155862     
  0.999753921049789     
  0.999723139317112     
  0.999248743469984     
  0.999419049361321     
  0.998375306120742     
  0.998900308326319     
  0.999847894697990     
  0.999848017147110     
  0.999839664237181     
  0.999764192125513     
  0.999879112063616     
   1.00060789670977     
  0.991672811370880     
  0.996563012765975     
  0.984627444216844     
  0.968029639175129     
  0.999386377039348     
  0.999704947120791     
  0.999522068942152     
  0.998236497523896     
  0.995599993636165     
  0.998911226857531     
  0.999682648369204     
  0.999835225057817     
  0.999833377209899     
  0.999686152907552     
  0.998217038083104     
  0.965376556245742     
  0.952742388395768     
  0.997201517769064     
  0.999403705296025     
  0.999295104325417     
  0.999757754429499     
  0.999831719054141     
  0.999843502176304     
  0.999850852299691     
  0.999840990553937     
  0.999855482107050     
  0.999852483334446     
  0.999732830425411     
  0.999288880817959     
  0.999110371441131     
  0.999198259443714     
  0.999844467132657     
  0.999862000306195     
  0.999866112519628     
  0.999857593431841     
  0.999825340656232     
  0.999656883252088     
  0.999790215749142     
  0.999857678145020     
  0.999867856449315     
  0.999856150631822     
  0.999869641927407     
  0.999768444416267     
  0.999851803260608     
  0.999870332423702     
  0.999886377898048     
  0.999786911788404     
  0.999603538637383     
  0.999877136429774     
  0.999794630959956     
  0.999658852355918     
  0.999180707117685     
  0.998804662932463     
  0.999849596368456     
  0.999723308127043     
  0.998136372446717     
  0.991574850780036     
  0.991568771917037     
  0.998139524142513     
  0.999648895107761     
  0.999507924303295     
  0.998547349599480     
  0.998548617941947     
  0.999515895467883     
  0.999807200831857     
  0.999797622654654     
  0.999803402656512     
  0.999722665574268     
  0.992111536391568     
  0.981348816606732     
  0.999147669715890     
  0.999904881623888     
   1.00020433613307     
  0.990023522029237     
  0.998378730626353     
  0.999857574347377     
  0.999858822099876     
  0.999720756715400     
  0.997317255292671     
  0.998553636935710     
  0.999760063830820     
  0.999466128710499     
  0.999725681530488     
  0.999857122211575     
  0.999857001673583     
  0.999853257039788     
  0.999851706399276     
  0.999842378113232     
  0.999622667945028     
  0.999779648050486     
  0.999797475140272     
  0.999773245782195     
  0.998881081448564     
  0.989187733612338     
  0.950794529741015     
  0.901351668380147     
  0.922834640489550     
  0.975724005323430     
  0.990353849244615     
  0.973493872976619     
  0.981049543278797     
  0.996070192110715     
  0.999248809748874     
  0.999150635890158     
  0.998996399871389     
  0.999679481028889     
  0.999132915314279     
  0.994352597092297     
  0.906222946730064     
  0.905333675120851     
  0.994628213947173     
  0.999124319293672     
  0.999721379952171     
  0.999794851633622     
  0.999809156783431     
  0.999800399819271     
  0.999628279201783     
  0.999166799177091     
  0.998813594675668     
  0.998836793518060     
  0.998849668347902     
  0.992535897427774     
  0.907332789373551     
  0.927350713155886     
  0.990112207023839     
  0.961871179495351     
  0.895223002718809     
  0.884976563867310     
  0.955223605599641     
  0.989447682380763     
  0.983091348391602     
  0.983175121409292     
  0.994058341069838     
  0.982974310524322     
  0.954495161752360     
  0.972516098144544     
  0.994847729908503     
  0.999102936204764     
  0.999527218512125     
  0.998617338889183     
  0.991332460966086     
  0.967110473344603     
  0.937214970601423     
  0.967302026967763     
  0.993802874964963     
  0.998185394174108     
  0.994015350034882     
  0.991073940567755     
  0.997561819307859     
  0.999894744146582     
  0.996451025042285     
  0.991694614499744     
  0.974920337441156     
  0.954832991520130     
  0.980638954121737     
  0.995958823355619     
  0.999520247342161     
  0.999651353615574     
  0.999360217922397     
  0.999791533712634     
  0.999741865069884     
  0.999756795732819     
  0.999815984174667     
  0.999730627247498     
  0.999652584253404     
  0.999648837557365     
  0.999744229929856     
  0.999807315959971     
  0.999808815268810     
  0.999424206414999     
  0.999646874594800     
  0.999756470272797     
  0.999799033888152     
  0.999812214296850     
  0.999796329671136     
  0.999793354279125     
  0.999780968497563     
  0.999783566797050     
  0.999784580553746     
  0.999781170964443     
  0.999777636210796     
  0.999773380370774     
  0.999754688236073     
  0.999715719295981     
  0.999774927823764     
  0.996598685964237     
  0.998696136369863     
   1.00023159202106     
  0.990106053718270     
  0.980496655908481     
   1.00008937761539     
  0.999783253062148     
  0.999535622091071     
  0.996699666974465     
  0.981357405213054     
  0.948802926528887     
  0.960395730837841     
  0.989166267617587     
  0.998432660475946     
  0.999452093257018     
  0.999084594708236     
  0.998975303270897     
  0.999375414194518     
  0.999503627499194     
  0.976000801238964     
  0.993289906442381     
  0.983594304477611     
  0.988161179486387     
  0.999614093406001     
  0.999637064520404     
  0.999630967767057     
  0.999648851884290     
  0.999641513898635     
  0.999639530884154     
  0.999632164760154     
  0.999592426155880     
  0.999583264705236     
  0.999574238174668     
  0.999547523049383     
  0.999561010405458     
  0.999573316306629     
  0.999561107493210     
  0.998721903934801     
  0.999522226193253     
  0.999475961611238     
  0.999333079257805     
  0.999398275403719     
  0.999328178161477     
  0.997430054879999     
  0.992837211963622     
  0.977374880757610     
  0.997721428677000     
  0.999176376748914     
  0.998914664313254     
  0.996828435488930     
  0.994705702401072     
  0.996716951666840     
  0.994874223176089     
  0.939521280482495     
  0.966088216741995     
  0.797108406983226     
  0.973607810056153     
  0.996286447270670     
  0.999014266919528     
  0.999208465018818     
  0.999192026863533     
  0.999118506037301     
  0.998636395934023     
  0.994748179751433     
  0.934104844185268     
  0.934101204396984     
  0.993901192553049     
  0.993560963172135     
  0.986983993238862     
  0.993691555109293     
  0.998053084319637     
  0.998908794743082     
  0.998987930311489     
  0.998987382490262     
  0.998915413891596     
  0.998894739798126     
  0.998912514792717     
  0.998879447036217     
  0.998841740809222     
  0.998810077575497     
  0.998672785034447     
  0.998604668562938     
  0.998258770097894     
  0.997807596952575     
  0.998163043736690     
  0.998462581860431     
  0.998453182724419     
  0.997632199638271     
  0.998394540775733     
  0.998352252443063     
  0.998172753438404     
  0.998177075180967     
  0.998084472096624     
  0.997890069479217     
  0.996370419468076     
  0.983581918950829     
  0.979663008219862     
  0.951721551941855     
  0.964498393560038     
  0.991035297154172     
  0.989579770412941     
  0.982318020283614     
  0.993114758259677     
  0.993355863566551     
  0.994551969871308     
  0.995594342222264     
  0.996646475751026     
  0.996540634811857     
  0.996318925262552     
  0.996117514387330     
  0.995893889568492     
  0.995590303094419     
  0.995416736344293     
  0.995145926037679     
  0.994613069480964     
  0.994553253663674     
  0.994460552417253     
  0.993108021029515     
  0.990178468415816     
  0.993438819351964     
  0.992572853302919     
  0.991959728664157     
  0.991266189053464     
  0.991119977061281     
  0.990621643505171     
  0.990027738366343     
  0.989338516568658     
  0.988684845511454     
  0.988072460365748     
  0.987323056462828     
  0.986395262424911     
  0.985481878537352     
  0.984486975756998     
  0.983316149399021     
  0.981919638763296     
  0.980048423138754     
  0.974108090308266     
  0.968600563813809     
  0.971029571812051     
  0.972026310039912     
  0.970367378799129     
  0.967400627788374     
  0.964882221924875     
  0.962120141719090     
  0.958753334420650     
  0.955345357427075     
  0.951585262607174     
  0.947580802753814     
  0.943574091159102     
  0.939656873882931     
  0.936057845083180     
  0.933536516247088     
  0.933232277398732     
  0.935364780616061     
  0.938783854715276     
  0.942733661302488     
  0.946755477375192     
  0.950724138798697     
  0.954255533062974     
  0.957580357913297     
  0.961186742225071     
  0.964276040286845     
  0.967170634038037     
  0.969851558129999     
  0.972169909646437     
  0.974468342928545     
  0.976475045711562     
  0.978236073365714     
  0.980015237743868     
  0.981521811461811     
  0.982961749945476     
  0.984258671170585     
  0.985082589499136     
  0.986090211652693     
  0.987200786519704     
  0.987295088355130     
  0.983798103383312     
  0.973764448353968     
  0.980854334641510     
  0.982751828535330     
  0.990895510657392     
  0.991406215763523     
  0.992047291078090     
  0.992505806959512     
  0.992981335837338     
  0.993397248931050     
  0.993456250925870     
  0.992786889697037     
  0.985611300360437     
  0.974615826948273     
  0.988949948899366     
  0.994454660889613     
  0.995559740131968     
  0.995868371393371     
  0.995917653890530     
  0.994883427866031     
  0.991227143837536     
  0.991879132035852     
  0.995629442461652     
  0.996656228694071     
  0.996857903889352     
  0.997275384443286     
  0.997395023658791     
  0.997507050476523     
  0.997611818921198     
  0.997704213398506     
  0.997802841363164     
  0.997889102177176     
  0.997968935281419     
  0.998027145940308     
  0.997881406628118     
  0.997857586369714     
  0.998242577388714     
  0.997605138615673     
  0.998053673222637     
  0.998375879347980     
  0.997422308492022     
  0.998186893331020     
  0.998559975707323     
  0.998610976336231     
  0.998650421661127     
  0.998686108226710     
  0.998710164941252     
  0.998733351207667     
  0.998771196440208     
  0.998786515468507     
  0.998796844278689     
  0.998755950992675     
  0.998607408543869     
  0.998641228734682     
  0.998537093384162     
  0.998632574041717     
  0.998565287855641     
  0.998329134599864     
  0.997790150153041     
  0.994876758967869     
  0.943136662809585     
  0.759715441236034     
  0.540418451890085     
  0.900736586657995     
  0.984500404193794     
  0.997337279148942     
  0.992381104990498     
  0.997116745885162     
  0.996472107025644     
  0.999057592678923     
  0.999108736363559     
  0.998844714535462     
  0.997275515335432     
  0.994538619459987     
  0.996393792226153     
  0.998076895165127     
  0.998921265141882     
  0.999236360648249     
  0.999343224144530     
  0.999368905324045     
  0.999376866374778     
  0.999383383282369     
  0.998966457210801     
  0.997658799439703     
  0.996701635273596     
  0.998656617197472     
  0.999381769474934     
  0.999404378202146     
  0.999326266581891     
  0.999570507132533     
  0.999581495666883     
  0.999587396870699     
  0.999598590860748     
  0.999607740994337     
  0.999611457024930     
  0.999619249470059     
  0.999620450256077     
  0.999561425297056     
  0.996609493325367     
  0.998725889181702     
   1.00024203235357     
  0.999077463291591     
  0.993725703627679     
  0.999645037428812     
  0.998509370368453     
  0.999030884197169     
  0.999590248886212     
  0.999690177069324     
  0.999710268475627     
  0.999524652600962     
   1.00026955502833     
  0.995730247464438     
   1.00002520192171     
  0.999972980343616     
  0.999748561471965     
  0.999735287529115     
  0.999732847423691     
  0.999746651730447     
  0.999755046943339     
  0.999806012318466     
