  0.999684049062978     
  0.999679507029010     
  0.999620699772493     
  0.999663227208592     
  0.999630669901559     
  0.999621786594028     
  0.999614436159407     
  0.999606584111485     
  0.999642385360894     
  0.999393213348004     
  0.996856726240332     
  0.986775664727568     
  0.991487128174435     
  0.998034298131176     
  0.999433865772485     
  0.999441135564150     
  0.998787794479964     
  0.993188268654896     
  0.920722601301848     
  0.837231348410737     
  0.965076384505136     
  0.986207901778265     
  0.978396233538383     
  0.991616662760588     
  0.997830419017012     
  0.999356399030495     
  0.999538364474471     
  0.999573416096470     
  0.999585125770823     
  0.999592257530381     
  0.999589769577359     
  0.999496781656968     
  0.999438354981293     
  0.999582367367807     
  0.999584239912593     
  0.999581336359192     
  0.999576031202242     
  0.999572610529593     
  0.999567501869396     
  0.999543781113549     
  0.999557199464524     
  0.999552320986367     
  0.999146972664341     
  0.999522675897872     
  0.999525059349925     
  0.999520468042095     
  0.999517506033229     
  0.999509045934645     
  0.999492358373965     
  0.999346936496605     
  0.998513387184297     
  0.993671492267064     
  0.997144490749514     
  0.999078015224367     
  0.999808272464362     
   1.00033683145961     
  0.984628842207683     
  0.999040859993482     
  0.996461758375095     
  0.996403499860280     
  0.999725376766928     
  0.999182247899885     
  0.999331915871548     
  0.999348323436046     
  0.999359422301773     
  0.999347941954964     
  0.999335766497897     
  0.999322034407957     
  0.999309322392885     
  0.999295956925708     
  0.999279765607392     
  0.999177722238333     
  0.999250927316998     
  0.999222946602519     
  0.999151678522207     
  0.999075306449621     
  0.998605878949485     
  0.998825226582877     
  0.998508380100327     
  0.993350621228105     
  0.998369300878778     
  0.998947185194090     
  0.999050782858885     
  0.999030835977873     
  0.998678960671831     
  0.998978895100279     
  0.998866155911429     
  0.998339504552582     
  0.996617688091473     
  0.997798361719756     
  0.998187946444565     
  0.996136672439053     
  0.992552637433330     
  0.991001781164152     
  0.990196683650990     
  0.996953588150905     
  0.998454355278863     
  0.998586726461033     
  0.998481273260025     
  0.998095270745573     
  0.998072548828530     
  0.998386624102451     
  0.998350217733066     
  0.998270031986814     
  0.998114910332421     
  0.998063701821987     
  0.997846646167128     
  0.997709318501520     
  0.989047894064996     
  0.997749495595095     
  0.997827133187792     
  0.997763441806650     
  0.997678924192743     
  0.997588021897246     
  0.997488255598548     
  0.997357687696747     
  0.997255433211352     
  0.997120531664195     
  0.996958056074316     
  0.996778083032825     
  0.996788739556720     
  0.999002484691750     
  0.945730547108860     
  0.880823021482934     
  0.995272365084455     
  0.996309226478698     
  0.995272820372906     
  0.992755346669603     
  0.964913590274676     
  0.885259389204658     
  0.972563656635111     
  0.975643981242347     
  0.937046241251695     
  0.986923634446609     
  0.992263948803276     
  0.992027388218253     
  0.991328856193954     
  0.988870022417247     
  0.957388545340350     
  0.929049327246015     
  0.979309038372522     
  0.890911793990773     
  0.916426384510677     
  0.918532978773317     
  0.985446543954435     
  0.981105247877929     
  0.976514597353686     
  0.966026460345239     
  0.957632741060754     
  0.967292806067699     
  0.963044310877604     
  0.962177892097477     
  0.952995456068090     
  0.942743809894863     
  0.892035738945551     
  0.904102613744180     
  0.917315936309552     
  0.898662169274711     
  0.877582673646617     
  0.864001819757893     
  0.870605525413853     
  0.886473870327906     
  0.898942779063855     
  0.906260365195182     
  0.904032481457047     
  0.891766040961157     
  0.866909315734886     
  0.814634133473735     
  0.722390821445265     
  0.571723673623992     
  0.472710761058763     
  0.462465513273519     
  0.509956297559763     
  0.596192324097959     
  0.708698334374922     
  0.797583270245406     
  0.847291390705933     
  0.876849722247369     
  0.899886696642880     
  0.916793832725327     
  0.929149585806422     
  0.940970349306220     
  0.951668777744265     
  0.959333302738542     
  0.964225858600772     
  0.968693819746388     
  0.972763742073464     
  0.975717905387029     
  0.977941038260192     
  0.979964319617474     
  0.981744000053752     
  0.983421330299031     
  0.984855283109240     
  0.986218892015773     
  0.987438876959530     
  0.988530541397525     
  0.989424441457931     
  0.990464695079515     
  0.991332526916151     
  0.992060264373907     
  0.992301672039361     
  0.992642330385348     
  0.993465778129109     
  0.994066909155197     
  0.994680557013138     
  0.994957720464074     
  0.995290939061236     
  0.995691109328933     
  0.995884727445922     
  0.996044628979018     
  0.995971198750597     
  0.996364256771701     
  0.996660530487707     
  0.996880469381850     
  0.996978706418952     
  0.997225484829190     
  0.997359788383009     
  0.997458545457552     
  0.997442028624779     
  0.992610830707878     
  0.987646537326902     
  0.996958697129978     
  0.997182789638117     
  0.997926138310215     
  0.998116891980827     
  0.998075210054394     
  0.989216867737183     
  0.997970362640411     
  0.998422060671468     
  0.998551094946777     
  0.997875750799115     
  0.998553973294436     
  0.998517208182848     
  0.998344078969392     
  0.998189100082462     
  0.997299030168953     
  0.988858172746314     
  0.906031946875081     
  0.870322099476000     
  0.946150636791520     
  0.992683621159145     
  0.997944512180611     
  0.998601577727123     
  0.998671347500848     
  0.998264892059592     
  0.995414158205986     
  0.973213518455565     
  0.791471330006900     
  0.774935584059848     
  0.763734302058458     
  0.905515800897409     
  0.988138779833196     
  0.997813407789864     
  0.996401645760811     
  0.998796834480181     
  0.999111977702797     
  0.999203078281250     
  0.999243449103621     
  0.999265519198717     
  0.999245368175474     
  0.999115331496049     
  0.999192184576678     
  0.998807913615802     
  0.999370173524057     
  0.999384807424004     
  0.999401783344972     
  0.996061847633013     
  0.999331875347069     
  0.999390509877985     
  0.999457850416800     
  0.999479167114477     
  0.999490397379352     
  0.999493283274488     
  0.999453354587701     
  0.999229563695649     
  0.999280347090279     
  0.999506626889868     
  0.999476675924278     
  0.999162510834464     
  0.999362078719493     
  0.999541569255441     
  0.999582120125926     
  0.999573937613533     
  0.999376820381239     
  0.998755847144088     
  0.999533393703218     
  0.999611401825107     
  0.999626810417319     
  0.999622095248935     
  0.999547688666618     
  0.999620457233067     
  0.998892471426518     
  0.998032947933107     
  0.999649670113713     
  0.999655852912828     
  0.999655944500712     
  0.999650396921201     
  0.999678949670918     
   1.00040315324974     
   1.00131669053420     
  0.984954888606647     
  0.999937767417096     
   1.00316120254203     
  0.994177190512601     
  0.984590951247800     
   1.00413851474128     
   1.00072290466167     
  0.999653284071220     
  0.999633951219013     
  0.999600816200901     
  0.999138611783951     
  0.994511061145981     
  0.937136973036965     
  0.961018563363330     
  0.985754913274744     
  0.998729876485842     
  0.999511440481293     
  0.999012767359506     
  0.999682433338169     
  0.999757356645317     
  0.999765081626250     
  0.999769746293111     
  0.999771603340420     
  0.999776647118160     
  0.999777713625951     
  0.999747201890099     
  0.999729223531202     
  0.999787371105929     
  0.999785204634431     
  0.998853987226950     
  0.999501888691625     
  0.999641524644115     
  0.999708503285909     
  0.999647664584175     
  0.999589834234457     
  0.999470404815058     
  0.998536103432606     
  0.999781789182603     
  0.999807023177943     
  0.999807160379663     
  0.999782249758053     
  0.999800754101377     
  0.999700793171899     
  0.999095857016823     
  0.997535226145353     
  0.998057846392771     
  0.999340061058192     
  0.999725363324809     
  0.999616512853941     
  0.998703134920466     
  0.997757698213033     
  0.999484028240029     
  0.999786844386905     
  0.999823832844349     
  0.999811871544468     
  0.999828277112726     
  0.999760305833725     
  0.999831880728046     
  0.999834868942058     
  0.999835704441756     
  0.999837570058208     
  0.999836079125513     
  0.999833755757549     
  0.999812687427131     
  0.999384024653087     
  0.999954493772720     
   1.00035013613776     
  0.994815536717847     
   1.00033802738048     
  0.999899274587001     
  0.999849565652204     
  0.999846917337051     
  0.999848052642961     
  0.999843311988918     
  0.999802296381910     
  0.999595248525224     
  0.999738105641488     
  0.999706250429861     
  0.999284745639447     
  0.999438900420437     
  0.998120329192586     
  0.998888866456198     
  0.999852335085027     
  0.999852648558205     
  0.999843682027089     
  0.999774758136788     
  0.999920890254623     
   1.00083231942641     
  0.993023785053550     
  0.997656612980173     
  0.986715807571022     
  0.972339940022386     
  0.999398140261249     
  0.999712939590465     
  0.999501892693212     
  0.998147795736367     
  0.995531562062813     
  0.998817516883823     
  0.999673253653202     
  0.999838882102602     
  0.999838722805491     
  0.999680225413508     
  0.998234950858988     
  0.968994298415485     
  0.957861413887157     
  0.997268991849257     
  0.999413660142941     
  0.999039310152149     
  0.999753179165045     
  0.999831577517402     
  0.999844081414727     
  0.999851655186853     
  0.999837336182396     
  0.999854527037159     
  0.999851847160882     
  0.999702371831831     
  0.999154299458915     
  0.998953571356376     
  0.999196202562770     
  0.999851807346412     
  0.999867220882067     
  0.999867871931133     
  0.999856628566885     
  0.999821590043408     
  0.999658818076212     
  0.999790647476286     
  0.999857568023847     
  0.999868887857122     
  0.999859952148987     
  0.999870869274623     
  0.999771755846653     
  0.999850507050637     
  0.999870400327689     
  0.999890023259436     
  0.999811897591084     
  0.999645536707145     
  0.999883284730564     
  0.999790243773629     
  0.999665744130052     
  0.999284392848266     
  0.998980062374493     
  0.999848461601788     
  0.999699587990011     
  0.997855514802312     
  0.990641235098322     
  0.990638534647601     
  0.997861962993843     
  0.999626156875674     
  0.999469884154591     
  0.998457790906262     
  0.998459803503013     
  0.999478822340864     
  0.999803004844122     
  0.999790128506759     
  0.999813358278979     
  0.999754761477561     
  0.993367427456967     
  0.984326192532686     
  0.999276223631690     
  0.999939328335696     
   1.00039211435456     
  0.991271060312250     
  0.998457200146851     
  0.999843391474630     
  0.999861582099501     
  0.999727500929301     
  0.997607817592317     
  0.998723052890920     
  0.999748344021206     
  0.999404816563163     
  0.999641762781282     
  0.999855225226350     
  0.999855246442251     
  0.999849937672110     
  0.999849298010407     
  0.999839530550044     
  0.999651841367111     
  0.999779539585917     
  0.999795927522201     
  0.999763473474920     
  0.998709385663091     
  0.987529279168603     
  0.944400828465477     
  0.892142009156164     
  0.914536120255308     
  0.972074667465705     
  0.989481122558789     
  0.973717709457634     
  0.980894019623946     
  0.995753346488562     
  0.999173104555188     
  0.999190329207567     
  0.999039913646131     
  0.999664854227463     
  0.999090135562243     
  0.993964917003373     
  0.915466920002220     
  0.914699697859999     
  0.994207776818388     
  0.999080988845410     
  0.999715894996509     
  0.999792598509008     
  0.999807131528405     
  0.999797477802955     
  0.999637773638829     
  0.999191124893826     
  0.998762926745394     
  0.998779365087566     
  0.998826723602935     
  0.992707481381302     
  0.916516786750423     
  0.934259134710802     
  0.989277426813765     
  0.956198335528634     
  0.884773606150715     
  0.874558044065051     
  0.948633507655913     
  0.988067986022879     
  0.982641807931508     
  0.982936263341016     
  0.993577700590175     
  0.982097471547529     
  0.953959227293519     
  0.971698034317367     
  0.994408055972438     
  0.999046834592055     
  0.999512065901186     
  0.998513973811221     
  0.990744837119407     
  0.965890607038973     
  0.936291297052000     
  0.965970260552282     
  0.993233770861926     
  0.998030596741587     
  0.993988924472789     
  0.991212608803085     
  0.997433332414803     
  0.999934757930885     
  0.996941192685563     
  0.991382495754616     
  0.971865574731297     
  0.950842515252030     
  0.978019685094071     
  0.995443404450573     
  0.999466505886721     
  0.999655604617080     
  0.999410326173615     
  0.999765356373777     
  0.999732050384396     
  0.999746330443669     
  0.999801301781283     
  0.999720092141307     
  0.999628096902218     
  0.999624904063154     
  0.999730008400526     
  0.999792470067865     
  0.999794265111912     
  0.998903702797488     
  0.999653020368506     
  0.999747246607310     
  0.999782110137301     
  0.999799580599976     
  0.999780688543744     
  0.999777441139443     
  0.999766253674463     
  0.999767926132985     
  0.999767922984540     
  0.999764301758526     
  0.999760471374997     
  0.999756052296000     
  0.999735216837426     
  0.999692098049174     
  0.999808381616229     
  0.997069093534217     
  0.998986346437687     
   1.00039616362147     
  0.989172601482272     
  0.982574880007042     
   1.00031335230904     
  0.999789367324828     
  0.999489084918469     
  0.996205646333481     
  0.978676169005989     
  0.944048309610585     
  0.956085717192801     
  0.987521078314440     
  0.998212952620964     
  0.999397892471063     
  0.999004448787292     
  0.998889459094686     
  0.999316589637134     
  0.999428717520543     
  0.976019362459760     
  0.993310373522645     
  0.983519496694551     
  0.988089988022657     
  0.999582909834564     
  0.999606444288150     
  0.999603308872711     
  0.999618536353050     
  0.999611564540980     
  0.999608264924038     
  0.999600084856406     
  0.999549721863156     
  0.999542397909468     
  0.999533635598284     
  0.999507529921098     
  0.999519322276212     
  0.999532381635455     
  0.999520297581190     
  0.998825663707094     
  0.999482806563118     
  0.999430014184333     
  0.999282925252417     
  0.999349131176059     
  0.999280185382652     
  0.997487766620383     
  0.992823703043447     
  0.979251264411795     
  0.997656328719257     
  0.999119750060418     
  0.998798483622339     
  0.996533166090917     
  0.994342349599898     
  0.996548576745746     
  0.994889535331048     
  0.946232620770134     
  0.966449296528994     
  0.815410708941734     
  0.973492026690409     
  0.995986201181349     
  0.998913548133049     
  0.999157953828207     
  0.999140985996768     
  0.999070626342745     
  0.998596017161506     
  0.994861077679516     
  0.942212489379809     
  0.942180566563020     
  0.993850545928612     
  0.992840811149930     
  0.985850616032794     
  0.992911775280923     
  0.997817306281813     
  0.998806043151985     
  0.998900457187616     
  0.998895255936658     
  0.998815744196723     
  0.998790383993010     
  0.998807252974599     
  0.998768594020911     
  0.998728559307009     
  0.998692434772095     
  0.998542426614177     
  0.998469123518066     
  0.998086393104455     
  0.997612441748741     
  0.997981646227027     
  0.998308948175934     
  0.998303304969614     
  0.997602730907352     
  0.998234813907667     
  0.998189035027076     
  0.998015847049451     
  0.998006175465767     
  0.997796629703545     
  0.997666056984285     
  0.996048769987118     
  0.983270789142398     
  0.977011906323996     
  0.947966419082511     
  0.962007153984117     
  0.989969683954429     
  0.989243376615968     
  0.982175812427033     
  0.992837518391859     
  0.993481114918793     
  0.994662199896782     
  0.995509035653095     
  0.996359495182253     
  0.996183604589771     
  0.995933707331091     
  0.995709399282546     
  0.995462760957898     
  0.995135036631530     
  0.994929356470959     
  0.994629773569952     
  0.994065609599788     
  0.993973475096654     
  0.993886864239992     
  0.992768821576266     
  0.990057464838353     
  0.992773835087135     
  0.991775815383507     
  0.991107098658337     
  0.990366019794500     
  0.990151278623951     
  0.989590846530069     
  0.988919541470499     
  0.988136116944953     
  0.987403570489773     
  0.986730191368905     
  0.985901704784212     
  0.984873463078111     
  0.983842687635285     
  0.982731094522844     
  0.981409102044908     
  0.979838904256880     
  0.977750830750510     
  0.971833926567142     
  0.965912932482852     
  0.967722485590420     
  0.968680140400544     
  0.966828748633303     
  0.963615645272567     
  0.960650880818910     
  0.957480912344785     
  0.953642380343542     
  0.949719638715693     
  0.945368231375530     
  0.940691327110199     
  0.935947767590873     
  0.931271337478551     
  0.927004096135858     
  0.924081086082717     
  0.923725585024643     
  0.926193664030403     
  0.930226512581783     
  0.934942157739566     
  0.939715128340369     
  0.944366264926235     
  0.948514236808135     
  0.952386470186751     
  0.956424684245360     
  0.959933243344554     
  0.963212365396910     
  0.966243527758749     
  0.968865488558086     
  0.971450538986421     
  0.973710351986530     
  0.975695512794262     
  0.977695947037509     
  0.979408847612759     
  0.981037785552812     
  0.982500192420341     
  0.983493668961823     
  0.984615479840328     
  0.985770521633503     
  0.985840939419784     
  0.981844591945831     
  0.971311621527981     
  0.978730699286951     
  0.981985091595601     
  0.989905395065460     
  0.990509402716002     
  0.991187359669071     
  0.991697825919681     
  0.992228209819669     
  0.992692946730918     
  0.992830073469522     
  0.992169423770421     
  0.985067089973701     
  0.974319677698447     
  0.988430350335089     
  0.993956239873731     
  0.995104993033160     
  0.995438179121873     
  0.995482743712216     
  0.994280745048571     
  0.990330771511747     
  0.991039006313164     
  0.995115345854512     
  0.996356441575465     
  0.996594854689941     
  0.996995697583094     
  0.997127801217200     
  0.997252577901433     
  0.997368079716084     
  0.997472495821509     
  0.997580160011278     
  0.997675990630992     
  0.997764805170777     
  0.997833245477005     
  0.997732482340324     
  0.997409946672025     
  0.998065431644170     
  0.996710462033576     
  0.997592235283617     
  0.998136002620624     
  0.997426210341972     
  0.998092165402150     
  0.998424328328982     
  0.998483430300052     
  0.998528678149047     
  0.998570105792552     
  0.998598834728005     
  0.998626711864746     
  0.998672483228930     
  0.998687239385432     
  0.998709834951730     
  0.998670042655182     
  0.998521864620330     
  0.998572252398660     
  0.998513189145228     
  0.998618216890358     
  0.998566099512010     
  0.998369024995537     
  0.997907699878232     
  0.995091617110088     
  0.942912279763469     
  0.774282723208516     
  0.572864722541962     
  0.902657725248646     
  0.984511904188436     
  0.997678168802631     
  0.993287891910889     
  0.997466926740188     
  0.996824588684321     
  0.999120364664375     
  0.999103067420583     
  0.998810658971766     
  0.997282748508341     
  0.994758332109502     
  0.996249974745008     
  0.997825146927631     
  0.998796480576421     
  0.999178277443781     
  0.999299743062339     
  0.999314906505334     
  0.999301521431285     
  0.999290499077660     
  0.998871507387073     
  0.997452079818940     
  0.996563468241786     
  0.998528115460969     
  0.999333345570407     
  0.999308862833773     
  0.999036741045857     
  0.999536651613866     
  0.999548441527636     
  0.999553719096985     
  0.999566658985145     
  0.999577016681977     
  0.999581515171675     
  0.999589384000023     
  0.999593597058185     
  0.999545953459829     
  0.997084776103642     
  0.998841289941779     
   1.00033630555893     
  0.999904663382731     
  0.995512768901217     
  0.999780742529066     
  0.998291735122978     
  0.998857620435834     
  0.999539945554329     
  0.999664632720792     
  0.999687514284835     
  0.998529959068104     
   1.00046656570306     
  0.996909317385008     
   1.00033599368810     
  0.999997739729389     
  0.999723018031534     
  0.999715195862867     
  0.999711094131649     
  0.999726883344335     
  0.999735831460332     
  0.999796294831175     
