  0.999679894668771     
  0.999675752981312     
  0.999593436724268     
  0.999657442742327     
  0.999602881870361     
  0.999612666894753     
  0.999609114487321     
  0.999600809677709     
  0.999638925676344     
  0.999411197510181     
  0.997093212467075     
  0.987544961634382     
  0.991676982173735     
  0.998152562458028     
  0.999432846605504     
  0.999424702092665     
  0.998796703312247     
  0.993590526487870     
  0.919610372943695     
  0.833024145102445     
  0.965642040885750     
  0.986964467280429     
  0.979508503788751     
  0.992262575149626     
  0.997969261527413     
  0.999362348845544     
  0.999529196851565     
  0.999563725009444     
  0.999578051448540     
  0.999586855036083     
  0.999584673848574     
  0.999489096916904     
  0.999428278466726     
  0.999577215297989     
  0.999578850663304     
  0.999575815661008     
  0.999569902694451     
  0.999566778844341     
  0.999561888552201     
  0.999536042016560     
  0.999551203384723     
  0.999545922167003     
  0.998938855408727     
  0.999516589331600     
  0.999516120375777     
  0.999513126248401     
  0.999510168749250     
  0.999502180272670     
  0.999486551090280     
  0.999349899646532     
  0.998523491761510     
  0.993036037600506     
  0.997240797050140     
  0.999088909044072     
  0.999763096474285     
  0.999920942666666     
  0.984057198610004     
  0.998616789207909     
  0.996232411502826     
  0.996269632919704     
  0.999683553471476     
  0.999151100003499     
  0.999319010437073     
  0.999330187580198     
  0.999350798439382     
  0.999339087384595     
  0.999326673992229     
  0.999312804904214     
  0.999299944031225     
  0.999286255474643     
  0.999269777656477     
  0.999158146705187     
  0.999240022082726     
  0.999211222782364     
  0.999122475589238     
  0.999074924412888     
  0.998624550972560     
  0.998785096162497     
  0.998459934180107     
  0.992697311732087     
  0.998304910430209     
  0.998909794595626     
  0.999037109169542     
  0.999016771529927     
  0.998576226112375     
  0.998965222716257     
  0.998854843262900     
  0.998353263981531     
  0.996708487580709     
  0.997805520730190     
  0.998218770642325     
  0.996319162819341     
  0.993003560347153     
  0.991302969030030     
  0.990656871020959     
  0.997084971801353     
  0.998452249765996     
  0.998569215616279     
  0.998468802926249     
  0.998095342385679     
  0.998032498981036     
  0.998368082330114     
  0.998322387408581     
  0.998226589403436     
  0.998040339772311     
  0.998049435654980     
  0.997844477919501     
  0.997691520818913     
  0.985835099477501     
  0.997690598560831     
  0.997797126730003     
  0.997731548476690     
  0.997645066911938     
  0.997553704017446     
  0.997451690320031     
  0.997307868896783     
  0.997215913340929     
  0.997079151981779     
  0.996912324257990     
  0.996729669618634     
  0.996707737934932     
  0.998619173020285     
  0.943060175657956     
  0.875685916237055     
  0.994362696321266     
  0.996111826791245     
  0.995215427363557     
  0.992864205510205     
  0.964976829245234     
  0.883022968643787     
  0.972911666368266     
  0.975545598749127     
  0.935235303494642     
  0.986943101834311     
  0.992213943859441     
  0.991929112428415     
  0.991249186380145     
  0.988917175565388     
  0.956851929943289     
  0.927359678288244     
  0.979278379967030     
  0.886398134723706     
  0.913448350467165     
  0.915402280622364     
  0.984940546060641     
  0.980933825086130     
  0.976528438333804     
  0.966305417325329     
  0.958435484433773     
  0.967315905992052     
  0.962674670380259     
  0.961799887653183     
  0.952511790235733     
  0.941708802958654     
  0.889403960268079     
  0.902052902321711     
  0.916497583142811     
  0.898139739722697     
  0.876941067222891     
  0.862980534350441     
  0.869618984106912     
  0.885673127822760     
  0.898164632489161     
  0.905475983382068     
  0.903014672663166     
  0.890678509107027     
  0.866263001118108     
  0.815177933256489     
  0.725226356271870     
  0.573296999237854     
  0.470189315856568     
  0.459568158366906     
  0.509010265498204     
  0.596300704778542     
  0.710115503039942     
  0.798488309226178     
  0.847510558056452     
  0.876685198362993     
  0.899715465729117     
  0.916597351539461     
  0.928794841612095     
  0.940489069823846     
  0.951041965083454     
  0.958776801114127     
  0.963692945534448     
  0.968186702813497     
  0.972288093288506     
  0.975293142580504     
  0.977577312180193     
  0.979654329346920     
  0.981477109091591     
  0.983187986135302     
  0.984628213678642     
  0.986026849308846     
  0.987265858041137     
  0.988360162990100     
  0.989244532155438     
  0.990320290544270     
  0.991201984048178     
  0.991931112640935     
  0.992001913089867     
  0.992455368288582     
  0.993334207925556     
  0.993939890016836     
  0.994582755864936     
  0.994861540404472     
  0.995185806962315     
  0.995623035308534     
  0.995828087486481     
  0.995997487418429     
  0.995916315104296     
  0.996321877184308     
  0.996618229775963     
  0.996831110038338     
  0.996918455543791     
  0.997177090004076     
  0.997314786175224     
  0.997414861692915     
  0.997403613612536     
  0.992108305670518     
  0.986586075216241     
  0.996935812928321     
  0.997173578267996     
  0.997908141721573     
  0.998087840534800     
  0.998054623258386     
  0.988710475058991     
  0.997931319628309     
  0.998395927770844     
  0.998514773241431     
  0.997831203932164     
  0.998519861742753     
  0.998481904920477     
  0.998309113331183     
  0.998161965881042     
  0.997346639348612     
  0.989501031764564     
  0.901633593451126     
  0.863532868535419     
  0.945214302358659     
  0.993080369976612     
  0.997931368524795     
  0.998572193595761     
  0.998641551993357     
  0.998108174913110     
  0.995610116846162     
  0.975015930663471     
  0.780159846126913     
  0.763499145195051     
  0.749574991462750     
  0.902593294038132     
  0.988935012137654     
  0.997838813818541     
  0.995913451158596     
  0.998776410520001     
  0.999097064089343     
  0.999188329793336     
  0.999229780194312     
  0.999253492154771     
  0.999236881555455     
  0.999109005741222     
  0.999176930840675     
  0.998735438201182     
  0.999359898186849     
  0.999372195901663     
  0.999390197392436     
  0.994727994352952     
  0.999287394964287     
  0.999353036170192     
  0.999445976480868     
  0.999471592774819     
  0.999483303634474     
  0.999487123761750     
  0.999451545628652     
  0.999232932822297     
  0.999270537974565     
  0.999502276853199     
  0.999476915282983     
  0.999176679948096     
  0.999370913697696     
  0.999539176049552     
  0.999577036139505     
  0.999570249007927     
  0.999369010809687     
  0.998719810150148     
  0.999530532857598     
  0.999605167535282     
  0.999621410573016     
  0.999616145021311     
  0.999532273418621     
  0.999613302965691     
  0.998605920954804     
  0.997403543811845     
  0.999642823579836     
  0.999650162699265     
  0.999649966990350     
  0.999643362122426     
  0.999664920852112     
   1.00030431200798     
   1.00075784958700     
  0.982967567407047     
  0.999176100001438     
   1.00270945544980     
  0.992074824327621     
  0.981499283447033     
   1.00326300711846     
   1.00058765943889     
  0.999635135202715     
  0.999623966315890     
  0.999592436088931     
  0.999152735251328     
  0.994614897375817     
  0.935366054711978     
  0.960330032334039     
  0.985432489134994     
  0.998762362928060     
  0.999520331865488     
  0.998834232687888     
  0.999670720614763     
  0.999754724716444     
  0.999762652470877     
  0.999767511292804     
  0.999768405894754     
  0.999774535903869     
  0.999776193929726     
  0.999743155609745     
  0.999718084301371     
  0.999785650237064     
  0.999784097303052     
  0.998357284561064     
  0.999517797310436     
  0.999651974487934     
  0.999700056365261     
  0.999645589188147     
  0.999607150554545     
  0.999461771250937     
  0.998197783141432     
  0.999781087496445     
  0.999806495430201     
  0.999805580042821     
  0.999779629068769     
  0.999801198959448     
  0.999709805831926     
  0.999153577115198     
  0.997680820117489     
  0.998173609313670     
  0.999357079304178     
  0.999725679431414     
  0.999628325587644     
  0.998716061457353     
  0.997684327280861     
  0.999502252757342     
  0.999789361535685     
  0.999823760540353     
  0.999811113035044     
  0.999827984278738     
  0.999754503932775     
  0.999831824468143     
  0.999834943841663     
  0.999835386278271     
  0.999837632596891     
  0.999834482277275     
  0.999830817165831     
  0.999801779848421     
  0.999202632728938     
  0.999938531879287     
   1.00026713526652     
  0.994643185179143     
   1.00025381239130     
  0.999871889730428     
  0.999849043284762     
  0.999847372086136     
  0.999848564016780     
  0.999841040502499     
  0.999798895070862     
  0.999535231327630     
  0.999743297635881     
  0.999718056330807     
  0.999274115384510     
  0.999430029246908     
  0.997480873318102     
  0.998581320880057     
  0.999853094736661     
  0.999853609229251     
  0.999845292106275     
  0.999772863754127     
  0.999904919875699     
   1.00072272394495     
  0.992712233470080     
  0.997317727527011     
  0.986170358667474     
  0.970600492261736     
  0.999431373032611     
  0.999719732654788     
  0.999507116090142     
  0.998256088672172     
  0.995730531146946     
  0.998900055893022     
  0.999685242175496     
  0.999840835668928     
  0.999840055010491     
  0.999682518843807     
  0.998338727090108     
  0.968269494507660     
  0.956675102391740     
  0.997397220759346     
  0.999433257061419     
  0.998801546395750     
  0.999759619243967     
  0.999835461210656     
  0.999847037085731     
  0.999854308238740     
  0.999829145417242     
  0.999852829796003     
  0.999854666746686     
  0.999719152054150     
  0.999219221389552     
  0.999030543041322     
  0.999215005228346     
  0.999851658713136     
  0.999865664268053     
  0.999869643828502     
  0.999856996414769     
  0.999826707610946     
  0.999667672366806     
  0.999794494042688     
  0.999860870662797     
  0.999871311064225     
  0.999860008020655     
  0.999873116400612     
  0.999745251056000     
  0.999845842950146     
  0.999871370644322     
  0.999890382240118     
  0.999806625560352     
  0.999639302756633     
  0.999883454402006     
  0.999798283951689     
  0.999672036814276     
  0.999226948791293     
  0.998873897463230     
  0.999852850496279     
  0.999715883200463     
  0.998032959588897     
  0.991298601044372     
  0.991297577202786     
  0.998038227096267     
  0.999645882256542     
  0.999505136140424     
  0.998553628884896     
  0.998555316700947     
  0.999511813250352     
  0.999809714917924     
  0.999771484105118     
  0.999809675579856     
  0.999746150542322     
  0.992692024113340     
  0.982580087076044     
  0.999227074859441     
  0.999927218836116     
   1.00031832438875     
  0.991079810128363     
  0.997986346688133     
  0.999718630845039     
  0.999863432302084     
  0.999725657969473     
  0.997350641550723     
  0.998648696622783     
  0.999729617691277     
  0.999243008619385     
  0.999543228626256     
  0.999859329020154     
  0.999860041435741     
  0.999853290907345     
  0.999854584817775     
  0.999845480609527     
  0.999643444064698     
  0.999780597682594     
  0.999800812442345     
  0.999774916312490     
  0.998770420826595     
  0.988601750175881     
  0.948771363912165     
  0.899349025003170     
  0.920646596822837     
  0.974458247831593     
  0.990278253224868     
  0.974724325366466     
  0.981775126398749     
  0.996079367278029     
  0.999197968972298     
  0.999200156606875     
  0.999046489178489     
  0.999676580508125     
  0.999141047854626     
  0.994385732269733     
  0.909675581638475     
  0.908824817668771     
  0.994648907137050     
  0.999135103264467     
  0.999725397367262     
  0.999798966494056     
  0.999813647293779     
  0.999804982446466     
  0.999645822304140     
  0.999206996977460     
  0.998830383287031     
  0.998851632475225     
  0.998903989320603     
  0.993064294552652     
  0.914675897972634     
  0.933128469390276     
  0.990096327601865     
  0.959884504440467     
  0.892708224994962     
  0.882806763903624     
  0.952940830347056     
  0.989050439365135     
  0.983211847998130     
  0.983658183496534     
  0.994049890130743     
  0.983207942984637     
  0.955959555127922     
  0.973191111367320     
  0.994839152808467     
  0.999113332371795     
  0.999539677128844     
  0.998624207626446     
  0.991398447668051     
  0.967784744393930     
  0.939154952017751     
  0.967919045084385     
  0.993787047841996     
  0.998194634532727     
  0.994263948072511     
  0.991524717069196     
  0.997606360587231     
  0.999933303801137     
  0.996852698806413     
  0.991794566243248     
  0.974012830975217     
  0.954051207670699     
  0.979787717519305     
  0.995776940242629     
  0.999495248345985     
  0.999661475087730     
  0.999388471495379     
  0.999764733250243     
  0.999723456695363     
  0.999741662874508     
  0.999813721124097     
  0.999731847126713     
  0.999652280288333     
  0.999649185551292     
  0.999744317419470     
  0.999805807903942     
  0.999807025444438     
  0.998417318585793     
  0.999652541131030     
  0.999759250857707     
  0.999794842129727     
  0.999821950643618     
  0.999794942215165     
  0.999791881068070     
  0.999779948432547     
  0.999782443422603     
  0.999782950185459     
  0.999779591051492     
  0.999776043352473     
  0.999771981606988     
  0.999752092843997     
  0.999712481474073     
  0.999801765711136     
  0.996979585957943     
  0.998908508645318     
   1.00033746769071     
  0.986931544898272     
  0.982370020140140     
   1.00024857924189     
  0.999799426715833     
  0.999525806458063     
  0.996502843749294     
  0.980444517409097     
  0.947784179445756     
  0.959251360421100     
  0.988589032249059     
  0.998360198164864     
  0.999441197689865     
  0.999073764903638     
  0.998964078151199     
  0.999357575204915     
  0.999385129035185     
  0.969567539123489     
  0.991646443631185     
  0.979105163683036     
  0.984941045373994     
  0.999592036286245     
  0.999623114917424     
  0.999623378541504     
  0.999642482497932     
  0.999636352129160     
  0.999634180514733     
  0.999626908867010     
  0.999564695486452     
  0.999574138716729     
  0.999566018436567     
  0.999529548564592     
  0.999539487578844     
  0.999559527548422     
  0.999549975225294     
  0.998788354943834     
  0.999517400728589     
  0.999470187316220     
  0.999330892854792     
  0.999394228043179     
  0.999330723479956     
  0.997489409559021     
  0.993165433638669     
  0.978922448120441     
  0.997810894597309     
  0.999181678785717     
  0.998888782668520     
  0.996773145805975     
  0.994680346318435     
  0.996706374520156     
  0.995009169582695     
  0.941195388211133     
  0.966979446887197     
  0.803266838540182     
  0.974212258283940     
  0.996275734159201     
  0.998928027638116     
  0.999205948292236     
  0.999190011985173     
  0.999119607482701     
  0.998663996204678     
  0.995036511299842     
  0.938787979698022     
  0.938762821709107     
  0.994115995002494     
  0.993361463464445     
  0.986667102864544     
  0.993458138472436     
  0.997987170369004     
  0.998866114818156     
  0.998972442588999     
  0.998974568020713     
  0.998878815023155     
  0.998856622343812     
  0.998893959533628     
  0.998856229444348     
  0.998820536081550     
  0.998787244728920     
  0.998605141305216     
  0.998566143265356     
  0.998232297662454     
  0.997785996656156     
  0.998135298712933     
  0.998436884565064     
  0.998423346191462     
  0.997645815484236     
  0.998368505771705     
  0.998325970214546     
  0.998154159299358     
  0.998150736756511     
  0.997858689987908     
  0.997820840460474     
  0.996165559109385     
  0.982334785497237     
  0.978830973816154     
  0.951172348525987     
  0.964247338451560     
  0.990784994980355     
  0.989906801294238     
  0.983046643337316     
  0.993323327449242     
  0.993697763201905     
  0.994804408972241     
  0.995702969279200     
  0.996618831598149     
  0.996476088403835     
  0.996246258343409     
  0.996039452955577     
  0.995810119708583     
  0.995485673708809     
  0.995317554670891     
  0.995042513317572     
  0.994433512263795     
  0.994436786624299     
  0.994353798708187     
  0.993181878410053     
  0.990468463397256     
  0.993320345607220     
  0.992407860545521     
  0.991766827882502     
  0.991006340692150     
  0.990905167539299     
  0.990392362006584     
  0.989773492473728     
  0.989051579922883     
  0.988375289356058     
  0.987752241152308     
  0.986985701291695     
  0.986030045591924     
  0.985075887069112     
  0.984057177217118     
  0.982835881294357     
  0.981385838078020     
  0.979450918736775     
  0.973653636839037     
  0.968061196832185     
  0.970125233218199     
  0.971074550725182     
  0.969355266797698     
  0.966302338889018     
  0.963627242234264     
  0.960707843628128     
  0.957157968133705     
  0.953534041638121     
  0.949516249437423     
  0.945202491209568     
  0.940828298909069     
  0.936534764129678     
  0.932605264013595     
  0.929877873072371     
  0.929531929526076     
  0.931857946596997     
  0.935575543894428     
  0.939907555480958     
  0.944303991290455     
  0.948592150792395     
  0.952408434032067     
  0.955972688651512     
  0.959729733228120     
  0.962976587532029     
  0.966010051784426     
  0.968814050924695     
  0.971238969727116     
  0.973630387090081     
  0.975720172631655     
  0.977555368610655     
  0.979404267561694     
  0.980977451908254     
  0.982464502086049     
  0.983823431867726     
  0.984724478204419     
  0.985748805404189     
  0.986859629223019     
  0.986932555094479     
  0.983254835196447     
  0.973232556755787     
  0.980283303255797     
  0.981597619922434     
  0.990663184030413     
  0.991206961027261     
  0.991865011158402     
  0.992332422371857     
  0.992826169818568     
  0.993254495736743     
  0.993343358007826     
  0.992764350633516     
  0.986015118564083     
  0.975598731394051     
  0.989220244823411     
  0.994404726374630     
  0.995479703251233     
  0.995787382123642     
  0.995828858892027     
  0.994731092479648     
  0.990996501211703     
  0.991689661672675     
  0.995502182422658     
  0.996607603043458     
  0.996784233211722     
  0.997224758003421     
  0.997346967012865     
  0.997462553516720     
  0.997568262954225     
  0.997663692359141     
  0.997763651905536     
  0.997851853352518     
  0.997933583422976     
  0.997994574551725     
  0.997868555891367     
  0.997252506312136     
  0.998202223906620     
  0.996073149797276     
  0.997394666980562     
  0.998188431249866     
  0.997439591174258     
  0.998182340425412     
  0.998536101486133     
  0.998591751964111     
  0.998632674834708     
  0.998669848995323     
  0.998690647933684     
  0.998711681619676     
  0.998759689500460     
  0.998763904272072     
  0.998789010304732     
  0.998748905722779     
  0.998603803128245     
  0.998643455920971     
  0.998565427450020     
  0.998658792195795     
  0.998594738368078     
  0.998377013765093     
  0.997878158682160     
  0.995106653555579     
  0.937677187427863     
  0.772765588512481     
  0.559445394537196     
  0.905589170813209     
  0.985195076646981     
  0.997563713267878     
  0.993108379532420     
  0.997305588312741     
  0.996776964022613     
  0.999115947494137     
  0.999127617892396     
  0.998864933981546     
  0.997352254868329     
  0.994698598107656     
  0.996380421578674     
  0.997982332499604     
  0.998878905924505     
  0.999226294907023     
  0.999339735686812     
  0.999324545584699     
  0.999287796982816     
  0.999288490614150     
  0.998953742605869     
  0.997637009074262     
  0.996701731521040     
  0.998637188888977     
  0.999376135149025     
  0.999261918007295     
  0.998801814031601     
  0.999566485405307     
  0.999577707725512     
  0.999580134576316     
  0.999594049098008     
  0.999604393763798     
  0.999607220411728     
  0.999614399258845     
  0.999618816167646     
  0.999567692254967     
  0.996814287251078     
  0.998816358273404     
   1.00028945243012     
  0.999554330977629     
  0.994835349085246     
  0.999734826778350     
  0.998403548471563     
  0.998903984945925     
  0.999568644057728     
  0.999685066195470     
  0.999704144247238     
  0.997672667657783     
   1.00034806103705     
  0.996460016199123     
   1.00019645347146     
  0.999989077180779     
  0.999732851707861     
  0.999733364409985     
  0.999726164031208     
  0.999744514702896     
  0.999752224980130     
  0.999807670628540     
