  0.999657750346923     
  0.999655742689471     
  0.999448116178613     
  0.999626609808879     
  0.999454763717509     
  0.999564056406804     
  0.999580748589298     
  0.999570030515846     
  0.999620484745796     
  0.999507057088404     
  0.998353733534679     
  0.991645465226293     
  0.992688938845587     
  0.998782931545118     
  0.999427414285756     
  0.999337109297140     
  0.998844188575640     
  0.995734609156736     
  0.913682076413394     
  0.810599349761620     
  0.968657036739140     
  0.990997015034529     
  0.985436968916327     
  0.995705317936277     
  0.998709296840221     
  0.999394061486716     
  0.999480333346378     
  0.999512071561323     
  0.999540345435596     
  0.999558059906408     
  0.999557513835529     
  0.999448137686224     
  0.999374571344057     
  0.999549755189833     
  0.999550126478043     
  0.999546390937281     
  0.999537238490709     
  0.999535696745423     
  0.999531970398488     
  0.999494793870324     
  0.999519245319038     
  0.999511817652631     
  0.997829631921048     
  0.999484149227058     
  0.999468477659412     
  0.999473996239449     
  0.999471062871532     
  0.999465588110714     
  0.999455599879744     
  0.999365692375893     
  0.998577346099379     
  0.989649264218613     
  0.997754078171047     
  0.999146969403717     
  0.999522324363435     
  0.997704407253953     
  0.981010554292682     
  0.996356657604899     
  0.995010085124879     
  0.995556177693841     
  0.999460653203495     
  0.998985095448518     
  0.999250230328599     
  0.999233531932423     
  0.999304837389917     
  0.999291896886823     
  0.999278215534532     
  0.999263616435542     
  0.999249962348885     
  0.999234552023072     
  0.999216547446290     
  0.999053820281162     
  0.999181903546332     
  0.999148741812908     
  0.998966841749056     
  0.999072888395879     
  0.998724060997093     
  0.998571227027090     
  0.998201749451661     
  0.989215612427306     
  0.997961753571801     
  0.998710528873975     
  0.998964238153055     
  0.998941818230266     
  0.998028726781512     
  0.998892359185838     
  0.998794555494722     
  0.998426591042514     
  0.997192377114977     
  0.997843672514177     
  0.998383038497465     
  0.997291685580848     
  0.995406600914568     
  0.992908043717204     
  0.993109271777366     
  0.997785131385301     
  0.998441029257948     
  0.998475898622947     
  0.998402347464258     
  0.998095724162056     
  0.997819070957294     
  0.998269272352891     
  0.998174078653756     
  0.997995082937986     
  0.997642952596932     
  0.997973411309375     
  0.997832923366070     
  0.997596677480682     
  0.968714248670942     
  0.997376739436801     
  0.997637224319800     
  0.997561591460549     
  0.997464644593232     
  0.997370827651122     
  0.997256838273567     
  0.997042391040767     
  0.997005317641866     
  0.996858646146524     
  0.996668627175514     
  0.996471683382334     
  0.996276096144585     
  0.996576585096176     
  0.928830358469857     
  0.848311488768026     
  0.989515296857937     
  0.995059935342301     
  0.994909595741363     
  0.993444283052143     
  0.965313810948904     
  0.871105784132798     
  0.974766096921215     
  0.975021351905715     
  0.925585454017025     
  0.987046836473901     
  0.991947486427034     
  0.991405439178446     
  0.990824658134148     
  0.989168435052731     
  0.953992537380431     
  0.918356287362295     
  0.979115015332135     
  0.862346958966428     
  0.897579840797624     
  0.898720337787983     
  0.982244339876258     
  0.980020402179900     
  0.976602189561516     
  0.967791826943593     
  0.962712856407929     
  0.967438992345648     
  0.960705071622184     
  0.959785727063925     
  0.949934629138436     
  0.936193893466061     
  0.875380878941825     
  0.891131314375324     
  0.912137117992974     
  0.895356063311408     
  0.873522385495718     
  0.857538816202170     
  0.864362405766277     
  0.881406549730522     
  0.894018461814305     
  0.901296599818388     
  0.897591544554424     
  0.884883893888884     
  0.862819299206064     
  0.818075407070916     
  0.740334616118757     
  0.581679952136438     
  0.456754648815668     
  0.444130619095919     
  0.503969676413254     
  0.596878170520831     
  0.717666336502135     
  0.803310446674899     
  0.848678300549866     
  0.875808602916305     
  0.898803136985093     
  0.915550490373356     
  0.926904752144878     
  0.937924802138129     
  0.947702301524542     
  0.955811762605104     
  0.960853593689700     
  0.965484798913187     
  0.969753856915455     
  0.973030030042782     
  0.975639404641476     
  0.978002726529506     
  0.980055139328173     
  0.981944753544834     
  0.983418415097623     
  0.985003671351817     
  0.986344038504708     
  0.987452413880617     
  0.988286006236134     
  0.989550929779757     
  0.990506477355157     
  0.991243019282683     
  0.990404864037657     
  0.991459278098739     
  0.992633234238573     
  0.993263164889242     
  0.994061697893245     
  0.994349120394033     
  0.994625694387763     
  0.995260358046059     
  0.995526328088192     
  0.995746333014702     
  0.995623914143777     
  0.996096094011880     
  0.996392867355305     
  0.996568142498119     
  0.996597462903933     
  0.996919262298756     
  0.997075033521808     
  0.997182133709560     
  0.997198955732592     
  0.989431085119469     
  0.980936438140789     
  0.996813897082287     
  0.997124504693863     
  0.997812265119908     
  0.997933069687050     
  0.997944947884519     
  0.986012693795481     
  0.997723320458134     
  0.998256706732471     
  0.998321272583113     
  0.997593885022419     
  0.998338136324245     
  0.998293831219766     
  0.998122838729647     
  0.998017412521964     
  0.997600269456465     
  0.992925749690006     
  0.878202198072743     
  0.827364601620756     
  0.940226178387214     
  0.995193960453676     
  0.997861348807729     
  0.998415656961952     
  0.998482824234658     
  0.997273307350770     
  0.996654030231916     
  0.984617741490342     
  0.719901447888138     
  0.702575229108325     
  0.674146030627414     
  0.887024658600369     
  0.993176651984083     
  0.997974154939528     
  0.993312782894829     
  0.998667610011584     
  0.999017617941168     
  0.999109763465055     
  0.999156965031728     
  0.999189423462017     
  0.999191672990291     
  0.999075308270206     
  0.999095673954293     
  0.998349361455981     
  0.999305161567770     
  0.999305014606632     
  0.999328479431153     
  0.987622621642081     
  0.999050450650313     
  0.999153416456325     
  0.999382725036908     
  0.999431245008014     
  0.999445516038461     
  0.999454312795305     
  0.999441909549796     
  0.999250879660903     
  0.999218286398667     
  0.999479104964273     
  0.999478190302641     
  0.999252155995496     
  0.999417975754485     
  0.999526427980613     
  0.999549954953073     
  0.999550600730979     
  0.999327411281904     
  0.998527851051538     
  0.999515293961316     
  0.999571959356792     
  0.999592647303247     
  0.999584450109693     
  0.999450161639874     
  0.999575194711122     
  0.997079571473949     
  0.994050946460855     
  0.999606354774990     
  0.999619853232546     
  0.999618127285924     
  0.999605890773162     
  0.999590195542646     
  0.999777829710148     
  0.997781165435129     
  0.972382063067505     
  0.995119073745366     
   1.00030322753332     
  0.980876611796068     
  0.965031614968054     
  0.998599655426518     
  0.999867283635676     
  0.999538466547985     
  0.999570782570610     
  0.999547800237343     
  0.999227962347416     
  0.995167968304823     
  0.925933499090625     
  0.956662674392143     
  0.983715149130523     
  0.998935396301385     
  0.999567690158173     
  0.997883303447531     
  0.999608335284739     
  0.999740706340306     
  0.999749714153340     
  0.999755607124803     
  0.999751375543775     
  0.999763291104871     
  0.999768099707801     
  0.999721604320681     
  0.999658754700231     
  0.999776484593506     
  0.999778199479818     
  0.995711773260586     
  0.999602528746033     
  0.999707631622474     
  0.999655067150424     
  0.999634535431114     
  0.999699378708812     
  0.999415788284730     
  0.996395869924455     
  0.999777350285397     
  0.999803684629319     
  0.999797163139708     
  0.999765671263168     
  0.999803568270661     
  0.999757807080839     
  0.999460992473446     
  0.998456246986185     
  0.998790155886333     
  0.999447717274911     
  0.999727362988697     
  0.999691239069461     
  0.998784906776899     
  0.997293562605957     
  0.999599314083953     
  0.999802767499397     
  0.999823375461018     
  0.999807073345190     
  0.999826424699425     
  0.999723604160702     
  0.999831524839927     
  0.999835342740402     
  0.999833691814802     
  0.999837965662463     
  0.999825977882167     
  0.999815167035098     
  0.999743689223197     
  0.998236593858633     
  0.999853523837450     
  0.999825099695258     
  0.993725299305064     
  0.999805312958901     
  0.999726047954500     
  0.999846261352682     
  0.999849793902886     
  0.999851287388252     
  0.999828943507904     
  0.999780781141525     
  0.999215606117950     
  0.999770947848991     
  0.999780929073667     
  0.999217503717847     
  0.999382785717306     
  0.994075452259678     
  0.996943491429261     
  0.999857140240677     
  0.999858725244280     
  0.999853866497669     
  0.999762775343843     
  0.999819870878405     
   1.00013908322289     
  0.991053097997322     
  0.995513032712639     
  0.983265641377221     
  0.961337310960867     
  0.999608349012294     
  0.999755907982155     
  0.999534932350688     
  0.998832781852258     
  0.996790100251357     
  0.999339599428379     
  0.999749084289797     
  0.999851238911559     
  0.999847149327375     
  0.999694731889690     
  0.998891358212256     
  0.964409764688441     
  0.950357764828929     
  0.998080062845238     
  0.999537613939633     
  0.997535417519638     
  0.999793913586463     
  0.999856142386274     
  0.999862776385498     
  0.999868436023304     
  0.999785528817575     
  0.999843791846662     
  0.999869681237540     
  0.999808507694698     
  0.999564933551668     
  0.999440419713326     
  0.999315129788195     
  0.999850867239973     
  0.999857375305575     
  0.999879079151437     
  0.999858955193585     
  0.999853958441937     
  0.999714820979490     
  0.999814976749826     
  0.999878456950935     
  0.999884214417626     
  0.999860305531510     
  0.999885082081364     
  0.999604116504850     
  0.999821007282844     
  0.999876537429064     
  0.999892293751821     
  0.999778552952141     
  0.999606108179083     
  0.999884357867253     
  0.999841096137897     
  0.999705543899785     
  0.998921073230741     
  0.998308596605148     
  0.999876220175541     
  0.999802650593318     
  0.998977800711920     
  0.994798872384479     
  0.994806767606035     
  0.998976774712468     
  0.999750913086493     
  0.999692840321408     
  0.999063930524255     
  0.999063887782792     
  0.999687476745278     
  0.999845443310818     
  0.999672210546487     
  0.999790066810878     
  0.999700301172752     
  0.989095812800785     
  0.973282903297921     
  0.998965381581261     
  0.999862741803686     
  0.999925430654153     
  0.990061503448370     
  0.995479305467283     
  0.999054349223818     
  0.999873283588734     
  0.999715845270230     
  0.995981330539403     
  0.998252794209112     
  0.999629911479335     
  0.998381482706531     
  0.999018597252899     
  0.999881179045985     
  0.999885571588424     
  0.999871144614279     
  0.999882733418640     
  0.999877160495072     
  0.999598734438202     
  0.999786231277407     
  0.999826821024432     
  0.999835840802859     
  0.999095386318849     
  0.994311823252550     
  0.972041006873710     
  0.937720590419919     
  0.953179894705867     
  0.987148836628279     
  0.994522302867912     
  0.980083694855525     
  0.986466256733438     
  0.997815141668152     
  0.999330349862860     
  0.999252478643539     
  0.999081497889257     
  0.999739012105979     
  0.999412108083219     
  0.996626173822157     
  0.878842277964294     
  0.877546807378198     
  0.996997490563680     
  0.999423208444387     
  0.999775987871612     
  0.999832869487807     
  0.999848336984603     
  0.999844936793078     
  0.999688672895926     
  0.999291498762958     
  0.999189515998017     
  0.999236376797127     
  0.999315343277567     
  0.994963923108500     
  0.904875260780946     
  0.927108977988962     
  0.994456021629699     
  0.979509018990904     
  0.934950638990068     
  0.926721287789291     
  0.975872094150998     
  0.994280798038039     
  0.986246604674882     
  0.987501504194342     
  0.996563702132836     
  0.989119784730450     
  0.966608720274048     
  0.981139801648547     
  0.997134176437439     
  0.999467344745611     
  0.999686669902807     
  0.999211053532064     
  0.994878031188034     
  0.977868417154820     
  0.954399933891582     
  0.978293589439672     
  0.996732464892445     
  0.999067901628788     
  0.995728052796955     
  0.993186240588417     
  0.998527482339612     
  0.999925562706518     
  0.996381600606723     
  0.993988223249508     
  0.985443721112165     
  0.971132598657920     
  0.989199770005999     
  0.997552500959754     
  0.999648256993594     
  0.999692726089497     
  0.999272130062526     
  0.999761416115469     
  0.999677709172176     
  0.999716815660929     
  0.999879833760817     
  0.999794423000881     
  0.999781016554265     
  0.999778443738268     
  0.999820488756732     
  0.999876809163146     
  0.999874952317753     
  0.995828163532693     
  0.999649990025900     
  0.999823152431186     
  0.999862617489266     
  0.999941031310129     
  0.999870817461477     
  0.999868747615198     
  0.999852848116413     
  0.999859721404875     
  0.999862942318730     
  0.999860978145237     
  0.999858935015972     
  0.999856775198485     
  0.999841925589693     
  0.999820984311473     
  0.999766548727260     
  0.996503131251107     
  0.998494173918650     
   1.00002502682469     
  0.975002335514056     
  0.981279547665397     
  0.999903791911746     
  0.999852972771585     
  0.999721274444378     
  0.998084815590680     
  0.989857354111313     
  0.967669995059653     
  0.976101853869902     
  0.994273661690976     
  0.999143972043577     
  0.999671706669003     
  0.999442726205013     
  0.999361265581053     
  0.999575735500839     
  0.999153114321912     
  0.935225570031188     
  0.982789645814834     
  0.955608522717490     
  0.968179871980965     
  0.999640614394497     
  0.999711848823251     
  0.999730204495247     
  0.999769941684332     
  0.999768289787483     
  0.999772121896999     
  0.999769685171205     
  0.999644395479841     
  0.999743084872634     
  0.999738381510668     
  0.999646746203983     
  0.999646820273530     
  0.999704015199007     
  0.999707937996014     
  0.998589775113057     
  0.999701531408331     
  0.999684012068496     
  0.999586203714063     
  0.999634258645639     
  0.999599714692432     
  0.997498154150980     
  0.994984300847542     
  0.977172321870266     
  0.998633570325039     
  0.999511293174432     
  0.999369396368953     
  0.998050426892494     
  0.996479314142094     
  0.997546241969065     
  0.995645912873857     
  0.914385203403776     
  0.969801114544992     
  0.738632552705306     
  0.978045594838877     
  0.997816731130212     
  0.999005092499222     
  0.999461390589399     
  0.999450943767999     
  0.999380299942148     
  0.999025800390397     
  0.995970217680259     
  0.920561833727569     
  0.920572723630440     
  0.995528778411622     
  0.996132492832894     
  0.991012620020800     
  0.996365993020227     
  0.998891218968359     
  0.999185826752919     
  0.999355560597856     
  0.999396678820213     
  0.999214486614597     
  0.999209151095677     
  0.999355421543128     
  0.999322633865059     
  0.999310044440937     
  0.999291830331250     
  0.998938912734077     
  0.999082487081556     
  0.999008806977264     
  0.998709659932015     
  0.998953038917040     
  0.999117761824783     
  0.999062203883243     
  0.997875110452161     
  0.999080008645330     
  0.999054732220578     
  0.998890248238249     
  0.998920080888888     
  0.998188969301172     
  0.998644582422280     
  0.996787097514257     
  0.977353492367240     
  0.988511797871642     
  0.968233818021328     
  0.976169231391056     
  0.995123935687883     
  0.993437421380872     
  0.987681028926480     
  0.995908698621326     
  0.994850716124016     
  0.995561211704848     
  0.996735035475971     
  0.997998951886179     
  0.998032606688130     
  0.997909564720841     
  0.997795899210933     
  0.997658653920751     
  0.997351649644576     
  0.997383413649290     
  0.997238968784918     
  0.996391355845829     
  0.996902355399361     
  0.996838641418644     
  0.995380000130429     
  0.992655626569539     
  0.996228640040707     
  0.995771325606146     
  0.995277606916526     
  0.994413829313923     
  0.994917002669442     
  0.994657632964949     
  0.994317788987734     
  0.993923200862877     
  0.993546263127958     
  0.993191036896265     
  0.992754130677739     
  0.992184723327035     
  0.991638261488253     
  0.991113805790451     
  0.990428339288748     
  0.989617666508603     
  0.988497717597211     
  0.983336967121590     
  0.979492853689650     
  0.982911052878294     
  0.983815974334709     
  0.982799646308864     
  0.980599026970307     
  0.979465300116667     
  0.977879213307763     
  0.975865312024447     
  0.973831408990802     
  0.971588811536817     
  0.969207380026691     
  0.966798609416495     
  0.964542472705351     
  0.962410087906173     
  0.960723548117939     
  0.960428388197176     
  0.961998400068806     
  0.964038432884893     
  0.966329017643212     
  0.968721809704315     
  0.971078476712763     
  0.973129764923987     
  0.975055196143745     
  0.977316078172997     
  0.979170348253218     
  0.980896621411638     
  0.982491845673138     
  0.983868270507933     
  0.985229337815403     
  0.986414383124715     
  0.987451595775655     
  0.988494158870686     
  0.989323899741382     
  0.990055955470577     
  0.990864274333596     
  0.991273491755166     
  0.991779103429558     
  0.992654634385187     
  0.992740891461194     
  0.990758526831863     
  0.983453538740050     
  0.988544435006350     
  0.979535956304974     
  0.994695225987992     
  0.994918519492875     
  0.995470641611507     
  0.995708958653819     
  0.996007764696444     
  0.996242349755120     
  0.996074403027700     
  0.995929784345299     
  0.991059292406537     
  0.982404173644381     
  0.993423014862385     
  0.996790970576365     
  0.997473404183808     
  0.997645363728580     
  0.997670406940599     
  0.997127215269430     
  0.994538580627843     
  0.995151528494704     
  0.997560374252079     
  0.997943922604342     
  0.997791830557393     
  0.998443481916338     
  0.998513043502259     
  0.998579730780482     
  0.998633337236306     
  0.998680950499743     
  0.998739915291746     
  0.998787523739189     
  0.998831559067371     
  0.998852915224828     
  0.998592524516171     
  0.996414859226961     
  0.998930012944581     
  0.992682404243799     
  0.996343530333613     
  0.998467370337379     
  0.997510781820097     
  0.998662101564284     
  0.999130770464878     
  0.999168056522598     
  0.999185967863549     
  0.999200510979902     
  0.999179118935242     
  0.999163742545448     
  0.999223648169424     
  0.999171779232339     
  0.999210240527949     
  0.999168473523955     
  0.999039731872178     
  0.999022271562196     
  0.998843344038041     
  0.998874659149082     
  0.998747101187533     
  0.998419515064788     
  0.997720996037603     
  0.995186649038740     
  0.909826011313476     
  0.764694311359615     
  0.488053667748412     
  0.921184621886374     
  0.988829582964556     
  0.996954806436441     
  0.992153370628384     
  0.996447267002469     
  0.996523601165083     
  0.999092448236432     
  0.999258225612820     
  0.999153674603731     
  0.997722024706142     
  0.994380817339324     
  0.997074388084609     
  0.998818545009101     
  0.999317400049958     
  0.999481742145690     
  0.999552491226234     
  0.999375824105088     
  0.999214785053596     
  0.999277805926827     
  0.999391219081195     
  0.998620796897276     
  0.997437263633846     
  0.999217435634986     
  0.999603765790186     
  0.999012183006310     
  0.997552062736078     
  0.999725193123339     
  0.999733395627179     
  0.999720657125794     
  0.999739756062454     
  0.999750031059750     
  0.999743963719428     
  0.999747471779202     
  0.999752972783022     
  0.999683334570896     
  0.995375390365662     
  0.998683731684997     
   1.00004021296862     
  0.997690710480455     
  0.991231770252216     
  0.999490575533198     
  0.998998344046152     
  0.999150622218311     
  0.999721306162387     
  0.999793762100835     
  0.999792607149916     
  0.993112326369142     
  0.999717679792123     
  0.994069980704398     
  0.999454177949461     
  0.999942997401731     
  0.999785161087059     
  0.999830010172514     
  0.999806326655876     
  0.999838302493437     
  0.999839428033409     
  0.999868182458151     
