  0.999674041651154     
  0.999670464006294     
  0.999555026596331     
  0.999649293181027     
  0.999563732180990     
  0.999599818447039     
  0.999601616963418     
  0.999592674280589     
  0.999634051452712     
  0.999436534719017     
  0.997426388700399     
  0.988628793092480     
  0.991944459586511     
  0.998319180006956     
  0.999431410746217     
  0.999401549719920     
  0.998809254550832     
  0.994157248285081     
  0.918043409139852     
  0.827096828397353     
  0.966438964988465     
  0.988030352421849     
  0.981075521129294     
  0.993172565355228     
  0.998164868886299     
  0.999370731195837     
  0.999516281130103     
  0.999550071822960     
  0.999568084872880     
  0.999579243802614     
  0.999577494804312     
  0.999478270391383     
  0.999414082340393     
  0.999569956898605     
  0.999571258124991     
  0.999568037940700     
  0.999561268682252     
  0.999558563011719     
  0.999553980369594     
  0.999525138991957     
  0.999542755972244     
  0.999536907374323     
  0.998645655665073     
  0.999508014463737     
  0.999503526994186     
  0.999502783011949     
  0.999499831875768     
  0.999492507836169     
  0.999478369718851     
  0.999354074164247     
  0.998537727186176     
  0.992140803758689     
  0.997376474055124     
  0.999104256320896     
  0.999699452333311     
  0.999335037172563     
  0.983251865994113     
  0.998019357992026     
  0.995909307758937     
  0.996081041412011     
  0.999624632940132     
  0.999107218982381     
  0.999300829333921     
  0.999304637912342     
  0.999338649213273     
  0.999326613150510     
  0.999313864569037     
  0.999299802491641     
  0.999286731921694     
  0.999272588213735     
  0.999255706791847     
  0.999130569034363     
  0.999224658992486     
  0.999194706498931     
  0.999081335118689     
  0.999074386208333     
  0.998650855673083     
  0.998728561436529     
  0.998391684851179     
  0.991776947467575     
  0.998214199039720     
  0.998857119856994     
  0.999017846109636     
  0.998996957999964     
  0.998431497186751     
  0.998945961548541     
  0.998838906421145     
  0.998372647739513     
  0.996836402317854     
  0.997815606052948     
  0.998262194478457     
  0.996576247380989     
  0.993638800505793     
  0.991727268726409     
  0.991305161370690     
  0.997270058747969     
  0.998449283624017     
  0.998544547228153     
  0.998451235369796     
  0.998095443308894     
  0.997976078942490     
  0.998341961717111     
  0.998283181637743     
  0.998165390029891     
  0.997935289219051     
  0.998029338349351     
  0.997841423427592     
  0.997666448573623     
  0.981309122348567     
  0.997607628306745     
  0.997754855652217     
  0.997686619341638     
  0.997597371141451     
  0.997505359431764     
  0.997400179806420     
  0.997237687847129     
  0.997160240714898     
  0.997020859446006     
  0.996847900827926     
  0.996661468624807     
  0.996593629353680     
  0.998079194811205     
  0.939298377789153     
  0.868449195081893     
  0.993081232767505     
  0.995833747253216     
  0.995134577152208     
  0.993017556108196     
  0.965065914593036     
  0.879872505394753     
  0.973401909996989     
  0.975407006825373     
  0.932684228301276     
  0.986970525600970     
  0.992143501828247     
  0.991790671318346     
  0.991136955613797     
  0.988983600088358     
  0.956096001926329     
  0.924979478528225     
  0.979235191673607     
  0.880039777829212     
  0.909253220855042     
  0.910992098522157     
  0.984227752708466     
  0.980692344016375     
  0.976547935929649     
  0.966698379710112     
  0.959566295642736     
  0.967348446445891     
  0.962153964931656     
  0.961267400548862     
  0.951830460714974     
  0.940250812549832     
  0.885696637723375     
  0.899165526330076     
  0.915344791010265     
  0.897403807910796     
  0.876037255131689     
  0.861541880966792     
  0.868229274949879     
  0.884545148529648     
  0.897068484340738     
  0.904371052886431     
  0.901580923279198     
  0.889146544849283     
  0.865352563430107     
  0.815943961650468     
  0.729220653979861     
  0.575513274296643     
  0.466637469373019     
  0.455486788343975     
  0.507677634923301     
  0.596453375356542     
  0.712111797769783     
  0.799763191271605     
  0.847819287585483     
  0.876453442413030     
  0.899474262175551     
  0.916320579577474     
  0.928295133936219     
  0.939811119813269     
  0.950159011885057     
  0.957992891558328     
  0.962942264423309     
  0.967472359754675     
  0.971618078010037     
  0.974694807601347     
  0.977064956034510     
  0.979217667579885     
  0.981101158676007     
  0.982859291024158     
  0.984308357624391     
  0.985756333079088     
  0.987022139425063     
  0.988120164079637     
  0.988991108038589     
  0.990116879392543     
  0.991018098888836     
  0.991749187225797     
  0.991579667711839     
  0.992192010642259     
  0.993148876290858     
  0.993760969237466     
  0.994444992046067     
  0.994726060194423     
  0.995037716955010     
  0.995527145728628     
  0.995748304085260     
  0.995931083581193     
  0.995839005794539     
  0.996262181190660     
  0.996558644940141     
  0.996761582469149     
  0.996833586241910     
  0.997108921181548     
  0.997251396243216     
  0.997353328971545     
  0.997349502478029     
  0.991400452843452     
  0.985092317978776     
  0.996903578479591     
  0.997160603238647     
  0.997882791957099     
  0.998046919076677     
  0.998025625013806     
  0.987997178764050     
  0.997876324341171     
  0.998359117468808     
  0.998463611231182     
  0.997768456185400     
  0.998471812994494     
  0.998432177598142     
  0.998259861623217     
  0.998123745370486     
  0.997413700305221     
  0.990406544139416     
  0.895438207309893     
  0.853969773076657     
  0.943895412365805     
  0.993639216842026     
  0.997912854835662     
  0.998530804184626     
  0.998599583171017     
  0.997887429278770     
  0.995886136262826     
  0.977554733337277     
  0.764226975864194     
  0.747390282880628     
  0.729630829551268     
  0.898476787215490     
  0.990056546814731     
  0.997874599501488     
  0.995225804839532     
  0.998747642384515     
  0.999076057562212     
  0.999167555871583     
  0.999210526925408     
  0.999236551541320     
  0.999224927793272     
  0.999100095656829     
  0.999155445348129     
  0.998633353793786     
  0.999345424992819     
  0.999354432120096     
  0.999373878177479     
  0.992849217537972     
  0.999224742918692     
  0.999300253297877     
  0.999429251691180     
  0.999460924103101     
  0.999473311903099     
  0.999478447929461     
  0.999448997665634     
  0.999237678315621     
  0.999256721620407     
  0.999496149736812     
  0.999477252424434     
  0.999196637401344     
  0.999383357913097     
  0.999535805182049     
  0.999569875272472     
  0.999565053559397     
  0.999358010937655     
  0.998669051673054     
  0.999526503330849     
  0.999596386489887     
  0.999613804857598     
  0.999607764095182     
  0.999510560982033     
  0.999603226161686     
  0.998202314241730     
  0.996517028094730     
  0.999633180245642     
  0.999642148048074     
  0.999641547690030     
  0.999633453644461     
  0.999645161350743     
   1.00016509487873     
  0.999970727130428     
  0.980168445904947     
  0.998103300253892     
   1.00207317547712     
  0.989113671310374     
  0.977144717117209     
   1.00202986929919     
   1.00039716898440     
  0.999609572872927     
  0.999609902786277     
  0.999580632885438     
  0.999172627826595     
  0.994761148156428     
  0.932871762099161     
  0.959360255109395     
  0.984978363919195     
  0.998808119116155     
  0.999532855104118     
  0.998582772370555     
  0.999654223637341     
  0.999751017736419     
  0.999759231093391     
  0.999764363378606     
  0.999763902416406     
  0.999771562343065     
  0.999774053500419     
  0.999737456596324     
  0.999702395184883     
  0.999783226471089     
  0.999782537678305     
  0.997657702571523     
  0.999540203820048     
  0.999666692567054     
  0.999688159313479     
  0.999642666102680     
  0.999631539652964     
  0.999449611354715     
  0.997721278215071     
  0.999780099212297     
  0.999805752128874     
  0.999803354234276     
  0.999775937990327     
  0.999801825513954     
  0.999722499582083     
  0.999234872074834     
  0.997885879457163     
  0.998336653470802     
  0.999381048317882     
  0.999726124645115     
  0.999644962969876     
  0.998734267533506     
  0.997580989806776     
  0.999527920603472     
  0.999792906745035     
  0.999823658705890     
  0.999810044735182     
  0.999827571845871     
  0.999746332434075     
  0.999831745230811     
  0.999835049331417     
  0.999834938172480     
  0.999837720677168     
  0.999832233258514     
  0.999826678424565     
  0.999786417521806     
  0.998947159033498     
  0.999916051054157     
   1.00015023645514     
  0.994400444701601     
   1.00013520382558     
  0.999833320876058     
  0.999848307582720     
  0.999848012553991     
  0.999849284234146     
  0.999837841350760     
  0.999794104683232     
  0.999450703513549     
  0.999750609998789     
  0.999734683651779     
  0.999259143845634     
  0.999417535190635     
  0.996580272010705     
  0.998148178101278     
  0.999854164618161     
  0.999854962222119     
  0.999847559712504     
  0.999770195742523     
  0.999882427526053     
   1.00056837208819     
  0.992273451509601     
  0.996840449615918     
  0.985402162594160     
  0.968150701369516     
  0.999478177122102     
  0.999729299804774     
  0.999514472560520     
  0.998408604950119     
  0.996010752542948     
  0.999016300963023     
  0.999702126377955     
  0.999843586998799     
  0.999841931236555     
  0.999685748819299     
  0.998484881258527     
  0.967248711506920     
  0.955004353243299     
  0.997577812580322     
  0.999460856453538     
  0.998466691238040     
  0.999768689136860     
  0.999840930809978     
  0.999851199701339     
  0.999858044657825     
  0.999817609983271     
  0.999850439494720     
  0.999858637692868     
  0.999742784354756     
  0.999310653622472     
  0.999138945343054     
  0.999241485751032     
  0.999851449387374     
  0.999863472032006     
  0.999872139253669     
  0.999857514467336     
  0.999833914847771     
  0.999680142141206     
  0.999799911277550     
  0.999865521864097     
  0.999874723733323     
  0.999860086706181     
  0.999876281084102     
  0.999707923732578     
  0.999839274393088     
  0.999872737161690     
  0.999890887799741     
  0.999799200861891     
  0.999630523376859     
  0.999883693353021     
  0.999809607052757     
  0.999680898886134     
  0.999146049626810     
  0.998724384261866     
  0.999859031418603     
  0.999738831881141     
  0.998282856334677     
  0.992224373310831     
  0.992225709805230     
  0.998286460400231     
  0.999673661548773     
  0.999554781535370     
  0.998688597450738     
  0.998689827755383     
  0.999558274242522     
  0.999819164684701     
  0.999745227302026     
  0.999804489260733     
  0.999734023834270     
  0.991740860109214     
  0.980121065893365     
  0.999157859245960     
  0.999910165192041     
   1.00021440707640     
  0.990810475595453     
  0.997323251968131     
  0.999542932782922     
  0.999866037905504     
  0.999723062568259     
  0.996988466319256     
  0.998543982458416     
  0.999703245869559     
  0.999015138750341     
  0.999404465695946     
  0.999865108274407     
  0.999866794080423     
  0.999858013163192     
  0.999862030055629     
  0.999853859876064     
  0.999631618439957     
  0.999782087761518     
  0.999807691690732     
  0.999791030813436     
  0.998856374183335     
  0.990112066442177     
  0.954926201442959     
  0.909498346998828     
  0.929251703194164     
  0.977814932654511     
  0.991400814067230     
  0.976141892946779     
  0.983015944614011     
  0.996538485511385     
  0.999232984216541     
  0.999213996002503     
  0.999055749138977     
  0.999693093968071     
  0.999212744701602     
  0.994978341627093     
  0.901519988074896     
  0.900551584549114     
  0.995270123326184     
  0.999211309142372     
  0.999738778936631     
  0.999807934104298     
  0.999822823005010     
  0.999815550718319     
  0.999657156674349     
  0.999229348498468     
  0.998925377426161     
  0.998953401286954     
  0.999012796812167     
  0.993566767220835     
  0.912083517675239     
  0.931536242925018     
  0.991249519751511     
  0.965075435097645     
  0.903881890678074     
  0.894422741441617     
  0.959006464613076     
  0.990433943139625     
  0.984014585223596     
  0.984674799151546     
  0.994714831869613     
  0.984771717873927     
  0.958776430504157     
  0.975293670806950     
  0.995446225229102     
  0.999206974747134     
  0.999578559308488     
  0.998779438939688     
  0.992318861538190     
  0.970452064969324     
  0.943187541719064     
  0.970663314736355     
  0.994566169312740     
  0.998425631404780     
  0.994651234045938     
  0.991964224997230     
  0.997850017017877     
  0.999931256113016     
  0.996728082890645     
  0.992374837991235     
  0.977036563644963     
  0.958569634090202     
  0.982277428634052     
  0.996246618854920     
  0.999535722881198     
  0.999669741755343     
  0.999357696245995     
  0.999763855782925     
  0.999711355283959     
  0.999735090129760     
  0.999831209690299     
  0.999748400148663     
  0.999686334584945     
  0.999683377961014     
  0.999764466900806     
  0.999824589780860     
  0.999824994084505     
  0.997732410503839     
  0.999651866287260     
  0.999776154763854     
  0.999812770796663     
  0.999853451188585     
  0.999815013610997     
  0.999812214724518     
  0.999799232755740     
  0.999802885977785     
  0.999804110753992     
  0.999801120665437     
  0.999797971008353     
  0.999794412420867     
  0.999775856722645     
  0.999741184282853     
  0.999792449569202     
  0.996853546588841     
  0.998798902082818     
   1.00025481563281     
  0.983775827380208     
  0.982081549399626     
   1.00015736996865     
  0.999813591691405     
  0.999577515277775     
  0.996921336921470     
  0.982934583019871     
  0.953044767635963     
  0.963708991776978     
  0.990092846909227     
  0.998567538391148     
  0.999502176824737     
  0.999171370531017     
  0.999069150892733     
  0.999415287838224     
  0.999323751233115     
  0.960482608172191     
  0.989303435480303     
  0.972889271392872     
  0.980506973279884     
  0.999604887364269     
  0.999646589031119     
  0.999651638858121     
  0.999676201291603     
  0.999671255735396     
  0.999670672437346     
  0.999664679907617     
  0.999585779910508     
  0.999618833045011     
  0.999611616769663     
  0.999560553028653     
  0.999567882327270     
  0.999597751655483     
  0.999591764222960     
  0.998735820638479     
  0.999566112578218     
  0.999526754826906     
  0.999398435645956     
  0.999457728517751     
  0.999401885634817     
  0.997491722960529     
  0.993646619966132     
  0.978459446699940     
  0.998028536367496     
  0.999268879565679     
  0.999015931096850     
  0.997111056528436     
  0.995156272426352     
  0.996928566061993     
  0.995177623762044     
  0.934102585747098     
  0.967725937816633     
  0.786167384913825     
  0.975226395863835     
  0.996683416924709     
  0.998948415778764     
  0.999273527744658     
  0.999259043830641     
  0.999188576115511     
  0.998759715034109     
  0.995283532803603     
  0.933966060441753     
  0.933950432146958     
  0.994489762866115     
  0.994094571785881     
  0.987816762107391     
  0.994227447780544     
  0.998226348092536     
  0.998950698861273     
  0.999073801701689     
  0.999086243374600     
  0.998967621798791     
  0.998949889062520     
  0.999016046343613     
  0.998979624026216     
  0.998950043362094     
  0.998920741131999     
  0.998693446145082     
  0.998702750898838     
  0.998437736853300     
  0.998030368374082     
  0.998351646893015     
  0.998617023402794     
  0.998592368210824     
  0.997706479941421     
  0.998556748010824     
  0.998518778980254     
  0.998348906835964     
  0.998354282936661     
  0.997946072456835     
  0.998038779363180     
  0.996330000889313     
  0.981016871922684     
  0.981392258212491     
  0.955686358934522     
  0.967401558459176     
  0.991932966517107     
  0.990840913473563     
  0.984272785581142     
  0.994007352851536     
  0.994002806514207     
  0.995004640845650     
  0.995976029635934     
  0.996983979371742     
  0.996887907604240     
  0.996686331891579     
  0.996504169919570     
  0.996299201845915     
  0.995979371285847     
  0.995864137868439     
  0.995623650489188     
  0.994951518387247     
  0.995089127616579     
  0.995011240184895     
  0.993763459907045     
  0.991047146329940     
  0.994089827672674     
  0.993297773834733     
  0.992695719211436     
  0.991907904496798     
  0.991966632742022     
  0.991520883755160     
  0.990975841596310     
  0.990340535768706     
  0.989743451304627     
  0.989191266824486     
  0.988511945373727     
  0.987658487799744     
  0.986812202646517     
  0.985924268524978     
  0.984844749007400     
  0.983563878289850     
  0.981844593612689     
  0.976215734112955     
  0.971085885596973     
  0.973508223360303     
  0.974445799143317     
  0.972912515323188     
  0.970085105355283     
  0.967817846562475     
  0.965251236714785     
  0.962107773787825     
  0.958904562048266     
  0.955356480754324     
  0.951554010786796     
  0.947699864958212     
  0.943945422662479     
  0.940491439249226     
  0.938039463219703     
  0.937706968770607     
  0.939832962605606     
  0.943106695667673     
  0.946898565240698     
  0.950764854704224     
  0.954541957292117     
  0.957891236847684     
  0.961021870871408     
  0.964383041414871     
  0.967261427353596     
  0.969949017059990     
  0.972433181457536     
  0.974580674799129     
  0.976699466753852     
  0.978549862460912     
  0.980173915827675     
  0.981809461451846     
  0.983185933247209     
  0.984473213876824     
  0.985686453831977     
  0.986457363775396     
  0.987344439919387     
  0.988393006848944     
  0.988469462494944     
  0.985240342868725     
  0.975937074672301     
  0.982469239217961     
  0.981052092828661     
  0.991730085278396     
  0.992189061887957     
  0.992819084147668     
  0.993225876889300     
  0.993668042753117     
  0.994045104609206     
  0.994066014334220     
  0.993601950911126     
  0.987349851187793     
  0.977399513744018     
  0.990332337898512     
  0.995036150300653     
  0.996007257105863     
  0.996279023967426     
  0.996316152958706     
  0.995365134110872     
  0.991933777499438     
  0.992605714082629     
  0.996046806006836     
  0.996961210608909     
  0.997050856983950     
  0.997547249163262     
  0.997655527385313     
  0.997758174897553     
  0.997850097543973     
  0.997932874480510     
  0.998021986565842     
  0.998099446827121     
  0.998171202607161     
  0.998221705999173     
  0.998060130503176     
  0.997030850091012     
  0.998394810028426     
  0.995175895968425     
  0.997116516420370     
  0.998262243895805     
  0.997458429616157     
  0.998309294822297     
  0.998693463029688     
  0.998744254132170     
  0.998779087888961     
  0.998810273602527     
  0.998819908086876     
  0.998831307043068     
  0.998882463512758     
  0.998871837418125     
  0.998900477725961     
  0.998859933391070     
  0.998719160462556     
  0.998743699888188     
  0.998638971145859     
  0.998715916086603     
  0.998635057507613     
  0.998388260723390     
  0.997836569260762     
  0.995127822518668     
  0.930307002883025     
  0.770629704120238     
  0.540553131204784     
  0.909716172724178     
  0.986156872264405     
  0.997402578650229     
  0.992855655785062     
  0.997078450668121     
  0.996709916490398     
  0.999109728865179     
  0.999162180776394     
  0.998941343884824     
  0.997450107810149     
  0.994614503024072     
  0.996564067857936     
  0.998203622044955     
  0.998994946167365     
  0.999293894903770     
  0.999396038095614     
  0.999338115658961     
  0.999268475466873     
  0.999285663066921     
  0.999069514557188     
  0.997897354966481     
  0.996896380247367     
  0.998790743648474     
  0.999436374728771     
  0.999195828689326     
  0.998471082125303     
  0.999608485588711     
  0.999618908809937     
  0.999617322372607     
  0.999632608951462     
  0.999642935237109     
  0.999643408232226     
  0.999649615692230     
  0.999654319549327     
  0.999598296033472     
  0.996433494590935     
  0.998781259645669     
   1.00022349298490     
  0.999061136379354     
  0.993881684835498     
  0.999670187142841     
  0.998560957803931     
  0.998969256221372     
  0.999609045352164     
  0.999713832088476     
  0.999727555599883     
  0.996465789812343     
   1.00018123267151     
  0.995827500061333     
   1.00000001206189     
  0.999976882261360     
  0.999746695298929     
  0.999758941589836     
  0.999747379000944     
  0.999769335597988     
  0.999775303261965     
  0.999823685103799     
