  0.999650190256176     
  0.999648911176980     
  0.999398503885679     
  0.999616083504282     
  0.999404196600647     
  0.999547460969489     
  0.999571064604654     
  0.999559522682739     
  0.999614189132818     
  0.999539782833592     
  0.998784064855831     
  0.993045338935145     
  0.993034410493085     
  0.998998132522702     
  0.999425559758284     
  0.999307206255029     
  0.998860399385632     
  0.996466567210420     
  0.911658249432834     
  0.802943897254982     
  0.969686303658459     
  0.992373652652286     
  0.987460832366740     
  0.996880600813593     
  0.998961929313540     
  0.999404887485295     
  0.999463652466332     
  0.999494438306925     
  0.999527473537941     
  0.999548229990055     
  0.999548242131272     
  0.999434155335650     
  0.999356237265742     
  0.999540381118291     
  0.999540320914829     
  0.999536346259114     
  0.999526087986231     
  0.999525086350045     
  0.999521757363358     
  0.999480713201808     
  0.999508335987935     
  0.999500175633484     
  0.997450985110880     
  0.999473075437112     
  0.999452214333989     
  0.999460638850071     
  0.999457713756401     
  0.999453097107598     
  0.999445034485709     
  0.999371083310567     
  0.998595729524424     
  0.988493176565120     
  0.997929288139678     
  0.999166788418248     
  0.999440136564496     
  0.996947792752980     
  0.979970584827950     
  0.995585165701213     
  0.994592847280561     
  0.995312642273902     
  0.999384567194523     
  0.998928430693319     
  0.999226752675803     
  0.999200539231015     
  0.999289148963597     
  0.999275788842568     
  0.999261674729294     
  0.999246826494483     
  0.999232901700069     
  0.999216903717339     
  0.999198378051181     
  0.999018209999817     
  0.999162065697768     
  0.999127414975109     
  0.998913718876933     
  0.999072193439520     
  0.998758026805955     
  0.998498227160739     
  0.998113623605883     
  0.988027211940941     
  0.997844624945297     
  0.998642514332168     
  0.998939365459802     
  0.998916234871894     
  0.997841852637846     
  0.998867489251890     
  0.998773978002629     
  0.998451619053037     
  0.997357537957273     
  0.997856694422731     
  0.998439105995468     
  0.997623623776969     
  0.996226796498215     
  0.993455879525076     
  0.993946310297497     
  0.998024104960791     
  0.998437199563182     
  0.998444048490500     
  0.998379665533585     
  0.998095854465044     
  0.997746226169250     
  0.998235547761901     
  0.998123459892978     
  0.997916068460781     
  0.997507322454110     
  0.997947463907768     
  0.997828979763942     
  0.997564307254637     
  0.962870882157213     
  0.997269619240916     
  0.997582649736831     
  0.997503585405511     
  0.997403066915053     
  0.997308412583041     
  0.997190336129022     
  0.996951784865434     
  0.996933442650568     
  0.996783389093778     
  0.996585455345298     
  0.996383635021293     
  0.996128781123179     
  0.995879472198213     
  0.923973891182970     
  0.838968948254096     
  0.987860946203701     
  0.994700940277581     
  0.994805220201926     
  0.993642253881977     
  0.965428816965197     
  0.867038669798492     
  0.975398978064761     
  0.974842437177120     
  0.922292166270395     
  0.987082238804219     
  0.991856550688918     
  0.991226722141505     
  0.990679777291095     
  0.989254183382409     
  0.953016703863573     
  0.915283681239612     
  0.979059263699593     
  0.854139008040243     
  0.892164405287880     
  0.893027318053943     
  0.981324212423999     
  0.979708681513912     
  0.976627358320593     
  0.968299086066337     
  0.964172568690922     
  0.967480997155043     
  0.960032922418828     
  0.959098372452327     
  0.949055146728617     
  0.934311879615800     
  0.870595385739245     
  0.887404241501809     
  0.910649080841263     
  0.894406118148972     
  0.872355744391738     
  0.855681809559828     
  0.862568583672805     
  0.879950571969639     
  0.892603577178489     
  0.899870385151063     
  0.895740907115155     
  0.882906492209355     
  0.861644145493405     
  0.819064159106326     
  0.745490239301933     
  0.584540587923002     
  0.452170156225463     
  0.438862673030261     
  0.502249616880163     
  0.597075225403052     
  0.720242982259405     
  0.804955947927975     
  0.849076778670672     
  0.875509475939387     
  0.898491817349014     
  0.915193264393717     
  0.926259788695242     
  0.937049788330268     
  0.946562699871638     
  0.954799997962557     
  0.959884719967205     
  0.964562829170999     
  0.968889102685662     
  0.972257793178811     
  0.974978138577241     
  0.977439156870716     
  0.979569927749160     
  0.981520532709977     
  0.983005603870379     
  0.984654540340234     
  0.986029494085637     
  0.987142671426833     
  0.987958938583743     
  0.989288409660163     
  0.990269158250653     
  0.991008230370979     
  0.989859925771176     
  0.991119397337520     
  0.992394052183349     
  0.993032257401061     
  0.993883906565507     
  0.994174276922491     
  0.994434578199204     
  0.995136609163417     
  0.995423365234998     
  0.995660637242073     
  0.995524144996887     
  0.996019055494124     
  0.996315972604763     
  0.996478416944713     
  0.996487939259929     
  0.996831290959811     
  0.996993229652250     
  0.997102726882792     
  0.997129126620879     
  0.988517622026130     
  0.979008796862216     
  0.996772299825041     
  0.997107761003171     
  0.997779552526581     
  0.997880262828385     
  0.997907527424856     
  0.985092232490994     
  0.997652353000081     
  0.998209205886045     
  0.998255252242966     
  0.997512914582885     
  0.998276133893611     
  0.998229662997604     
  0.998059284509510     
  0.997968093123814     
  0.997686803941417     
  0.994094204820184     
  0.870207828671985     
  0.815024670663271     
  0.938524328371479     
  0.995915074098615     
  0.997837459582508     
  0.998362250165632     
  0.998428670021607     
  0.996988470751556     
  0.997010187259161     
  0.987893629454066     
  0.699342905339924     
  0.681789684047897     
  0.648411833613300     
  0.881713100824275     
  0.994623770188158     
  0.998020329082356     
  0.992425518810236     
  0.998630490886743     
  0.998990513621434     
  0.999082959379828     
  0.999132123107759     
  0.999167565576717     
  0.999176249527952     
  0.999063811990325     
  0.999067952305711     
  0.998217647627923     
  0.999286487689932     
  0.999282095179704     
  0.999307423919931     
  0.985198580867085     
  0.998969615883570     
  0.999085315347309     
  0.999361146596569     
  0.999417480269607     
  0.999432624742957     
  0.999443119314547     
  0.999438622204693     
  0.999257002202384     
  0.999200460887999     
  0.999471199945746     
  0.999478625270577     
  0.999277904277897     
  0.999434030700395     
  0.999522079063404     
  0.999540716415038     
  0.999543897891095     
  0.999313220001914     
  0.998462366225056     
  0.999510095386250     
  0.999560630796942     
  0.999582835095869     
  0.999573637841247     
  0.999422150448378     
  0.999562194692007     
  0.996558883266288     
  0.992907267896029     
  0.999593914128793     
  0.999609513756572     
  0.999607265828910     
  0.999593108231402     
  0.999564704685415     
  0.999598232609130     
  0.996765742137235     
  0.968771085921936     
  0.993735125586383     
  0.999482408185628     
  0.977056655984125     
  0.959414147535924     
  0.997008892621922     
  0.999621549672986     
  0.999505491112457     
  0.999552640678209     
  0.999532574220706     
  0.999253623466343     
  0.995356628787500     
  0.922715927027427     
  0.955411692529799     
  0.983129344483838     
  0.998994419840801     
  0.999583844535183     
  0.997558933042358     
  0.999587055152587     
  0.999735924573336     
  0.999745300814145     
  0.999751546551480     
  0.999745566418546     
  0.999759455466475     
  0.999765338749372     
  0.999714253144434     
  0.999638517339564     
  0.999773358196031     
  0.999776187740044     
  0.994809395204976     
  0.999631430372935     
  0.999726616045104     
  0.999639721553685     
  0.999630765060394     
  0.999730837101926     
  0.999400103853014     
  0.995781252987252     
  0.999776075558907     
  0.999802725894808     
  0.999794292230779     
  0.999760910429170     
  0.999804376411190     
  0.999774179622597     
  0.999565847183778     
  0.998720732592852     
  0.999000449417423     
  0.999478632259569     
  0.999727937218249     
  0.999712697613100     
  0.998808388486546     
  0.997160281214893     
  0.999632419513176     
  0.999807339958936     
  0.999823244119898     
  0.999805695509352     
  0.999825892767907     
  0.999713065088737     
  0.999831422645192     
  0.999835478793254     
  0.999833113883987     
  0.999838079260901     
  0.999823077303235     
  0.999809829287657     
  0.999723876464619     
  0.997907111382805     
  0.999824530610764     
  0.999674337452002     
  0.993412242683571     
  0.999652346950070     
  0.999676307034153     
  0.999845312547121     
  0.999850619885398     
  0.999852216216194     
  0.999824817740993     
  0.999774603272298     
  0.999106596217915     
  0.999780378077717     
  0.999802372047815     
  0.999198196158047     
  0.999366673227186     
  0.992914030388870     
  0.996384909760896     
  0.999858519955952     
  0.999860470051515     
  0.999856790769723     
  0.999759334729076     
  0.999790865314131     
  0.999940035811392     
  0.990487260628550     
  0.994897554955036     
  0.982275011833916     
  0.958178188933656     
  0.999668704869884     
  0.999768245176612     
  0.999544418752729     
  0.999029455622354     
  0.997151451679048     
  0.999489499286308     
  0.999770856645145     
  0.999854786765246     
  0.999849568720137     
  0.999698896923606     
  0.999079822377966     
  0.963093482044606     
  0.948203370654082     
  0.998312931057420     
  0.999573202452548     
  0.997103634547672     
  0.999805608822399     
  0.999863195170752     
  0.999868143856247     
  0.999873253917029     
  0.999770654610086     
  0.999840709717524     
  0.999874801477882     
  0.999838979665751     
  0.999682827651237     
  0.999580194698533     
  0.999349273892485     
  0.999850597335426     
  0.999854548648758     
  0.999882296725102     
  0.999859623162015     
  0.999863251297338     
  0.999730899170602     
  0.999821961557930     
  0.999884454034997     
  0.999888614566649     
  0.999860406985052     
  0.999889162454365     
  0.999555988855658     
  0.999812538208039     
  0.999878299321216     
  0.999892945582452     
  0.999768980142728     
  0.999594788799069     
  0.999884665948663     
  0.999855695051711     
  0.999716969752951     
  0.998816770522989     
  0.998115831114841     
  0.999884189127941     
  0.999832237792811     
  0.999299985428492     
  0.995992439075375     
  0.996003372411516     
  0.999296810799952     
  0.999786727535003     
  0.999756845371196     
  0.999237937267077     
  0.999237303956185     
  0.999747375567084     
  0.999857626165454     
  0.999638359820270     
  0.999783380546441     
  0.999684667342036     
  0.987869571182189     
  0.970112744049345     
  0.998876149495626     
  0.999840756506665     
  0.999791462609806     
  0.989714284405279     
  0.994624464688443     
  0.998827845771021     
  0.999876642622812     
  0.999712499402671     
  0.995514433409210     
  0.998117802811670     
  0.999595914603254     
  0.998087728587644     
  0.998839714405800     
  0.999888629199510     
  0.999894276523059     
  0.999877232119874     
  0.999892331105740     
  0.999887962197698     
  0.999583490104178     
  0.999788152120621     
  0.999835688945117     
  0.999856613642153     
  0.999206186388399     
  0.996258721667634     
  0.979974969995387     
  0.950803634562974     
  0.964272312364562     
  0.991475755291848     
  0.995969328569290     
  0.981910988417945     
  0.988065708141890     
  0.998406956340635     
  0.999375485197426     
  0.999270317822722     
  0.999093434069804     
  0.999760298034511     
  0.999504525280913     
  0.997390043843913     
  0.868329808044916     
  0.866882745010440     
  0.997798224802082     
  0.999521435770752     
  0.999793236283120     
  0.999844428400702     
  0.999860164083180     
  0.999858558786353     
  0.999703282293880     
  0.999320308562951     
  0.999311957350896     
  0.999367549725113     
  0.999455587995871     
  0.995611570118854     
  0.901533904276723     
  0.925056742788465     
  0.995942375450087     
  0.986199601851138     
  0.949352300280246     
  0.941692979470668     
  0.983689983367890     
  0.996063964198461     
  0.987281229809590     
  0.988811785686385     
  0.997420719514768     
  0.991135264645437     
  0.970239250651385     
  0.983849674599007     
  0.997916595387727     
  0.999588034243364     
  0.999736782378846     
  0.999411119304387     
  0.996064277349095     
  0.981306095473612     
  0.959597167203256     
  0.981830411338449     
  0.997736594604236     
  0.999365608580610     
  0.996227181890451     
  0.993752670466351     
  0.998841501081015     
  0.999922923703542     
  0.996220999793894     
  0.994736054927503     
  0.989340574086115     
  0.976955722641939     
  0.992408372994038     
  0.998157794456343     
  0.999700417919842     
  0.999703379584308     
  0.999232469269728     
  0.999760285307382     
  0.999662113924887     
  0.999708345313595     
  0.999902371316153     
  0.999815754829662     
  0.999824902039144     
  0.999822507024303     
  0.999846455006731     
  0.999901012905600     
  0.999898107964733     
  0.994945546763174     
  0.999649120382447     
  0.999844935713472     
  0.999885721235885     
  0.999981624265729     
  0.999896682214799     
  0.999894950217226     
  0.999877698409308     
  0.999886064115364     
  0.999890210161540     
  0.999888721428754     
  0.999887191101082     
  0.999885679533440     
  0.999872547581643     
  0.999857970422902     
  0.999754544102440     
  0.996340719728031     
  0.998352937917288     
  0.999918524082377     
  0.970935997419922     
  0.980907836635762     
  0.999786264040618     
  0.999871224998891     
  0.999787903376852     
  0.998624058936632     
  0.993065878956656     
  0.974448394195523     
  0.981845599610926     
  0.996211348576227     
  0.999411131824954     
  0.999750278521889     
  0.999568490921976     
  0.999496651199256     
  0.999650097600291     
  0.999074030015398     
  0.923519831437623     
  0.979770742469663     
  0.947599544567971     
  0.962466735549605     
  0.999657172461298     
  0.999742094092442     
  0.999766616406076     
  0.999813386370167     
  0.999813260847155     
  0.999819139203948     
  0.999818350329620     
  0.999671561068430     
  0.999800669687578     
  0.999797130815627     
  0.999686692472702     
  0.999683404025429     
  0.999753262881294     
  0.999761778452113     
  0.998522090815434     
  0.999764290675128     
  0.999756892098094     
  0.999673223639460     
  0.999716070242508     
  0.999691396923995     
  0.997501134626310     
  0.995604235228890     
  0.976575818496032     
  0.998913965852604     
  0.999623636530261     
  0.999533204784372     
  0.998485763684571     
  0.997092456210561     
  0.997832493162143     
  0.995862932878684     
  0.905247563826853     
  0.970762813045891     
  0.716603544664798     
  0.979352089841857     
  0.998341939237404     
  0.999031357948714     
  0.999548450877059     
  0.999539874751016     
  0.999469149118102     
  0.999149110120006     
  0.996288441666263     
  0.914350051336841     
  0.914373243785467     
  0.996010276580539     
  0.997076899406012     
  0.992493630605817     
  0.997357026222031     
  0.999199329208654     
  0.999294787992358     
  0.999486130952491     
  0.999540537911186     
  0.999328886151736     
  0.999329295363942     
  0.999512690607063     
  0.999481586906163     
  0.999476870976666     
  0.999463794794601     
  0.999052662849454     
  0.999258457839522     
  0.999273441823531     
  0.999024444092851     
  0.999231723789778     
  0.999349803357454     
  0.999279924658963     
  0.997953253278218     
  0.999322485393738     
  0.999303090141061     
  0.999141102472637     
  0.999182267580087     
  0.998301525709420     
  0.998925306000014     
  0.996998911445062     
  0.975655923119127     
  0.991810906014847     
  0.974048145389958     
  0.980232046821031     
  0.996602582408483     
  0.994640601149964     
  0.989260350336881     
  0.996789747696914     
  0.995243621227444     
  0.995819115492695     
  0.997086742893038     
  0.998469267923841     
  0.998563034020170     
  0.998476381554098     
  0.998394454358429     
  0.998288588742179     
  0.997987526443719     
  0.998087403554592     
  0.997987460471311     
  0.997058533338032     
  0.997742548938436     
  0.997685400647825     
  0.996129051484004     
  0.993400941570160     
  0.997219690762039     
  0.996917480362184     
  0.996473958055899     
  0.995574979558013     
  0.996284088964698     
  0.996111077096286     
  0.995866310503644     
  0.995583257619945     
  0.995308322961632     
  0.995044354858801     
  0.994719769118985     
  0.994281973521161     
  0.993874431374902     
  0.993518389369548     
  0.993015502602745     
  0.992422690533181     
  0.991580437289893     
  0.986636577620781     
  0.983388198767811     
  0.987267818088509     
  0.988157599880149     
  0.987380790894041     
  0.985470580778876     
  0.984862056518400     
  0.983730274699233     
  0.982239732015242     
  0.980747601707664     
  0.979109869772755     
  0.977386841942784     
  0.975647748271616     
  0.974085810121210     
  0.972565746539769     
  0.971233836851491     
  0.970955952569471     
  0.972268338004590     
  0.973736738149794     
  0.975331712958743     
  0.977041772766106     
  0.978740295423702     
  0.980190173741881     
  0.981557189350737     
  0.983308267333656     
  0.984688027754191     
  0.985968889607389     
  0.987152238024510     
  0.988171401104423     
  0.989181390672817     
  0.990058158429490     
  0.990823469755800     
  0.991591287107971     
  0.992167712496375     
  0.992642518475068     
  0.993263226437382     
  0.993504862094866     
  0.993833732171643     
  0.994629089325854     
  0.994719883181665     
  0.993315145847405     
  0.986935969377804     
  0.991359109793077     
  0.978833522604233     
  0.996068987544336     
  0.996183085545290     
  0.996699113798416     
  0.996859373208888     
  0.997091758147082     
  0.997260331492604     
  0.997004885728744     
  0.997008262865042     
  0.992777862105986     
  0.984722808093820     
  0.994854907319486     
  0.997603966743073     
  0.998152658579104     
  0.998278376814755     
  0.998297819439742     
  0.997943568323236     
  0.995745355045343     
  0.996330971638475     
  0.998261589509806     
  0.998399198532228     
  0.998135111919885     
  0.998858691528749     
  0.998910315503671     
  0.998960342220672     
  0.998996196718016     
  0.999027518596279     
  0.999072516056358     
  0.999106294127606     
  0.999137486548304     
  0.999145338859636     
  0.998839168979897     
  0.996129487100750     
  0.999177957640199     
  0.991527241049733     
  0.995985428826051     
  0.998562399124975     
  0.997535034937392     
  0.998825545399152     
  0.999333360269431     
  0.999364389471391     
  0.999374460838321     
  0.999381293644024     
  0.999345527788193     
  0.999317747058227     
  0.999381705487774     
  0.999310730079939     
  0.999353740731180     
  0.999311407008448     
  0.999188238614617     
  0.999151321383217     
  0.998938020672125     
  0.998948197407987     
  0.998799005689174     
  0.998433993683579     
  0.997667456702925     
  0.995213900393442     
  0.900338225455789     
  0.761944756482378     
  0.463733482032995     
  0.926497328075544     
  0.990067701212684     
  0.996747378916516     
  0.991828042350892     
  0.996154876533688     
  0.996437292356248     
  0.999084443166888     
  0.999302717282138     
  0.999252034162782     
  0.997847986544565     
  0.994272565803117     
  0.997310786088116     
  0.999103398034231     
  0.999466771238675     
  0.999568758954361     
  0.999624965129967     
  0.999393291779792     
  0.999189914108967     
  0.999274166281779     
  0.999540241234013     
  0.998955913856744     
  0.997687814225719     
  0.999415089514104     
  0.999681305144218     
  0.998927114325796     
  0.997126353858574     
  0.999779254361746     
  0.999786428070662     
  0.999768523620421     
  0.999789388401760     
  0.999799639534233     
  0.999790542506776     
  0.999792800066580     
  0.999798670221020     
  0.999722725422599     
  0.994885265056214     
  0.998638555778032     
  0.999955316056703     
  0.997055918556509     
  0.990004311888527     
  0.999407378398667     
  0.999200943446001     
  0.999234631634601     
  0.999773305681448     
  0.999830785824475     
  0.999822739077901     
  0.991559002921827     
  0.999502962676288     
  0.993255901713505     
  0.999201349369481     
  0.999927302079366     
  0.999802978237017     
  0.999862928693403     
  0.999833630779568     
  0.999870247386767     
  0.999869130030343     
  0.999888793173351     
