  0.999647074578816     
  0.999646095765305     
  0.999378057621525     
  0.999611745398581     
  0.999383356876647     
  0.999540621663750     
  0.999567073648028     
  0.999555192206492     
  0.999611594594590     
  0.999553269705535     
  0.998961412005902     
  0.993622251077316     
  0.993176785181970     
  0.999086820395000     
  0.999424795478722     
  0.999294882742887     
  0.998867080108431     
  0.996768218020255     
  0.910824201234138     
  0.799788977554664     
  0.970110478752754     
  0.992940983389501     
  0.988294892675785     
  0.997364949658824     
  0.999066042236657     
  0.999409349007276     
  0.999456778086343     
  0.999487171449801     
  0.999522168893381     
  0.999544178981893     
  0.999544421171700     
  0.999428393078989     
  0.999348681629469     
  0.999536517983634     
  0.999536279962809     
  0.999532206769875     
  0.999521492781827     
  0.999520713733253     
  0.999517548505452     
  0.999474910472774     
  0.999503840190805     
  0.999495377896149     
  0.997294942912028     
  0.999468511879206     
  0.999445512152060     
  0.999455134221580     
  0.999452212543228     
  0.999447949530180     
  0.999440680461371     
  0.999373304925564     
  0.998603305362031     
  0.988016751393910     
  0.998001492319655     
  0.999174955842244     
  0.999406266966926     
  0.996635992183644     
  0.979542014175290     
  0.995267234764730     
  0.994420904202981     
  0.995212281792033     
  0.999353212325563     
  0.998905079303064     
  0.999217077609184     
  0.999186943055063     
  0.999282683825032     
  0.999269150787549     
  0.999254858342189     
  0.999239907446469     
  0.999225871101832     
  0.999209630956028     
  0.999190890559488     
  0.999003535245722     
  0.999153890663165     
  0.999118626347570     
  0.998891827366889     
  0.999071907054206     
  0.998772023816267     
  0.998468144586632     
  0.998077307794256     
  0.987537484024872     
  0.997796357461969     
  0.998614486276706     
  0.998929115703037     
  0.998905692268332     
  0.997764844051084     
  0.998857240662400     
  0.998765498282991     
  0.998461932763069     
  0.997425598479460     
  0.997862060570168     
  0.998462210600925     
  0.997760410578249     
  0.996564786602244     
  0.993681634089901     
  0.994291240457716     
  0.998122582049548     
  0.998435621410720     
  0.998430923599400     
  0.998370318709700     
  0.998095908160074     
  0.997716208171662     
  0.998221650491775     
  0.998102600872960     
  0.997883508141879     
  0.997451431981264     
  0.997936771513475     
  0.997827354688991     
  0.997550968170930     
  0.960462956652304     
  0.997225477359607     
  0.997560160771779     
  0.997479682431028     
  0.997377692180767     
  0.997282692805161     
  0.997162932190267     
  0.996914448269277     
  0.996903824748546     
  0.996752377558628     
  0.996551182363903     
  0.996347352581827     
  0.996068076493387     
  0.995592210654988     
  0.921972673404889     
  0.835119145875151     
  0.987179234681731     
  0.994553008622141     
  0.994762210055447     
  0.993723831863898     
  0.965476207618986     
  0.865362734760583     
  0.975659769129393     
  0.974768711982495     
  0.920935105656709     
  0.987096826985210     
  0.991819078992979     
  0.991153078667142     
  0.990620076670424     
  0.989289517409750     
  0.952614595957968     
  0.914017565491851     
  0.979036290382109     
  0.850756798722569     
  0.889932896129495     
  0.890681428549203     
  0.980945061185933     
  0.979580232835287     
  0.976637729438944     
  0.968508108595209     
  0.964774061006488     
  0.967498305740772     
  0.959755955634409     
  0.958815140381109     
  0.948692746626359     
  0.933536376507319     
  0.868623476289581     
  0.885868465927627     
  0.910035921579400     
  0.894014684949097     
  0.871875020197855     
  0.854916615258907     
  0.861829425792663     
  0.879350625974273     
  0.892020564476918     
  0.899282704415290     
  0.894978341059174     
  0.882091692991883     
  0.861159917385214     
  0.819471578858577     
  0.747614635580323     
  0.585719323802671     
  0.450281100261845     
  0.436691999734163     
  0.501540861658267     
  0.597156422267429     
  0.721304693919262     
  0.805633979065637     
  0.849240971932919     
  0.875386220401395     
  0.898363537967977     
  0.915046069453212     
  0.925994031834785     
  0.936689239702399     
  0.946093128535927     
  0.954383102108451     
  0.959485497637667     
  0.964182933901314     
  0.968532783273969     
  0.971939595588917     
  0.974705666402025     
  0.977206940360463     
  0.979369998556332     
  0.981345734644047     
  0.982835507241286     
  0.984510682940452     
  0.985899888016315     
  0.987015044101108     
  0.987824172653372     
  0.989180240194090     
  0.990171372770652     
  0.990911487530143     
  0.989635388645565     
  0.990979352527774     
  0.992295499455522     
  0.992937114221633     
  0.993810649455059     
  0.994102234517281     
  0.994355830868521     
  0.995085619844674     
  0.995380940605278     
  0.995625327343597     
  0.995483036377063     
  0.995987312771712     
  0.996284289149169     
  0.996441446764268     
  0.996442811592546     
  0.996795043650399     
  0.996959523592282     
  0.997070008520487     
  0.997100354636846     
  0.988141244341653     
  0.978214544247097     
  0.996755160382313     
  0.997100862056846     
  0.997766073882624     
  0.997858504719286     
  0.997892109017722     
  0.984712973886619     
  0.997623112230573     
  0.998189634099051     
  0.998228049890152     
  0.997479552373813     
  0.998250587087496     
  0.998203223845959     
  0.998033098371625     
  0.997947772154590     
  0.997722458530075     
  0.994575640027234     
  0.866913934656841     
  0.809940293410726     
  0.937823121778936     
  0.996212191407389     
  0.997827616617111     
  0.998340245238015     
  0.998406357161672     
  0.996871111217482     
  0.997156932379824     
  0.989243371509983     
  0.690872315235868     
  0.673225571742821     
  0.637808775098418     
  0.879524623514956     
  0.995220013752783     
  0.998039353794376     
  0.992059947737199     
  0.998615197057896     
  0.998979346105391     
  0.999071915576884     
  0.999121887762853     
  0.999158559720832     
  0.999169894780145     
  0.999059075318187     
  0.999056530501875     
  0.998163379275369     
  0.999278793740972     
  0.999272652002660     
  0.999298748714894     
  0.984199838491075     
  0.998936310738841     
  0.999057256688156     
  0.999352255970307     
  0.999411809005832     
  0.999427313354933     
  0.999438507453576     
  0.999437267776749     
  0.999259524764903     
  0.999193116566956     
  0.999467942987095     
  0.999478804482230     
  0.999288512846519     
  0.999440645504085     
  0.999520287266494     
  0.999536910049448     
  0.999541136260016     
  0.999307373071874     
  0.998435385938351     
  0.999507953532491     
  0.999555963345154     
  0.999578792396777     
  0.999569183114493     
  0.999410609659929     
  0.999556838607349     
  0.996344356851098     
  0.992436066473397     
  0.999588788524050     
  0.999605253848111     
  0.999602790866389     
  0.999587841779586     
  0.999554202373323     
  0.999524238116826     
  0.996347385403620     
  0.967283356520528     
  0.993164936882995     
  0.999144229709352     
  0.975482831579098     
  0.957099749366486     
  0.996353498533128     
  0.999520307408547     
  0.999491905264593     
  0.999545166243399     
  0.999526301128846     
  0.999264195790531     
  0.995434356415623     
  0.921390297001858     
  0.954896292297102     
  0.982887995218125     
  0.999018737292219     
  0.999590500064109     
  0.997425294036853     
  0.999578287851844     
  0.999733954512478     
  0.999743482545496     
  0.999749873622016     
  0.999743173099456     
  0.999757875211810     
  0.999764201256190     
  0.999711224520447     
  0.999630179720024     
  0.999772070148601     
  0.999775358922297     
  0.994437624258566     
  0.999643337549074     
  0.999734437426400     
  0.999633399336380     
  0.999629211711167     
  0.999743797589686     
  0.999393642059194     
  0.995528038541459     
  0.999775550388455     
  0.999802330909076     
  0.999793109456067     
  0.999758949033616     
  0.999804709353354     
  0.999780924864164     
  0.999609045708469     
  0.998829696479279     
  0.999087086942013     
  0.999491368719225     
  0.999728173790810     
  0.999721538159472     
  0.998818062528319     
  0.997105371691240     
  0.999646058333337     
  0.999809223725368     
  0.999823190009967     
  0.999805127868384     
  0.999825673622942     
  0.999708723209164     
  0.999831380543154     
  0.999835534844202     
  0.999832875789045     
  0.999838126061012     
  0.999821882330150     
  0.999807630258664     
  0.999715714071318     
  0.997771372440154     
  0.999812586103505     
  0.999612227117290     
  0.993283271187743     
  0.999589328839943     
  0.999655815058061     
  0.999844921664127     
  0.999850960168296     
  0.999852598868258     
  0.999823118038205     
  0.999772058162160     
  0.999061687206091     
  0.999784263062605     
  0.999811205932571     
  0.999190242012524     
  0.999360035361298     
  0.992435559536216     
  0.996154791157295     
  0.999859088356028     
  0.999861188857414     
  0.999857995477009     
  0.999757917306187     
  0.999778915965214     
  0.999858034830929     
  0.990254154495060     
  0.994643998879308     
  0.981866906308593     
  0.956876739895329     
  0.999693569374092     
  0.999773327664904     
  0.999548326811007     
  0.999110478114277     
  0.997300315278173     
  0.999551252498084     
  0.999779826043851     
  0.999856248347272     
  0.999850565417799     
  0.999700612755914     
  0.999157462280726     
  0.962551225402181     
  0.947315845878082     
  0.998408863420852     
  0.999587863478724     
  0.996925757610303     
  0.999810426777289     
  0.999866100624469     
  0.999870355028903     
  0.999875238685073     
  0.999764527072668     
  0.999839440013044     
  0.999876910793964     
  0.999851532779140     
  0.999731394794205     
  0.999637775741028     
  0.999363339723561     
  0.999850486147241     
  0.999853384195640     
  0.999883622216524     
  0.999859898333728     
  0.999867079516261     
  0.999737522621951     
  0.999824838964732     
  0.999886924544299     
  0.999890427214100     
  0.999860448779152     
  0.999890843366310     
  0.999536162660818     
  0.999809049374330     
  0.999879025131522     
  0.999893214103431     
  0.999765036637506     
  0.999590125801088     
  0.999884792861909     
  0.999861709036065     
  0.999721676599167     
  0.998773803378538     
  0.998036422104155     
  0.999887471904455     
  0.999844426103482     
  0.999432707813670     
  0.996484122433655     
  0.996496306828607     
  0.999428647685984     
  0.999801481061351     
  0.999783211803783     
  0.999309618057106     
  0.999308741395956     
  0.999772050395432     
  0.999862644787629     
  0.999624415317805     
  0.999780626202568     
  0.999678227138545     
  0.987364433466201     
  0.968806830589234     
  0.998839391321302     
  0.999831699914331     
  0.999736276056057     
  0.989571251767548     
  0.994272323812730     
  0.998734540621127     
  0.999878026332017     
  0.999711121118608     
  0.995322101769291     
  0.998062195077624     
  0.999581910098720     
  0.997966721093611     
  0.998766026441187     
  0.999891698169521     
  0.999897862376412     
  0.999879739764885     
  0.999896284706142     
  0.999892411767172     
  0.999577210479118     
  0.999788943376388     
  0.999839341916962     
  0.999865170611255     
  0.999251828285990     
  0.997060707228099     
  0.983243203024995     
  0.956192920460169     
  0.968841596993550     
  0.993258135346311     
  0.996565398759524     
  0.982663700837590     
  0.988724565519258     
  0.998650740613094     
  0.999394077632485     
  0.999277666244365     
  0.999098350889585     
  0.999769066246517     
  0.999542594221326     
  0.997704700588939     
  0.863999468361045     
  0.862489964915662     
  0.998128065881806     
  0.999561897855195     
  0.999800341291852     
  0.999849189772538     
  0.999865035922110     
  0.999864169975964     
  0.999709300211729     
  0.999332175914641     
  0.999362393410760     
  0.999421582444109     
  0.999513357507513     
  0.995878348189855     
  0.900157537634060     
  0.924211389943447     
  0.996554631002812     
  0.988955569239708     
  0.955284589174412     
  0.947860067613447     
  0.986910298498592     
  0.996798478487788     
  0.987707407794956     
  0.989351510245384     
  0.997773737473146     
  0.991965469415511     
  0.971734716174092     
  0.984965907566458     
  0.998238883929026     
  0.999637747769810     
  0.999757424320266     
  0.999493528761156     
  0.996552905694903     
  0.982722113195854     
  0.961737962984805     
  0.983287264585694     
  0.998150205554337     
  0.999488236900094     
  0.996432777715819     
  0.993985987895216     
  0.998970848024536     
  0.999921836676336     
  0.996154847101380     
  0.995044092186649     
  0.990945714349510     
  0.979354304722157     
  0.993730015865400     
  0.998407118249059     
  0.999721903278053     
  0.999707767810429     
  0.999216132813814     
  0.999759819522813     
  0.999655690184713     
  0.999704856349188     
  0.999911654599291     
  0.999824541462109     
  0.999842978559705     
  0.999840656763880     
  0.999857150537842     
  0.999910982447737     
  0.999907645786256     
  0.994581996866367     
  0.999648762176744     
  0.999853908231399     
  0.999895237642408     
  0.999998344442390     
  0.999907335856217     
  0.999905743007408     
  0.999887934176483     
  0.999896914594609     
  0.999901441688927     
  0.999900148777259     
  0.999898829659111     
  0.999897585091186     
  0.999885160621683     
  0.999873204795869     
  0.999749599468561     
  0.996273823461481     
  0.998294763765410     
  0.999874656363317     
  0.969261103385007     
  0.980754731800867     
  0.999737855284365     
  0.999878742931978     
  0.999815347227249     
  0.998846168143849     
  0.994387438566392     
  0.977240346995199     
  0.984211387094648     
  0.997009460345437     
  0.999521171876135     
  0.999782641336450     
  0.999620291867963     
  0.999552414832261     
  0.999680726385714     
  0.999041456242444     
  0.918698398468452     
  0.978527298827869     
  0.944300762739392     
  0.960113579827913     
  0.999663992475880     
  0.999754551643973     
  0.999781613886406     
  0.999831280519822     
  0.999831783667246     
  0.999838504819714     
  0.999838394647633     
  0.999682750082905     
  0.999824387808414     
  0.999821328545091     
  0.999703145570790     
  0.999698472153311     
  0.999773547013973     
  0.999783954236501     
  0.998494213071241     
  0.999790139887087     
  0.999786909809144     
  0.999709065233780     
  0.999749766608847     
  0.999729158747134     
  0.997502362210941     
  0.995859571569402     
  0.976330133124073     
  0.999029453932622     
  0.999669907975901     
  0.999600673349558     
  0.998665067782431     
  0.997344993510889     
  0.997950392486149     
  0.995952317614706     
  0.901484017981705     
  0.971158910109875     
  0.707530410882135     
  0.979890198093930     
  0.998558257373091     
  0.999042175920150     
  0.999584308440909     
  0.999576502763646     
  0.999505743401394     
  0.999199897610821     
  0.996419508224102     
  0.911791614094873     
  0.911819876059940     
  0.996208590117183     
  0.997465869579129     
  0.993103609816398     
  0.997765199587800     
  0.999326229369722     
  0.999339665389214     
  0.999539908350859     
  0.999599788421547     
  0.999376003259694     
  0.999378778475196     
  0.999577464027335     
  0.999547053832148     
  0.999545580640225     
  0.999534620511834     
  0.999099512212377     
  0.999330933459285     
  0.999382434682807     
  0.999154091390116     
  0.999346503092006     
  0.999445372018318     
  0.999369595085797     
  0.997985437132355     
  0.999422351619157     
  0.999405378482891     
  0.999244418844918     
  0.999290251215126     
  0.998347882899996     
  0.999040923976334     
  0.997086148413977     
  0.974956768611262     
  0.993169662961620     
  0.976442807712922     
  0.981905337827596     
  0.997211569918452     
  0.995136135813905     
  0.989910799879262     
  0.997152610777699     
  0.995405440400180     
  0.995925333867377     
  0.997231594420739     
  0.998662968509996     
  0.998781491348015     
  0.998709825727259     
  0.998640969752484     
  0.998548027625656     
  0.998249412276823     
  0.998377341485196     
  0.998295726139591     
  0.997333309551825     
  0.998088581261602     
  0.998034136699512     
  0.996437546448364     
  0.993707897430093     
  0.997627851779977     
  0.997389520016164     
  0.996966670431028     
  0.996053194124858     
  0.996847116844308     
  0.996709670471732     
  0.996504060405968     
  0.996266942045338     
  0.996034016064290     
  0.995807631326275     
  0.995529303259891     
  0.995145710213978     
  0.994795380232696     
  0.994508697114293     
  0.994081003261465     
  0.993577914108380     
  0.992850026063986     
  0.987995489513628     
  0.984992456480580     
  0.989062105163760     
  0.989945650117506     
  0.989267482556628     
  0.987476872191455     
  0.987084644210457     
  0.986139959974159     
  0.984864953335705     
  0.983595942270597     
  0.982207313036871     
  0.980755436358771     
  0.979292136043511     
  0.978016089581265     
  0.976748197226087     
  0.975562332280614     
  0.975291558519560     
  0.976497840630768     
  0.977730819544617     
  0.979039315697769     
  0.980468200853432     
  0.981895675476699     
  0.983097871312312     
  0.984234911369867     
  0.985776033939133     
  0.986960374576641     
  0.988057800590599     
  0.989071524412037     
  0.989943554887986     
  0.990808958892368     
  0.991558767686010     
  0.992212101037160     
  0.992866769222875     
  0.993338871222906     
  0.993707733780794     
  0.994251177629766     
  0.994423797838039     
  0.994679880347904     
  0.995442219104363     
  0.995534880523669     
  0.994368023250639     
  0.988370116931227     
  0.992518258522925     
  0.978544244222397     
  0.996634733497150     
  0.996703861855847     
  0.997205025396752     
  0.997333138517019     
  0.997538169394014     
  0.997679557326811     
  0.997388077288268     
  0.997452401654183     
  0.993485602394917     
  0.985677665725052     
  0.995444587234885     
  0.997938773358844     
  0.998432387633616     
  0.998539062623907     
  0.998556198580600     
  0.998279756076328     
  0.996242324326819     
  0.996816684998414     
  0.998550360783501     
  0.998586688016362     
  0.998276480216844     
  0.999029680774572     
  0.999073917630140     
  0.999117083145472     
  0.999145627002115     
  0.999170239736711     
  0.999209485140382     
  0.999237567567489     
  0.999263471005994     
  0.999265762163308     
  0.998940739817292     
  0.996011967904396     
  0.999280063729486     
  0.991051533818295     
  0.995837959348009     
  0.998601532810771     
  0.997545022573092     
  0.998892852872915     
  0.999416788281132     
  0.999445240784632     
  0.999452083519583     
  0.999455741095631     
  0.999414055946614     
  0.999381166974338     
  0.999446794309850     
  0.999367950704345     
  0.999412834744578     
  0.999370267588116     
  0.999249394225203     
  0.999204464513034     
  0.998977008776387     
  0.998978480641469     
  0.998820380069371     
  0.998439956005119     
  0.997645409144412     
  0.995225122526589     
  0.896431151239718     
  0.760812489925598     
  0.453718438833366     
  0.928685096403499     
  0.990577556848521     
  0.996661960591188     
  0.991694072805799     
  0.996034470813435     
  0.996401750624956     
  0.999081146705295     
  0.999321038797218     
  0.999292538247192     
  0.997899857083206     
  0.994227988302687     
  0.997408133600264     
  0.999220698969213     
  0.999528281429238     
  0.999604591938823     
  0.999654809407438     
  0.999400484845841     
  0.999179672436046     
  0.999272667503949     
  0.999601607340491     
  0.999093912151377     
  0.997790988711280     
  0.999496481532723     
  0.999713235094497     
  0.998892083905168     
  0.996951051428018     
  0.999801516188451     
  0.999808266229721     
  0.999788234481322     
  0.999809826397165     
  0.999820067682600     
  0.999809723049484     
  0.999811465651476     
  0.999817487798966     
  0.999738946019247     
  0.994683438527529     
  0.998619953011369     
  0.999920356808666     
  0.996794521228593     
  0.989498864343916     
  0.999373119193614     
  0.999284370456310     
  0.999269225260067     
  0.999794718163439     
  0.999846031524439     
  0.999835146848842     
  0.990919373675676     
  0.999414546312417     
  0.992920680044593     
  0.999097239644682     
  0.999920839067539     
  0.999810314966830     
  0.999876483839452     
  0.999844874025220     
  0.999883401588077     
  0.999881360644561     
  0.999897280194044     
