  0.999666428521100     
  0.999663584545519     
  0.999505065943137     
  0.999638692932541     
  0.999512809694628     
  0.999583106332404     
  0.999591864865044     
  0.999582092507660     
  0.999627711520812     
  0.999469490938426     
  0.997859751963493     
  0.990038533974330     
  0.992292367353960     
  0.998535899125631     
  0.999429543129415     
  0.999371435547755     
  0.998825579863112     
  0.994894378627165     
  0.916005274858502     
  0.819387235123349     
  0.967475513906390     
  0.989416733794167     
  0.983113715403943     
  0.994356173620408     
  0.998419291646960     
  0.999381633945576     
  0.999499481939342     
  0.999532313449915     
  0.999555121602424     
  0.999569344077842     
  0.999568157227895     
  0.999464188658581     
  0.999395617893264     
  0.999560516142494     
  0.999561382777925     
  0.999557921746547     
  0.999550038754779     
  0.999547877007813     
  0.999543694526548     
  0.999510957900646     
  0.999531768802931     
  0.999525182253790     
  0.998264304903770     
  0.999496861560884     
  0.999487147431446     
  0.999489330113934     
  0.999486387270547     
  0.999479927443427     
  0.999467728683588     
  0.999359503710646     
  0.998556242332597     
  0.990976429198782     
  0.997552940430751     
  0.999124217514556     
  0.999616674686065     
  0.998572990300234     
  0.982204426674791     
  0.997242322313721     
  0.995489070530585     
  0.995835754618179     
  0.999547999530304     
  0.999050146379640     
  0.999277182628375     
  0.999271407545526     
  0.999322847726597     
  0.999310388973194     
  0.999297204460477     
  0.999282891399532     
  0.999269548116674     
  0.999254812456279     
  0.999237406126724     
  0.999094701367351     
  0.999204677699457     
  0.999173225385271     
  0.999027827800901     
  0.999073686220207     
  0.998685067495483     
  0.998655032615816     
  0.998302920179538     
  0.990579928658741     
  0.998096220637532     
  0.998788611660261     
  0.998992792813018     
  0.998971188800790     
  0.998243265007084     
  0.998920910806112     
  0.998818179265373     
  0.998397857858444     
  0.997002765401187     
  0.997828722786104     
  0.998318670426853     
  0.996910604695580     
  0.994464975914645     
  0.992279100263143     
  0.992148307448687     
  0.997510776727941     
  0.998445425962432     
  0.998512464414283     
  0.998428387668792     
  0.998095574565630     
  0.997902701345130     
  0.998307990355676     
  0.998232192337368     
  0.998085796915108     
  0.997798665426910     
  0.998003200774436     
  0.997837450909545     
  0.997633840912474     
  0.975422878260127     
  0.997499721759847     
  0.997699880282535     
  0.997628187125384     
  0.997535340876905     
  0.997442485434776     
  0.997333188481040     
  0.997146414912764     
  0.997087836587882     
  0.996945048132078     
  0.996764116193312     
  0.996572771263532     
  0.996445228034436     
  0.997376939310278     
  0.934406069410801     
  0.859037677399470     
  0.991414662835034     
  0.995472099500167     
  0.995029430040085     
  0.993216990992931     
  0.965181771384452     
  0.875775288379549     
  0.974039477230677     
  0.975226766750889     
  0.929366535394226     
  0.987006190381612     
  0.992051891653703     
  0.991610628262575     
  0.990990999366136     
  0.989069985156593     
  0.955112919097903     
  0.921884037416763     
  0.979179025530168     
  0.871770778167201     
  0.903797490275954     
  0.905256701109636     
  0.983300773271155     
  0.980378301093340     
  0.976573292264910     
  0.967209420826098     
  0.961036895306005     
  0.967390764672875     
  0.961476798498702     
  0.960574913163764     
  0.950944408224870     
  0.938354733744470     
  0.880875366569034     
  0.895410577682104     
  0.913845620107851     
  0.896446752275298     
  0.874861878048003     
  0.859670963172814     
  0.866422009627465     
  0.883078255024270     
  0.895642987775852     
  0.902934137012092     
  0.899716394509197     
  0.887154294367685     
  0.864168581699748     
  0.816940144560740     
  0.734415038822431     
  0.578395425856545     
  0.462018481640146     
  0.450179189591436     
  0.505944623584518     
  0.596651914634608     
  0.714707860747844     
  0.801421097757219     
  0.848220771034425     
  0.876152058635847     
  0.899160592790016     
  0.915960656263311     
  0.927645298535441     
  0.938929493633731     
  0.949010794945225     
  0.956973474999873     
  0.961966060224292     
  0.966543411612093     
  0.970746775819430     
  0.973916720975934     
  0.976398678814075     
  0.978649825410026     
  0.980612267159161     
  0.982431851538276     
  0.983892413077250     
  0.985404551048406     
  0.986705205670209     
  0.987808067843654     
  0.988661553974491     
  0.989852362777391     
  0.990778974239022     
  0.991512611320582     
  0.991030580269625     
  0.991849541042839     
  0.992907871776594     
  0.993528301656244     
  0.994265844967810     
  0.994549882923219     
  0.994845142253406     
  0.995402452074189     
  0.995644554840839     
  0.995844733043686     
  0.995738474065826     
  0.996184553613292     
  0.996481162003849     
  0.996671170312481     
  0.996723224163044     
  0.997020276130459     
  0.997168965645888     
  0.997273313541456     
  0.997279137959299     
  0.990479983106749     
  0.983149885069841     
  0.996861661909332     
  0.997143730974404     
  0.997849828069533     
  0.997993706404927     
  0.997987916871382     
  0.987069638305819     
  0.997804810872981     
  0.998311251018999     
  0.998397082551156     
  0.997686862055958     
  0.998409332802782     
  0.998367514746819     
  0.998195817315376     
  0.998074045507365     
  0.997500902601616     
  0.991584020058746     
  0.887382095374003     
  0.841534505454552     
  0.942180409814821     
  0.994365905672608     
  0.997888780844036     
  0.998476984164728     
  0.998545009790270     
  0.997600387129753     
  0.996245052131782     
  0.980856006408107     
  0.743509063218944     
  0.726443548130269     
  0.703696994043668     
  0.893124008565890     
  0.991514899727464     
  0.997921132251552     
  0.994331647350985     
  0.998710234763241     
  0.999048742504556     
  0.999140543305622     
  0.999185491711082     
  0.999214523521439     
  0.999209384235658     
  0.999088509827726     
  0.999127507683651     
  0.998500613225262     
  0.999326605491540     
  0.999331333894255     
  0.999352658345820     
  0.990406252018892     
  0.999143276828303     
  0.999231620118038     
  0.999407504596514     
  0.999447051741166     
  0.999460319775331     
  0.999467166863136     
  0.999445684588198     
  0.999243848800824     
  0.999238756469938     
  0.999488182769924     
  0.999477690802240     
  0.999222587615515     
  0.999399538818242     
  0.999531422132047     
  0.999560564197567     
  0.999558298071549     
  0.999343708147672     
  0.998603052092494     
  0.999521263876054     
  0.999584968812961     
  0.999603915432118     
  0.999596866705896     
  0.999482329187090     
  0.999590123721049     
  0.997677522202259     
  0.995364332152392     
  0.999620641473550     
  0.999631726988364     
  0.999630600498214     
  0.999620570165789     
  0.999619469129984     
  0.999984078527199     
  0.998947276492419     
  0.976528911638218     
  0.996708403098548     
   1.00124585981977     
  0.985263471208466     
  0.971482756772575     
   1.00042650211616     
   1.00014948720967     
  0.999576335956688     
  0.999591616981489     
  0.999565286040690     
  0.999198492659892     
  0.994951306913581     
  0.929628627394811     
  0.958099330776541     
  0.984387901684824     
  0.998867612109918     
  0.999549138017028     
  0.998255820086710     
  0.999632774058858     
  0.999746197879988     
  0.999754782586037     
  0.999760270435885     
  0.999758046965695     
  0.999767696105469     
  0.999771270507740     
  0.999730046730902     
  0.999681996197650     
  0.999780075094857     
  0.999780509859461     
  0.996748109520017     
  0.999569336617525     
  0.999685828893868     
  0.999672690882542     
  0.999638865540182     
  0.999663250043357     
  0.999433801234556     
  0.997101734198134     
  0.999778814262864     
  0.999804785702884     
  0.999800460284691     
  0.999771138933506     
  0.999802640145014     
  0.999739003669115     
  0.999340569556798     
  0.998152491669651     
  0.998548638500604     
  0.999412212058977     
  0.999726703496954     
  0.999666594306588     
  0.998757938400757     
  0.997446634398159     
  0.999561292907646     
  0.999797516078425     
  0.999823526305151     
  0.999808655779689     
  0.999827035619850     
  0.999735708244609     
  0.999831642210386     
  0.999835186483816     
  0.999834355569006     
  0.999837835194366     
  0.999829309210398     
  0.999821297471923     
  0.999766444335131     
  0.998615007682349     
  0.999886822889493     
  0.999998252107885     
  0.994084849466303     
  0.999980996941172     
  0.999783176305030     
  0.999847351074715     
  0.999848845244233     
  0.999850220607812     
  0.999833682054018     
  0.999787876588656     
  0.999340807063625     
  0.999760116949239     
  0.999756301141538     
  0.999239679092256     
  0.999401291473864     
  0.995409387668565     
  0.997585043816244     
  0.999855555582645     
  0.999856721260551     
  0.999850507844551     
  0.999766727044653     
  0.999853185123739     
   1.00036769880906     
  0.991702990561944     
  0.996219940802842     
  0.984403432431996     
  0.964965737042526     
  0.999539026878111     
  0.999741737992208     
  0.999524036646706     
  0.998606889858817     
  0.996375065184490     
  0.999167429668183     
  0.999724077283298     
  0.999847163958237     
  0.999844370484698     
  0.999689948047729     
  0.998674893228611     
  0.965921614592365     
  0.952832252675852     
  0.997812595357783     
  0.999496737668914     
  0.998031355730557     
  0.999780480628878     
  0.999848041661481     
  0.999856611378733     
  0.999862902245665     
  0.999802613186331     
  0.999847331954818     
  0.999863800162772     
  0.999773507735693     
  0.999429520759278     
  0.999279874370507     
  0.999275911863576     
  0.999851177252862     
  0.999860622013077     
  0.999875383430000     
  0.999858187960497     
  0.999843284590164     
  0.999696353407140     
  0.999806953917320     
  0.999871568619691     
  0.999879160340046     
  0.999860189000419     
  0.999880395289541     
  0.999659396891758     
  0.999830735046972     
  0.999874513678260     
  0.999891545042740     
  0.999789548538241     
  0.999619109941997     
  0.999884003995479     
  0.999824327359224     
  0.999692419780916     
  0.999040879003912     
  0.998530014177644     
  0.999867066728668     
  0.999768665541875     
  0.998607725801787     
  0.993427889487760     
  0.993432292977193     
  0.998609166186425     
  0.999709774863258     
  0.999619320888850     
  0.998864057295170     
  0.998864692617580     
  0.999618673627751     
  0.999831449385763     
  0.999711093488311     
  0.999797747060201     
  0.999718259166728     
  0.990504352585248     
  0.976924357003721     
  0.999067879584902     
  0.999887995638979     
   1.00007931586008     
  0.990460344479116     
  0.996461239182533     
  0.999314528322579     
  0.999869425141132     
  0.999719688599514     
  0.996517646458014     
  0.998407856505241     
  0.999668963162266     
  0.998718913994791     
  0.999224077807491     
  0.999872621132439     
  0.999875572306272     
  0.999864151940055     
  0.999871708607277     
  0.999864752619463     
  0.999616245574572     
  0.999784024805563     
  0.999816634432222     
  0.999811978979870     
  0.998968109758000     
  0.992075408625590     
  0.962927199445783     
  0.922691970006487     
  0.940437907664914     
  0.982178448386761     
  0.992860083011585     
  0.977984652603213     
  0.984628938038167     
  0.997135312532844     
  0.999278501947298     
  0.999231986370962     
  0.999067786509549     
  0.999714560409704     
  0.999305945904744     
  0.995748694037868     
  0.890918276208842     
  0.889796962228012     
  0.996077659796795     
  0.999310371196545     
  0.999756173974633     
  0.999819591311932     
  0.999834750713631     
  0.999829288630470     
  0.999671890435800     
  0.999258403627166     
  0.999048861797558     
  0.999085692001034     
  0.999154237034397     
  0.994219936951259     
  0.908713658259215     
  0.929466495363001     
  0.992748561408510     
  0.971823149980979     
  0.918406572944090     
  0.909522367828213     
  0.966891181874920     
  0.992232357316942     
  0.985058060673462     
  0.985996292846828     
  0.995579185327557     
  0.986804456260784     
  0.962438059694950     
  0.978026764274264     
  0.996235350913622     
  0.999328699126882     
  0.999629101634449     
  0.998981221406470     
  0.993515289965920     
  0.973919260249792     
  0.948429415811085     
  0.974230525850054     
  0.995578929649196     
  0.998725898050691     
  0.995154656110779     
  0.992535528255410     
  0.998166738376795     
  0.999928594390467     
  0.996566098947480     
  0.993129112376850     
  0.980967000259491     
  0.964442959867148     
  0.985513702803935     
  0.996857134228779     
  0.999588333954691     
  0.999680487221005     
  0.999317692946190     
  0.999762715205833     
  0.999695625266137     
  0.999726546558778     
  0.999853942144662     
  0.999769916512780     
  0.999730599840829     
  0.999727822687932     
  0.999790658008896     
  0.999849003191481     
  0.999848350389657     
  0.996842142658741     
  0.999650989102435     
  0.999798127007340     
  0.999836075028554     
  0.999894396514365     
  0.999841102963476     
  0.999838644938000     
  0.999824298987742     
  0.999829457675075     
  0.999831615707365     
  0.999829105277235     
  0.999826472967540     
  0.999823568357747     
  0.999806745360514     
  0.999778492568299     
  0.999780340341125     
  0.996689719377974     
  0.998656434564400     
   1.00014738392836     
  0.979674009229887     
  0.981706594058933     
   1.00003881595752     
  0.999832003334728     
  0.999644726348868     
  0.997465293254183     
  0.986171159866880     
  0.959882449906994     
  0.969502988429566     
  0.992047491872929     
  0.998837037056534     
  0.999581436773909     
  0.999298237004614     
  0.999205722882776     
  0.999490301775518     
  0.999243973464778     
  0.948674191783537     
  0.986258042758169     
  0.964809995019079     
  0.974743673477940     
  0.999621590864926     
  0.999677100042969     
  0.999688370801109     
  0.999720027951719     
  0.999716622323295     
  0.999718103409858     
  0.999713773374557     
  0.999613184667965     
  0.999676925014891     
  0.999670883658498     
  0.999600851342191     
  0.999604788596755     
  0.999647433642098     
  0.999646079633841     
  0.998667539056283     
  0.999629425841617     
  0.999600278404037     
  0.999486224230477     
  0.999540263010195     
  0.999494378252985     
  0.997494729788413     
  0.994272037708456     
  0.977857665391582     
  0.998311413674147     
  0.999382217605381     
  0.999181190352560     
  0.997550250366490     
  0.995774848708322     
  0.997217355115458     
  0.995396568476568     
  0.924883878829017     
  0.968696171093643     
  0.763942814977910     
  0.976544493170848     
  0.997213290690951     
  0.998974914635973     
  0.999361361948169     
  0.999348765624751     
  0.999278215640910     
  0.998884122022586     
  0.995604589422430     
  0.927698965713159     
  0.927695730947618     
  0.994975551357588     
  0.995047396200442     
  0.989310977923213     
  0.995227320339652     
  0.998537207388432     
  0.999060632610782     
  0.999205537822237     
  0.999231387304305     
  0.999083043404512     
  0.999071107080355     
  0.999174721413460     
  0.999139998599472     
  0.999118362337423     
  0.999094244508378     
  0.998808214549627     
  0.998880297464922     
  0.998704742273079     
  0.998347973274242     
  0.998632829839010     
  0.998851145585863     
  0.998812041864020     
  0.997785323910124     
  0.998801401109726     
  0.998769366763421     
  0.998602014078227     
  0.998618825181669     
  0.998059640428628     
  0.998322026674496     
  0.996543719668000     
  0.979304031420031     
  0.984721054838395     
  0.961553026525208     
  0.971500959205444     
  0.993424932715132     
  0.992054934944798     
  0.985866342781159     
  0.994896346182524     
  0.994399255472545     
  0.995264871527541     
  0.996330911218483     
  0.997458541364975     
  0.997423125161657     
  0.997258269282128     
  0.997108134144420     
  0.996934831212197     
  0.996620998256829     
  0.996574496000531     
  0.996378915210184     
  0.995624735117527     
  0.995936929040268     
  0.995865669293242     
  0.994519298358568     
  0.991799216807419     
  0.995089864141721     
  0.994454324059471     
  0.993902924650597     
  0.993079593117904     
  0.993346130452418     
  0.992987527519800     
  0.992538430669874     
  0.992015678117214     
  0.991521528743854     
  0.991061437283594     
  0.990495463306462     
  0.989774820661040     
  0.989068725679951     
  0.988350745279188     
  0.987455475552813     
  0.986394458123971     
  0.984955408322098     
  0.979545426132779     
  0.975016754962784     
  0.977904733885132     
  0.978827044836277     
  0.977535479499609     
  0.975001144336269     
  0.973263900179486     
  0.971155762671257     
  0.968540459582266     
  0.965883993265867     
  0.962946330491884     
  0.959808310612783     
  0.956629995221900     
  0.953576133452758     
  0.950740107442105     
  0.948646040539584     
  0.948331011221599     
  0.950197048079457     
  0.952893936911300     
  0.955983844322513     
  0.959161163352698     
  0.962274105089534     
  0.965016475287209     
  0.967583584991037     
  0.970430286344670     
  0.972829819353285     
  0.975067919204572     
  0.977136434966836     
  0.978923393751135     
  0.980687889942199     
  0.982227181996324     
  0.983576841071527     
  0.984935120155069     
  0.986055951507330     
  0.987083619630961     
  0.988107526516419     
  0.988709316149547     
  0.989418026628869     
  0.990385685939474     
  0.990466726187626     
  0.987820574759391     
  0.979451679452599     
  0.985309927189957     
  0.980343165200688     
  0.993116551361366     
  0.993465326177717     
  0.994058924105195     
  0.994386940320737     
  0.994762073469244     
  0.995072515398028     
  0.995005118391898     
  0.994690425241423     
  0.989084354465605     
  0.979739652147501     
  0.991777514519655     
  0.995856691318700     
  0.996692817204045     
  0.996917915365189     
  0.996949393623094     
  0.996189072846473     
  0.993151768990127     
  0.993796123695168     
  0.996754543212095     
  0.997420722348311     
  0.997397333185104     
  0.997966324242105     
  0.998056499019461     
  0.998142331950186     
  0.998216338349959     
  0.998282673121447     
  0.998357688664284     
  0.998421190524285     
  0.998479984503620     
  0.998516858912491     
  0.998309077697612     
  0.996742812823088     
  0.998645071053984     
  0.994009937658328     
  0.996755067351938     
  0.998358161299962     
  0.997482909597492     
  0.998474267995947     
  0.998897949066310     
  0.998942425332010     
  0.998969346268150     
  0.998992749992883     
  0.998987876493069     
  0.998986755313712     
  0.999042003050232     
  0.999012091719441     
  0.999045324483880     
  0.999004208535091     
  0.998869061618211     
  0.998873961811871     
  0.998734537312192     
  0.998790145489433     
  0.998687449982572     
  0.998402875501563     
  0.997782526258384     
  0.995155330308175     
  0.920729905613848     
  0.767854258441400     
  0.516003867825374     
  0.915078936001856     
  0.987406659901007     
  0.997193195488166     
  0.992527259350856     
  0.996783301875441     
  0.996622793220075     
  0.999101648230375     
  0.999207092559103     
  0.999040632497569     
  0.997577259796169     
  0.994505228384962     
  0.996802700794479     
  0.998491168913202     
  0.999145730378068     
  0.999381735121952     
  0.999469198008513     
  0.999355748727587     
  0.999243368956748     
  0.999281988937376     
  0.999219949057383     
  0.998235648967050     
  0.997149306903245     
  0.998990272539070     
  0.999514649878465     
  0.999109952510605     
  0.998041331019061     
  0.999663060314852     
  0.999672445127318     
  0.999665643800561     
  0.999682713154700     
  0.999693015496222     
  0.999690430129883     
  0.999695375328527     
  0.999700451985034     
  0.999638061967110     
  0.995938700865562     
  0.998735653305845     
   1.00013778692348     
  0.998420292378608     
  0.992642520279343     
  0.999586196317097     
  0.998765490575729     
  0.999054067574837     
  0.999661541404064     
  0.999751209454392     
  0.999757975431420     
  0.994897620044590     
  0.999964462697825     
  0.995005635405510     
  0.999744764734736     
  0.999961036738933     
  0.999764683007932     
  0.999792175329659     
  0.999774944663699     
  0.999801586578778     
  0.999805289944696     
  0.999844493429135     
