  0.999686771307355     
  0.999681966940417     
  0.999638564415861     
  0.999667017595231     
  0.999648878573226     
  0.999627762465993     
  0.999617923297525     
  0.999610367933643     
  0.999644652395203     
  0.999381428823518     
  0.996701763253150     
  0.986271565091470     
  0.991362721856643     
  0.997956802591683     
  0.999434533606620     
  0.999451904004278     
  0.998781956742842     
  0.992924678897950     
  0.921451417935411     
  0.839988229650656     
  0.964705723001258     
  0.985712141636451     
  0.977667387726070     
  0.991193410566291     
  0.997739438517583     
  0.999352500242777     
  0.999544371827451     
  0.999579766468628     
  0.999589761433241     
  0.999595797679513     
  0.999593108711151     
  0.999501817323671     
  0.999444957937396     
  0.999585743427234     
  0.999587771393742     
  0.999584953978808     
  0.999580047111707     
  0.999576431938653     
  0.999571180187731     
  0.999548852425121     
  0.999561128606194     
  0.999556514039940     
  0.999283348968510     
  0.999526664341654     
  0.999530916941310     
  0.999525279025374     
  0.999522314064415     
  0.999513544920658     
  0.999496163819797     
  0.999344994777591     
  0.998506765763238     
  0.994087899110933     
  0.997081382193592     
  0.999070876608566     
  0.999837875876567     
   1.00060935974461     
  0.985003435505119     
  0.999318750219500     
  0.996612047656871     
  0.996491221912903     
  0.999752783290828     
  0.999202658919608     
  0.999340372726628     
  0.999360207762756     
  0.999365073475129     
  0.999353744313767     
  0.999341724778390     
  0.999328082466552     
  0.999315468001424     
  0.999302314257671     
  0.999286310686017     
  0.999190550043120     
  0.999258073498137     
  0.999230629206460     
  0.999170815177602     
  0.999075556798193     
  0.998593643174436     
  0.998851524060606     
  0.998540126748783     
  0.993778735707589     
  0.998411496042342     
  0.998971687328234     
  0.999059743260770     
  0.999040052450656     
  0.998746282961803     
  0.998987854663823     
  0.998873569136276     
  0.998330487936777     
  0.996558186741338     
  0.997793670382503     
  0.998167747171913     
  0.996017085378668     
  0.992257144717577     
  0.990804410674332     
  0.989895119506356     
  0.996867491430861     
  0.998455735038694     
  0.998598201467170     
  0.998489445181393     
  0.998095223799470     
  0.998098793883878     
  0.998398774714131     
  0.998368455238578     
  0.998298500388036     
  0.998163777268405     
  0.998073050609577     
  0.997848067046413     
  0.997720981546892     
  0.991153280022272     
  0.997788091610274     
  0.997846796834079     
  0.997784341959511     
  0.997701111364524     
  0.997610510920520     
  0.997512217391156     
  0.997390334747382     
  0.997281331226517     
  0.997147648461658     
  0.996988024916864     
  0.996809809192569     
  0.996841821374292     
  0.999253675873260     
  0.947480491748655     
  0.884189465331471     
  0.995868488886326     
  0.996438586452023     
  0.995310431187407     
  0.992684009198409     
  0.964872148445888     
  0.886724964256034     
  0.972335598160885     
  0.975708453520699     
  0.938232990420045     
  0.986910877015412     
  0.992296718235097     
  0.992091790726236     
  0.991381065788217     
  0.988839121778700     
  0.957740203107410     
  0.930156598004615     
  0.979329129635881     
  0.893869715605233     
  0.918377971112898     
  0.920584611606857     
  0.985778138531194     
  0.981217586102027     
  0.976505526963188     
  0.965843651689646     
  0.957106679581371     
  0.967277667997521     
  0.963286547543230     
  0.962425610061707     
  0.953312417392217     
  0.943422082681323     
  0.893760427869529     
  0.905445856159542     
  0.917852230017743     
  0.899004534733466     
  0.878003139935675     
  0.864671102886665     
  0.871252039958960     
  0.886998624843242     
  0.899452726000567     
  0.906774398629135     
  0.904699488353641     
  0.892478740349413     
  0.867332869601896     
  0.814277761138238     
  0.720532588266168     
  0.570692613207779     
  0.474363161495198     
  0.464364262998750     
  0.510576269627239     
  0.596121297909530     
  0.707769606743574     
  0.796990161422898     
  0.847147761343234     
  0.876957541568837     
  0.899998911432340     
  0.916922595158685     
  0.929382064828912     
  0.941285752505823     
  0.952079555370477     
  0.959698002713541     
  0.964575100179316     
  0.969026156185640     
  0.973075456224448     
  0.975996271833740     
  0.978179404707631     
  0.980167470644624     
  0.981918906213354     
  0.983574251765885     
  0.985004092540111     
  0.986344746842912     
  0.987552264653761     
  0.988642198706421     
  0.989542344902107     
  0.990559330557108     
  0.991418078206898     
  0.992144904036780     
  0.992498119359893     
  0.992764856253546     
  0.993552002891973     
  0.994150151420786     
  0.994744651246559     
  0.995020752352848     
  0.995359837739066     
  0.995735721897901     
  0.995921846683083     
  0.996075523419468     
  0.996007167024707     
  0.996392030464338     
  0.996688252505790     
  0.996912817335936     
  0.997018192231357     
  0.997257200720426     
  0.997389280917255     
  0.997487173958361     
  0.997467204223039     
  0.992940164882736     
  0.988341520878167     
  0.996973694510318     
  0.997188826401227     
  0.997937932560435     
  0.998135931157763     
  0.998088701840668     
  0.989548738033679     
  0.997995949945486     
  0.998439187191233     
  0.998574898840670     
  0.997904945176603     
  0.998576328762997     
  0.998540344668588     
  0.998366994202931     
  0.998206882882522     
  0.997267828769924     
  0.988436865059147     
  0.908914478200974     
  0.874771533098538     
  0.946764279210580     
  0.992423605026508     
  0.997953126105864     
  0.998620835144897     
  0.998690874533540     
  0.998367599579765     
  0.995285732956217     
  0.972032272349362     
  0.798884536798463     
  0.782430687126053     
  0.773013900049107     
  0.907431127560659     
  0.987616951832556     
  0.997796757391069     
  0.996721594997823     
  0.998810219787026     
  0.999121751684542     
  0.999212744050002     
  0.999252407350515     
  0.999273401414581     
  0.999250930091743     
  0.999119477238537     
  0.999202181501828     
  0.998855412257000     
  0.999376907736904     
  0.999393072722389     
  0.999409376513484     
  0.996936025114649     
  0.999361026809088     
  0.999415069334693     
  0.999465632342174     
  0.999484131178862     
  0.999495046474813     
  0.999497320095806     
  0.999454540144016     
  0.999227355634966     
  0.999286775800527     
  0.999509477823930     
  0.999476519052922     
  0.999153224646657     
  0.999356288426503     
  0.999543137722541     
  0.999585452087622     
  0.999576355066973     
  0.999381938653455     
  0.998779465246555     
  0.999535268659513     
  0.999615487689753     
  0.999630349400514     
  0.999625994948224     
  0.999557791619272     
  0.999625146049676     
  0.999080273105592     
  0.998445451964716     
  0.999654157254107     
  0.999659582216392     
  0.999659862097909     
  0.999655007456952     
  0.999688144022144     
   1.00046793287728     
   1.00168294990819     
  0.986257362024198     
   1.00043695808008     
   1.00345727411758     
  0.995555066044078     
  0.986617209159906     
   1.00471231680706     
   1.00081154356717     
  0.999665178738115     
  0.999640495272839     
  0.999606308486432     
  0.999129355324898     
  0.994443007290236     
  0.938297626709792     
  0.961469824484392     
  0.985966229196096     
  0.998708584945963     
  0.999505613084633     
  0.999129778721392     
  0.999690109844755     
  0.999759081609827     
  0.999766673694144     
  0.999771211112739     
  0.999773698948220     
  0.999778030810151     
  0.999778709637030     
  0.999749853829698     
  0.999736524207349     
  0.999788498967994     
  0.999785930382836     
  0.999179527879271     
  0.999491462121033     
  0.999634675771487     
  0.999714039437498     
  0.999649024809409     
  0.999578485022299     
  0.999476063304205     
  0.998757840702120     
  0.999782249072499     
  0.999807369067631     
  0.999808196144460     
  0.999783967378879     
  0.999800462537668     
  0.999694886194809     
  0.999058026729898     
  0.997439802448169     
  0.997981974207386     
  0.999328907121095     
  0.999725156145066     
  0.999608770654692     
  0.998694662716417     
  0.997805786410604     
  0.999472083662793     
  0.999785194615006     
  0.999823880233368     
  0.999812368682012     
  0.999828469040286     
  0.999764108484359     
  0.999831917601648     
  0.999834819851715     
  0.999835912971134     
  0.999837529069351     
  0.999837125726421     
  0.999835681760685     
  0.999819836444724     
  0.999502912162869     
  0.999964955489817     
   1.00040453646217     
  0.994928499217716     
   1.00039322352928     
  0.999917223167850     
  0.999849908022461     
  0.999846619285074     
  0.999847717477754     
  0.999844800770065     
  0.999804525675876     
  0.999634585138152     
  0.999734702690047     
  0.999698512568809     
  0.999291712959124     
  0.999444714800140     
  0.998539444150345     
  0.999090439446457     
  0.999851837190224     
  0.999852018909813     
  0.999842626739313     
  0.999775999765258     
  0.999931357669716     
   1.00090415129217     
  0.993227984589642     
  0.997878728027039     
  0.987073310333825     
  0.973480024359713     
  0.999376358529335     
  0.999708487214416     
  0.999498469121587     
  0.998076817242332     
  0.995401151577224     
  0.998763418232236     
  0.999665395995306     
  0.999837601672454     
  0.999837849634977     
  0.999678722223563     
  0.998166932454022     
  0.969469359402827     
  0.958638963032667     
  0.997184946184929     
  0.999400815636462     
  0.999195148937936     
  0.999748958106723     
  0.999829032004286     
  0.999842144159835     
  0.999849916278554     
  0.999842704715833     
  0.999855639473071     
  0.999849999096723     
  0.999691373426734     
  0.999111747094421     
  0.998903121082050     
  0.999183878547907     
  0.999851904766673     
  0.999868241150027     
  0.999866710557003     
  0.999856387464128     
  0.999818235775840     
  0.999653014600771     
  0.999788126272863     
  0.999855403332292     
  0.999867299582027     
  0.999859915528241     
  0.999869396408891     
  0.999789128268824     
  0.999853564112066     
  0.999869764338072     
  0.999889787967051     
  0.999815353123988     
  0.999649622729455     
  0.999883173519927     
  0.999784973859229     
  0.999661619603573     
  0.999322044457159     
  0.999049648027210     
  0.999845584904819     
  0.999688907302174     
  0.997739208630256     
  0.990210364371618     
  0.990206564717422     
  0.997746430484872     
  0.999613227843986     
  0.999446778170973     
  0.998394973675046     
  0.998397199110760     
  0.999457198343403     
  0.999798606701953     
  0.999802349054901     
  0.999815772120500     
  0.999760405556925     
  0.993810124140787     
  0.985470687287116     
  0.999308438494616     
  0.999947265586179     
   1.00044048049978     
  0.991396416660220     
  0.998765824698477     
  0.999925166847348     
  0.999860369368380     
  0.999728708913838     
  0.997776386041511     
  0.998771790435020     
  0.999760618384822     
  0.999510875294301     
  0.999706348077897     
  0.999852535347813     
  0.999852103507031     
  0.999847739753035     
  0.999845832705647     
  0.999835630505866     
  0.999657345492133     
  0.999778846041768     
  0.999792725631555     
  0.999755973098993     
  0.998669379243314     
  0.986826311418445     
  0.941536091464447     
  0.887418053019311     
  0.910530906181288     
  0.970512308866260     
  0.988958629277841     
  0.973057904997278     
  0.980316482044664     
  0.995539650061038     
  0.999156806697936     
  0.999183887647679     
  0.999035603583663     
  0.999657167999674     
  0.999056764050182     
  0.993689084789149     
  0.919262976794747     
  0.918550516293455     
  0.993918628144850     
  0.999045518324775     
  0.999709666448684     
  0.999788424463931     
  0.999802860614627     
  0.999792558702384     
  0.999632497942828     
  0.999180721139190     
  0.998718710637588     
  0.998731995558845     
  0.998776077757985     
  0.992473598668814     
  0.917723447216648     
  0.935000260421907     
  0.988740655441977     
  0.953782131753624     
  0.879572632376090     
  0.869151180408673     
  0.945810145760468     
  0.987424007552950     
  0.982268157866640     
  0.982463058566225     
  0.993268189233820     
  0.981369577975155     
  0.952648048446993     
  0.970719348606850     
  0.994125479410820     
  0.999003246414150     
  0.999493967193981     
  0.998441717306875     
  0.990316405584818     
  0.964649028808843     
  0.934414213592966     
  0.964692860336868     
  0.992871105539708     
  0.997923072198202     
  0.993808650132410     
  0.991008025836357     
  0.997319914596088     
  0.999935711095528     
  0.996999199398055     
  0.991112388177908     
  0.970458071493215     
  0.948739250784589     
  0.976860757524928     
  0.995224774938767     
  0.999447665468640     
  0.999651756575132     
  0.999424651732164     
  0.999765764826191     
  0.999737683482309     
  0.999749390001648     
  0.999793160985796     
  0.999712386822827     
  0.999612244836005     
  0.999608987681676     
  0.999720628911661     
  0.999783727178901     
  0.999785900768544     
  0.999222525762584     
  0.999653334506989     
  0.999739377857752     
  0.999773764349769     
  0.999784917086288     
  0.999771345287869     
  0.999767975786351     
  0.999757276773963     
  0.999758410057864     
  0.999758072656629     
  0.999754279622984     
  0.999750263933232     
  0.999745610615269     
  0.999724154589696     
  0.999678736674984     
  0.999812718357653     
  0.997127766000273     
  0.999037369357393     
   1.00043463901214     
  0.990641622884691     
  0.982709166554610     
   1.00035581136121     
  0.999782773342352     
  0.999465013745471     
  0.996010831655755     
  0.977517005368390     
  0.941599421655651     
  0.954010615361710     
  0.986821026422832     
  0.998116431992796     
  0.999369505537476     
  0.998959011464807     
  0.998840545623243     
  0.999289723207972     
  0.999457290203601     
  0.980248599081313     
  0.994401097367564     
  0.986413140986593     
  0.990154156154160     
  0.999576927336573     
  0.999595516485076     
  0.999590152949190     
  0.999602839340283     
  0.999595315940925     
  0.999591276892413     
  0.999582501331843     
  0.999539906431508     
  0.999521591327953     
  0.999512408142557     
  0.999493096347886     
  0.999506103589426     
  0.999514587033287     
  0.999500843375505     
  0.998850120257638     
  0.999460129465577     
  0.999403679957943     
  0.999251481588266     
  0.999319569314292     
  0.999247056669353     
  0.997486689640745     
  0.992599691662884     
  0.979466810354071     
  0.997555007503688     
  0.999079154440329     
  0.998739290605648     
  0.996375853996155     
  0.994120785019524     
  0.996445136629849     
  0.994811112243891     
  0.949534648119788     
  0.966101769977418     
  0.823371318185289     
  0.973019896657261     
  0.995796404870384     
  0.998904056438741     
  0.999126492183618     
  0.999108848140409     
  0.999038517865558     
  0.998551455011051     
  0.994746075998102     
  0.944457353405692     
  0.944420997459764     
  0.993676536252394     
  0.992499508027343     
  0.985315384225860     
  0.992553617462612     
  0.997705955096444     
  0.998766664284117     
  0.998853268462115     
  0.998843264304707     
  0.998774399207557     
  0.998746962560992     
  0.998750413919278     
  0.998711146028055     
  0.998668265373739     
  0.998630283551920     
  0.998501314929679     
  0.998405523624199     
  0.997990747419829     
  0.997498670195033     
  0.997880921372462     
  0.998225081116902     
  0.998224613437818     
  0.997574487330470     
  0.998147173759151     
  0.998099268700456     
  0.997925177949532     
  0.997911409816504     
  0.997755946704547     
  0.997564590163084     
  0.995972209952067     
  0.983884378085676     
  0.975819431887371     
  0.945864797619964     
  0.960538618014410     
  0.989435212646193     
  0.988808473047605     
  0.981604944751103     
  0.992519049146003     
  0.993339092341086     
  0.994568975475102     
  0.995381903396555     
  0.996189488337211     
  0.995991867992656     
  0.995728815632942     
  0.995493033641115     
  0.995235050883816     
  0.994905177314136     
  0.994674873886856     
  0.994359202650678     
  0.993824431409801     
  0.993669751539946     
  0.993580765474056     
  0.992498042110226     
  0.989788034507722     
  0.992415569586868     
  0.991361477306872     
  0.990674611986400     
  0.989946256023288     
  0.989657064786035     
  0.989065410657418     
  0.988359730991915     
  0.987535981718723     
  0.986766556117486     
  0.986060181948438     
  0.985191085475934     
  0.984115259193864     
  0.983034256626350     
  0.981861772812483     
  0.980473767499612     
  0.978824800955151     
  0.976636325464622     
  0.970641001259272     
  0.964504620096476     
  0.966147343604587     
  0.967110463021460     
  0.965172465724610     
  0.961854356724996     
  0.958699696461636     
  0.955365463006232     
  0.951337697699326     
  0.947219062927210     
  0.942648948637862     
  0.937733977808140     
  0.932748273052271     
  0.927820828869159     
  0.923332174532682     
  0.920280921347899     
  0.919919152357821     
  0.922480359797321     
  0.926719873787452     
  0.931687013736594     
  0.936706825723829     
  0.941595916023158     
  0.945961330250480     
  0.950035462866986     
  0.954258001102311     
  0.957938124142646     
  0.961378290445339     
  0.964558372789940     
  0.967309507208896     
  0.970021496626625     
  0.972392773644622     
  0.974476246142185     
  0.976576021749166     
  0.978380515573429     
  0.980102470474409     
  0.981632713450133     
  0.982686784152839     
  0.983872502189234     
  0.985056531641427     
  0.985125304741696     
  0.980920072780859     
  0.970052305060920     
  0.977712850817249     
  0.982239108510352     
  0.989408606877985     
  0.990052100024341     
  0.990743107157399     
  0.991281799026481     
  0.991836200701183     
  0.992324807610441     
  0.992493575257483     
  0.991779402377880     
  0.984445582217745     
  0.973481156275714     
  0.987912511349312     
  0.993662220933550     
  0.994859340221539     
  0.995209248207829     
  0.995255836974592     
  0.993985505383487     
  0.989894330842996     
  0.990612447855053     
  0.994861742300512     
  0.996191784236571     
  0.996470701160438     
  0.996845529144418     
  0.996984119452013     
  0.997114920992793     
  0.997236842462940     
  0.997347150041589     
  0.997459865213016     
  0.997560697343825     
  0.997654156300272     
  0.997727480127036     
  0.997643274144871     
  0.997513162752876     
  0.997975752159215     
  0.997128277097193     
  0.997721759023405     
  0.998101630929828     
  0.997417437994899     
  0.998033047475902     
  0.998351050816523     
  0.998412415512261     
  0.998460498738919     
  0.998504714891678     
  0.998538642636657     
  0.998571006256871     
  0.998615311340166     
  0.998636978331717     
  0.998657928018679     
  0.998618340422626     
  0.998468146111130     
  0.998525571667661     
  0.998478941910243     
  0.998591615857026     
  0.998547323962875     
  0.998363787578627     
  0.997927067022940     
  0.995081759242464     
  0.946344399284895     
  0.775277355380831     
  0.581662427208328     
  0.900735869856770     
  0.984064016119624     
  0.997753205932102     
  0.993405580431239     
  0.997572700454223     
  0.996855811504935     
  0.999123260571515     
  0.999086972064971     
  0.998775076106737     
  0.997237179893958     
  0.994797493952354     
  0.996164453240117     
  0.997722095329727     
  0.998742442099487     
  0.999146796932194     
  0.999273523662687     
  0.999308587064041     
  0.999310519271078     
  0.999291815840289     
  0.998817593360315     
  0.997330838735753     
  0.996472821684987     
  0.998456605969019     
  0.999305292331392     
  0.999339640309873     
  0.999190761535180     
  0.999517092270671     
  0.999529254292667     
  0.999536400813000     
  0.999548701709295     
  0.999559067938219     
  0.999564662496930     
  0.999572983675292     
  0.999577063076061     
  0.999531701208972     
  0.997262112395193     
  0.998857635504443     
   1.00036702316751     
   1.00013434666604     
  0.995956895972278     
  0.999810845635364     
  0.998218428444992     
  0.998827223077809     
  0.999521130317922     
  0.999651236172202     
  0.999676611379510     
  0.999092015231424     
   1.00054425961191     
  0.997203887959780     
   1.00042747901875     
   1.00000341907148     
  0.999716570870374     
  0.999703284181013     
  0.999701213982103     
  0.999715323840025     
  0.999725083503416     
  0.999788836600216     
