  0.999440304118274     
  0.999436114916258     
  0.999433221659832     
  0.999414951012729     
  0.999384366125247     
  0.999352190188743     
  0.999328948030667     
  0.999374318459988     
  0.999394779974748     
  0.999161233196289     
  0.993763126979698     
  0.992231035765670     
  0.997999274695511     
  0.999254766058092     
  0.999190020994385     
  0.998980820289523     
  0.994064613051441     
  0.923958933047708     
  0.832968366602495     
  0.883790451868330     
  0.975664665720481     
  0.987225614793230     
  0.990683590587583     
  0.997964767448367     
  0.999145274404345     
  0.999228728057051     
  0.999279718843046     
  0.999288479783704     
  0.999291357305715     
  0.999283966016648     
  0.999174265931219     
  0.999073026130967     
  0.999186323162010     
  0.999267011257804     
  0.999263495005270     
  0.999255601676903     
  0.999247281888885     
  0.999237365381057     
  0.999218508673783     
  0.999207794205700     
  0.999205448077516     
  0.999167451682837     
  0.999138041387742     
  0.999156415318445     
  0.999157267048733     
  0.999146052191242     
  0.999131698898463     
  0.999107681720092     
  0.999056397290806     
  0.998373807022942     
  0.995481308340979     
  0.994890007222730     
  0.997863902587947     
  0.998862836630753     
  0.993994278106470     
  0.972277425874033     
  0.969748736738008     
  0.984541360243662     
  0.988155734064789     
  0.995078156726292     
  0.998624330430025     
  0.998792995352709     
  0.998859998773023     
  0.998855723021246     
  0.998836602723930     
  0.998815635507438     
  0.998793604990635     
  0.998770460369205     
  0.998746564714817     
  0.998714913029157     
  0.998664175186843     
  0.998646467378430     
  0.998636354159602     
  0.998610139291939     
  0.998564929985628     
  0.998321762424910     
  0.998259075178608     
  0.997575641992972     
  0.995146777429208     
  0.995669424553706     
  0.997929653335465     
  0.998295972231462     
  0.998271768208790     
  0.998194602458760     
  0.998164867306259     
  0.998145990579066     
  0.997799984211046     
  0.996515881290392     
  0.996467852669908     
  0.997450359243252     
  0.997342288361375     
  0.996184142446463     
  0.994917314800411     
  0.993718932674996     
  0.995582559670076     
  0.997544529878868     
  0.997522687291474     
  0.997421833364661     
  0.997087774027874     
  0.996935259490049     
  0.997108308904215     
  0.997117134377936     
  0.997021313752317     
  0.996918288187206     
  0.996803046864709     
  0.996669880454603     
  0.996500301317838     
  0.996194355301828     
  0.996103071084498     
  0.996155944139646     
  0.996018271403997     
  0.995859141717273     
  0.995684957798504     
  0.995499031140094     
  0.995288096740335     
  0.995056083942678     
  0.994808221239556     
  0.994506121080163     
  0.994118197588170     
  0.993493288697103     
  0.987208343681509     
  0.906019964910498     
  0.809738058521613     
  0.891417662588908     
  0.982637457202407     
  0.991229135588342     
  0.989679873414197     
  0.953451934865193     
  0.880030880810436     
  0.906680712443625     
  0.955892966453855     
  0.931409340625961     
  0.950546897598497     
  0.982939978737649     
  0.985667996785410     
  0.984529015425541     
  0.981278397780164     
  0.948237874689984     
  0.912265457241880     
  0.929249043552593     
  0.900381331921893     
  0.838582197748611     
  0.832821447829348     
  0.916983778855066     
  0.964418128478335     
  0.963611839316959     
  0.956378465748968     
  0.948409034668446     
  0.946466539482951     
  0.939870957883507     
  0.933275287903082     
  0.926912241365354     
  0.907922757131760     
  0.853072487717251     
  0.827973269253550     
  0.863088686614120     
  0.867478367685299     
  0.849720965877069     
  0.836614551459659     
  0.837165526786155     
  0.849324840457463     
  0.863263082130213     
  0.872705158951333     
  0.874757641287555     
  0.866888793399023     
  0.845730121920860     
  0.807261799401553     
  0.743375317477004     
  0.640829278596991     
  0.536326869461013     
  0.496553278789173     
  0.523724880770987     
  0.592003260763947     
  0.676751268276393     
  0.750484775679307     
  0.800678690232364     
  0.831487180126307     
  0.853944171390429     
  0.872685030766898     
  0.889263677372808     
  0.905306246521978     
  0.920804895890033     
  0.933429247260884     
  0.942074354217094     
  0.949027085872057     
  0.955460866017824     
  0.960587872826841     
  0.964113295108446     
  0.967055581406028     
  0.969774844247495     
  0.972273858004242     
  0.974527663040505     
  0.976588082185761     
  0.978507436227307     
  0.980343127665936     
  0.982071365960582     
  0.983698280279866     
  0.985238320621120     
  0.986591659147442     
  0.987681888137123     
  0.987935376072171     
  0.988442984378787     
  0.989833392313888     
  0.990889112211645     
  0.991649597792428     
  0.992174088978191     
  0.992701200927295     
  0.993140164082510     
  0.993460651754390     
  0.993594299755926     
  0.993894496698042     
  0.994391211957654     
  0.994703176728329     
  0.994923861387717     
  0.995226849094401     
  0.995495147435082     
  0.995698244918978     
  0.995619509374473     
  0.991939216129895     
  0.988028835880248     
  0.991816170783753     
  0.995418061925292     
  0.996270621807753     
  0.996800004353080     
  0.996242959618146     
  0.992181838678203     
  0.992759067993785     
  0.996895284057042     
  0.997094585002539     
  0.996374843720373     
  0.996616162609279     
  0.997367340081455     
  0.997432934102069     
  0.997236101080535     
  0.996985375965355     
  0.991508555196461     
  0.945192758761615     
  0.897267798751067     
  0.921304308815115     
  0.979428732490658     
  0.996816970238767     
  0.997521462320158     
  0.997730395497360     
  0.997687565790613     
  0.997073639446487     
  0.980630643331177     
  0.859070524027005     
  0.755745245444039     
  0.757636784736154     
  0.835393718071046     
  0.959756311703102     
  0.997041171611576     
  0.997325309454790     
  0.997564114303398     
  0.998361954702420     
  0.998606742160074     
  0.998681915286181     
  0.998732764929311     
  0.998721037139918     
  0.998619690581912     
  0.998444630690326     
  0.998214155003000     
  0.998543945827073     
  0.998925088579018     
  0.998963180389073     
  0.998917166899891     
  0.998942921565936     
  0.999037911676893     
  0.999069718461343     
  0.999090258087031     
  0.999110036554030     
  0.999128664072223     
  0.999109228350973     
  0.998934337512671     
  0.998882016903083     
  0.999080555220445     
  0.999181527219687     
  0.998943983830190     
  0.998887284282284     
  0.999189026436037     
  0.999272645142166     
  0.999277215002692     
  0.999018612763933     
  0.998504705889560     
  0.998783033455964     
  0.999279901866723     
  0.999340337686270     
  0.999334244950660     
  0.999260764619482     
  0.999256213618130     
  0.999291347150676     
  0.999267721199947     
  0.999332923869746     
  0.999364261599264     
  0.999347610888119     
  0.999311328077059     
  0.999223135004264     
  0.998776827293683     
  0.990508960983013     
  0.968255518795230     
  0.971497969452473     
  0.990772161370615     
  0.973433194949708     
  0.946349072366419     
  0.966762227536865     
  0.994557540015176     
  0.998861468348744     
  0.999175971589049     
  0.999253968058496     
  0.999114041175740     
  0.990333606817262     
  0.942198121735469     
  0.924427882202840     
  0.966878127551899     
  0.991797195331852     
  0.998899710809682     
  0.999361837528452     
  0.999419639862159     
  0.999547039373276     
  0.999582890509593     
  0.999595714999898     
  0.999605880869857     
  0.999614632373561     
  0.999621405170012     
  0.999609413350885     
  0.999601628299362     
  0.999629722410959     
  0.999647373881834     
  0.999647821736973     
  0.999533837615242     
  0.999509087411735     
  0.999606467497575     
  0.999585957546243     
  0.999617107257716     
  0.999573382137300     
  0.999478543644604     
  0.999578689567405     
  0.999676582723505     
  0.999684601030125     
  0.999677437004928     
  0.999679579070578     
  0.999675135075469     
  0.999455562477786     
  0.998484887977343     
  0.998210006072656     
  0.999187997787762     
  0.999650833604078     
  0.999635457193117     
  0.998767435499627     
  0.997785426159264     
  0.998767803109507     
  0.999659256439720     
  0.999712855258136     
  0.999712824185119     
  0.999717947647432     
  0.999696513595044     
  0.999699136654039     
  0.999733804701988     
  0.999739456830426     
  0.999741644765181     
  0.999743353825041     
  0.999744662754542     
  0.999742000808385     
  0.999724508239146     
  0.999677685128751     
  0.997721244924201     
  0.991630068234623     
  0.993251888933558     
  0.998974274067864     
  0.999696581661047     
  0.999753322693027     
  0.999762545845038     
  0.999761151234402     
  0.999750935835223     
  0.999755431022863     
  0.999755938743670     
  0.999698365979008     
  0.999366403108857     
  0.999226130415721     
  0.999532649294235     
  0.999678417452565     
  0.999744639462065     
  0.999772747523008     
  0.999766167803302     
  0.999697940552447     
  0.999619553934226     
  0.997714867134624     
  0.987561519936726     
  0.979400052292398     
  0.969980609029999     
  0.967637129907273     
  0.987675760661233     
  0.999447480162171     
  0.999494874461590     
  0.998222872655413     
  0.996213027487145     
  0.997612315600328     
  0.999606502862764     
  0.999753186423937     
  0.999757228514668     
  0.999709895233437     
  0.997143949644018     
  0.968083237316763     
  0.943881804878139     
  0.974585521697628     
  0.998215504115586     
  0.999349073714980     
  0.999514901302133     
  0.999752189180445     
  0.999790099907675     
  0.999795820787700     
  0.999801484614816     
  0.999803697088462     
  0.999805593954100     
  0.999806035880083     
  0.999741951350415     
  0.999530058298294     
  0.999195204915982     
  0.999350356342576     
  0.999748411982924     
  0.999813388891225     
  0.999814608980373     
  0.999786849118514     
  0.999673812814229     
  0.999686007067206     
  0.999795744819692     
  0.999816855091152     
  0.999818853720178     
  0.999819356286496     
  0.999819574656691     
  0.999820064157144     
  0.999820447286485     
  0.999810380892602     
  0.999554907438700     
  0.999270303924483     
  0.999558570105833     
  0.999745174341165     
  0.999620027564500     
  0.999210903522783     
  0.998970122534209     
  0.999535770050416     
  0.999812476745655     
  0.999722392149033     
  0.995482706383971     
  0.992709979156893     
  0.997706447437439     
  0.999767980612364     
  0.999687517569447     
  0.999094912941212     
  0.998733438149326     
  0.999354998829441     
  0.999769158912131     
  0.999794451425924     
  0.999778994152900     
  0.999409384734159     
  0.993940658087339     
  0.987496638824966     
  0.993222405915157     
  0.999247377213689     
  0.997550304424189     
  0.986753566681573     
  0.986596298673344     
  0.997288579763151     
  0.999730750505224     
  0.999608176330466     
  0.998482375934478     
  0.998111989728393     
  0.999279968361326     
  0.999773360976128     
  0.999784325386244     
  0.999810670893819     
  0.999815659363336     
  0.999813529230624     
  0.999810428246580     
  0.999789584285500     
  0.999705331700395     
  0.999691296922377     
  0.999747349799650     
  0.999751317172777     
  0.999697330436174     
  0.998716558901954     
  0.984326326610960     
  0.947829694206527     
  0.943681957848144     
  0.980252288499255     
  0.993335327636888     
  0.976816148848231     
  0.973346068501059     
  0.989923116685836     
  0.998775089779683     
  0.998689885587982     
  0.998335905121721     
  0.999033900794136     
  0.999522325164844     
  0.995848780380242     
  0.940867136128312     
  0.906418518838530     
  0.965938340896494     
  0.998952829983756     
  0.999593129687763     
  0.999716875968805     
  0.999745824817573     
  0.999737018553699     
  0.999564709364715     
  0.999252454723890     
  0.998954433534551     
  0.998876798914814     
  0.999098495976219     
  0.987749376999905     
  0.922638721885567     
  0.895200864789021     
  0.961697995431153     
  0.990781819322711     
  0.951910089522334     
  0.921988712371485     
  0.960977591845960     
  0.993186383771469     
  0.984395204000374     
  0.977050630473551     
  0.988249967809009     
  0.984447873459464     
  0.955516892505648     
  0.955537566531728     
  0.985557016436703     
  0.998407679770192     
  0.999290194759976     
  0.999039736417272     
  0.994186423868648     
  0.969640696934647     
  0.934614600694098     
  0.945508085992525     
  0.984046425614881     
  0.997415918626610     
  0.994015890373958     
  0.989676687366052     
  0.993470304334143     
  0.998200109105557     
  0.993588540631720     
  0.989875183251682     
  0.987021939550135     
  0.974982104367028     
  0.982229495557220     
  0.997000293898175     
  0.999599466052933     
  0.999616478727245     
  0.999458644558848     
  0.999598679089885     
  0.999749376136007     
  0.999755293815648     
  0.999766835732959     
  0.999746651034054     
  0.999671763384235     
  0.999632380742464     
  0.999703643218435     
  0.999763817877811     
  0.999776433969877     
  0.999773339588157     
  0.999680918418973     
  0.999643573835155     
  0.999746355752915     
  0.999769680440273     
  0.999769506850647     
  0.999770620633633     
  0.999762269549639     
  0.999757165818285     
  0.999762964131101     
  0.999762818740517     
  0.999759990738069     
  0.999756220002939     
  0.999748822683032     
  0.999703721007014     
  0.999102704733396     
  0.994779264683227     
  0.993479100994197     
  0.996784803022992     
  0.982441717349975     
  0.966136997762274     
  0.982415545543811     
  0.998837175890108     
  0.999663345992608     
  0.999530857497962     
  0.994840301615321     
  0.975735882944051     
  0.970931614404710     
  0.990175401006603     
  0.999180931047971     
  0.999640673428872     
  0.999503445054925     
  0.999394180551492     
  0.999506673508701     
  0.999496706711278     
  0.996913994798684     
  0.996011206376403     
  0.996434839719181     
  0.995973538095960     
  0.998571045609934     
  0.999666146032017     
  0.999669206869278     
  0.999670852595284     
  0.999671956909709     
  0.999667568706718     
  0.999662509727858     
  0.999656321267825     
  0.999645311480513     
  0.999632322186423     
  0.999593791480154     
  0.999576336195463     
  0.999605570664698     
  0.999583437041909     
  0.999355715777004     
  0.999351629941239     
  0.999535116399240     
  0.999453773157345     
  0.999432258564015     
  0.999460647674470     
  0.998750950131257     
  0.992961230274232     
  0.984170241697979     
  0.990312305364868     
  0.998860509121588     
  0.999335064080979     
  0.998098513088098     
  0.996193193888055     
  0.996972541182094     
  0.993429420485759     
  0.974595279732427     
  0.943012422947993     
  0.871436329252760     
  0.900189055519924     
  0.988781037486186     
  0.999131405959608     
  0.999256042786000     
  0.999266399423856     
  0.999228118945753     
  0.999028055001455     
  0.994143623560306     
  0.957657577986764     
  0.935195358909375     
  0.973297297553741     
  0.995899513806940     
  0.993030601638056     
  0.994053610885223     
  0.998311108242481     
  0.999137266569601     
  0.999145822300573     
  0.999124625036141     
  0.999102857498008     
  0.999092036801242     
  0.999073606980918     
  0.999049218939490     
  0.999020884443527     
  0.998994976329746     
  0.998968027306637     
  0.998929144923566     
  0.998803275379848     
  0.998573203252741     
  0.998582583026512     
  0.998742453604148     
  0.998640020335777     
  0.998383968684731     
  0.998489507469372     
  0.998609736474930     
  0.998413438684274     
  0.998317123703468     
  0.998409243072831     
  0.998353915332288     
  0.996509204428939     
  0.991866973016053     
  0.988127133033195     
  0.970623941035232     
  0.964495442259276     
  0.986109148731212     
  0.991430633554097     
  0.983632188056768     
  0.987780367272620     
  0.991211042992136     
  0.990235910835975     
  0.993168827042003     
  0.995569849588106     
  0.997003998419719     
  0.997144025807211     
  0.997011397218541     
  0.996855158703578     
  0.996678161295085     
  0.996514535088400     
  0.996341082402377     
  0.996137103059096     
  0.995914367845174     
  0.995560129054114     
  0.992067873923125     
  0.988001506013918     
  0.991453518780372     
  0.994393787437551     
  0.994154781086973     
  0.993785707785690     
  0.993526730214764     
  0.993278696379377     
  0.992941223016175     
  0.992561153997159     
  0.992151584513383     
  0.991719555861770     
  0.991245641993753     
  0.990731732800415     
  0.990182662673539     
  0.989524900337674     
  0.988813885764367     
  0.988073492755691     
  0.986947660945129     
  0.983466546010513     
  0.978968013954146     
  0.979438966098109     
  0.982110949375344     
  0.982120592731994     
  0.980770484895916     
  0.979402967015330     
  0.978327148049587     
  0.977042109946340     
  0.975705092959002     
  0.974403515609648     
  0.973163360296015     
  0.972038025400534     
  0.970975872075390     
  0.969805385333844     
  0.968621656121065     
  0.968108058910465     
  0.968736146628985     
  0.969950754237033     
  0.971113874827919     
  0.972180213365232     
  0.973296528041803     
  0.974297654774569     
  0.975299582443549     
  0.976833168160910     
  0.978462145295191     
  0.979816131547564     
  0.981124849414232     
  0.982324120545098     
  0.983479848422960     
  0.984566335257150     
  0.985534714945371     
  0.986445188265817     
  0.987261273461024     
  0.988070899667332     
  0.988562494675374     
  0.988852714855173     
  0.989680740102167     
  0.990581593533479     
  0.991244585214895     
  0.989963528578837     
  0.983990489642158     
  0.983799311462477     
  0.989888142384987     
  0.992594607071954     
  0.993542342786688     
  0.993910412528463     
  0.994311919131914     
  0.994634377049997     
  0.994925475961361     
  0.995108825429857     
  0.994846689553856     
  0.988399990000344     
  0.977183603124696     
  0.982742973122901     
  0.994165818270293     
  0.996427602808606     
  0.996717081412238     
  0.996895159450982     
  0.996746159336374     
  0.994885005461298     
  0.994025471770574     
  0.996208434686657     
  0.997455072382636     
  0.997593369536227     
  0.997745582914331     
  0.997883586972214     
  0.997972888098475     
  0.998054263642514     
  0.998131017883485     
  0.998203136867228     
  0.998269980549662     
  0.998332974105901     
  0.998350157833231     
  0.998336778671019     
  0.998442634787310     
  0.998551650678867     
  0.998600096517184     
  0.998645493301712     
  0.998666922895875     
  0.998303803952154     
  0.998215910040098     
  0.998685996864773     
  0.998834073786076     
  0.998865675174306     
  0.998893751287972     
  0.998919102136347     
  0.998941515712824     
  0.998960944018926     
  0.998976808527946     
  0.998987257413789     
  0.998975339424640     
  0.998880211936366     
  0.998805009118149     
  0.998626688012543     
  0.998550140780728     
  0.998721688883088     
  0.998630082805640     
  0.998270999860716     
  0.996972264645561     
  0.980930019776367     
  0.826487750161204     
  0.613438734223853     
  0.747463206957296     
  0.963631819174683     
  0.995495172929164     
  0.990307612042166     
  0.989210130924905     
  0.993481923326528     
  0.996496382750242     
  0.998889180618564     
  0.999128556988960     
  0.997935344566927     
  0.996114799257272     
  0.996933606804575     
  0.998663029671117     
  0.999286831429470     
  0.999412645997188     
  0.999431028060467     
  0.999481774801950     
  0.999517937341496     
  0.999527578603363     
  0.999470292541868     
  0.999052587563067     
  0.998559551016025     
  0.998954364541729     
  0.999483143917105     
  0.999546132228073     
  0.999592282101783     
  0.999621710967579     
  0.999630718344384     
  0.999638288866807     
  0.999644554256800     
  0.999649927939612     
  0.999653352783511     
  0.999652811642682     
  0.999639517277712     
  0.999232920898187     
  0.996586958169296     
  0.996050386180776     
  0.998492483171796     
  0.994834437873941     
  0.988734475748411     
  0.993157699455167     
  0.998721925568370     
  0.999481879239232     
  0.999676946635048     
  0.999706005182582     
  0.999708430561937     
  0.999666226317875     
  0.998312408715954     
  0.994004228868791     
  0.994663179212473     
  0.998870894432409     
  0.999713851389892     
  0.999744237834178     
  0.999752181270157     
  0.999761595145094     
  0.999766694587661     
  0.999753210674664     
