  0.999440619177688     
  0.999437505429621     
  0.999431634455106     
  0.999430559671414     
  0.999360183558954     
  0.999377228219788     
  0.999296047183559     
  0.999390903671044     
  0.999398365040802     
  0.999358084963578     
  0.995226695194926     
  0.989416621067207     
  0.999204823296524     
  0.999251296148253     
  0.999207741941550     
  0.999033612643735     
  0.998125915267183     
  0.948668762326745     
  0.783620559982990     
  0.890912868087854     
  0.986295909664099     
  0.987754338843871     
  0.989768924499130     
  0.999044590093041     
  0.999108120609099     
  0.999254481948396     
  0.999281358905416     
  0.999289245419749     
  0.999292058406857     
  0.999290302559380     
  0.999212256547824     
  0.998984568437101     
  0.999228643203282     
  0.999270430505870     
  0.999263851311953     
  0.999255772232577     
  0.999247544843347     
  0.999238470510120     
  0.999219393102863     
  0.999205016964245     
  0.999209127331449     
  0.999175902405217     
  0.999117494890431     
  0.999168884657795     
  0.999154444826990     
  0.999148243609176     
  0.999132367488488     
  0.999111600373389     
  0.999063430444430     
  0.998861149045720     
  0.995281472416248     
  0.993711426654783     
  0.998575023250012     
  0.998950549422710     
  0.997654424529454     
  0.968705325785837     
  0.967374187296898     
  0.987188129715214     
  0.985727304735109     
  0.996898115660385     
  0.998671017111943     
  0.998834712900242     
  0.998864680163849     
  0.998856799078935     
  0.998836992048368     
  0.998816039600082     
  0.998794104260866     
  0.998770777939253     
  0.998746883904931     
  0.998722028139751     
  0.998647803016284     
  0.998657936985106     
  0.998634203299264     
  0.998612485460412     
  0.998582924004990     
  0.998310154168182     
  0.998259100192441     
  0.998135762789461     
  0.994304066845547     
  0.995660690750868     
  0.998218698770278     
  0.998306282281801     
  0.998284059388932     
  0.998171411612531     
  0.998178898002579     
  0.998149672325531     
  0.998050083060840     
  0.996031233691188     
  0.996629556121060     
  0.997474425905290     
  0.997617104441801     
  0.996011560841721     
  0.995376209743426     
  0.992029558112639     
  0.996683938617168     
  0.997578149710837     
  0.997524876087128     
  0.997451294760317     
  0.997080889051736     
  0.996857245469449     
  0.997165772238666     
  0.997120457297798     
  0.997022553856997     
  0.996919851611231     
  0.996808306846019     
  0.996668506633518     
  0.996542324465505     
  0.996131592864000     
  0.996125249952595     
  0.996171135808925     
  0.996021639217043     
  0.995861582325159     
  0.995687609124385     
  0.995501187590332     
  0.995299809258617     
  0.995050699276301     
  0.994819018649951     
  0.994516450473764     
  0.994141182466599     
  0.993585076283900     
  0.991908687158859     
  0.932853154383698     
  0.749807031565069     
  0.912902246932753     
  0.989737075249845     
  0.991393525967854     
  0.990812929110789     
  0.972390557914421     
  0.849616260965397     
  0.908347769751441     
  0.975659764987674     
  0.912159564892333     
  0.955715539935827     
  0.986162465834606     
  0.985700495369667     
  0.984572279567878     
  0.983050184271926     
  0.959411647011785     
  0.886711218618665     
  0.953038521264660     
  0.883783890057225     
  0.862256174003927     
  0.789727311274098     
  0.941055006539620     
  0.966273586962057     
  0.963715612252047     
  0.959262209810990     
  0.943197901008420     
  0.949929015155721     
  0.939166170030373     
  0.933030707535091     
  0.928978278688611     
  0.911424469977562     
  0.856425986922399     
  0.807161159585532     
  0.876242113212944     
  0.868429141074361     
  0.849188728688572     
  0.834541589337596     
  0.835460237456920     
  0.849270386870334     
  0.863815622425712     
  0.873846893002132     
  0.875825506658456     
  0.868613069846576     
  0.848197288433547     
  0.809636114010343     
  0.749337335584707     
  0.643459099316718     
  0.525089294817631     
  0.486597390090265     
  0.517622720330350     
  0.590683111732008     
  0.678539798260664     
  0.753574262948564     
  0.803622308062205     
  0.832264341476338     
  0.854310661639480     
  0.873096540371582     
  0.889221936049531     
  0.905367078452274     
  0.921079463518791     
  0.934215492251147     
  0.942190104062962     
  0.949071188257030     
  0.955603588832049     
  0.960900907713016     
  0.964147445347107     
  0.967092180535056     
  0.969801943850549     
  0.972320542973936     
  0.974554539298795     
  0.976612720590051     
  0.978524078623365     
  0.980354376286727     
  0.982105133179484     
  0.983699293028625     
  0.985269759580839     
  0.986624053510453     
  0.987769849092444     
  0.988032558591837     
  0.987970191932607     
  0.990111362900839     
  0.990868068850213     
  0.991707126935263     
  0.992148285027838     
  0.992728291711009     
  0.993148020717413     
  0.993504089910616     
  0.993562991023122     
  0.993849027589933     
  0.994436618343385     
  0.994741449706597     
  0.994865218477731     
  0.995259109348472     
  0.995498981155084     
  0.995708277933747     
  0.995839580875081     
  0.993310661689547     
  0.984859986547133     
  0.993278532988027     
  0.995506177573686     
  0.996379232110491     
  0.996829984317086     
  0.996909332616494     
  0.991101384514272     
  0.992845950619714     
  0.997269543507574     
  0.997282522043747     
  0.996059020263410     
  0.996643384255608     
  0.997488455477853     
  0.997470771672569     
  0.997232832350108     
  0.997042778725144     
  0.995839898453334     
  0.951933706570476     
  0.877512707918200     
  0.912751849112128     
  0.991357584227677     
  0.997141229431305     
  0.997523382016497     
  0.997762454444366     
  0.997730554580826     
  0.997328206124908     
  0.994013068569172     
  0.870816856630155     
  0.715700249979444     
  0.771007124149526     
  0.808737563862292     
  0.987462810812948     
  0.997576851182239     
  0.997231289422268     
  0.997489296390717     
  0.998464607664393     
  0.998616348980974     
  0.998684416038622     
  0.998735640067581     
  0.998758294766064     
  0.998567175568396     
  0.998604399947027     
  0.997915964907065     
  0.998684201138286     
  0.998941515847119     
  0.998973519941508     
  0.998907754799870     
  0.998935622876301     
  0.999047903128859     
  0.999070104797865     
  0.999090595655381     
  0.999110373705299     
  0.999129230721939     
  0.999141467650131     
  0.998908550360480     
  0.998834698491453     
  0.999117071295515     
  0.999202832828360     
  0.998994572622660     
  0.998759704427135     
  0.999249670178633     
  0.999273222844404     
  0.999285329148222     
  0.999170328853391     
  0.998216212949470     
  0.998870876549141     
  0.999322491137688     
  0.999341592764440     
  0.999342430282473     
  0.999263361108049     
  0.999230006161617     
  0.999339846115688     
  0.999207843481366     
  0.999362510036931     
  0.999365942779829     
  0.999349927237352     
  0.999316693504543     
  0.999241363445436     
  0.999008026491293     
  0.995257038340255     
  0.961974607226703     
  0.969223120242408     
  0.996024624954186     
  0.979378523004496     
  0.933062278800859     
  0.969472775448444     
  0.997596024939262     
  0.998934426078253     
  0.999203683754657     
  0.999267658271490     
  0.999209562446829     
  0.997135122700775     
  0.941018464286055     
  0.908805169103506     
  0.973950078735799     
  0.994212508692417     
  0.999328661514931     
  0.999375766058374     
  0.999395802148614     
  0.999564384774990     
  0.999583589617343     
  0.999596072782224     
  0.999606194284405     
  0.999614827259573     
  0.999622437281317     
  0.999616748022615     
  0.999584712335130     
  0.999638575992706     
  0.999647542468142     
  0.999652742960151     
  0.999561007064672     
  0.999457870407443     
  0.999649804864569     
  0.999542056814113     
  0.999642022180842     
  0.999619094089731     
  0.999372017122745     
  0.999633053834951     
  0.999678783430070     
  0.999687243039175     
  0.999672500693307     
  0.999683232807584     
  0.999681437598794     
  0.999589608183934     
  0.998451691124619     
  0.997858590234991     
  0.999405406793257     
  0.999676039879644     
  0.999660580651982     
  0.999198025493658     
  0.996867543660846     
  0.999188173501800     
  0.999692547566239     
  0.999717012313624     
  0.999706795959799     
  0.999724656525256     
  0.999694425621375     
  0.999695768240973     
  0.999737023767322     
  0.999739366559323     
  0.999741896985726     
  0.999743380051679     
  0.999744697478396     
  0.999745302977202     
  0.999722891928304     
  0.999694607655874     
  0.999175382970050     
  0.989152302216035     
  0.993648521065966     
  0.999587953544406     
  0.999696665258816     
  0.999758478546294     
  0.999762777498373     
  0.999764841186917     
  0.999742604288768     
  0.999761398712589     
  0.999757189243027     
  0.999738736168641     
  0.999394761277114     
  0.999062377368633     
  0.999622617783743     
  0.999658372079569     
  0.999764096562197     
  0.999773462989787     
  0.999770153287583     
  0.999720773668649     
  0.999579533687644     
  0.999342286532688     
  0.986252708403817     
  0.981691525934391     
  0.970391320236403     
  0.957205133566508     
  0.995008508255883     
  0.999663737373698     
  0.999510640728206     
  0.998974508492749     
  0.994558062578728     
  0.998399614977088     
  0.999681740248229     
  0.999766438913241     
  0.999759997160709     
  0.999727519890209     
  0.999329151221217     
  0.975615795952901     
  0.923350746309519     
  0.984261920118425     
  0.999442941264073     
  0.999224301254938     
  0.999554352530075     
  0.999777367898875     
  0.999791622168971     
  0.999794756135514     
  0.999802283604064     
  0.999803698182132     
  0.999805631490471     
  0.999807375136995     
  0.999780585969386     
  0.999558660107067     
  0.999053662729755     
  0.999359840529793     
  0.999801976155506     
  0.999813860985271     
  0.999814808528104     
  0.999810557541483     
  0.999633996466003     
  0.999689993677225     
  0.999806904753592     
  0.999817679364004     
  0.999818971679513     
  0.999819243563792     
  0.999819780716069     
  0.999819738436022     
  0.999820825621090     
  0.999819855114424     
  0.999675841002833     
  0.999009379369005     
  0.999680805816875     
  0.999794446487724     
  0.999576557321160     
  0.999463494316788     
  0.998484268084448     
  0.999767401881525     
  0.999815061830818     
  0.999787097499563     
  0.997804865962682     
  0.988469618961097     
  0.999489696354021     
  0.999782506847273     
  0.999746244863164     
  0.999169317534244     
  0.998409772579958     
  0.999511325553574     
  0.999793770300669     
  0.999797234865232     
  0.999781076445033     
  0.999713435004547     
  0.996008926402929     
  0.982853972817357     
  0.995098731219091     
  0.999668550536919     
  0.999324589097884     
  0.985015513418104     
  0.984676309316331     
  0.999137325167099     
  0.999780907948312     
  0.999760054771654     
  0.998515221124378     
  0.997614095796726     
  0.999583109173281     
  0.999791034629602     
  0.999773980686665     
  0.999816392121207     
  0.999815682466045     
  0.999813624940389     
  0.999810516421118     
  0.999805091975348     
  0.999679731877730     
  0.999696084677946     
  0.999750087923718     
  0.999757878164365     
  0.999710606000200     
  0.999419435298009     
  0.990511310612799     
  0.942430858008689     
  0.933607348444040     
  0.987810538805298     
  0.997259953569265     
  0.974616373782443     
  0.967326908849969     
  0.994058850186716     
  0.999326427373484     
  0.998868992228615     
  0.997771376889576     
  0.999315551707399     
  0.999610211191105     
  0.999040324580354     
  0.957015687365158     
  0.865008462623426     
  0.987515097158995     
  0.999473772812483     
  0.999576245078559     
  0.999734302529225     
  0.999747300696648     
  0.999745755051692     
  0.999638006885420     
  0.999163858352417     
  0.999033809157084     
  0.998691143070342     
  0.999316412562975     
  0.996892414644978     
  0.923180360875311     
  0.866752111705140     
  0.979210730368423     
  0.996925951953065     
  0.956059195418812     
  0.901581242291392     
  0.969177385569664     
  0.997564597302560     
  0.985322474935668     
  0.971102540512087     
  0.991678866553131     
  0.991047000155760     
  0.948961693950027     
  0.948940214650278     
  0.991448454169922     
  0.999038667522318     
  0.999328061956168     
  0.999223562895455     
  0.996756637486020     
  0.975443947457144     
  0.923593320631734     
  0.940522711077007     
  0.991106952463757     
  0.998415537316417     
  0.995040323873710     
  0.986928152085002     
  0.994077782280887     
  0.999279498574264     
  0.994989271982420     
  0.986391340568134     
  0.992790957472179     
  0.968026827847982     
  0.983130662758822     
  0.998725147457511     
  0.999691580340139     
  0.999674734569299     
  0.999338649556522     
  0.999645927405321     
  0.999766931560915     
  0.999743618063376     
  0.999775193868387     
  0.999748272472872     
  0.999684355656259     
  0.999595348927811     
  0.999713051493350     
  0.999772212542258     
  0.999776430370718     
  0.999776005147111     
  0.999714080916741     
  0.999583458344234     
  0.999771096449538     
  0.999768196391555     
  0.999770207800477     
  0.999770649450414     
  0.999765097950899     
  0.999751733634396     
  0.999764954061161     
  0.999762604611462     
  0.999759855496826     
  0.999756230876102     
  0.999749711577054     
  0.999734210789269     
  0.999454855340222     
  0.995191019072164     
  0.991490061884992     
  0.998852004398168     
  0.989241823295254     
  0.950966757393110     
  0.989138625849240     
  0.999585484895734     
  0.999672962086385     
  0.999622831037162     
  0.997912063852397     
  0.974392580081551     
  0.964171206056665     
  0.994615597641845     
  0.999548763054809     
  0.999664046012277     
  0.999522794768417     
  0.999308583933416     
  0.999525602212435     
  0.999672417896457     
  0.997492658051172     
  0.994677544200316     
  0.998068146104939     
  0.994071850179495     
  0.999479373499443     
  0.999666675915708     
  0.999668802042017     
  0.999672072310023     
  0.999671855350473     
  0.999667154299172     
  0.999662158110144     
  0.999656595419547     
  0.999645419527245     
  0.999633000726333     
  0.999599391883878     
  0.999556513398910     
  0.999616067235353     
  0.999612476140508     
  0.999320465085176     
  0.999337761642583     
  0.999573861739190     
  0.999437016042708     
  0.999414284780575     
  0.999504451886120     
  0.999141384057471     
  0.995019228597839     
  0.978818267366018     
  0.992727254434492     
  0.999338178277126     
  0.999411695929899     
  0.998562738060367     
  0.995302367995833     
  0.997156182763010     
  0.997806104626966     
  0.967064084417327     
  0.970793235429275     
  0.833597856409751     
  0.904841525228793     
  0.998055203740209     
  0.999175587359522     
  0.999263873004792     
  0.999270580916679     
  0.999236142874650     
  0.999115462798535     
  0.997824763907554     
  0.962483971428963     
  0.915129591801482     
  0.983743443399400     
  0.997920427348295     
  0.991748168062721     
  0.993775640114553     
  0.998915219163392     
  0.999148877548224     
  0.999145587861848     
  0.999127916675473     
  0.999094863326311     
  0.999093713221662     
  0.999072376208704     
  0.999049000679021     
  0.999017444004905     
  0.998994959019397     
  0.998967020652028     
  0.998932533491342     
  0.998839668187256     
  0.998515088931505     
  0.998558759433989     
  0.998772672533297     
  0.998739845742742     
  0.998164404416991     
  0.998603485565816     
  0.998628004682563     
  0.998419672408416     
  0.998250694123947     
  0.998447989245365     
  0.998384088873688     
  0.997738189792050     
  0.989729682870435     
  0.992162559731480     
  0.969961378538729     
  0.956124150342166     
  0.991919785337474     
  0.993854397358353     
  0.979430591251116     
  0.989115342458480     
  0.992519467132789     
  0.987773981788783     
  0.994056043333999     
  0.995480901056246     
  0.997216707953235     
  0.997142843477654     
  0.997008337030728     
  0.996857181622647     
  0.996662975905514     
  0.996515593855730     
  0.996337998502068     
  0.996133340026181     
  0.995909767465820     
  0.995662954619130     
  0.993631845329656     
  0.984635864146100     
  0.993012979062609     
  0.994502849209108     
  0.994158290794617     
  0.993739283136653     
  0.993530648135297     
  0.993278088866751     
  0.992934349359991     
  0.992554138432174     
  0.992139461168314     
  0.991712857949209     
  0.991238780786441     
  0.990712461495813     
  0.990192289167871     
  0.989504418213793     
  0.988800007233388     
  0.988068503169686     
  0.987181286829304     
  0.983983034288217     
  0.977858632292940     
  0.979067607337640     
  0.982726236439741     
  0.982134047863292     
  0.980833687377900     
  0.979231975012608     
  0.978362663143002     
  0.976985221176059     
  0.975683730978291     
  0.974345058102782     
  0.973095065363462     
  0.971980887759566     
  0.970947098387133     
  0.969771281063049     
  0.968489976077671     
  0.967864899191872     
  0.968621958382900     
  0.969922605564365     
  0.971081823423144     
  0.972123926545274     
  0.973251880907821     
  0.974304225302049     
  0.975104343675374     
  0.976831122003988     
  0.978474781244777     
  0.979768185918711     
  0.981120702092338     
  0.982288809598813     
  0.983468014796408     
  0.984559135952474     
  0.985510428323526     
  0.986449636558198     
  0.987225021219593     
  0.988062694582230     
  0.988731813564304     
  0.988515431510831     
  0.989819069296839     
  0.990553315595500     
  0.991311355952305     
  0.991048017157153     
  0.982969228535791     
  0.982634119178796     
  0.990500370773629     
  0.993005736870154     
  0.993452189927774     
  0.993949363149776     
  0.994298401512844     
  0.994630439946260     
  0.994930307880948     
  0.995105359927753     
  0.995191413918810     
  0.991176241818494     
  0.971974477188903     
  0.983353788401172     
  0.995523180311257     
  0.996470459759800     
  0.996718436786730     
  0.996899282470720     
  0.996970039110542     
  0.995078137839625     
  0.992972630067492     
  0.996769067788625     
  0.997495099929512     
  0.997584000359324     
  0.997749919853441     
  0.997884203525531     
  0.997970161822985     
  0.998051710215001     
  0.998128632555357     
  0.998200755704117     
  0.998267705549233     
  0.998330915462003     
  0.998382444673469     
  0.998262540481097     
  0.998477021697895     
  0.998550707700031     
  0.998598339393170     
  0.998643639474186     
  0.998685966964486     
  0.998377586916009     
  0.998033811732636     
  0.998773270415798     
  0.998833477190789     
  0.998864281556817     
  0.998892466116469     
  0.998917927171857     
  0.998940484365797     
  0.998959872895611     
  0.998976118442410     
  0.998987010613402     
  0.998986416297236     
  0.998884464068741     
  0.998788330596833     
  0.998673906324987     
  0.998447997904742     
  0.998791840892415     
  0.998652006727122     
  0.998323440421439     
  0.997523948496362     
  0.989826477927735     
  0.876962951694439     
  0.517246670028856     
  0.755851806600420     
  0.991375023286264     
  0.996923009187833     
  0.989395317877324     
  0.988246586765852     
  0.993785713744549     
  0.996747232412766     
  0.999137974353120     
  0.999155626463002     
  0.998556633511230     
  0.995003029803223     
  0.997149723973775     
  0.998823838593422     
  0.999342341441201     
  0.999423123359275     
  0.999420508644977     
  0.999487082656932     
  0.999519157494227     
  0.999529318397166     
  0.999510727526357     
  0.999125914018030     
  0.998323509018949     
  0.999016881092747     
  0.999548120833203     
  0.999515350578410     
  0.999607023322270     
  0.999621553824141     
  0.999630452020168     
  0.999637938114386     
  0.999644279726444     
  0.999649769957193     
  0.999653388258718     
  0.999653393001697     
  0.999644745808087     
  0.999554345558407     
  0.996534526241569     
  0.995224741076680     
  0.999256130334681     
  0.996731856883249     
  0.984780155645389     
  0.994612114347483     
  0.999094250414284     
  0.999517540219443     
  0.999690126467371     
  0.999707097959565     
  0.999710081079625     
  0.999695542867114     
  0.999192898853114     
  0.992774892952477     
  0.994376395727860     
  0.999477111961383     
  0.999727117266212     
  0.999747006961036     
  0.999748839378263     
  0.999763308343782     
  0.999767048307511     
  0.999765132772098     
