  0.999436160765680     
  0.999430127772413     
  0.999420008935391     
  0.999401353732783     
  0.999383819395739     
  0.999371118633893     
  0.999365824439559     
  0.999207959413212     
  0.998046590375680     
  0.997095827364114     
  0.996664241640218     
  0.996346302567547     
  0.996789004331728     
  0.997479581012026     
  0.996009435410041     
  0.977821051080329     
  0.951123096665110     
  0.932692761246664     
  0.924625828327994     
  0.926027751466438     
  0.938642056116635     
  0.962743952297631     
  0.986754875596281     
  0.994868989150284     
  0.996983627326990     
  0.998686794642780     
  0.999244179177836     
  0.999267976284560     
  0.999255480696870     
  0.999224471279932     
  0.999203546754534     
  0.999193332279813     
  0.999195832712248     
  0.999210206547363     
  0.999236238225990     
  0.999250913243686     
  0.999242605601722     
  0.999232117721360     
  0.999221059494574     
  0.999204153568817     
  0.999187544945258     
  0.999173616240404     
  0.999162573535205     
  0.999152475727290     
  0.999144439978850     
  0.999135725484722     
  0.999112587606861     
  0.998849841406420     
  0.998126824679955     
  0.997558108821329     
  0.997256049711747     
  0.997149812007643     
  0.995632884310217     
  0.991129407013935     
  0.987160878319056     
  0.983763857204340     
  0.982183664014109     
  0.983252953637457     
  0.986603687551095     
  0.992309163027510     
  0.995847732268505     
  0.997773665422570     
  0.998743561666527     
  0.998826178810637     
  0.998828408703371     
  0.998811683102895     
  0.998789925812050     
  0.998764417845219     
  0.998735244270544     
  0.998706365334555     
  0.998678153966866     
  0.998652234332150     
  0.998616276914718     
  0.998548155486100     
  0.998479435193481     
  0.998168960904514     
  0.997552457397677     
  0.997101764224193     
  0.996888331639422     
  0.996924219876188     
  0.997155544752908     
  0.997603067252204     
  0.998104377753886     
  0.998205477543779     
  0.998066834634321     
  0.997752301757541     
  0.997467830081420     
  0.997271540071421     
  0.997086120384241     
  0.996822061396747     
  0.996368316836000     
  0.995972543539729     
  0.995660550946655     
  0.995667692696666     
  0.995957139450319     
  0.996413011258572     
  0.996926410257182     
  0.997285298302171     
  0.997211840857928     
  0.997126750124531     
  0.997065039686242     
  0.997013331563632     
  0.996976405671564     
  0.996897601471100     
  0.996764468085531     
  0.996600555229532     
  0.996453902738007     
  0.996317932412716     
  0.996187737411782     
  0.996064262661874     
  0.995947164449384     
  0.995828107411808     
  0.995658422536060     
  0.995465715381940     
  0.995254324144326     
  0.995015610657578     
  0.994734921415793     
  0.994346831948863     
  0.991319412090560     
  0.970247573524312     
  0.940503653436919     
  0.921140156015739     
  0.913778904015699     
  0.918962865524257     
  0.935610618974321     
  0.953979567455454     
  0.957552261126399     
  0.947099339092378     
  0.935160040633678     
  0.927021178275920     
  0.929431963995899     
  0.942759221281914     
  0.959963457881097     
  0.968319499563607     
  0.974882517086462     
  0.973683397277093     
  0.963368139419176     
  0.950219653591269     
  0.931634540554241     
  0.905700001403029     
  0.886399383157980     
  0.883131875830014     
  0.891039035245933     
  0.904789743567890     
  0.926609132865003     
  0.946286370674669     
  0.954900386574310     
  0.950999663827663     
  0.945149216620309     
  0.938693393281527     
  0.928919212790517     
  0.910424945885522     
  0.891502376933629     
  0.876221779577349     
  0.863677640046709     
  0.854192149843881     
  0.849142061021394     
  0.849444571955677     
  0.848634572255131     
  0.847989345762747     
  0.852179689710458     
  0.859163022027296     
  0.864382348746709     
  0.863189070147137     
  0.851635624910797     
  0.824830247929380     
  0.777632751097227     
  0.714147711107869     
  0.646956433499300     
  0.593291947430522     
  0.567739232450094     
  0.574125802114667     
  0.610216965456507     
  0.668203421981153     
  0.728687826532079     
  0.780881372820921     
  0.820346205289244     
  0.848727713222519     
  0.870161221027624     
  0.888130461254267     
  0.903965535933283     
  0.917833096300268     
  0.929780905281844     
  0.939800639945366     
  0.947788524324350     
  0.954034006339232     
  0.959068042786022     
  0.963219200237845     
  0.966626083554976     
  0.969462261592055     
  0.971973116028240     
  0.974261709751928     
  0.976377916176277     
  0.978344413715308     
  0.980185363840648     
  0.981917969840437     
  0.983531031734323     
  0.984980571777532     
  0.986150466788721     
  0.987189106667904     
  0.988131055666617     
  0.988890989524770     
  0.989734584416629     
  0.990564605973771     
  0.991391917474295     
  0.992076875930638     
  0.992591449860096     
  0.992994514893648     
  0.993357792439454     
  0.993686823900756     
  0.993989062771347     
  0.994289545357596     
  0.994608348464899     
  0.994927372403168     
  0.995195339085666     
  0.995312076400523     
  0.994554778092282     
  0.993470248192766     
  0.992778290011454     
  0.992583890503129     
  0.992936650956174     
  0.993719974472153     
  0.994745377709069     
  0.995198486793993     
  0.995020872982651     
  0.994901247902302     
  0.994981783045358     
  0.995251841844359     
  0.995862015405235     
  0.996742742718325     
  0.996976790349897     
  0.997026027987367     
  0.997060407578061     
  0.994966686866937     
  0.983350976656795     
  0.966737448140246     
  0.955582513368640     
  0.951963367739587     
  0.953719186757156     
  0.961610028276239     
  0.976515294563098     
  0.991665567763839     
  0.997085501898416     
  0.990102458248896     
  0.960094162995820     
  0.917659534896353     
  0.872336166723141     
  0.846242337767481     
  0.845794639989157     
  0.865996490806221     
  0.907775920311826     
  0.952526658633821     
  0.984046556298467     
  0.997287854097223     
  0.998122709315472     
  0.998358524115680     
  0.998571598143243     
  0.998657976944000     
  0.998615736134169     
  0.998549944181343     
  0.998526434181581     
  0.998550669210383     
  0.998620099585654     
  0.998718853856685     
  0.998838433981783     
  0.998946543305638     
  0.998982776910456     
  0.999012565576004     
  0.999045239826830     
  0.999081621714701     
  0.999092436757876     
  0.999066413277876     
  0.999038946398221     
  0.999029184257747     
  0.999031025687754     
  0.999003882975228     
  0.999008352901243     
  0.999050854581338     
  0.999087676996030     
  0.999123276478398     
  0.999103326162881     
  0.999044031564850     
  0.998990957600939     
  0.998965536661977     
  0.998992631977097     
  0.999066121175244     
  0.999176213613237     
  0.999284464927205     
  0.999291203614271     
  0.999281613065932     
  0.999284473316544     
  0.999297946389456     
  0.999316493025700     
  0.999321451449456     
  0.999303605792229     
  0.999098902218987     
  0.996605015415294     
  0.991015599110959     
  0.986512676840116     
  0.983407587978953     
  0.977672158566694     
  0.971426045081472     
  0.970282066500436     
  0.973341382337930     
  0.976592471613640     
  0.982004029832939     
  0.990545061818489     
  0.997454266333401     
  0.995927934059931     
  0.984564827905465     
  0.972816861313367     
  0.965244418897388     
  0.963302495748504     
  0.966960580145291     
  0.976269029243729     
  0.989568315971382     
  0.997239597207111     
  0.999222129683678     
  0.999501355941072     
  0.999546251200300     
  0.999584071162290     
  0.999602803704417     
  0.999607586892323     
  0.999610792977598     
  0.999614981536642     
  0.999621291645412     
  0.999624891281897     
  0.999608739160253     
  0.999598412934185     
  0.999587900489623     
  0.999573140791112     
  0.999577697104703     
  0.999570985370269     
  0.999570836000807     
  0.999570836866046     
  0.999581431493640     
  0.999599372502716     
  0.999620777828863     
  0.999652978034388     
  0.999674791347359     
  0.999608354505573     
  0.999375356016881     
  0.999150670275489     
  0.999027153246596     
  0.999007716640216     
  0.999071956807141     
  0.999032186871574     
  0.999000754302968     
  0.998962065488105     
  0.998920559178625     
  0.998984865105155     
  0.999164881570862     
  0.999454317095760     
  0.999683859948729     
  0.999709172564631     
  0.999711439379853     
  0.999716073996222     
  0.999723651813893     
  0.999730455354018     
  0.999739281250520     
  0.999741388192666     
  0.999737793472968     
  0.999710882700009     
  0.999076455604650     
  0.997670288607487     
  0.996670050711950     
  0.996212075531696     
  0.996306058171052     
  0.996930606322424     
  0.998087031820189     
  0.999417605738936     
  0.999739942182273     
  0.999754402224724     
  0.999755910642610     
  0.999733040178015     
  0.999649488200512     
  0.999573315446632     
  0.999523155753759     
  0.999504428113076     
  0.999527407008799     
  0.999591382966872     
  0.999683596708470     
  0.999725391620897     
  0.999709347444258     
  0.998989534426615     
  0.996570845213658     
  0.992640468357412     
  0.986379537466344     
  0.981233566951047     
  0.979404329937087     
  0.981020564849050     
  0.985284583744138     
  0.990173207446127     
  0.995165837179555     
  0.998128282592504     
  0.998259755200239     
  0.998383152290472     
  0.998684442986180     
  0.999180294599516     
  0.998460860557593     
  0.991263334436194     
  0.982818967042478     
  0.977727482822976     
  0.976133592850753     
  0.978259084883983     
  0.983789177123003     
  0.992546841954154     
  0.998741202690385     
  0.999639751883812     
  0.999715415171771     
  0.999778341857933     
  0.999798857574516     
  0.999801730168075     
  0.999786758171304     
  0.999723198650748     
  0.999618572163539     
  0.999550693397633     
  0.999525796688704     
  0.999543172425019     
  0.999600070012468     
  0.999681065671656     
  0.999750715055254     
  0.999760391951499     
  0.999752018068613     
  0.999753920021408     
  0.999764540738397     
  0.999784875482530     
  0.999810648960422     
  0.999818641761910     
  0.999819516324394     
  0.999813377361169     
  0.999746773846457     
  0.999664741512125     
  0.999614023984626     
  0.999579958864462     
  0.999556286575442     
  0.999469850077107     
  0.999424846437208     
  0.999428925499540     
  0.999431770619152     
  0.999408134759339     
  0.998520459079349     
  0.997646462874580     
  0.997278058045349     
  0.997075597611504     
  0.997236104303790     
  0.997867658028446     
  0.998784254523473     
  0.999344858259532     
  0.999331858294291     
  0.999381923248284     
  0.999497671937986     
  0.999493719074509     
  0.998172745150208     
  0.996242036361279     
  0.995017400912671     
  0.994552812502864     
  0.994132409615366     
  0.992859716003299     
  0.992836531065859     
  0.993400781808912     
  0.993615228951007     
  0.994470747687296     
  0.996067689650093     
  0.998259511719301     
  0.999042643286949     
  0.999052752183759     
  0.999141925980502     
  0.999349298659511     
  0.999641485818873     
  0.999794525112891     
  0.999806925599643     
  0.999804230431611     
  0.999786097038241     
  0.999764983918423     
  0.999748372153653     
  0.999739516406836     
  0.999718089547267     
  0.999313422750172     
  0.995305372085353     
  0.985676250980315     
  0.976701875572038     
  0.971849208801046     
  0.970059663238223     
  0.969918253053346     
  0.974474868931919     
  0.982277112001748     
  0.986746264176450     
  0.988635751042784     
  0.991621332945332     
  0.995874040068665     
  0.998514109787095     
  0.996823641622006     
  0.983594584664335     
  0.970973090875996     
  0.963386720169387     
  0.961604066493116     
  0.965648708529626     
  0.974638168144555     
  0.989324834832907     
  0.999117123412040     
  0.999654246064493     
  0.999590063314538     
  0.999443645319523     
  0.999294402053192     
  0.999090699732249     
  0.994718505421787     
  0.979007905998325     
  0.963497167490331     
  0.954796565962608     
  0.950634205947585     
  0.945907777955353     
  0.946221380735995     
  0.956241673590322     
  0.963316688557812     
  0.964342163854388     
  0.969258915501993     
  0.979247959108472     
  0.983519833004183     
  0.978054155873058     
  0.973844186271261     
  0.974010463413273     
  0.976492018337079     
  0.980371924721847     
  0.986998473199936     
  0.993237610724856     
  0.989771010621824     
  0.978950378938802     
  0.970806520843255     
  0.967027364633476     
  0.967785533561536     
  0.972454579633729     
  0.981020029720004     
  0.990389172317841     
  0.994219546419678     
  0.993766188759767     
  0.993200429656021     
  0.991533983301418     
  0.988768461390201     
  0.986652803584790     
  0.986411613292059     
  0.988362663197455     
  0.991399290174843     
  0.995121199255381     
  0.998675895882637     
  0.999582937310627     
  0.999641383390837     
  0.999672441842366     
  0.999713497989627     
  0.999734009562521     
  0.999718836776346     
  0.999708149456316     
  0.999706298620750     
  0.999715054341917     
  0.999731723355598     
  0.999735372472364     
  0.999732818072208     
  0.999727540816686     
  0.999721166084367     
  0.999727691769731     
  0.999741387019329     
  0.999761023674770     
  0.999768002696114     
  0.999766562241827     
  0.999764692605308     
  0.999763302380839     
  0.999761620582355     
  0.999759632248043     
  0.999742087203743     
  0.999510760218807     
  0.998496300050143     
  0.997568943669298     
  0.996404514346642     
  0.991856792418379     
  0.987507513127433     
  0.985322078917216     
  0.985331731804269     
  0.986946866628494     
  0.989936917857936     
  0.993465735860499     
  0.993002577297675     
  0.989180175090124     
  0.986891274018024     
  0.986586200658164     
  0.988273375723359     
  0.991883156533620     
  0.996723320368462     
  0.999311298078120     
  0.999399698156705     
  0.998853833465997     
  0.998325525821879     
  0.997547918205808     
  0.996990065134469     
  0.996933408679410     
  0.997248415670792     
  0.997992405981626     
  0.998702660690620     
  0.999303676120031     
  0.999665906907404     
  0.999671791246082     
  0.999668984920868     
  0.999664209218138     
  0.999655759300041     
  0.999640569399511     
  0.999626556923895     
  0.999615981662568     
  0.999590029418167     
  0.999540965783566     
  0.999511529055972     
  0.999480969207251     
  0.999456567107001     
  0.999448219674973     
  0.999436369375360     
  0.999222569925304     
  0.997619684137867     
  0.995116999521367     
  0.993514362534344     
  0.992884561297767     
  0.993365327338557     
  0.994458050639544     
  0.996216278522028     
  0.997783814712785     
  0.996076938844399     
  0.991528419434938     
  0.977418212906474     
  0.954957998876863     
  0.941832270400455     
  0.937683540350553     
  0.941500156440839     
  0.955578012288717     
  0.974629172559055     
  0.994750560467309     
  0.999132848517555     
  0.997279196486230     
  0.988328317369447     
  0.978496829479291     
  0.972667591822762     
  0.970731183094029     
  0.972605915767902     
  0.978972652046199     
  0.989177792206352     
  0.995759503081261     
  0.996957983496316     
  0.997872944147902     
  0.998850641466497     
  0.999126445819692     
  0.999118705702092     
  0.999100192903491     
  0.999079784842419     
  0.999058347995217     
  0.999033881651560     
  0.999004583773460     
  0.998950600017385     
  0.998869907868943     
  0.998798694179229     
  0.998746259623542     
  0.998677373160410     
  0.998616500534816     
  0.998588530459521     
  0.998580731995969     
  0.998527261849387     
  0.998475892019679     
  0.998457036343823     
  0.998415794678545     
  0.997793693319226     
  0.996637663296218     
  0.994182883074347     
  0.988592272264090     
  0.983467918846599     
  0.980854370522592     
  0.979802073384458     
  0.980388910323457     
  0.983059126530706     
  0.987029968683133     
  0.989173361578670     
  0.989793860982381     
  0.991254555877355     
  0.993472013745004     
  0.994617539004178     
  0.995769002174287     
  0.996688405212263     
  0.996937069314383     
  0.996884230035315     
  0.996726296522408     
  0.996554133745245     
  0.996368817415403     
  0.996102064538918     
  0.995058077541506     
  0.993721518374985     
  0.992795387576034     
  0.992292275198940     
  0.992213698529273     
  0.992559305818924     
  0.993332430812819     
  0.993862176331810     
  0.993624915965536     
  0.993313069761153     
  0.992985907923290     
  0.992630913408525     
  0.992231195614273     
  0.991797190709695     
  0.991326088592078     
  0.990810028350700     
  0.990247541502722     
  0.989614989962449     
  0.988806993126770     
  0.987386564522475     
  0.985456217734935     
  0.983717652376710     
  0.982403560423528     
  0.981523309700512     
  0.981040206465736     
  0.980935973617330     
  0.980707562858356     
  0.979798303972352     
  0.978570358499941     
  0.977308456868462     
  0.976077666845320     
  0.974851995009905     
  0.973656139014974     
  0.972491826268188     
  0.971367341084823     
  0.970403955642533     
  0.969771553800751     
  0.969569090757535     
  0.969825680963305     
  0.970506790011883     
  0.971491219439557     
  0.972566072270029     
  0.973645647539047     
  0.974794892544691     
  0.976007456215469     
  0.977268163260694     
  0.978614196026400     
  0.979981144550685     
  0.981302335179325     
  0.982507832230186     
  0.983635475121914     
  0.984684832369377     
  0.985656391223851     
  0.986562126009246     
  0.987329920305374     
  0.988008596543383     
  0.988649884030618     
  0.989292056301253     
  0.989913174388195     
  0.990013923065271     
  0.989126300188581     
  0.988297676562606     
  0.987936613004525     
  0.988202081457166     
  0.989163119818878     
  0.990822373664282     
  0.992785891884060     
  0.993782218763332     
  0.994320588891710     
  0.994644026849377     
  0.994726658597479     
  0.993159775073324     
  0.990286738602104     
  0.988283700749921     
  0.987566798653957     
  0.988148390841903     
  0.990020937279552     
  0.993072701305282     
  0.995889146493758     
  0.996291290665528     
  0.995999797810093     
  0.995867795035049     
  0.995926170619226     
  0.996191168259914     
  0.996665991708474     
  0.997307427586402     
  0.997742180608702     
  0.997879029533684     
  0.997982594962218     
  0.998074980762436     
  0.998152688752748     
  0.998223836295301     
  0.998277338985342     
  0.998323252328220     
  0.998371176704448     
  0.998425282280946     
  0.998478421953670     
  0.998537025609443     
  0.998586444945087     
  0.998556268730670     
  0.998524696630424     
  0.998523039512522     
  0.998544317380995     
  0.998618897859786     
  0.998710827621784     
  0.998836191771891     
  0.998904138270401     
  0.998929593046030     
  0.998951238427346     
  0.998969216378371     
  0.998977406302680     
  0.998964253040351     
  0.998932777374726     
  0.998857836904656     
  0.998786664508937     
  0.998727432632872     
  0.998663430174213     
  0.998551562375414     
  0.998028061625278     
  0.991626167757126     
  0.950409122126053     
  0.887048321190543     
  0.842752061972431     
  0.826592026864891     
  0.837148503200523     
  0.869083480852173     
  0.927739043865582     
  0.979657275287337     
  0.993025571422965     
  0.993996588911827     
  0.995362338590030     
  0.996929531647585     
  0.997632348357645     
  0.997846708321767     
  0.997818827569325     
  0.997897834189450     
  0.998177633391693     
  0.998660867443241     
  0.999187476152843     
  0.999412620780866     
  0.999478001634765     
  0.999481757700913     
  0.999393375324296     
  0.999248858703556     
  0.999153424802647     
  0.999114549307784     
  0.999152262296824     
  0.999261531820515     
  0.999427392719789     
  0.999567956402097     
  0.999610278475263     
  0.999627669973203     
  0.999640812050585     
  0.999646988677184     
  0.999651243329817     
  0.999649046622827     
  0.999493043775603     
  0.998886268273568     
  0.998353114817688     
  0.997934229962409     
  0.996716145386043     
  0.995163603034082     
  0.994463105008158     
  0.994600927086635     
  0.995137222279296     
  0.996154363521456     
  0.997858915645588     
  0.999345056438335     
  0.999627676106888     
  0.999261008837811     
  0.998239306852986     
  0.997442087043894     
  0.997069752757540     
  0.997108135361606     
  0.997571927837576     
  0.998450350473214     
  0.999448232279882     
  0.999743509909676     
  0.999752547743735     
  0.999643339261919     
  0.999430002472480     
