  0.999435374031542     
  0.999428977543445     
  0.999418059161315     
  0.999400282986659     
  0.999385199840873     
  0.999373131712025     
  0.999366895213947     
  0.999040283747275     
  0.997941050482388     
  0.997220016065935     
  0.996835839510078     
  0.996465439879183     
  0.996835920329824     
  0.997417539995916     
  0.993819185470934     
  0.974212434543423     
  0.951097068630300     
  0.935516749103604     
  0.928474353737330     
  0.929581273001281     
  0.940077471670299     
  0.960263436714823     
  0.983785007012749     
  0.994486090611500     
  0.996848861847344     
  0.998423421273468     
  0.999233371564666     
  0.999262139784974     
  0.999249625849221     
  0.999224596830435     
  0.999206962974517     
  0.999198017059367     
  0.999198977591666     
  0.999210068587653     
  0.999231179946655     
  0.999248282917650     
  0.999242101541958     
  0.999232030148898     
  0.999220215045173     
  0.999203187909121     
  0.999187631096546     
  0.999174145251575     
  0.999162956198372     
  0.999152942372052     
  0.999143895346327     
  0.999133343883520     
  0.999100021905087     
  0.998748669839709     
  0.998086704772238     
  0.997608524217333     
  0.997353654157796     
  0.997171910631499     
  0.994973326947575     
  0.990762729096283     
  0.987179647473651     
  0.984302406106058     
  0.983019509200005     
  0.983878130491206     
  0.986679084119291     
  0.991728447540463     
  0.995659635286360     
  0.997538577986594     
  0.998659591300963     
  0.998822264974523     
  0.998825569167439     
  0.998810720720833     
  0.998789300060827     
  0.998762892723962     
  0.998734690714198     
  0.998705793232328     
  0.998678286945129     
  0.998652473348132     
  0.998608953810565     
  0.998544632540920     
  0.998466421248062     
  0.998087017020503     
  0.997531607347905     
  0.997153226577791     
  0.996969024773710     
  0.996993196265204     
  0.997186876359655     
  0.997554785722776     
  0.998031855305140     
  0.998195923038078     
  0.998024256362255     
  0.997735895478499     
  0.997481121585407     
  0.997295017772232     
  0.997088513695682     
  0.996809064451900     
  0.996304296595667     
  0.995976250812707     
  0.995729961007540     
  0.995789443617176     
  0.996044768416242     
  0.996380021535571     
  0.996847940452720     
  0.997236631062825     
  0.997215963320876     
  0.997132904298319     
  0.997069461780454     
  0.997010494404979     
  0.996964498120770     
  0.996892393689723     
  0.996754852748910     
  0.996597935303634     
  0.996454587423599     
  0.996321235635631     
  0.996190256856938     
  0.996064479061300     
  0.995941055346496     
  0.995817981397839     
  0.995654235269398     
  0.995460966482418     
  0.995248868260018     
  0.995007783670884     
  0.994721021923321     
  0.994272596327802     
  0.989237072085779     
  0.966338218446282     
  0.940636144183513     
  0.924380181915753     
  0.918153057277553     
  0.922418136361915     
  0.935430813615296     
  0.947624146559903     
  0.954579484022208     
  0.948332934865655     
  0.936607894153829     
  0.929334646299394     
  0.931222361204900     
  0.942334132277875     
  0.958948214606775     
  0.968457804133582     
  0.973010733072466     
  0.971257299243410     
  0.963260855611653     
  0.949499954413120     
  0.930636256210288     
  0.905283708401256     
  0.888675661847244     
  0.885823513180335     
  0.894147984677068     
  0.906075153669868     
  0.924742700259918     
  0.942935923936772     
  0.953688036600241     
  0.951041921580422     
  0.945173125688283     
  0.938381385808085     
  0.927189452804643     
  0.909246802011011     
  0.891920649982255     
  0.877443108741232     
  0.865088427250479     
  0.855050538666905     
  0.849042734264951     
  0.848583378307338     
  0.849534482562536     
  0.849165403391658     
  0.852704428946681     
  0.858770740461087     
  0.863151337647487     
  0.861358854479770     
  0.849247257669612     
  0.821306063310076     
  0.773719398202715     
  0.712357402103550     
  0.649143765377499     
  0.599263763381945     
  0.575663186448158     
  0.580971257216460     
  0.613599727926904     
  0.667910216138932     
  0.726387281148359     
  0.778322516663747     
  0.818501931703130     
  0.847641022176449     
  0.869687378169905     
  0.887840848996491     
  0.903656320492746     
  0.917450161319177     
  0.929371296699318     
  0.939442610264575     
  0.947495709955748     
  0.953826296355470     
  0.958888297097021     
  0.963077809629583     
  0.966527234584749     
  0.969408604642544     
  0.971928862106385     
  0.974223101031029     
  0.976344506039310     
  0.978316541245496     
  0.980161164287238     
  0.981893128754892     
  0.983501953146893     
  0.984924906601009     
  0.986104775064603     
  0.987163644186937     
  0.988127758159337     
  0.988895334223889     
  0.989735175364146     
  0.990548687227238     
  0.991350347629500     
  0.992055056783235     
  0.992567612233298     
  0.992982576693036     
  0.993351505491713     
  0.993685507339998     
  0.993988071372982     
  0.994288032773512     
  0.994603284847568     
  0.994917678738281     
  0.995187729475217     
  0.995207806697657     
  0.994375318127034     
  0.993475972391002     
  0.992912996175333     
  0.992782890952366     
  0.993099097445948     
  0.993766874648210     
  0.994465170341048     
  0.995026445725966     
  0.995063766577044     
  0.994988076635952     
  0.995049846878904     
  0.995313706331260     
  0.995826307794345     
  0.996625093623284     
  0.996987167431747     
  0.997026623025343     
  0.996979084497319     
  0.993633068294173     
  0.981325644288123     
  0.966743627010594     
  0.957454780191019     
  0.954561820270657     
  0.956071039128552     
  0.962587209555828     
  0.975040736755236     
  0.989739615365510     
  0.996493732829647     
  0.986266047507653     
  0.955971304737347     
  0.915013836967428     
  0.874697133878763     
  0.853557701714527     
  0.853886856786079     
  0.870895281466795     
  0.905563641810970     
  0.948584632205221     
  0.979793489093341     
  0.996344940904351     
  0.998115157468446     
  0.998344429438346     
  0.998538569693960     
  0.998643972363814     
  0.998602415350345     
  0.998553680155562     
  0.998540175091837     
  0.998567813184715     
  0.998627069591600     
  0.998717415368443     
  0.998826406651141     
  0.998937494486956     
  0.998983649971653     
  0.999013105100339     
  0.999044047094790     
  0.999077794124993     
  0.999085763013682     
  0.999061490782785     
  0.999040383639632     
  0.999035076033646     
  0.999030114963823     
  0.999004748130895     
  0.999011933891571     
  0.999051998893108     
  0.999091792879477     
  0.999121103214033     
  0.999081963200803     
  0.999031622702914     
  0.999003173390112     
  0.998984516472935     
  0.999008967582007     
  0.999068058070043     
  0.999160447345439     
  0.999269859058160     
  0.999290462408888     
  0.999284184266813     
  0.999287470001797     
  0.999298700643844     
  0.999313253846913     
  0.999317987908377     
  0.999292053072485     
  0.998923530247267     
  0.995846191621182     
  0.990725804947446     
  0.986925694528237     
  0.983644335744495     
  0.977323921466437     
  0.971722404727369     
  0.970790251240782     
  0.973960202775498     
  0.977549017323739     
  0.982191059756712     
  0.989543177299019     
  0.996528639831312     
  0.994380015432035     
  0.983409512413834     
  0.973195700895898     
  0.966875916147160     
  0.965336657770862     
  0.968351098258007     
  0.976057303913993     
  0.987888329190471     
  0.996596442849088     
  0.999038640265312     
  0.999495588737988     
  0.999543299653508     
  0.999579740747506     
  0.999601724962609     
  0.999606659703637     
  0.999610628864989     
  0.999615467922073     
  0.999622052241207     
  0.999621720566878     
  0.999606207677824     
  0.999599646658123     
  0.999589199884445     
  0.999574847905297     
  0.999578533043488     
  0.999568624694465     
  0.999567575125101     
  0.999574231601877     
  0.999585205405065     
  0.999602329118590     
  0.999620961380342     
  0.999648337143337     
  0.999668683426356     
  0.999578801448841     
  0.999354191034274     
  0.999165353426645     
  0.999063314063906     
  0.999046771219505     
  0.999073727246862     
  0.998985398117522     
  0.998971606286414     
  0.998987328537145     
  0.998968653383146     
  0.999020882973902     
  0.999170546542148     
  0.999413523312151     
  0.999660983923625     
  0.999709319524252     
  0.999711804738214     
  0.999716356066249     
  0.999723945511357     
  0.999729948490826     
  0.999737996339205     
  0.999740763317776     
  0.999736494908852     
  0.999676829949116     
  0.998861913126927     
  0.997624309844508     
  0.996787872622223     
  0.996407459264785     
  0.996488990531695     
  0.997012513338881     
  0.997975651521090     
  0.999234422150150     
  0.999729829671037     
  0.999752263524033     
  0.999755010351456     
  0.999721958798793     
  0.999642502431400     
  0.999576559430610     
  0.999533259815078     
  0.999517509883207     
  0.999537798730612     
  0.999591884973883     
  0.999669905467616     
  0.999718448793637     
  0.999679829883014     
  0.998661765717781     
  0.996246335331264     
  0.992216682580806     
  0.986198306223434     
  0.981882102987499     
  0.980408101645806     
  0.981847868713826     
  0.985457675444214     
  0.989783835913889     
  0.994463847701689     
  0.997861885415178     
  0.998351521814673     
  0.998463804095700     
  0.998704271914720     
  0.999085847411235     
  0.997569208222919     
  0.990180831913558     
  0.983105467569494     
  0.978797609533931     
  0.977461626127173     
  0.979222808535711     
  0.983836469025225     
  0.991352641251917     
  0.998055387988789     
  0.999619153574775     
  0.999708869699176     
  0.999769999629292     
  0.999797896638570     
  0.999800071928807     
  0.999781356179551     
  0.999708834148729     
  0.999618743559340     
  0.999562891495548     
  0.999542084839343     
  0.999556293412461     
  0.999603415789571     
  0.999669103228841     
  0.999735894038296     
  0.999761025186134     
  0.999755439571940     
  0.999757463462131     
  0.999766860580201     
  0.999783464199913     
  0.999806994303324     
  0.999818240050066     
  0.999819409109313     
  0.999806636652261     
  0.999735295380100     
  0.999666206010308     
  0.999622517315336     
  0.999588871830228     
  0.999553151468267     
  0.999458988152923     
  0.999425069512386     
  0.999447849659672     
  0.999454423309255     
  0.999301623212652     
  0.998391275559882     
  0.997671892457219     
  0.997483506368917     
  0.997267544767137     
  0.997282843598599     
  0.997841289200489     
  0.998612748958687     
  0.999341574147413     
  0.999359396993869     
  0.999400156552685     
  0.999491667728218     
  0.999328983528806     
  0.997899175350584     
  0.996255316097353     
  0.995234339013389     
  0.994817975692531     
  0.994006887500378     
  0.992758781267457     
  0.992758499389214     
  0.993572618844302     
  0.993945418655183     
  0.994620972523957     
  0.995917281234657     
  0.997907186205355     
  0.999035071908024     
  0.999093016071802     
  0.999169590876490     
  0.999341930759183     
  0.999599480241898     
  0.999783801178881     
  0.999806411525408     
  0.999800503393008     
  0.999784910113257     
  0.999764605031248     
  0.999750679640216     
  0.999742253341219     
  0.999708782959627     
  0.998985053890094     
  0.994120954913227     
  0.984982134269044     
  0.977431154259455     
  0.973300405289063     
  0.971103317755947     
  0.970447477470649     
  0.974255463011530     
  0.981681128580239     
  0.986945633414037     
  0.989048399274405     
  0.991552552861264     
  0.995289476910739     
  0.998142646912876     
  0.995099259735846     
  0.982100471533789     
  0.971602777514325     
  0.965097387233350     
  0.963795515345231     
  0.967335469772945     
  0.974665858174484     
  0.987076032834802     
  0.998304669731889     
  0.999637505277854     
  0.999572049614461     
  0.999436034123724     
  0.999305419534172     
  0.998919379677037     
  0.992710408601727     
  0.977338785050631     
  0.964280980802738     
  0.956968697999917     
  0.952067830098574     
  0.946290517201236     
  0.946303658401762     
  0.955396055928990     
  0.964075936423591     
  0.965386921844504     
  0.969402729450914     
  0.977838790570054     
  0.982133898165210     
  0.977967056912013     
  0.974478221995552     
  0.974775855785822     
  0.977459908691364     
  0.980995780335290     
  0.986435486545213     
  0.991424246601667     
  0.988085848227065     
  0.978744813240972     
  0.971942707429391     
  0.968789201951000     
  0.969263879663987     
  0.972896440281978     
  0.980205032249869     
  0.989255932405751     
  0.993870300086738     
  0.993788325617932     
  0.993071070553496     
  0.991006918574605     
  0.988758475430435     
  0.987224260007686     
  0.987034760311320     
  0.988699097362440     
  0.991509078517268     
  0.994725756885666     
  0.998241312637081     
  0.999547739737571     
  0.999644825549028     
  0.999673454376453     
  0.999705665742327     
  0.999727616012599     
  0.999719692861449     
  0.999711182233074     
  0.999710540562580     
  0.999717939534002     
  0.999729210530624     
  0.999730233698700     
  0.999732782194905     
  0.999730977880141     
  0.999723705838068     
  0.999728992494245     
  0.999741424276294     
  0.999757186969532     
  0.999768186619775     
  0.999767042661564     
  0.999765077989180     
  0.999763568630409     
  0.999761789056738     
  0.999759067942099     
  0.999733474379884     
  0.999380300063733     
  0.998404411274653     
  0.997616204324488     
  0.996021189085425     
  0.991394577053170     
  0.987752216211622     
  0.985930544567405     
  0.985976720131180     
  0.987518368837184     
  0.989980285624826     
  0.992183790212580     
  0.992186162620720     
  0.989496169315316     
  0.987608499374877     
  0.987365546471099     
  0.988748478719668     
  0.991734391467042     
  0.996048056774980     
  0.999086552538967     
  0.999298639852563     
  0.998807906578571     
  0.998294450760204     
  0.997558992725220     
  0.997084375206196     
  0.997057281160267     
  0.997318049496286     
  0.997935076602745     
  0.998681157867735     
  0.999203405548561     
  0.999647145112461     
  0.999672117456114     
  0.999669148143248     
  0.999664396624212     
  0.999655146950616     
  0.999640503818322     
  0.999627819387421     
  0.999617494273686     
  0.999583515011351     
  0.999541873835873     
  0.999514201558554     
  0.999479819389298     
  0.999458497649633     
  0.999453905586127     
  0.999424923463388     
  0.999081362769195     
  0.997264060686814     
  0.995133254993374     
  0.993774158541997     
  0.993234175609243     
  0.993650054054791     
  0.994455233389537     
  0.995917783642336     
  0.997522573473869     
  0.995488545184488     
  0.990708388090578     
  0.974504420208231     
  0.955075076051799     
  0.944598117555611     
  0.941265880369071     
  0.943952778783441     
  0.955967966557717     
  0.972858499850753     
  0.992035667274377     
  0.998972927733017     
  0.996214839927811     
  0.987174485823953     
  0.978856928326730     
  0.973944895664692     
  0.972163997669403     
  0.973661862878083     
  0.978966895011548     
  0.987880277333100     
  0.995309907137202     
  0.997002136753227     
  0.997794723565393     
  0.998719040963358     
  0.999115426216439     
  0.999120149993689     
  0.999101560402705     
  0.999081366769930     
  0.999059624377612     
  0.999035561040643     
  0.999004314523148     
  0.998945804552235     
  0.998870087720198     
  0.998805990733188     
  0.998754735513177     
  0.998679767725955     
  0.998620622991427     
  0.998590437981804     
  0.998581738062621     
  0.998534879017731     
  0.998482055458832     
  0.998457089228686     
  0.998377277174687     
  0.997638021392733     
  0.996505881386714     
  0.993617280873872     
  0.988243181363156     
  0.983923031619966     
  0.981589627682463     
  0.980281539060729     
  0.980797518422493     
  0.982973248661917     
  0.986507776030182     
  0.989242156621984     
  0.990022228164340     
  0.991251205702491     
  0.993357190359995     
  0.994622431035039     
  0.995641279390208     
  0.996601137483826     
  0.996894422390571     
  0.996886199055789     
  0.996731933329456     
  0.996559884292926     
  0.996373666049847     
  0.996032374447483     
  0.994908431119918     
  0.993742369869568     
  0.992931346194403     
  0.992470841307855     
  0.992350094305992     
  0.992588276768186     
  0.993194093363623     
  0.993797541004410     
  0.993637884857766     
  0.993324210990800     
  0.992994652501775     
  0.992639749297210     
  0.992242747740914     
  0.991809684809336     
  0.991337675844850     
  0.990821747481595     
  0.990260394518216     
  0.989624674394848     
  0.988752339202966     
  0.987267160456805     
  0.985441334246808     
  0.983845319394933     
  0.982600063576341     
  0.981695844656291     
  0.981107901880973     
  0.980866230754981     
  0.980628941880198     
  0.979818986415325     
  0.978615836151492     
  0.977360694983328     
  0.976130481836448     
  0.974919444365488     
  0.973724589429263     
  0.972560054261557     
  0.971448419158050     
  0.970521613935421     
  0.969928605923766     
  0.969740893515162     
  0.969979169196051     
  0.970621260193637     
  0.971563362245583     
  0.972621090783409     
  0.973714031245802     
  0.974872519585560     
  0.976082133517675     
  0.977331410421026     
  0.978660729338701     
  0.980009688706330     
  0.981325258969549     
  0.982535355993986     
  0.983659123284506     
  0.984705504032572     
  0.985676106911546     
  0.986574739653606     
  0.987334670278611     
  0.988023123326875     
  0.988676078112731     
  0.989324474369606     
  0.989908958199814     
  0.989826591214994     
  0.989018151094082     
  0.988387364178779     
  0.988171034887524     
  0.988456835271349     
  0.989325424335703     
  0.990774045400754     
  0.992598698059180     
  0.993726453706730     
  0.994306658952443     
  0.994642027221143     
  0.994569773434131     
  0.992743121468928     
  0.990241855695598     
  0.988619383232358     
  0.988054662467030     
  0.988574864299339     
  0.990159490507280     
  0.992768843337745     
  0.995500065249537     
  0.996207930267089     
  0.996028373501579     
  0.995944362280095     
  0.996014015792356     
  0.996254973189137     
  0.996666348258583     
  0.997237373654961     
  0.997717866084956     
  0.997882049036813     
  0.997983988862772     
  0.998076916693259     
  0.998156043130100     
  0.998226217921291     
  0.998278109235527     
  0.998325528565463     
  0.998375716095117     
  0.998431495825345     
  0.998483977533213     
  0.998539947136433     
  0.998573986158975     
  0.998548960482805     
  0.998535801158110     
  0.998534778625156     
  0.998555738325223     
  0.998628789262923     
  0.998711430025938     
  0.998822032541478     
  0.998904044755883     
  0.998931163934553     
  0.998952747608871     
  0.998970204107769     
  0.998975674700436     
  0.998962382574255     
  0.998926806542816     
  0.998855793147488     
  0.998791921171513     
  0.998733509722616     
  0.998661153899245     
  0.998526242389575     
  0.997725590402207     
  0.987543936614824     
  0.942208652272136     
  0.886948786597631     
  0.849027630472590     
  0.836562924931543     
  0.845370841515562     
  0.870773892129225     
  0.920599700373261     
  0.973297659817841     
  0.992723092524685     
  0.994158246893225     
  0.995334045853635     
  0.996658521785993     
  0.997526564285930     
  0.997824003049264     
  0.997902064629885     
  0.997975331847376     
  0.998211481656959     
  0.998620960757634     
  0.999126905985491     
  0.999395604900483     
  0.999474943210867     
  0.999470396048269     
  0.999372270803617     
  0.999250903137577     
  0.999174085072741     
  0.999140220653945     
  0.999173782960793     
  0.999269093682552     
  0.999411824849081     
  0.999553708525896     
  0.999609557465326     
  0.999626892023534     
  0.999640834158657     
  0.999647320831943     
  0.999651289329370     
  0.999644091263441     
  0.999409505856699     
  0.998839811985564     
  0.998386431453277     
  0.997907164360024     
  0.996569064134212     
  0.995206520662189     
  0.994611999599042     
  0.994770687597485     
  0.995342090207138     
  0.996218855842262     
  0.997652379102956     
  0.999186570431994     
  0.999588589786976     
  0.999109732918815     
  0.998186363664191     
  0.997524139084719     
  0.997220448682953     
  0.997245302931300     
  0.997634351318836     
  0.998373020619165     
  0.999315549258797     
  0.999730773757931     
  0.999743956287159     
  0.999611500825519     
  0.999425030372092     
