  0.999437234242551     
  0.999434653656624     
  0.999423145011770     
  0.999406713574795     
  0.999381247115801     
  0.999364298121095     
  0.999360030554346     
  0.999364011838503     
  0.998666045226266     
  0.996968290346856     
  0.996017222540636     
  0.995813060646099     
  0.996470086879125     
  0.997849924749825     
  0.998873455503712     
  0.989758736869606     
  0.955699586856430     
  0.923734310016867     
  0.910119202064679     
  0.913983825666072     
  0.937099176792585     
  0.973792675414435     
  0.991786281567563     
  0.995191022605534     
  0.997631422538032     
  0.999181357609103     
  0.999253687072167     
  0.999280835865808     
  0.999274826405181     
  0.999228686377842     
  0.999191127894645     
  0.999175944978581     
  0.999184637047219     
  0.999216354315951     
  0.999253037589848     
  0.999254114791136     
  0.999244424293959     
  0.999232597741223     
  0.999221710760897     
  0.999208140856065     
  0.999187960715339     
  0.999172196395781     
  0.999159897400770     
  0.999150881670734     
  0.999147028363262     
  0.999141898794024     
  0.999123220001733     
  0.999053121521614     
  0.998402776395505     
  0.997438218751169     
  0.996902759913742     
  0.996821875246536     
  0.996903935818563     
  0.993353798087839     
  0.987086720443559     
  0.981968429376594     
  0.979374304420487     
  0.981449943140552     
  0.987303723062500     
  0.993555547764503     
  0.996468279056526     
  0.998448475096536     
  0.998819923087216     
  0.998840594433661     
  0.998832601070697     
  0.998813382010696     
  0.998791297548704     
  0.998768132261959     
  0.998737928613277     
  0.998706850364042     
  0.998677153392534     
  0.998650649669963     
  0.998626816209716     
  0.998571322250017     
  0.998484263990719     
  0.998354063492817     
  0.997723386525692     
  0.996960076395240     
  0.996604935344509     
  0.996658726536864     
  0.997104867772651     
  0.997863784303061     
  0.998227242127535     
  0.998211675689412     
  0.998157727950006     
  0.997847794770001     
  0.997437302513444     
  0.997148038236988     
  0.997026795692059     
  0.996877832816171     
  0.996700946076970     
  0.995952453637063     
  0.995358815371726     
  0.995286636406067     
  0.995783730803584     
  0.996545934647615     
  0.997272490954624     
  0.997315466382115     
  0.997188242602868     
  0.997099093289396     
  0.997050448869671     
  0.997036539121891     
  0.997004567670880     
  0.996906099353556     
  0.996787549241019     
  0.996616453656589     
  0.996446534553138     
  0.996301630990861     
  0.996174052274087     
  0.996067261425083     
  0.995977026142836     
  0.995844355972237     
  0.995669751449326     
  0.995477439371862     
  0.995267722916764     
  0.995034257787042     
  0.994765248790724     
  0.994430405276780     
  0.993757220590236     
  0.983430783293373     
  0.944925939484438     
  0.910331764439535     
  0.897461773744719     
  0.907255066694221     
  0.938956773085776     
  0.974788703241775     
  0.966065428055184     
  0.942418424477811     
  0.929111096175839     
  0.920453958737145     
  0.925537306114887     
  0.946085483897727     
  0.959691728989400     
  0.968462377029868     
  0.980329125233683     
  0.980326904621482     
  0.964749560936604     
  0.950600012731233     
  0.932148162679002     
  0.909164622115108     
  0.882182574315283     
  0.873865490873199     
  0.879026644707217     
  0.903577453988038     
  0.933889126429721     
  0.956082804805527     
  0.956133544849674     
  0.950979703496421     
  0.944978835549258     
  0.939278357990955     
  0.932366782954671     
  0.916007544288724     
  0.891056693821226     
  0.871290145516483     
  0.858328222280151     
  0.852172729735237     
  0.852110159367149     
  0.851654100946064     
  0.845121384409761     
  0.844523320060479     
  0.850871487372777     
  0.860369416677292     
  0.867547331612669     
  0.867769434988915     
  0.857596267529810     
  0.833436264229888     
  0.788893297594345     
  0.720941766276453     
  0.642263622832798     
  0.576037020089158     
  0.544626193050151     
  0.555369535162368     
  0.602279658318059     
  0.670063261570303     
  0.735601946763172     
  0.787826376083051     
  0.825091433609476     
  0.851137455108762     
  0.871179013050819     
  0.888722516489937     
  0.904685863538657     
  0.918864005113563     
  0.930930066894245     
  0.940728213265292     
  0.948450785295166     
  0.954549065862460     
  0.959556660723467     
  0.963596666689400     
  0.966839510419250     
  0.969584977374124     
  0.972086193715847     
  0.974362115428684     
  0.976459999891028     
  0.978413212723133     
  0.980245503077829     
  0.981978130768731     
  0.983603089627498     
  0.985094388348784     
  0.986321177797838     
  0.987261140565330     
  0.988123661851770     
  0.988849278439339     
  0.989723332343461     
  0.990636881817866     
  0.991505234450723     
  0.992125783600374     
  0.992641892419730     
  0.993038798136027     
  0.993372984697549     
  0.993678405811001     
  0.993987130072608     
  0.994294158494708     
  0.994633612279395     
  0.994947576848888     
  0.995206605507750     
  0.995438088073799     
  0.995202228734273     
  0.993634009352719     
  0.992333916021403     
  0.991874446706469     
  0.992388667879031     
  0.993706114010551     
  0.995619985976724     
  0.995719668800269     
  0.994893568982282     
  0.994491947163540     
  0.994635884504782     
  0.995170551585169     
  0.996226766532930     
  0.996852224329137     
  0.996917420331538     
  0.997030961930812     
  0.997203377804713     
  0.996969887663294     
  0.989983096499446     
  0.969295258353126     
  0.949625602452655     
  0.942512017480164     
  0.945622185392639     
  0.960322472315611     
  0.983003297549043     
  0.996081680208370     
  0.997525128558709     
  0.996590932243815     
  0.976021284480565     
  0.926849470727912     
  0.867439685578387     
  0.822098446137280     
  0.818936767194969     
  0.855676869595402     
  0.917029070776114     
  0.965437002406308     
  0.994327684429544     
  0.997821206359937     
  0.998125917057381     
  0.998429216412090     
  0.998646922734789     
  0.998682010447893     
  0.998663473736642     
  0.998551365220952     
  0.998476834894803     
  0.998492026916454     
  0.998597636928468     
  0.998736810598396     
  0.998891590847659     
  0.998951286931917     
  0.998977334882068     
  0.999010856954073     
  0.999052735656328     
  0.999088061601853     
  0.999106249603947     
  0.999087941164976     
  0.999037565146374     
  0.999007189776178     
  0.999013397429493     
  0.999018475784762     
  0.999015029847247     
  0.999039783886444     
  0.999062418962574     
  0.999113614718297     
  0.999178773851626     
  0.999098625594567     
  0.998951925823794     
  0.998895299431089     
  0.998934463588981     
  0.999069169869572     
  0.999250051199816     
  0.999302941276318     
  0.999292720407787     
  0.999274218581164     
  0.999275724752251     
  0.999298014627196     
  0.999321157394435     
  0.999330837474320     
  0.999328608705808     
  0.999261065741402     
  0.998442649587019     
  0.992924138998503     
  0.985407638480767     
  0.981279803398652     
  0.978508797028378     
  0.972337902834130     
  0.969580171025233     
  0.969891013681816     
  0.973138182585013     
  0.982611362622957     
  0.994282001454001     
  0.998830705228962     
  0.998662974879753     
  0.990036049451225     
  0.972652757873476     
  0.959766663592507     
  0.956101661759617     
  0.962869774364807     
  0.979271448254740     
  0.994058416619618     
  0.998520282762806     
  0.999434339270374     
  0.999506178588453     
  0.999557687612302     
  0.999592567501819     
  0.999604342835275     
  0.999611299890381     
  0.999611462915910     
  0.999613272471751     
  0.999618482776730     
  0.999627006133362     
  0.999623392434749     
  0.999598726581910     
  0.999581273052247     
  0.999564484532432     
  0.999568458762399     
  0.999588938414433     
  0.999577600134878     
  0.999559872185249     
  0.999569775682478     
  0.999590037060801     
  0.999625670034380     
  0.999670358492791     
  0.999680069566258     
  0.999663695482235     
  0.999481576091045     
  0.999129023722347     
  0.998900186397101     
  0.998866926879997     
  0.999025197908967     
  0.999256137801622     
  0.999121327504325     
  0.998854407127506     
  0.998750284836348     
  0.998866504629543     
  0.999191980854140     
  0.999609817436756     
  0.999708211627063     
  0.999707841431926     
  0.999709022601837     
  0.999714447998080     
  0.999722273964453     
  0.999733411828430     
  0.999741192142025     
  0.999742790159101     
  0.999740798166993     
  0.999732079180633     
  0.999589425452049     
  0.998104308628459     
  0.996321225602308     
  0.995487100566608     
  0.995646776509792     
  0.996787946466932     
  0.998733298881969     
  0.999700612745781     
  0.999749423402370     
  0.999757540379287     
  0.999756564066008     
  0.999751473585962     
  0.999688391987731     
  0.999569504413310     
  0.999488397910781     
  0.999457078127150     
  0.999496207783985     
  0.999607000722026     
  0.999718201891253     
  0.999744401428709     
  0.999730774334342     
  0.999600804101657     
  0.997645075546264     
  0.993749541187304     
  0.987582075516788     
  0.979438449854238     
  0.976120480299666     
  0.978755959975392     
  0.984748037323851     
  0.992095874255506     
  0.997557113491275     
  0.998152570312117     
  0.997945099264600     
  0.998135264244161     
  0.998698299710824     
  0.999489117960452     
  0.999615763179042     
  0.995569309145412     
  0.983325483760926     
  0.974061617814392     
  0.971201265565260     
  0.974951295967204     
  0.985102717008240     
  0.996673757945475     
  0.999510404624705     
  0.999650870604831     
  0.999745410466980     
  0.999792893531078     
  0.999799832064495     
  0.999803058843935     
  0.999799906863590     
  0.999762042102688     
  0.999636905824866     
  0.999512641077730     
  0.999467525453967     
  0.999498388268160     
  0.999597749143057     
  0.999732659200949     
  0.999783393712281     
  0.999755505998764     
  0.999738736922764     
  0.999740548447949     
  0.999759932692255     
  0.999795872869362     
  0.999816708590691     
  0.999819099953239     
  0.999819610847188     
  0.999819626554153     
  0.999791565543277     
  0.999672855881981     
  0.999581164561616     
  0.999544581827223     
  0.999539950577579     
  0.999545674923126     
  0.999455181751686     
  0.999363175219650     
  0.999356741837108     
  0.999453988962324     
  0.999188569175557     
  0.997725614660586     
  0.996704779579641     
  0.996439630497844     
  0.996958220921895     
  0.998137013250723     
  0.999345924248466     
  0.999273321738522     
  0.999232100096149     
  0.999324912686248     
  0.999535972598386     
  0.999725124477102     
  0.999111510285706     
  0.996508374959927     
  0.994282678566849     
  0.993482471568011     
  0.994042431033320     
  0.994028523254301     
  0.993360163969533     
  0.992365281597114     
  0.992370284026450     
  0.994065702004074     
  0.997129778713088     
  0.999001171670001     
  0.998937965803771     
  0.998902800884703     
  0.999063976776445     
  0.999428545969264     
  0.999752557847130     
  0.999802500677273     
  0.999809111863471     
  0.999812314736157     
  0.999792984842960     
  0.999764372253282     
  0.999741209043845     
  0.999729718747273     
  0.999724702615574     
  0.999682521984344     
  0.998129707289597     
  0.989306988272259     
  0.975249238153911     
  0.966530463144137     
  0.965607886049922     
  0.969648357955105     
  0.977031927097656     
  0.983297935737676     
  0.984835248500918     
  0.987459630177300     
  0.992692765722656     
  0.997644312955919     
  0.998885088466507     
  0.998887870159422     
  0.991321762954391     
  0.970593049039676     
  0.956990490979091     
  0.953515870792131     
  0.960414811137734     
  0.977378467936457     
  0.996539123860434     
  0.999661474314281     
  0.999698956374840     
  0.999633875575882     
  0.999479593553281     
  0.999265387202427     
  0.999121124245635     
  0.998370425727141     
  0.986761941346788     
  0.962674530720089     
  0.946741401844089     
  0.943171436707357     
  0.946196983648431     
  0.951290546908437     
  0.957840962993335     
  0.957480370180714     
  0.961217522427010     
  0.971242071979170     
  0.983235915537776     
  0.985417802897633     
  0.979536838305439     
  0.972972244731462     
  0.971181101044669     
  0.972500131996724     
  0.978877522481659     
  0.989845804371755     
  0.997211105701325     
  0.994320942643476     
  0.981304673055131     
  0.967555778712030     
  0.960689394907512     
  0.962509936987991     
  0.972202987390969     
  0.985217067852006     
  0.992927387661111     
  0.994063518406100     
  0.993873843893630     
  0.993463584888747     
  0.993237858685102     
  0.989207492115521     
  0.984908213556432     
  0.984412587384534     
  0.987110048974965     
  0.991315486999605     
  0.996924769019676     
  0.999414621908271     
  0.999596981867348     
  0.999623572014130     
  0.999675537218297     
  0.999740366136921     
  0.999747661161278     
  0.999719198397554     
  0.999697842655425     
  0.999691740149699     
  0.999706846595672     
  0.999737247014059     
  0.999756058437454     
  0.999733837274369     
  0.999715892601291     
  0.999711394319814     
  0.999721419652197     
  0.999746703446783     
  0.999769789925593     
  0.999767439776376     
  0.999765250141571     
  0.999763378734726     
  0.999762205298213     
  0.999761662695521     
  0.999760335019941     
  0.999754020493019     
  0.999700829182325     
  0.998995692737372     
  0.997480053586915     
  0.996515296936544     
  0.994002972471252     
  0.987495936129014     
  0.983442670695684     
  0.982884513280875     
  0.984864209405281     
  0.990378337467980     
  0.997366461481027     
  0.995470552502874     
  0.988603402193452     
  0.984373000884866     
  0.983801942766107     
  0.986941138732691     
  0.993288166591316     
  0.998580367904050     
  0.999521309442151     
  0.999522996099559     
  0.999143602523719     
  0.998342167285420     
  0.997617961648915     
  0.996697801622281     
  0.996504211826921     
  0.997111998806921     
  0.998098916759877     
  0.998834255279936     
  0.999603804726765     
  0.999672207743611     
  0.999671329176110     
  0.999668761413501     
  0.999663724073048     
  0.999656170161663     
  0.999642889528336     
  0.999623616358193     
  0.999610023972901     
  0.999601623506212     
  0.999552259550653     
  0.999500246678064     
  0.999471982493006     
  0.999444096375532     
  0.999432492149107     
  0.999457685594099     
  0.999418075328866     
  0.998669002003297     
  0.995536468176823     
  0.992636861099799     
  0.991566610922035     
  0.992353541678198     
  0.994786533489749     
  0.997530279917967     
  0.997936843909442     
  0.997301014614339     
  0.992959736490440     
  0.985290086084354     
  0.958656689159476     
  0.933810238141264     
  0.925320197441093     
  0.933510568268994     
  0.954544729579923     
  0.984738818081162     
  0.998863357384764     
  0.999227332103458     
  0.998912747573142     
  0.993180889945864     
  0.978642315483944     
  0.968125676013472     
  0.965300872439258     
  0.969546733506594     
  0.980953005024288     
  0.993016011571246     
  0.995864769449608     
  0.996854202953417     
  0.998318429349076     
  0.999093478568289     
  0.999130701260605     
  0.999114570377210     
  0.999096343082729     
  0.999076391520798     
  0.999054939846022     
  0.999029574195325     
  0.999002228607795     
  0.998963415178220     
  0.998880250352608     
  0.998779722278075     
  0.998711252723299     
  0.998674627064675     
  0.998611541386976     
  0.998586669493101     
  0.998565388425521     
  0.998515229519886     
  0.998468594719267     
  0.998465906777906     
  0.998423633472620     
  0.998229294688613     
  0.996990213913094     
  0.995257894440826     
  0.990468709229500     
  0.982476851594683     
  0.978059313579672     
  0.978078886536642     
  0.979533195630020     
  0.984148711575068     
  0.988383688641866     
  0.988396629391750     
  0.989356218173931     
  0.991546605969889     
  0.993457427715212     
  0.994636569945965     
  0.996247972777633     
  0.996877277453228     
  0.997010156939307     
  0.996872355158608     
  0.996711331827670     
  0.996539187638094     
  0.996355465426251     
  0.996154660705293     
  0.995611336117516     
  0.993834660218014     
  0.992347086598273     
  0.991654820575265     
  0.991765667098623     
  0.992653743193207     
  0.993865235456263     
  0.993890673616703     
  0.993588326064989     
  0.993287634569459     
  0.992968405488559     
  0.992606047407296     
  0.992202015310637     
  0.991765023435295     
  0.991296288262313     
  0.990781896947889     
  0.990215646064098     
  0.989582228628411     
  0.988872044957788     
  0.987747580864910     
  0.985684110771247     
  0.983359816151540     
  0.981722775728141     
  0.980945289256531     
  0.980981123272494     
  0.981287196842090     
  0.980856697746121     
  0.979702793441391     
  0.978444415569424     
  0.977191269378094     
  0.975942532987079     
  0.974678369268259     
  0.973477543861843     
  0.972322312243673     
  0.971185917699117     
  0.970123487873694     
  0.969353097055435     
  0.969090448435535     
  0.969418676366928     
  0.970240276107704     
  0.971325162556691     
  0.972435219154679     
  0.973479394230887     
  0.974588382840185     
  0.975805003111522     
  0.977100088807620     
  0.978506929008254     
  0.979927637258395     
  0.981232511435982     
  0.982440241537673     
  0.983576254709125     
  0.984633226244682     
  0.985611429915282     
  0.986513947996560     
  0.987333681599548     
  0.987985238157979     
  0.988586914615645     
  0.989195830181354     
  0.989847435555764     
  0.990405091129281     
  0.989765492823571     
  0.988121052764987     
  0.987126129647082     
  0.987295680164879     
  0.988748764224729     
  0.991285734253555     
  0.993211303580091     
  0.993881031003593     
  0.994318469336408     
  0.994647083424689     
  0.994894121055820     
  0.994372330630026     
  0.990990746197291     
  0.987313136382219     
  0.985812202363259     
  0.986680737405359     
  0.989907441130255     
  0.994429583475079     
  0.996554144820889     
  0.996559002227669     
  0.995966862154182     
  0.995602827508080     
  0.995614374886346     
  0.996005532286506     
  0.996766124954237     
  0.997518907680421     
  0.997758863289062     
  0.997873635731650     
  0.997979966053594     
  0.998068117088545     
  0.998144288880165     
  0.998215939339755     
  0.998279464869709     
  0.998317836718200     
  0.998357960748927     
  0.998407353533851     
  0.998464905148809     
  0.998531425894025     
  0.998604134232725     
  0.998598183604044     
  0.998508610007101     
  0.998473291305508     
  0.998496197473768     
  0.998585852375259     
  0.998734882290741     
  0.998866058983230     
  0.998900665281678     
  0.998925565749275     
  0.998947520452851     
  0.998966177347779     
  0.998979635335172     
  0.998973464063523     
  0.998941600535407     
  0.998875412424695     
  0.998771204521880     
  0.998701765181052     
  0.998660733886568     
  0.998597552271892     
  0.998405202017715     
  0.996812068354409     
  0.976051352562244     
  0.899042807636393     
  0.821630764698427     
  0.791172237019826     
  0.809542046133732     
  0.871697241038327     
  0.954912122818670     
  0.990973792716263     
  0.992426358015143     
  0.993426927996231     
  0.995656904277826     
  0.997660054910124     
  0.998048019607185     
  0.997803240349827     
  0.997520921491275     
  0.997634723534305     
  0.998118250634320     
  0.998873990795643     
  0.999309692056024     
  0.999439523308448     
  0.999479613085438     
  0.999501650355517     
  0.999459560829242     
  0.999270628925303     
  0.999086361853521     
  0.999020994066519     
  0.999079838492617     
  0.999264332095756     
  0.999489577287056     
  0.999587528444723     
  0.999611217185499     
  0.999631079708179     
  0.999639843362862     
  0.999646145082694     
  0.999650858582873     
  0.999652447011639     
  0.999629967747961     
  0.999167347225966     
  0.998283908181179     
  0.997749131065441     
  0.997175251002585     
  0.995330838703183     
  0.994074583187533     
  0.993849887574492     
  0.994408195610754     
  0.996223832896943     
  0.998677782846429     
  0.999563958051950     
  0.999676204602232     
  0.999598712801881     
  0.998602576407815     
  0.997231329149690     
  0.996529481420165     
  0.996609355332104     
  0.997451075008393     
  0.998894672991860     
  0.999688296783051     
  0.999752499392083     
  0.999760197250183     
  0.999728542176195     
  0.999486945327113     
