  0.999439056673110     
  0.999436266521460     
  0.999431360078300     
  0.999410577684290     
  0.999385732848549     
  0.999350118624057     
  0.999348300341128     
  0.999365710364172     
  0.999382707444760     
  0.997908195304114     
  0.994662947094326     
  0.994140414603676     
  0.996459835315809     
  0.999168293363084     
  0.999165089006740     
  0.998627416525512     
  0.980492368070878     
  0.914239800268280     
  0.871972631299712     
  0.891086489869653     
  0.955252021720339     
  0.987329771461847     
  0.991897632420240     
  0.995988938030481     
  0.999093146584136     
  0.999220446247466     
  0.999272815249556     
  0.999287126662517     
  0.999289895029051     
  0.999263001356343     
  0.999169820044909     
  0.999127453000675     
  0.999170803608592     
  0.999251620093012     
  0.999262868400565     
  0.999255308792250     
  0.999246838613449     
  0.999234786978348     
  0.999220228945948     
  0.999210015126607     
  0.999196694005224     
  0.999168362735121     
  0.999150275802031     
  0.999149731661413     
  0.999155684161293     
  0.999144950613778     
  0.999129953217349     
  0.999102736922164     
  0.998976516012027     
  0.997723782291908     
  0.996076624504284     
  0.995849115052166     
  0.997261671612203     
  0.998140102906596     
  0.989265506378843     
  0.977098584576678     
  0.973876038094430     
  0.981168135164690     
  0.989419482531596     
  0.994103847320905     
  0.998033037961810     
  0.998790371241483     
  0.998847184373863     
  0.998851986857561     
  0.998835902897865     
  0.998814990453106     
  0.998792931762267     
  0.998769878414255     
  0.998745512172318     
  0.998707746562971     
  0.998672486426667     
  0.998646949783233     
  0.998632717637772     
  0.998608975199074     
  0.998508300293850     
  0.998370397735643     
  0.998191906383449     
  0.997046292341484     
  0.995876267852831     
  0.996043390756888     
  0.997449615148906     
  0.998253884522630     
  0.998256763966608     
  0.998206657212206     
  0.998166620163692     
  0.998113048488324     
  0.997507453570619     
  0.996828679746153     
  0.996715952822682     
  0.997195815873994     
  0.997070775469914     
  0.996287782293032     
  0.994749123923211     
  0.994506507308552     
  0.995566150346715     
  0.997171494943249     
  0.997516892881703     
  0.997359430756137     
  0.997127137398229     
  0.997018816874200     
  0.997055432172388     
  0.997098564190846     
  0.997019272328968     
  0.996915012433294     
  0.996797968202669     
  0.996665851048725     
  0.996449822476115     
  0.996251721948862     
  0.996135583277019     
  0.996105104936972     
  0.996015330003033     
  0.995854533729100     
  0.995681037129728     
  0.995492762243084     
  0.995281985960083     
  0.995052338041727     
  0.994794298540878     
  0.994488678925958     
  0.994075871971936     
  0.993037925845623     
  0.972105834751843     
  0.897276190133538     
  0.854419884800006     
  0.888883799704156     
  0.964848653591338     
  0.990327501445987     
  0.983728188327361     
  0.941561586140868     
  0.905163543060455     
  0.911468629233319     
  0.935983893307016     
  0.944228162185899     
  0.952485488023152     
  0.976075183428603     
  0.985318200165063     
  0.984370900608211     
  0.975208586602321     
  0.945494959405521     
  0.928183129623483     
  0.914118503604688     
  0.895464621143573     
  0.848206258688414     
  0.856091917814561     
  0.904452023305622     
  0.955875755532719     
  0.962807222899583     
  0.955858950416571     
  0.950393508156768     
  0.944881887566587     
  0.940294848172455     
  0.933510229289078     
  0.924509645144871     
  0.899009886827546     
  0.859218908034799     
  0.843612456927857     
  0.853396400069680     
  0.863867560029076     
  0.850663687834368     
  0.839458397186812     
  0.839558771995678     
  0.849563673369624     
  0.862341873624963     
  0.871238800340343     
  0.872810671883943     
  0.864282852071123     
  0.842351798856830     
  0.802491874204354     
  0.735028145610494     
  0.639845022059168     
  0.550236112464247     
  0.511485806262402     
  0.532750634549137     
  0.594537320890769     
  0.674465241385378     
  0.745592780421772     
  0.796776755466712     
  0.830001083344717     
  0.853230780066167     
  0.872238107264329     
  0.889187159705080     
  0.905206264934410     
  0.920215767384774     
  0.932566600132844     
  0.941771198451232     
  0.948928385533792     
  0.955183014316795     
  0.960233562980288     
  0.964011036499183     
  0.966999305756044     
  0.969722625225916     
  0.972218579285469     
  0.974480986828151     
  0.976550526374600     
  0.978484295542112     
  0.980314490967500     
  0.982043786632113     
  0.983678153663203     
  0.985191849449243     
  0.986544604613229     
  0.987474259011220     
  0.988032633254843     
  0.988671067658722     
  0.989702523874952     
  0.990857259935676     
  0.991582577799874     
  0.992181918404825     
  0.992675670287450     
  0.993120469385839     
  0.993408830752107     
  0.993636372198335     
  0.993944360298803     
  0.994335995449421     
  0.994683036187239     
  0.994945071633764     
  0.995212800028082     
  0.995483570827389     
  0.995671703106184     
  0.994901248080546     
  0.991635620780707     
  0.990053863060134     
  0.991545149775454     
  0.994690564358764     
  0.996233739011864     
  0.996669967879710     
  0.995170513714004     
  0.993354331858390     
  0.993621758834858     
  0.995853776876544     
  0.996906279837255     
  0.996623220984441     
  0.996742436708099     
  0.997165065984497     
  0.997391252820150     
  0.997240707203504     
  0.996545380076995     
  0.982269982931486     
  0.942788307925272     
  0.918970897876095     
  0.929562673522415     
  0.968307864751001     
  0.994543696462398     
  0.997465172260130     
  0.997675310400873     
  0.997596523271544     
  0.995694221955686     
  0.954784123961764     
  0.862968856070583     
  0.781546443730728     
  0.771449449537552     
  0.850585418841373     
  0.934860431928392     
  0.991618194928033     
  0.997412228710967     
  0.997715596709668     
  0.998196403581591     
  0.998580418638039     
  0.998677270268209     
  0.998721611769218     
  0.998692602980068     
  0.998622418275073     
  0.998402011651529     
  0.998360984800948     
  0.998539950493344     
  0.998855151188653     
  0.998941838928344     
  0.998934906812393     
  0.998960162695616     
  0.999018183901419     
  0.999068464843602     
  0.999089795569012     
  0.999109465991838     
  0.999124732096750     
  0.999066833991792     
  0.998960469423289     
  0.998944675668505     
  0.999054999763921     
  0.999099834963500     
  0.998986187860267     
  0.998979585687488     
  0.999117970277122     
  0.999266051901817     
  0.999234170731673     
  0.998928717295935     
  0.998704966762092     
  0.998817920300448     
  0.999179944278548     
  0.999333128101442     
  0.999316673938145     
  0.999276650305092     
  0.999269271878273     
  0.999269426401975     
  0.999293815399981     
  0.999319354308442     
  0.999356960468181     
  0.999343656523156     
  0.999301781634606     
  0.999180699783161     
  0.997572523168518     
  0.986486809878982     
  0.974350114944012     
  0.975296344560638     
  0.982301777336018     
  0.970486669410036     
  0.958036801901952     
  0.967427561307108     
  0.989145603774075     
  0.998433605674447     
  0.999134618446865     
  0.999225225524847     
  0.998173129128298     
  0.980410757924690     
  0.948859386125745     
  0.938909102941666     
  0.960928403750789     
  0.988840710208173     
  0.997561296931355     
  0.999346357452370     
  0.999438374366211     
  0.999519911024803     
  0.999580378301542     
  0.999595061099657     
  0.999605479707617     
  0.999614288196052     
  0.999617567503534     
  0.999609283923338     
  0.999610789274872     
  0.999625690600532     
  0.999645594227588     
  0.999619498915334     
  0.999554847823834     
  0.999543442764990     
  0.999565926663950     
  0.999604743172989     
  0.999602718732799     
  0.999554801407119     
  0.999528139582293     
  0.999571719993753     
  0.999661653125060     
  0.999680471007585     
  0.999680033337441     
  0.999679130815799     
  0.999646189570699     
  0.999269909160306     
  0.998634137398015     
  0.998520506880897     
  0.999029030649710     
  0.999570254315047     
  0.999479799217408     
  0.998674358081367     
  0.998297342164067     
  0.998680257144653     
  0.999504070080936     
  0.999705699267264     
  0.999715194920197     
  0.999709742985447     
  0.999702899016725     
  0.999707200721048     
  0.999725021294490     
  0.999739266720297     
  0.999741508392663     
  0.999743250434593     
  0.999744224738927     
  0.999738397442162     
  0.999720787465169     
  0.999441535367296     
  0.996414919365789     
  0.993581768166662     
  0.994149812923633     
  0.997699854364673     
  0.999646584878254     
  0.999740464114814     
  0.999761632564238     
  0.999758076970971     
  0.999754898955171     
  0.999754268546622     
  0.999749171210835     
  0.999624234173578     
  0.999409300023389     
  0.999343282586487     
  0.999473583824278     
  0.999672943093880     
  0.999734680996750     
  0.999767533141953     
  0.999753899962287     
  0.999694627755790     
  0.999453178759438     
  0.995468221077504     
  0.988485522387923     
  0.979364807554926     
  0.970719976457605     
  0.973378478764434     
  0.985124784543500     
  0.997348392282922     
  0.999320772410470     
  0.997888529279022     
  0.997131894908210     
  0.997680507661125     
  0.999224218553037     
  0.999735968940549     
  0.999750495087224     
  0.999507189824287     
  0.991313188794141     
  0.967782925856011     
  0.958010732030130     
  0.971128076928796     
  0.993771744926907     
  0.999352362427391     
  0.999529274475975     
  0.999700296203835     
  0.999786121047910     
  0.999796071608124     
  0.999800442381539     
  0.999803786079171     
  0.999805637911309     
  0.999795509799780     
  0.999717296372457     
  0.999480060729218     
  0.999322859262540     
  0.999413343340033     
  0.999654813325632     
  0.999806971174460     
  0.999811674443416     
  0.999759906237873     
  0.999705744819032     
  0.999709417893784     
  0.999772522258449     
  0.999814145741056     
  0.999818692550158     
  0.999819236942824     
  0.999819610460525     
  0.999820061208556     
  0.999819735962878     
  0.999763419652319     
  0.999528717145865     
  0.999419682832215     
  0.999519319411940     
  0.999681567364157     
  0.999580226923379     
  0.999223227188733     
  0.999182380334173     
  0.999424925844112     
  0.999775525055969     
  0.998927348133971     
  0.995676359967361     
  0.994742786108606     
  0.996584596791982     
  0.999570529525475     
  0.999573662133137     
  0.999129443870097     
  0.998980648392739     
  0.999277446766841     
  0.999696223548761     
  0.999790063337184     
  0.999751151694533     
  0.998406019906718     
  0.993322551607631     
  0.990591988823396     
  0.992945398187742     
  0.997865672143818     
  0.995093438797178     
  0.989340709007956     
  0.989265940577004     
  0.994897440068821     
  0.999428806224147     
  0.999359630299266     
  0.998644449980861     
  0.998505625926357     
  0.999060381657976     
  0.999697899534532     
  0.999791502090913     
  0.999804010130230     
  0.999815047114280     
  0.999813463527157     
  0.999809190716454     
  0.999770973697642     
  0.999723175044448     
  0.999708020981198     
  0.999734995759160     
  0.999742121293033     
  0.999621774478255     
  0.996379534029406     
  0.978627898528926     
  0.955076106691970     
  0.953338365385998     
  0.974288214734128     
  0.986970757060772     
  0.980072770515718     
  0.978770959110071     
  0.987353029776047     
  0.996874067254213     
  0.998692628277993     
  0.998667888673488     
  0.998944778639603     
  0.999197184106553     
  0.983999787621821     
  0.943667576487710     
  0.931446811137691     
  0.955550509499503     
  0.993563109264074     
  0.999585844139547     
  0.999691288168690     
  0.999741579037564     
  0.999705740430691     
  0.999528392103292     
  0.999264328570176     
  0.998987306552648     
  0.998984145052266     
  0.997781886968940     
  0.974326892407137     
  0.930021259478478     
  0.918979941256574     
  0.950766180888014     
  0.976693107364157     
  0.952920934935117     
  0.939328820840242     
  0.957980886469982     
  0.984342388365075     
  0.984892051416500     
  0.981885972702930     
  0.984782839897843     
  0.977923070620155     
  0.962584423365765     
  0.962720775835963     
  0.980724190173083     
  0.996219871699367     
  0.999167655985973     
  0.998295969937859     
  0.989608900568238     
  0.966153519653153     
  0.945982435714420     
  0.951795113774920     
  0.977389134040625     
  0.994235780772088     
  0.993671544809346     
  0.991908508580619     
  0.993619262101914     
  0.995896715235890     
  0.993807316226199     
  0.990789168456531     
  0.983809110747901     
  0.980130718172059     
  0.983633465373363     
  0.994108143747353     
  0.999294656693533     
  0.999579200634927     
  0.999535888365565     
  0.999593687741650     
  0.999718331837161     
  0.999760076605550     
  0.999758624223203     
  0.999735642515775     
  0.999678668039888     
  0.999659434092409     
  0.999698108983784     
  0.999755056414500     
  0.999774827410375     
  0.999753877312592     
  0.999692680413193     
  0.999679911495045     
  0.999719464097804     
  0.999768978823462     
  0.999770214249828     
  0.999768868446368     
  0.999763204755133     
  0.999760334928244     
  0.999761246541100     
  0.999762926548676     
  0.999760161020032     
  0.999755891786181     
  0.999746003751475     
  0.999641177474609     
  0.998191687564914     
  0.995438303920915     
  0.994882878400488     
  0.992588187687264     
  0.981066688699307     
  0.975125456632066     
  0.981386701082685     
  0.995686679635515     
  0.999605250096902     
  0.998934595679800     
  0.991076888414099     
  0.978966556535516     
  0.977002230341289     
  0.987009082132911     
  0.997669529597603     
  0.999575416695147     
  0.999508031841866     
  0.999461728039365     
  0.999505586454146     
  0.998838424657396     
  0.997309302177960     
  0.996435633049527     
  0.995931768242851     
  0.996918870075065     
  0.997996037818228     
  0.999540977599368     
  0.999670302583285     
  0.999671702181755     
  0.999671250207680     
  0.999668122952841     
  0.999663002918969     
  0.999655887835881     
  0.999646080007900     
  0.999626362742320     
  0.999598920182302     
  0.999589632435483     
  0.999597016846064     
  0.999518882520583     
  0.999415987535520     
  0.999403892612120     
  0.999455958240133     
  0.999474200689665     
  0.999450663340691     
  0.999349068561131     
  0.997845899860639     
  0.991677523846930     
  0.987949575873226     
  0.990596490267691     
  0.997088559732999     
  0.999081200673328     
  0.997869344452262     
  0.996869284374250     
  0.996582939832718     
  0.988776042804653     
  0.975095526552809     
  0.928014450939200     
  0.897861424393756     
  0.913476267077278     
  0.969218975663251     
  0.998476987431982     
  0.999240758502314     
  0.999258832174016     
  0.999206709370182     
  0.998559676594208     
  0.986859890844885     
  0.959617298563498     
  0.950407818872486     
  0.967866710187189     
  0.990868823655918     
  0.994216955741003     
  0.994782009079183     
  0.997425714103900     
  0.999047977956407     
  0.999143971726663     
  0.999126429473808     
  0.999107858462034     
  0.999091589950157     
  0.999075042643291     
  0.999050305020081     
  0.999023941650725     
  0.998997105594397     
  0.998968747337671     
  0.998916485332701     
  0.998775930276008     
  0.998634652173115     
  0.998619860930870     
  0.998693564783031     
  0.998592346242843     
  0.998484352077851     
  0.998489788160132     
  0.998544006143542     
  0.998440075900959     
  0.998370221613700     
  0.998375259812357     
  0.998098869363023     
  0.995596718953223     
  0.992716885137638     
  0.984646866160818     
  0.972861438476922     
  0.971424192605122     
  0.981726544216285     
  0.988604610147312     
  0.986809338917118     
  0.987315881868633     
  0.990220579928957     
  0.991460787382683     
  0.992856014681434     
  0.995377710148310     
  0.996682066118745     
  0.997123817624010     
  0.997015018558070     
  0.996857552317551     
  0.996690715201569     
  0.996520934402248     
  0.996344063326724     
  0.996143359995489     
  0.995915474198565     
  0.995003273534971     
  0.991684571872156     
  0.989943657778345     
  0.991090017340283     
  0.993818154842340     
  0.994156898990491     
  0.993828489513078     
  0.993542325257973     
  0.993274773755500     
  0.992950958374498     
  0.992573753047566     
  0.992167163317968     
  0.991731443644455     
  0.991258692883710     
  0.990750642785359     
  0.990185683341988     
  0.989542724180179     
  0.988837916713223     
  0.988055780559813     
  0.986482891025050     
  0.983173406455647     
  0.980179526239298     
  0.979925533656359     
  0.981496301077452     
  0.981937767907188     
  0.980818178766376     
  0.979533364714616     
  0.978310847447185     
  0.977098670490869     
  0.975773590432973     
  0.974480717657603     
  0.973254424849333     
  0.972124924899184     
  0.971026314957099     
  0.969869939735090     
  0.968833525768622     
  0.968432072730797     
  0.968929610569331     
  0.970007377805581     
  0.971166845531189     
  0.972267325025515     
  0.973339004480385     
  0.974348924502779     
  0.975502551911986     
  0.976895402732360     
  0.978448678849273     
  0.979865833667315     
  0.981144370679310     
  0.982363262814244     
  0.983508001090317     
  0.984578842065747     
  0.985563725463471     
  0.986455945103078     
  0.987295598093148     
  0.988045387879579     
  0.988521924661671     
  0.989017932560642     
  0.989698534993752     
  0.990579653463094     
  0.990972792394691     
  0.988742679458610     
  0.985386864890035     
  0.985237707622533     
  0.988962421220870     
  0.992346244760163     
  0.993476860656943     
  0.993921224823870     
  0.994311923615171     
  0.994642667695771     
  0.994912888938819     
  0.995082274679998     
  0.993730612257513     
  0.986786813360481     
  0.981388575993346     
  0.983845844034395     
  0.991992459918593     
  0.996192090249503     
  0.996709766331005     
  0.996866567286564     
  0.996342098308851     
  0.995081447157161     
  0.994819338472637     
  0.995889020968148     
  0.997258316030754     
  0.997614634450100     
  0.997747118811901     
  0.997876193548747     
  0.997976827897641     
  0.998058208974951     
  0.998134786699358     
  0.998206765583303     
  0.998273468506276     
  0.998330955104605     
  0.998341106393023     
  0.998372421851648     
  0.998443452294117     
  0.998544177457807     
  0.998602910775122     
  0.998647600575404     
  0.998573058007625     
  0.998367698343131     
  0.998361345258837     
  0.998582626888190     
  0.998823339301407     
  0.998867713533232     
  0.998895699973667     
  0.998920952665991     
  0.998943248415754     
  0.998962461689362     
  0.998977930563008     
  0.998986097272616     
  0.998957671053926     
  0.998889556019584     
  0.998781721062937     
  0.998645589816352     
  0.998620339064923     
  0.998650235093766     
  0.998586100719205     
  0.998155322164173     
  0.994993014847702     
  0.953010301240470     
  0.804048047803198     
  0.700764468370312     
  0.760225420084128     
  0.918312081707210     
  0.991389602179674     
  0.991480250276516     
  0.990544420203101     
  0.992912436379883     
  0.996502996598730     
  0.998369841303573     
  0.998898076290418     
  0.997704571998189     
  0.996808159096643     
  0.997105675068192     
  0.998397327411267     
  0.999184259970985     
  0.999393590161402     
  0.999442272264055     
  0.999478013510631     
  0.999513357432205     
  0.999520378919756     
  0.999395730232226     
  0.999013184022545     
  0.998781426475778     
  0.998975430791830     
  0.999374922179166     
  0.999553559391901     
  0.999586951743386     
  0.999619833181708     
  0.999631169194635     
  0.999638687760958     
  0.999645075078641     
  0.999650218159682     
  0.999653255991154     
  0.999651413692333     
  0.999603742480932     
  0.998650826632744     
  0.997064996977237     
  0.996828685630192     
  0.997132273898078     
  0.993989501374257     
  0.991398424526580     
  0.993139396927215     
  0.997685518598184     
  0.999419308522734     
  0.999642233445965     
  0.999703386315850     
  0.999703987097602     
  0.999486313077685     
  0.997449590038512     
  0.995202921523864     
  0.995457909171720     
  0.997994913382020     
  0.999620172447832     
  0.999741533962689     
  0.999753342671013     
  0.999760894947449     
  0.999765290613278     
  0.999692034291130     
