  0.999436700054580     
  0.999431998155836     
  0.999421659119961     
  0.999403274461841     
  0.999382405458394     
  0.999368554987836     
  0.999363655312041     
  0.999325824234727     
  0.998239875185270     
  0.997007703086350     
  0.996409938436556     
  0.996159664238914     
  0.996676375588342     
  0.997573256640237     
  0.997817320019042     
  0.982872993612169     
  0.952025281958324     
  0.929029514848865     
  0.919180139989858     
  0.921247439551633     
  0.937337158436213     
  0.966837600498208     
  0.989632743657596     
  0.995037722088923     
  0.997201064506762     
  0.998981998038282     
  0.999249045135510     
  0.999274044603662     
  0.999263476734459     
  0.999225239235845     
  0.999198744358593     
  0.999186827369904     
  0.999191368112597     
  0.999211497361557     
  0.999243469808438     
  0.999252868139874     
  0.999243289490358     
  0.999232284458354     
  0.999221605245180     
  0.999205696545963     
  0.999187547168306     
  0.999172987482997     
  0.999161756657325     
  0.999151869482512     
  0.999145275536985     
  0.999138644680317     
  0.999119311355008     
  0.998958971297458     
  0.998211464688123     
  0.997499417657440     
  0.997120490229575     
  0.997044123549951     
  0.996337480093720     
  0.991818334097467     
  0.987128011975825     
  0.983054841478886     
  0.981060479446967     
  0.982480794691764     
  0.986706430165989     
  0.992974856041239     
  0.996072653644798     
  0.998074456787910     
  0.998797014978285     
  0.998831498637311     
  0.998830531508251     
  0.998812546828943     
  0.998790554210571     
  0.998766336231745     
  0.998736124379890     
  0.998706848173392     
  0.998677819623693     
  0.998651688484258     
  0.998623191021224     
  0.998555426690311     
  0.998484289536931     
  0.998263882294183     
  0.997600452969781     
  0.997038518929747     
  0.996778365886941     
  0.996824700683199     
  0.997124901654609     
  0.997692502534794     
  0.998174221120444     
  0.998209767122086     
  0.998116998140642     
  0.997781478326103     
  0.997451672880707     
  0.997228466332239     
  0.997071691540011     
  0.996837026562445     
  0.996499158754447     
  0.995952933819676     
  0.995555649614514     
  0.995513693038803     
  0.995867439658729     
  0.996465932171346     
  0.997051139477917     
  0.997309267637053     
  0.997203781548289     
  0.997116940089178     
  0.997058653539607     
  0.997020052831821     
  0.996990158668868     
  0.996901890573123     
  0.996776227659781     
  0.996604857172371     
  0.996451120435147     
  0.996312047741097     
  0.996182945787229     
  0.996065254180072     
  0.995957775641612     
  0.995837365386924     
  0.995663292226198     
  0.995471051042164     
  0.995260335652636     
  0.995024181177548     
  0.994749290621120     
  0.994392622010893     
  0.992898737786917     
  0.975828800472908     
  0.941261335640411     
  0.916706524134024     
  0.907625870650424     
  0.914306676933114     
  0.936243632935370     
  0.962797026132820     
  0.961023645513601     
  0.945243893806496     
  0.933125244024391     
  0.924159378202124     
  0.927382106881555     
  0.943886690029034     
  0.960501470804999     
  0.968162075219118     
  0.977206438354352     
  0.976697756176257     
  0.963598111915989     
  0.950900900298860     
  0.932202115502319     
  0.906782374049475     
  0.883914355175338     
  0.879630210667211     
  0.886598364534781     
  0.903845293335360     
  0.929123787036103     
  0.950662819427202     
  0.955753559103197     
  0.950969243601165     
  0.945096109950665     
  0.938968663509278     
  0.930722452056597     
  0.912388387140146     
  0.891075872984120     
  0.874413029684410     
  0.861677044446720     
  0.853297917817809     
  0.849833003847804     
  0.850577514550105     
  0.847246592843570     
  0.846526550537429     
  0.851592668126737     
  0.859661210495251     
  0.865794592084802     
  0.865268553471980     
  0.854317022616360     
  0.828773091110418     
  0.782493482249993     
  0.716731453995574     
  0.644662445413589     
  0.586002465586695     
  0.557933644760714     
  0.565928133242680     
  0.606539735960149     
  0.668808209806045     
  0.731601224006518     
  0.783899830710268     
  0.822470884741747     
  0.849889934105070     
  0.870639272193442     
  0.888419319527179     
  0.904300074875684     
  0.918283841795605     
  0.930274148044326     
  0.940211545791746     
  0.948107310829150     
  0.954264680333776     
  0.959280611476067     
  0.963384950059385     
  0.966729584561341     
  0.969518489748769     
  0.972023714211806     
  0.974306205694729     
  0.976415029029188     
  0.978375495177953     
  0.980212671784017     
  0.981945401941641     
  0.983563699929434     
  0.985037565485002     
  0.986215456574641     
  0.987221173186246     
  0.988131109249329     
  0.988879672472284     
  0.989732795025045     
  0.990589061782792     
  0.991444626389618     
  0.992097976456477     
  0.992617291550586     
  0.993010822078535     
  0.993364697722346     
  0.993685086833593     
  0.993989288810882     
  0.994291196762369     
  0.994617024254289     
  0.994938015085545     
  0.995200996002967     
  0.995390752269169     
  0.994821785652775     
  0.993495597061195     
  0.992601047287088     
  0.992312712839865     
  0.992719135325469     
  0.993680210151713     
  0.995131056284077     
  0.995396462653410     
  0.994962486281224     
  0.994755002452454     
  0.994863572504838     
  0.995199552368360     
  0.995969434447283     
  0.996837810917728     
  0.996955864707233     
  0.997025254327987     
  0.997123034582559     
  0.996170641667822     
  0.986106633298853     
  0.967240931062708     
  0.953158344621835     
  0.948324084748157     
  0.950524848780376     
  0.960704534124610     
  0.978920966153978     
  0.993851201184777     
  0.997373729447128     
  0.993837659857434     
  0.966109548883166     
  0.921518524963634     
  0.869620812407004     
  0.836531999340531     
  0.835172952814819     
  0.860531373205360     
  0.911487518688747     
  0.957475769360931     
  0.989029886518423     
  0.997724390461280     
  0.998125238778673     
  0.998381827119807     
  0.998610418272358     
  0.998669578748164     
  0.998636127557354     
  0.998547289234255     
  0.998506454297009     
  0.998527833769980     
  0.998611090499351     
  0.998723796715977     
  0.998858286163236     
  0.998951673130267     
  0.998980952042222     
  0.999011719653797     
  0.999047450979095     
  0.999085303078171     
  0.999099821692025     
  0.999074231538472     
  0.999037522662679     
  0.999020815105198     
  0.999027312535893     
  0.999006645308028     
  0.999007714767065     
  0.999047650731084     
  0.999079489782153     
  0.999120951692759     
  0.999134082273820     
  0.999064297966741     
  0.998975062736111     
  0.998939170118325     
  0.998969972590165     
  0.999064474607137     
  0.999203210199173     
  0.999296163358836     
  0.999291994259311     
  0.999278630789803     
  0.999280856504479     
  0.999297485866217     
  0.999319437721987     
  0.999325092486319     
  0.999315653137885     
  0.999206216404383     
  0.997498866985987     
  0.991599773852373     
  0.986006273695539     
  0.982762282428574     
  0.978139568962481     
  0.971415034109612     
  0.969830774468594     
  0.972233008832705     
  0.975238989292140     
  0.982008899670160     
  0.992030809814100     
  0.998254119307412     
  0.997447804266577     
  0.986506871356892     
  0.972540602812057     
  0.963059950099111     
  0.960523905174298     
  0.965219506386156     
  0.977035349261588     
  0.991655218229917     
  0.997843592732230     
  0.999361133007020     
  0.999503844608427     
  0.999550226513254     
  0.999588860127072     
  0.999603674217514     
  0.999609106577729     
  0.999610960212817     
  0.999614300445363     
  0.999620223410037     
  0.999626926472262     
  0.999613262825512     
  0.999598051598399     
  0.999585714694297     
  0.999570034381324     
  0.999574278520367     
  0.999577311976324     
  0.999574419169673     
  0.999565717794575     
  0.999576940901492     
  0.999595734147789     
  0.999622142199848     
  0.999659875371843     
  0.999678279801654     
  0.999638206769113     
  0.999412750729563     
  0.999136245473108     
  0.998977631912470     
  0.998953786782758     
  0.999056747907208     
  0.999114122776798     
  0.999045262002610     
  0.998921554710054     
  0.998855624929159     
  0.998937278107426     
  0.999165876632345     
  0.999517785567972     
  0.999699420862664     
  0.999708612271032     
  0.999710770359500     
  0.999715526707105     
  0.999723017401513     
  0.999731281731077     
  0.999740521246625     
  0.999742101749350     
  0.999739241618726     
  0.999726553213326     
  0.999336509266059     
  0.997786408199819     
  0.996520483258093     
  0.995937584644337     
  0.996050992994731     
  0.996846765800803     
  0.998301759871017     
  0.999587373080159     
  0.999744721109230     
  0.999756464670347     
  0.999756345514688     
  0.999743733718566     
  0.999662631447088     
  0.999570558449370     
  0.999509589278768     
  0.999486232535938     
  0.999514579515122     
  0.999594464580897     
  0.999700313118058     
  0.999733441087558     
  0.999722721334666     
  0.999331051624434     
  0.996969794469234     
  0.993114531412726     
  0.986819290164138     
  0.980424886006220     
  0.978096462488251     
  0.980055797939675     
  0.985079358749847     
  0.990848269421891     
  0.996130435682706     
  0.998228187625447     
  0.998137884332751     
  0.998280918188491     
  0.998675854438431     
  0.999298376282210     
  0.999186567444705     
  0.992945010200330     
  0.982755099629368     
  0.976276382314915     
  0.974277582187305     
  0.976895019334604     
  0.983994226230963     
  0.994300354243038     
  0.999252609263452     
  0.999646630605371     
  0.999726146022087     
  0.999786579442385     
  0.999799444326671     
  0.999802626890117     
  0.999792651211411     
  0.999741633246962     
  0.999621876431823     
  0.999534963484832     
  0.999503342011765     
  0.999525307107496     
  0.999597265024792     
  0.999699689911589     
  0.999766858560109     
  0.999758460371535     
  0.999746996829390     
  0.999748789525356     
  0.999762243475408     
  0.999788319638020     
  0.999814092358591     
  0.999818938795626     
  0.999819577273621     
  0.999817749409467     
  0.999764934488408     
  0.999665129027292     
  0.999601199159660     
  0.999567158261926     
  0.999551603188962     
  0.999494042643968     
  0.999435288946655     
  0.999402843671310     
  0.999402387950346     
  0.999455414550780     
  0.998746760853562     
  0.997663860797150     
  0.997027634325075     
  0.996828159288155     
  0.997148172182778     
  0.997922466304052     
  0.999049714388096     
  0.999320198670240     
  0.999293739223392     
  0.999358028723649     
  0.999507793919095     
  0.999628908091932     
  0.998569419340695     
  0.996282611977486     
  0.994718284552080     
  0.994154416038060     
  0.994201795901344     
  0.993171046293794     
  0.993015482916322     
  0.993055607915709     
  0.993142130415522     
  0.994288781798328     
  0.996387210513247     
  0.998652686197556     
  0.999011491258415     
  0.998995946971481     
  0.999108819872855     
  0.999370596074147     
  0.999694299326697     
  0.999800498780467     
  0.999807582121499     
  0.999808637518496     
  0.999788118299438     
  0.999764998419899     
  0.999745605643496     
  0.999735605000526     
  0.999722600645893     
  0.999549334736511     
  0.996655074039913     
  0.986944036030689     
  0.975919854476076     
  0.969798353274505     
  0.968480331732462     
  0.969546104090949     
  0.975170339787275     
  0.982915240716367     
  0.986162846183128     
  0.988116983049832     
  0.991892819247953     
  0.996651544004403     
  0.998769692785059     
  0.998207115158313     
  0.986372573748692     
  0.970416796427837     
  0.960951124899112     
  0.958564250296535     
  0.963449979841110     
  0.975167147244045     
  0.992503390427729     
  0.999542650983483     
  0.999673140543850     
  0.999610080011195     
  0.999456637228430     
  0.999280948646324     
  0.999142139756583     
  0.996735577838513     
  0.981832845259280     
  0.962748833771721     
  0.951691260101958     
  0.948152101797112     
  0.945861073057334     
  0.947262464240969     
  0.957231414810707     
  0.961462694886542     
  0.962994661249464     
  0.969551796502484     
  0.981040751582174     
  0.984754568949897     
  0.978434006562754     
  0.973245938363661     
  0.972971981048756     
  0.975026766545418     
  0.979643833251678     
  0.987967040343872     
  0.995193329974887     
  0.991796444302674     
  0.979588236408861     
  0.969391843067008     
  0.964587577489388     
  0.965738845934323     
  0.972127856225485     
  0.982468588881506     
  0.991650081938659     
  0.994339852630211     
  0.993777054022700     
  0.993293027820798     
  0.992278097887625     
  0.988869261453425     
  0.985926091829484     
  0.985598653840078     
  0.987909434537157     
  0.991275145527327     
  0.995785513155351     
  0.999092111548431     
  0.999597104577137     
  0.999634743369708     
  0.999672392260952     
  0.999724463853810     
  0.999740580377380     
  0.999718386314749     
  0.999704074084406     
  0.999700642141356     
  0.999711453704257     
  0.999733942650591     
  0.999743072983470     
  0.999732593033686     
  0.999722829868460     
  0.999717687789026     
  0.999725557608050     
  0.999742516541628     
  0.999765748457638     
  0.999767721830646     
  0.999765953783818     
  0.999764190727714     
  0.999762864246680     
  0.999761553647022     
  0.999760054736828     
  0.999748890221695     
  0.999626001532128     
  0.998665991099748     
  0.997514241156106     
  0.996613088256288     
  0.992671187396977     
  0.987330735780741     
  0.984538634859555     
  0.984444057125827     
  0.986135189065011     
  0.989963832749719     
  0.995177015810433     
  0.994004659554107     
  0.988846850638878     
  0.985910281989698     
  0.985514843368098     
  0.987686497738901     
  0.992274657839341     
  0.997577135915298     
  0.999457991408443     
  0.999486474820362     
  0.998944516586393     
  0.998340522164154     
  0.997557891471304     
  0.996871417032655     
  0.996761244475264     
  0.997173335615228     
  0.998069898851521     
  0.998734027757927     
  0.999446439858024     
  0.999671874977720     
  0.999671530110599     
  0.999668818655513     
  0.999663948409008     
  0.999656181599197     
  0.999641167513077     
  0.999625198010589     
  0.999613561899416     
  0.999597773523197     
  0.999542981985872     
  0.999506035645458     
  0.999479669315858     
  0.999452305700775     
  0.999440398582225     
  0.999446266774005     
  0.999337812529947     
  0.998098531178646     
  0.995194347382634     
  0.993170136553975     
  0.992394082520205     
  0.992965760858990     
  0.994514323513171     
  0.996696865255591     
  0.997927546670344     
  0.996767115633801     
  0.992082906731323     
  0.981156459878114     
  0.955653992100440     
  0.938455980214258     
  0.932833402651151     
  0.938324883934207     
  0.955004233527265     
  0.978024478068672     
  0.997257503801313     
  0.999195087445582     
  0.998238020258723     
  0.990180819069054     
  0.978268562372379     
  0.970891674266129     
  0.968708229933565     
  0.971282649023070     
  0.979379179408746     
  0.990909184576706     
  0.995974083252553     
  0.996901542643494     
  0.998025202258850     
  0.998985378635571     
  0.999130600038702     
  0.999116936235630     
  0.999098547408083     
  0.999078066041720     
  0.999056937988418     
  0.999031967627421     
  0.999003957284329     
  0.998956618070130     
  0.998872154156256     
  0.998790180235801     
  0.998732741754392     
  0.998677348303554     
  0.998611378905317     
  0.998586655162140     
  0.998577419936836     
  0.998520094899111     
  0.998471332046837     
  0.998458989365276     
  0.998429987664675     
  0.998000601645203     
  0.996764537100658     
  0.994769163354096     
  0.989265293773687     
  0.982934623461615     
  0.979777973170017     
  0.979174629616720     
  0.979948412270067     
  0.983347328559292     
  0.987684642514936     
  0.988919679882410     
  0.989551456329916     
  0.991334536089152     
  0.993536259751993     
  0.994603443032143     
  0.995966750509728     
  0.996770490486120     
  0.996979646314669     
  0.996879511518230     
  0.996719760643000     
  0.996547491355293     
  0.996362761535205     
  0.996142816474558     
  0.995288252320724     
  0.993727563419147     
  0.992614700962731     
  0.992049712651649     
  0.992033769464169     
  0.992557444173734     
  0.993551042281856     
  0.993894596033331     
  0.993608861986410     
  0.993300973388360     
  0.992977173634083     
  0.992620346828767     
  0.992218111145182     
  0.991782717948052     
  0.991312913405423     
  0.990797147292544     
  0.990232997493087     
  0.989601022347972     
  0.988850702522642     
  0.987542162118028     
  0.985516469643758     
  0.983560681382553     
  0.982137657139179     
  0.981292924050146     
  0.980984574191564     
  0.981061817415034     
  0.980789121784950     
  0.979761738575286     
  0.978515375372558     
  0.977253117721630     
  0.976018406095207     
  0.974774519977657     
  0.973577635569365     
  0.972415049179668     
  0.971280679458379     
  0.970273866903966     
  0.969587276904798     
  0.969362656718512     
  0.969646496214203     
  0.970383679816724     
  0.971414795260736     
  0.972505909838106     
  0.973568551104722     
  0.974704151637229     
  0.975918735371105     
  0.977194952982888     
  0.978563713281720     
  0.979954132060097     
  0.981273709793525     
  0.982477222581869     
  0.983608996370773     
  0.984661765483102     
  0.985635159055809     
  0.986542718725548     
  0.987329992751041     
  0.987995741219242     
  0.988620883246546     
  0.989252241905834     
  0.989893099612202     
  0.990216122476260     
  0.989337976419429     
  0.988207448133308     
  0.987619065636032     
  0.987850628508005     
  0.988971810989988     
  0.990954848331462     
  0.993001114634417     
  0.993827510327909     
  0.994326000505504     
  0.994644666371130     
  0.994836834132822     
  0.993703332290669     
  0.990463799866274     
  0.987873401974349     
  0.986896289686868     
  0.987570433662140     
  0.989893318981476     
  0.993574913477611     
  0.996261114979684     
  0.996396645011747     
  0.995972833378948     
  0.995763861693516     
  0.995806725685308     
  0.996113137052586     
  0.996686556969278     
  0.997401983945028     
  0.997756533526609     
  0.997875915280994     
  0.997981203969401     
  0.998072359432929     
  0.998148888421084     
  0.998220416174041     
  0.998278084418018     
  0.998320177364522     
  0.998365300853860     
  0.998417822989453     
  0.998472316836357     
  0.998534241272691     
  0.998597242004373     
  0.998570152658466     
  0.998514993170003     
  0.998504422758413     
  0.998526917484579     
  0.998604641079773     
  0.998715645775153     
  0.998852932225686     
  0.998902892056696     
  0.998927780337678     
  0.998949527385783     
  0.998967895206958     
  0.998978889978509     
  0.998967441972983     
  0.998938120072634     
  0.998863185428968     
  0.998779723617677     
  0.998717882589397     
  0.998663874704129     
  0.998574775326009     
  0.998251798419556     
  0.994851351527314     
  0.961583906722190     
  0.889525892029114     
  0.834201963814925     
  0.812893710568701     
  0.826044016484148     
  0.868411823887155     
  0.938146941994196     
  0.986120712745645     
  0.992878251294444     
  0.993769778349823     
  0.995432155097306     
  0.997274656816795     
  0.997780148348680     
  0.997846263454101     
  0.997703943574514     
  0.997793688239152     
  0.998140399370660     
  0.998735168809022     
  0.999248714399594     
  0.999427573421277     
  0.999479539176749     
  0.999492438471478     
  0.999421893984621     
  0.999252222719611     
  0.999125651520454     
  0.999079007731823     
  0.999123219977890     
  0.999257254551224     
  0.999451367104197     
  0.999580332070755     
  0.999610578528226     
  0.999629179740156     
  0.999640448926275     
  0.999646631706248     
  0.999651130467987     
  0.999651293373211     
  0.999573241706155     
  0.998979924588247     
  0.998317120713122     
  0.997895112541728     
  0.996930985313379     
  0.995164507317323     
  0.994269468808111     
  0.994344719529216     
  0.994852600462487     
  0.996132583606888     
  0.998179273248335     
  0.999475975776941     
  0.999654666933361     
  0.999433795487848     
  0.998346817036856     
  0.997345272401999     
  0.996861522822740     
  0.996916593640538     
  0.997507960592619     
  0.998600499500667     
  0.999581201131632     
  0.999749819920543     
  0.999757793334632     
  0.999683362386084     
  0.999444828665510     
