  0.999437790819881     
  0.999436473267531     
  0.999427692502609     
  0.999431460334089     
  0.999322567832543     
  0.999385694950807     
  0.999270948557464     
  0.999395817996148     
  0.999398128898535     
  0.999379519528175     
  0.997870960046976     
  0.989120559381993     
  0.999306540048190     
  0.999239753029748     
  0.999209265689044     
  0.999047077685166     
  0.998513245879214     
  0.966349064123334     
  0.759327278268212     
  0.898828510947357     
  0.986571767900169     
  0.991321928299548     
  0.992268217250863     
  0.999135215433649     
  0.999056591289260     
  0.999259523687714     
  0.999278214692016     
  0.999285424264543     
  0.999288582767493     
  0.999287157224919     
  0.999234372053256     
  0.998921191171475     
  0.999246504091335     
  0.999266264775587     
  0.999259331753808     
  0.999251489658101     
  0.999242771281430     
  0.999234616319091     
  0.999218150818495     
  0.999200668772197     
  0.999204611442399     
  0.999178773908467     
  0.999098384168617     
  0.999169061974501     
  0.999145484227225     
  0.999144436730582     
  0.999127477895918     
  0.999107322440461     
  0.999058193048178     
  0.998966075644845     
  0.995493956971949     
  0.993118384291844     
  0.998796565335457     
  0.998951108404960     
  0.998432023288408     
  0.968431431313671     
  0.967514460282428     
  0.986995447617995     
  0.983815496530913     
  0.997836281704225     
  0.998591561653174     
  0.998854766496638     
  0.998864694503345     
  0.998850426717340     
  0.998830408638055     
  0.998809084424664     
  0.998787753870690     
  0.998763735784739     
  0.998739706705310     
  0.998715748203257     
  0.998630530003820     
  0.998660211542554     
  0.998625206589225     
  0.998606576933876     
  0.998576814200819     
  0.998392043768663     
  0.998338944417828     
  0.998304665926816     
  0.993892551095807     
  0.995850886899544     
  0.998260630383447     
  0.998302393862923     
  0.998275815152555     
  0.998146371162097     
  0.998182410601834     
  0.998140020089724     
  0.998074821739812     
  0.995861632675945     
  0.997077088823649     
  0.997479064738394     
  0.997723756581154     
  0.995958787247843     
  0.995379186682673     
  0.990447274419513     
  0.997409317400786     
  0.997572637217153     
  0.997512169948146     
  0.997440006116107     
  0.997120129730788     
  0.996862868583317     
  0.997182905274270     
  0.997104538518955     
  0.997005694532739     
  0.996902253225083     
  0.996793121095654     
  0.996649538600310     
  0.996525261474573     
  0.996119179636561     
  0.996173403105638     
  0.996149387250375     
  0.996001101220920     
  0.995837525098448     
  0.995663179049991     
  0.995475576816845     
  0.995278571814244     
  0.995013353533600     
  0.994789981236568     
  0.994486851474281     
  0.994112832453437     
  0.993569502810084     
  0.992312613017728     
  0.951330670523241     
  0.717940563291066     
  0.929921943615497     
  0.990552368747576     
  0.991375735949709     
  0.990914105644144     
  0.981577226335717     
  0.832986976366503     
  0.911718889122945     
  0.982587451899195     
  0.900948965208479     
  0.961018066929920     
  0.986525948761015     
  0.985622252581274     
  0.984502099579250     
  0.983096320809849     
  0.967127652899696     
  0.871611992640240     
  0.962578577555055     
  0.870258154433572     
  0.892834227473777     
  0.763824991435733     
  0.953442926621128     
  0.966242760415714     
  0.963569884850267     
  0.960190446300086     
  0.936646557640211     
  0.950674718076810     
  0.938963809504856     
  0.933001641345456     
  0.929441132684148     
  0.910341619588761     
  0.862117965681177     
  0.794741558299796     
  0.880647537214796     
  0.868272581547091     
  0.848752767556787     
  0.833554583016154     
  0.834357994672683     
  0.848885902322413     
  0.863572348398566     
  0.874294943482839     
  0.875801463574353     
  0.868551296100604     
  0.848748964154421     
  0.810586431349736     
  0.750808791243818     
  0.645478021281862     
  0.521313781595507     
  0.483471494116900     
  0.515819440930061     
  0.590772917872059     
  0.679701872988298     
  0.755475075427519     
  0.804283739988408     
  0.831998499534379     
  0.854025964920161     
  0.872993004288824     
  0.888798265064602     
  0.905018311461109     
  0.920844618189370     
  0.934279753082672     
  0.941967687449263     
  0.948845935263391     
  0.955431837906920     
  0.960824597961147     
  0.963992654570071     
  0.966948625455498     
  0.969669794597844     
  0.972209203725252     
  0.974439522119384     
  0.976506162833624     
  0.978424699047671     
  0.980261397956019     
  0.982040961396425     
  0.983619807763767     
  0.985205399347677     
  0.986567154618445     
  0.987704442578366     
  0.988134557151728     
  0.987547133219933     
  0.990196269537019     
  0.990838977777895     
  0.991686741757568     
  0.992092247343802     
  0.992700728936206     
  0.993116795829315     
  0.993482059452975     
  0.993531035158732     
  0.993807748597326     
  0.994419936098519     
  0.994728057088767     
  0.994764806479125     
  0.995241794646555     
  0.995476603438195     
  0.995690469389424     
  0.995838506428674     
  0.994160825765319     
  0.982736836447787     
  0.994209041863400     
  0.995339359599923     
  0.996454532086223     
  0.996819552036559     
  0.996951271400375     
  0.991442834317076     
  0.994085562319062     
  0.997271755851254     
  0.997315999809604     
  0.995887427952485     
  0.996748666080954     
  0.997494256473790     
  0.997495260881026     
  0.997231693669065     
  0.997029277838338     
  0.996369842135263     
  0.958661826330318     
  0.872699568862399     
  0.904847933311345     
  0.994669811675238     
  0.997231348979786     
  0.997509499624079     
  0.997749703240517     
  0.997732158711252     
  0.997402582064075     
  0.995264068555098     
  0.884931975035430     
  0.689997562070706     
  0.780026387639098     
  0.789152151390709     
  0.994770619754480     
  0.997684758556131     
  0.997309091350797     
  0.997601588681909     
  0.998478596216528     
  0.998611145061615     
  0.998677989757379     
  0.998729091317942     
  0.998763402922381     
  0.998528084269678     
  0.998677222782120     
  0.997661930932580     
  0.998780388448408     
  0.998937492574263     
  0.998968730000564     
  0.998918400347996     
  0.998948471198923     
  0.999043151933361     
  0.999065550711383     
  0.999085229641000     
  0.999105895620739     
  0.999124802981540     
  0.999141715781544     
  0.998896521984289     
  0.998825530840760     
  0.999138569077470     
  0.999198955048896     
  0.999091388821330     
  0.998717691867847     
  0.999253060060494     
  0.999269349594116     
  0.999282930016575     
  0.999231650677795     
  0.998035788782838     
  0.998961673268610     
  0.999325002500812     
  0.999338030425934     
  0.999341980004416     
  0.999278745816046     
  0.999218259670102     
  0.999357172065710     
  0.999149748541442     
  0.999366602096800     
  0.999361915120022     
  0.999346668320143     
  0.999313479639576     
  0.999240976610267     
  0.999025795258347     
  0.996935701322517     
  0.958352853805967     
  0.968282047617328     
  0.997165187579791     
  0.983406151209758     
  0.926819832958060     
  0.971846930700852     
  0.998072004349732     
  0.998936053312852     
  0.999207547191606     
  0.999266683486706     
  0.999221779331244     
  0.998463682375254     
  0.942594979807394     
  0.899888615642027     
  0.975180819421130     
  0.995797517476968     
  0.999370971361086     
  0.999413503966144     
  0.999402215616708     
  0.999564729761669     
  0.999581885972132     
  0.999594411607567     
  0.999604241225576     
  0.999612664793112     
  0.999620512753696     
  0.999619822363049     
  0.999566634618414     
  0.999639677933586     
  0.999645299693133     
  0.999650951463142     
  0.999618132604423     
  0.999466943651884     
  0.999659565254242     
  0.999499207291228     
  0.999654204861978     
  0.999632278414644     
  0.999262828917283     
  0.999658414800803     
  0.999680144338906     
  0.999686037628999     
  0.999668898050409     
  0.999685196704277     
  0.999682251383940     
  0.999629797366300     
  0.998503919632586     
  0.997704347477887     
  0.999506770691855     
  0.999680376443529     
  0.999659313706930     
  0.999444673137402     
  0.996149343175692     
  0.999428212363662     
  0.999698188757542     
  0.999716194553527     
  0.999700372997578     
  0.999726737063796     
  0.999706096959861     
  0.999707399896529     
  0.999735418453644     
  0.999738158537469     
  0.999740860501291     
  0.999742198276789     
  0.999743516524979     
  0.999744860189692     
  0.999718938836439     
  0.999698239913251     
  0.999548475817605     
  0.987891305228939     
  0.994649959196697     
  0.999667165532343     
  0.999711151034784     
  0.999757876104805     
  0.999761719658773     
  0.999764241062856     
  0.999734811644990     
  0.999765467375571     
  0.999758772656950     
  0.999744647118543     
  0.999447880719785     
  0.998961800542220     
  0.999645078262812     
  0.999630363128683     
  0.999770366248402     
  0.999772625715644     
  0.999769868739452     
  0.999734065971651     
  0.999534129998788     
  0.999618043047158     
  0.986366303638552     
  0.984130652883206     
  0.967511070691139     
  0.945936549335920     
  0.998546151052067     
  0.999693094656826     
  0.999489345260606     
  0.999158499139778     
  0.993201850848786     
  0.999001667895011     
  0.999671275302896     
  0.999768044629179     
  0.999759880024021     
  0.999731357132352     
  0.999580002229552     
  0.981862694510316     
  0.911302014302657     
  0.990267984901688     
  0.999575070813670     
  0.999142325225816     
  0.999599509636649     
  0.999781280754096     
  0.999792545224623     
  0.999793556349371     
  0.999801579951223     
  0.999803481634165     
  0.999805831174960     
  0.999807402691256     
  0.999800132371792     
  0.999519035990416     
  0.998975438651191     
  0.999423155985639     
  0.999808501641798     
  0.999812979728969     
  0.999813768416851     
  0.999813530668046     
  0.999623187968760     
  0.999715278577009     
  0.999809109614343     
  0.999817159461401     
  0.999818408947034     
  0.999818292185813     
  0.999819520482192     
  0.999819373719660     
  0.999820585172323     
  0.999819130105373     
  0.999744850558589     
  0.998808254800725     
  0.999747357122514     
  0.999813652312321     
  0.999523258872341     
  0.999587789740145     
  0.997978959096455     
  0.999814936553039     
  0.999816211254849     
  0.999803581450373     
  0.999384418709653     
  0.984590804882108     
  0.999747832917330     
  0.999797139972844     
  0.999764262307407     
  0.999255596721521     
  0.998240274008688     
  0.999599892863275     
  0.999799581007751     
  0.999800389581628     
  0.999782150543725     
  0.999746310788235     
  0.997232822676878     
  0.979848257226939     
  0.996384383558715     
  0.999719230247063     
  0.999636302136231     
  0.985102140508895     
  0.984590741643833     
  0.999438176492953     
  0.999790453992590     
  0.999790560572415     
  0.998622798317799     
  0.997333211205497     
  0.999699670577465     
  0.999799614120848     
  0.999770171508416     
  0.999816559993007     
  0.999815121835818     
  0.999813681905040     
  0.999810923949329     
  0.999806196204324     
  0.999663565756152     
  0.999694542376185     
  0.999744576327255     
  0.999758776220513     
  0.999718639517468     
  0.999592447652174     
  0.993806354075308     
  0.941173811226023     
  0.929359876336004     
  0.992161260849062     
  0.998409939209090     
  0.973712897643722     
  0.964107036099073     
  0.996229472723111     
  0.999415473376028     
  0.999063165868124     
  0.997356373655578     
  0.999468252192174     
  0.999638907123290     
  0.999176383284850     
  0.974419971990348     
  0.837448396031581     
  0.996319056543042     
  0.999551902175110     
  0.999581648020125     
  0.999736028747388     
  0.999746759492748     
  0.999746481094612     
  0.999678144722750     
  0.999077580597547     
  0.999099295140942     
  0.998580627218747     
  0.999396658449695     
  0.998651787142807     
  0.925652337681760     
  0.851846006575641     
  0.988753072692968     
  0.998471768649729     
  0.960305749871823     
  0.892664760759290     
  0.975461830294835     
  0.998619745682706     
  0.986373779346245     
  0.968055542392810     
  0.993454508419552     
  0.993959029404010     
  0.945954991423263     
  0.945892212725292     
  0.994220873488217     
  0.999146944381658     
  0.999338860524542     
  0.999252771729489     
  0.997795827045193     
  0.979083515189576     
  0.918689947025389     
  0.938213590552361     
  0.994115491381317     
  0.998579675488309     
  0.995759783111176     
  0.985593742912407     
  0.994725407743279     
  0.999445002818829     
  0.996352012990802     
  0.983727449618365     
  0.995752175633667     
  0.964664948349982     
  0.984760992692460     
  0.999120479778047     
  0.999732721498698     
  0.999706804376299     
  0.999257763084966     
  0.999681371170701     
  0.999773887203538     
  0.999733995553129     
  0.999776533662487     
  0.999749222919726     
  0.999700988716603     
  0.999574351852035     
  0.999711233700720     
  0.999774565322982     
  0.999776652888019     
  0.999775926824475     
  0.999753613311718     
  0.999553718900485     
  0.999773929630412     
  0.999768867734721     
  0.999771426611344     
  0.999771698563416     
  0.999768572164563     
  0.999748817577944     
  0.999765636124583     
  0.999763550295064     
  0.999760015486118     
  0.999756427970686     
  0.999751568241082     
  0.999737941702639     
  0.999452647877743     
  0.996033132968679     
  0.990397393865865     
  0.999279466495318     
  0.993755411649787     
  0.940161876371314     
  0.993676637800547     
  0.999632574157014     
  0.999677822824865     
  0.999654204572412     
  0.998938039938418     
  0.974888365213675     
  0.961264625387873     
  0.996852713592178     
  0.999634022231032     
  0.999675761892098     
  0.999547604706234     
  0.999274165935177     
  0.999551390300782     
  0.999684381367930     
  0.998508062822948     
  0.994074219351709     
  0.999058795125033     
  0.992613880685073     
  0.999653603187964     
  0.999662518039167     
  0.999670693340960     
  0.999676238699480     
  0.999673614859725     
  0.999668347637262     
  0.999663495279790     
  0.999659036567619     
  0.999648887019002     
  0.999634312107354     
  0.999610080646546     
  0.999547008451848     
  0.999621888769585     
  0.999616061369951     
  0.999408297235155     
  0.999439396763072     
  0.999582277160559     
  0.999436684477517     
  0.999412498554638     
  0.999518518858316     
  0.999269623235948     
  0.995857830569580     
  0.976153230852470     
  0.995397566370551     
  0.999392029190454     
  0.999430686016814     
  0.998841274729781     
  0.994824509531445     
  0.997343082829124     
  0.998597094653686     
  0.963642284560654     
  0.983663601435821     
  0.809201285999750     
  0.917776774239065     
  0.998819060198122     
  0.999199503848671     
  0.999270325441276     
  0.999275733215635     
  0.999242387072366     
  0.999142354751710     
  0.998387216727736     
  0.967327720806472     
  0.904011336031799     
  0.989528958533960     
  0.998455789976735     
  0.991351730445559     
  0.994082905481718     
  0.999075105009101     
  0.999159453304196     
  0.999151700290529     
  0.999136744543589     
  0.999095104869830     
  0.999100172135404     
  0.999079453257435     
  0.999056122150520     
  0.999023556871314     
  0.999003234420799     
  0.998975364737005     
  0.998942763713203     
  0.998870178261742     
  0.998511239048013     
  0.998574552619686     
  0.998795189971722     
  0.998768747827630     
  0.997938470359540     
  0.998673483803278     
  0.998641265654289     
  0.998455513544688     
  0.998229890598709     
  0.998472101644580     
  0.998402509924385     
  0.998106763786278     
  0.988459315532835     
  0.994445935798536     
  0.970263617890652     
  0.951566733771123     
  0.994824748992400     
  0.995074139493056     
  0.977234322506783     
  0.990198986213536     
  0.993604843535749     
  0.985900874080277     
  0.994383049183988     
  0.995564088247825     
  0.997276918957157     
  0.997170870460389     
  0.997037950105933     
  0.996890333100060     
  0.996688142163234     
  0.996555590768566     
  0.996376063767969     
  0.996174491896952     
  0.995952588672062     
  0.995712645023970     
  0.994547537826373     
  0.982123920666959     
  0.993949440271910     
  0.994567530644804     
  0.994227478225215     
  0.993787178166543     
  0.993616938174740     
  0.993355586133838     
  0.993016873824102     
  0.992643671256159     
  0.992232262499048     
  0.991813591497582     
  0.991345845049301     
  0.990824544303647     
  0.990329625260303     
  0.989629931275210     
  0.988943052413815     
  0.988225823221851     
  0.987397798200849     
  0.984495858292715     
  0.977637490938280     
  0.979144196516134     
  0.983226381048512     
  0.982410611792977     
  0.981234883815776     
  0.979513593802680     
  0.978729241878467     
  0.977364008356119     
  0.976120612861388     
  0.974798580567809     
  0.973562224629395     
  0.972505745489990     
  0.971535595093659     
  0.970394469286450     
  0.969125544728725     
  0.968468217066419     
  0.969269084700351     
  0.970549007820412     
  0.971659909541464     
  0.972660369153487     
  0.973741414073190     
  0.974781604320981     
  0.975447122182051     
  0.977261500599081     
  0.978841789715579     
  0.980087192252404     
  0.981422050444195     
  0.982553783909089     
  0.983717610102215     
  0.984785430841099     
  0.985715152588181     
  0.986644664330714     
  0.987374471507576     
  0.988209903091800     
  0.988967250271572     
  0.988375298335204     
  0.990064156781620     
  0.990691876003735     
  0.991432686266265     
  0.991517736511958     
  0.982939100470821     
  0.982377445966456     
  0.990502668794165     
  0.993349530272335     
  0.993438827458256     
  0.994048538214671     
  0.994354191303755     
  0.994690362013887     
  0.994986815449078     
  0.995176361086820     
  0.995328149918904     
  0.992690312451342     
  0.969361522981783     
  0.984478798548704     
  0.995915142197161     
  0.996519171491536     
  0.996753399308902     
  0.996936485405496     
  0.997057608321230     
  0.995406470392248     
  0.992457621214503     
  0.997083630193182     
  0.997535131528941     
  0.997632046016844     
  0.997788982845020     
  0.997904525920902     
  0.997988647892159     
  0.998069000364817     
  0.998145780403175     
  0.998216815048109     
  0.998283354077130     
  0.998345549541325     
  0.998404297835558     
  0.998192299712328     
  0.998506640980063     
  0.998563234983990     
  0.998610834357260     
  0.998655327804205     
  0.998696893338283     
  0.998568620054660     
  0.998055986255227     
  0.998804154984289     
  0.998842082079391     
  0.998872998397922     
  0.998900977232916     
  0.998926082419237     
  0.998948544238374     
  0.998967202026936     
  0.998983020807971     
  0.998993777627244     
  0.998995637052783     
  0.998899736343948     
  0.998772884903127     
  0.998738399258328     
  0.998400499562226     
  0.998814258301254     
  0.998663811681171     
  0.998341512005698     
  0.997614850783248     
  0.992501319712767     
  0.919603259372893     
  0.477194504535564     
  0.756233050985200     
  0.994004420456164     
  0.997240953282962     
  0.989515053171887     
  0.988255985310526     
  0.993721667197811     
  0.997165604670563     
  0.999171551057436     
  0.999153121727140     
  0.998913556899073     
  0.994192677384053     
  0.997331618325502     
  0.998906586532181     
  0.999372481705657     
  0.999441375672543     
  0.999433763822217     
  0.999497038602814     
  0.999521851679193     
  0.999533295773042     
  0.999527011109396     
  0.999197467226039     
  0.998303235795681     
  0.999143190627406     
  0.999570743158283     
  0.999482654590072     
  0.999613519624912     
  0.999623966293133     
  0.999633016126866     
  0.999640739849198     
  0.999646866368084     
  0.999651550036734     
  0.999655646210508     
  0.999655274443035     
  0.999647498186709     
  0.999595665855395     
  0.996827522703612     
  0.994914607047631     
  0.999416097305218     
  0.997726531798120     
  0.982185753575517     
  0.995711603881907     
  0.999164914859845     
  0.999567295188678     
  0.999695314611602     
  0.999708964240909     
  0.999711516135381     
  0.999698761864725     
  0.999440610770339     
  0.992192021765844     
  0.994501733772650     
  0.999598815029067     
  0.999729175678705     
  0.999748971251378     
  0.999745495502293     
  0.999765030902894     
  0.999767792648631     
  0.999766615997926     
