  0.999435609455998     
  0.999429262230087     
  0.999418581189125     
  0.999400513410697     
  0.999384837872670     
  0.999372626784233     
  0.999366784882683     
  0.999085906656336     
  0.997963144309447     
  0.997183978586408     
  0.996797173560673     
  0.996437713389006     
  0.996828594327173     
  0.997435742990291     
  0.994422886766101     
  0.975059915776048     
  0.951064422062146     
  0.934822481685493     
  0.927549443273101     
  0.928716926853273     
  0.939707692434920     
  0.960814880211387     
  0.984563122061924     
  0.994614558259440     
  0.996881529359611     
  0.998487712678472     
  0.999237416222476     
  0.999263677141784     
  0.999251077219840     
  0.999224509633387     
  0.999206130840443     
  0.999196883014110     
  0.999198224805768     
  0.999210041112361     
  0.999232386819910     
  0.999249051671733     
  0.999242216950086     
  0.999232053120068     
  0.999220469477912     
  0.999203404898493     
  0.999187618253669     
  0.999174015303177     
  0.999162877562484     
  0.999152827918667     
  0.999144020076804     
  0.999133936094986     
  0.999104097902010     
  0.998774189350397     
  0.998094591882086     
  0.997595843431174     
  0.997330144758021     
  0.997173939246535     
  0.995140361013323     
  0.990843282802582     
  0.987174263926914     
  0.984171197126424     
  0.982817014058648     
  0.983720806257326     
  0.986651266445415     
  0.991870742342472     
  0.995710845700533     
  0.997596790084870     
  0.998684381310428     
  0.998823297033131     
  0.998826371882038     
  0.998810982127824     
  0.998789473584883     
  0.998763257643294     
  0.998734833902244     
  0.998705962450557     
  0.998678260717103     
  0.998652438920676     
  0.998610803297480     
  0.998545229523057     
  0.998470774208168     
  0.998107668423838     
  0.997535575221576     
  0.997140434049561     
  0.996949349692659     
  0.996976847842267     
  0.997178626288427     
  0.997564844055595     
  0.998050923751149     
  0.998199187595333     
  0.998034749889153     
  0.997739364261089     
  0.997477822994670     
  0.997290123258576     
  0.997088574782781     
  0.996813534889085     
  0.996317146217942     
  0.995976979756038     
  0.995712758773471     
  0.995758984321600     
  0.996022314977145     
  0.996386023376254     
  0.996867091420981     
  0.997251407888824     
  0.997215113870806     
  0.997131526572610     
  0.997068539916977     
  0.997010892651341     
  0.996967473465196     
  0.996893895493586     
  0.996757184112890     
  0.996598596043864     
  0.996454598950225     
  0.996320564430798     
  0.996189762672622     
  0.996064399734812     
  0.995942370420546     
  0.995820643695355     
  0.995655326523556     
  0.995462184311903     
  0.995250289286105     
  0.995009828930134     
  0.994724729969177     
  0.994296942166197     
  0.989825633820077     
  0.967252591773121     
  0.940554489658870     
  0.923599433338813     
  0.917102268775288     
  0.921585286404214     
  0.935475153720537     
  0.949120802444532     
  0.955339138932743     
  0.948047349211756     
  0.936254773685016     
  0.928755954423836     
  0.930755734691403     
  0.942404272203421     
  0.959242426557556     
  0.968432482466614     
  0.973477483994336     
  0.971855636653902     
  0.963300469647834     
  0.949681275526017     
  0.930941236944342     
  0.905315523752463     
  0.888080578765605     
  0.885165804187037     
  0.893398944879479     
  0.905698367454002     
  0.925202327993372     
  0.943740816908939     
  0.954037465891619     
  0.951031599979138     
  0.945167131638694     
  0.938473118157569     
  0.927639281673744     
  0.909519159371472     
  0.891803298760373     
  0.877153255083634     
  0.864752160898821     
  0.854825132562476     
  0.849033309644613     
  0.848781100504615     
  0.849334605351155     
  0.848871452813910     
  0.852568421201014     
  0.858870087884087     
  0.863465914292693     
  0.861830695026663     
  0.849863303282736     
  0.822225841913362     
  0.774698855817892     
  0.712782993049241     
  0.648568952117793     
  0.597758507023800     
  0.573683874080225     
  0.579242570345947     
  0.612713272790618     
  0.667968198709288     
  0.726957669385796     
  0.778972819504956     
  0.818976539199970     
  0.847927578314315     
  0.869811633697279     
  0.887917897402725     
  0.903738171986457     
  0.917547857396754     
  0.929474991818928     
  0.939534927056897     
  0.947572193669109     
  0.953879477425919     
  0.958934049416481     
  0.963114128344080     
  0.966553114583003     
  0.969422610525849     
  0.971940242573933     
  0.974233003952519     
  0.976353157485442     
  0.978323754477259     
  0.980167420591439     
  0.981899615276110     
  0.983509541597136     
  0.984939488755367     
  0.986115554874207     
  0.987170068616791     
  0.988128959856456     
  0.988894596870755     
  0.989735084652908     
  0.990552578260093     
  0.991360468360111     
  0.992061082208008     
  0.992573700206411     
  0.992985514024616     
  0.993353158343107     
  0.993686085007145     
  0.993988351387931     
  0.994288485643589     
  0.994604538820283     
  0.994920106921435     
  0.995190037473465     
  0.995237488229699     
  0.994416650190791     
  0.993472837897548     
  0.992879992144244     
  0.992734393029157     
  0.993059224001723     
  0.993755001849887     
  0.994532466704203     
  0.995069068224621     
  0.995055019010054     
  0.994969207376114     
  0.995035312656647     
  0.995296861707470     
  0.995830455195248     
  0.996654953441131     
  0.996985320645163     
  0.997026589548279     
  0.997005022030166     
  0.993992650938359     
  0.981807186619445     
  0.966719351325357     
  0.956991764810850     
  0.953936622853225     
  0.955502090709770     
  0.962328240523991     
  0.975368512915337     
  0.990231620970382     
  0.996691741170552     
  0.987266881230643     
  0.956958610928133     
  0.915658330474105     
  0.874085885012461     
  0.851762103826260     
  0.851889095361525     
  0.869628989222681     
  0.905976158969446     
  0.949586963044570     
  0.980854657850599     
  0.996646872806119     
  0.998117927430540     
  0.998347887982485     
  0.998546814668512     
  0.998648018149254     
  0.998605620251865     
  0.998552628901562     
  0.998536832079085     
  0.998563596756141     
  0.998625241941475     
  0.998717766126935     
  0.998829092978567     
  0.998940161105541     
  0.998983500720039     
  0.999013013916939     
  0.999044287766341     
  0.999078800560666     
  0.999087460239008     
  0.999062605937360     
  0.999040034081973     
  0.999033669741887     
  0.999030559549852     
  0.999004315639237     
  0.999010814018706     
  0.999051846953977     
  0.999090968508755     
  0.999122030713150     
  0.999086938256925     
  0.999034339714184     
  0.999000121328681     
  0.998979920444486     
  0.999005048677380     
  0.999067394732616     
  0.999163926320817     
  0.999273888505061     
  0.999290698181633     
  0.999283544602269     
  0.999286711268149     
  0.999298459903391     
  0.999314103124410     
  0.999318954027273     
  0.999295238383003     
  0.998976887072863     
  0.996038005198221     
  0.990785478955045     
  0.986824064057490     
  0.983608233773902     
  0.977403716547138     
  0.971629392705067     
  0.970650683046728     
  0.973823602048780     
  0.977323834379589     
  0.982132667822969     
  0.989775139032472     
  0.996786228753742     
  0.994789493181553     
  0.983667616520908     
  0.973090639031296     
  0.966478132170308     
  0.964843125840857     
  0.968003212784566     
  0.976081078014617     
  0.988301718711052     
  0.996775158770755     
  0.999090426125746     
  0.999497666789106     
  0.999543966899086     
  0.999580854095284     
  0.999602039949147     
  0.999606869328731     
  0.999610684247761     
  0.999615345357016     
  0.999621867772279     
  0.999622591236157     
  0.999606729925557     
  0.999599252139318     
  0.999588953041987     
  0.999574475370253     
  0.999578545814812     
  0.999568977155019     
  0.999568459326521     
  0.999573454868425     
  0.999584220245947     
  0.999601623817939     
  0.999620895592533     
  0.999649397075250     
  0.999670570115194     
  0.999586530306962     
  0.999358773240643     
  0.999161472167153     
  0.999054553971702     
  0.999037357374227     
  0.999074264685988     
  0.998995658284791     
  0.998978297885372     
  0.998981604877116     
  0.998956880001782     
  0.999011993437049     
  0.999168781036818     
  0.999422827267101     
  0.999667638192003     
  0.999709341137443     
  0.999711731258535     
  0.999716293280312     
  0.999723906308406     
  0.999730010060094     
  0.999738354600065     
  0.999740917662257     
  0.999736831204946     
  0.999688003318986     
  0.998914605551638     
  0.997632368825141     
  0.996758445895282     
  0.996360475055464     
  0.996445183569392     
  0.996991315871062     
  0.997998750359824     
  0.999282606315036     
  0.999733269139354     
  0.999752831131397     
  0.999755322319321     
  0.999724873399265     
  0.999643882118132     
  0.999575723402383     
  0.999530796966141     
  0.999514341668780     
  0.999535117279250     
  0.999591532087767     
  0.999673262918880     
  0.999720333556547     
  0.999689844181474     
  0.998745629030519     
  0.996330289690595     
  0.992329422583482     
  0.986235064588747     
  0.981722976194697     
  0.980156140516757     
  0.981636158227243     
  0.985408592552558     
  0.989867450856866     
  0.994637512729894     
  0.997946633255011     
  0.998329018318480     
  0.998443542784993     
  0.998698256340828     
  0.999111491313386     
  0.997815477446927     
  0.990422695974598     
  0.983029383872903     
  0.978540148827781     
  0.977141480591620     
  0.978988932920550     
  0.983808753824555     
  0.991636014250207     
  0.998251092902572     
  0.999626778087997     
  0.999710299922539     
  0.999772166175699     
  0.999798208360008     
  0.999800574813507     
  0.999782871872497     
  0.999712276217671     
  0.999618509423304     
  0.999559915050145     
  0.999538124759578     
  0.999553122877702     
  0.999602553717053     
  0.999671859063370     
  0.999739596036004     
  0.999761039053188     
  0.999754631286769     
  0.999756628572463     
  0.999766243969910     
  0.999783707736147     
  0.999807913292603     
  0.999818358812863     
  0.999819444953564     
  0.999808609605693     
  0.999737931051598     
  0.999665732452698     
  0.999620534819859     
  0.999586757661411     
  0.999554559964318     
  0.999461097184151     
  0.999424685385624     
  0.999443313851150     
  0.999448809689680     
  0.999333642913819     
  0.998421538001180     
  0.997660677189490     
  0.997432708617330     
  0.997219602089558     
  0.997271146914933     
  0.997849982921032     
  0.998651258711370     
  0.999346083743224     
  0.999352730154336     
  0.999395672580386     
  0.999493247366037     
  0.999374953440672     
  0.997963545007024     
  0.996249085176203     
  0.995181730644503     
  0.994756978577874     
  0.994041684638452     
  0.992774380930548     
  0.992771559572018     
  0.993538412393423     
  0.993867461306208     
  0.994583559343368     
  0.995947251607383     
  0.997994586269029     
  0.999041090615216     
  0.999083372054822     
  0.999162594837945     
  0.999343103959861     
  0.999609671665512     
  0.999787127150418     
  0.999806572499381     
  0.999801435328114     
  0.999785195251464     
  0.999764724146699     
  0.999750089246889     
  0.999741622914765     
  0.999711969808373     
  0.999080550849615     
  0.994420907345168     
  0.985128318150220     
  0.977243024349083     
  0.972954428733859     
  0.970857531341091     
  0.970300343341740     
  0.974283996063259     
  0.981833930295599     
  0.986918940938337     
  0.988946357478674     
  0.991558509710589     
  0.995428942129310     
  0.998253739314853     
  0.995573376718834     
  0.982418967737278     
  0.971443345004149     
  0.964682601905617     
  0.963266405761995     
  0.966923072488132     
  0.974619882203639     
  0.987601390225581     
  0.998557799811382     
  0.999642083097183     
  0.999576680254113     
  0.999437665561716     
  0.999302765867511     
  0.998979873466288     
  0.993237652743258     
  0.977710322885424     
  0.964063487761265     
  0.956453906854834     
  0.951749949021470     
  0.946158711773890     
  0.946228939763907     
  0.955597545466579     
  0.963947473927552     
  0.965127124255693     
  0.969340397340558     
  0.978188491009100     
  0.982507458407913     
  0.977974507627383     
  0.974309640842633     
  0.974586413006643     
  0.977234040504134     
  0.980838357656169     
  0.986561147890877     
  0.991893588776618     
  0.988509040334718     
  0.978774388775444     
  0.971659776122790     
  0.968363447366122     
  0.968907465098541     
  0.972772735479925     
  0.980379540064759     
  0.989544404569064     
  0.993980282983527     
  0.993781079095600     
  0.993111347771810     
  0.991127783458751     
  0.988755260386170     
  0.987081880391924     
  0.986881571986784     
  0.988616041903563     
  0.991480523331862     
  0.994813733689128     
  0.998356882698376     
  0.999559709465906     
  0.999644161414676     
  0.999673182756054     
  0.999707501588809     
  0.999729315853622     
  0.999719470494359     
  0.999710446670030     
  0.999709498214345     
  0.999717213235625     
  0.999729881117897     
  0.999731454766830     
  0.999732701771874     
  0.999730174379900     
  0.999723073630125     
  0.999728632888022     
  0.999741353650374     
  0.999758091684733     
  0.999768165194254     
  0.999766931729668     
  0.999764967984580     
  0.999763501820677     
  0.999761758826436     
  0.999759247102549     
  0.999736106261030     
  0.999415439645841     
  0.998423817122928     
  0.997604722365222     
  0.996134965626503     
  0.991491762947540     
  0.987686047809677     
  0.985779487145786     
  0.985819442710820     
  0.987381262839025     
  0.989968153171155     
  0.992492420231259     
  0.992392499703862     
  0.989415084989438     
  0.987434198326467     
  0.987176719207121     
  0.988630192150508     
  0.991759385926263     
  0.996212215763960     
  0.999153588601855     
  0.999325706028058     
  0.998817615675853     
  0.998303779821777     
  0.997556211950132     
  0.997059991672270     
  0.997027405645889     
  0.997299982295397     
  0.997947199907862     
  0.998687729100348     
  0.999226261907364     
  0.999653797830161     
  0.999672031334069     
  0.999669106612620     
  0.999664352275038     
  0.999655317020645     
  0.999640485594104     
  0.999627504891884     
  0.999617189679957     
  0.999585099314234     
  0.999541507216472     
  0.999513820685969     
  0.999480229690333     
  0.999458177287060     
  0.999452737711048     
  0.999428325734106     
  0.999121366669475     
  0.997347546266309     
  0.995123506267894     
  0.993708534674373     
  0.993149743652072     
  0.993582898045620     
  0.994448973540902     
  0.995986268770328     
  0.997601766981542     
  0.995633437263890     
  0.990957626955105     
  0.975202426964733     
  0.955004384584051     
  0.943905882977104     
  0.940401517811674     
  0.943335362176851     
  0.955877005403799     
  0.973237805280213     
  0.992756054458356     
  0.999031531871395     
  0.996501956021853     
  0.987433414721439     
  0.978755571715674     
  0.973638114528353     
  0.971819982884674     
  0.973398762078458     
  0.978945525766220     
  0.988189988232017     
  0.995447322819599     
  0.996992061391115     
  0.997810633553249     
  0.998752747749116     
  0.999119203762370     
  0.999119793374291     
  0.999101213128290     
  0.999080963806074     
  0.999059292329000     
  0.999035138783482     
  0.999004456994816     
  0.998946954529853     
  0.998869891847342     
  0.998804124454951     
  0.998752912447925     
  0.998679086565900     
  0.998619633540016     
  0.998589696679053     
  0.998581543994312     
  0.998532865703491     
  0.998480364967477     
  0.998457062999486     
  0.998389985889715     
  0.997673624371152     
  0.996542511412113     
  0.993764945573080     
  0.988315572463852     
  0.983804546857717     
  0.981415084304302     
  0.980160266993189     
  0.980690644792645     
  0.982982587645440     
  0.986634190405793     
  0.989237828292993     
  0.989964037447406     
  0.991247269868464     
  0.993389955525437     
  0.994623017636839     
  0.995669855790266     
  0.996625402142611     
  0.996905488293857     
  0.996886006775004     
  0.996730495132886     
  0.996558408712434     
  0.996372495899227     
  0.996053270554542     
  0.994942506972204     
  0.993735613092430     
  0.992897992483732     
  0.992427044645326     
  0.992316564379030     
  0.992579446413582     
  0.993225245529982     
  0.993817255304671     
  0.993634709209876     
  0.993321309508529     
  0.992992320980655     
  0.992637488513668     
  0.992239760277251     
  0.991806493185535     
  0.991334675938846     
  0.990818672985008     
  0.990257082812911     
  0.989622516790950     
  0.988767602601908     
  0.987296183061811     
  0.985442494675574     
  0.983813386227647     
  0.982552273376256     
  0.981653657382478     
  0.981089319155733     
  0.980880871169287     
  0.980649412468137     
  0.979814805481852     
  0.978604419088207     
  0.977346844565662     
  0.976116824244626     
  0.974902137725789     
  0.973706913566480     
  0.972542518551368     
  0.971427248384576     
  0.970491030211232     
  0.969888395221446     
  0.969697361513059     
  0.969939929323505     
  0.970591381906084     
  0.971544336757394     
  0.972606583277964     
  0.973696381981091     
  0.974852646349948     
  0.976063264209346     
  0.977315154551734     
  0.978648636119548     
  0.980002028089809     
  0.981319478811237     
  0.982528270877502     
  0.983653009208887     
  0.984700141858162     
  0.985670996638071     
  0.986571862440388     
  0.987333007001052     
  0.988019238408641     
  0.988669315065079     
  0.989316334709972     
  0.989912211308679     
  0.989874508048168     
  0.989040485006644     
  0.988363150205162     
  0.988114927410475     
  0.988395405480281     
  0.989284343590717     
  0.990782181998212     
  0.992646135787385     
  0.993742776366829     
  0.994310869177245     
  0.994642791296552     
  0.994615437146548     
  0.992843196939806     
  0.990245735955694     
  0.988534295027204     
  0.987936358498892     
  0.988471266530005     
  0.990120723890681     
  0.992836996556859     
  0.995603433616801     
  0.996229562441126     
  0.996020575314298     
  0.995925700113293     
  0.995992630491742     
  0.996238887698949     
  0.996665137215321     
  0.997253755936284     
  0.997725240357400     
  0.997881319784776     
  0.997983560223490     
  0.998076410396458     
  0.998155184427927     
  0.998225689042066     
  0.998277886346386     
  0.998324956186151     
  0.998374514369587     
  0.998429919736517     
  0.998482541636192     
  0.998539262960043     
  0.998577187380053     
  0.998550292266817     
  0.998532854849570     
  0.998532137749913     
  0.998553064952576     
  0.998626615447854     
  0.998710764579185     
  0.998825579750707     
  0.998904196447142     
  0.998930753871663     
  0.998952368473655     
  0.998969972449033     
  0.998976144854521     
  0.998962795996868     
  0.998928431545643     
  0.998856153995102     
  0.998790568607014     
  0.998732159286605     
  0.998661910252702     
  0.998533375574180     
  0.997814412803737     
  0.988690286834341     
  0.944141461815402     
  0.886843000876556     
  0.847488514177159     
  0.834155264089951     
  0.843386194695055     
  0.870249373503025     
  0.922267608654561     
  0.974937094029766     
  0.992861347650126     
  0.994120508553279     
  0.995340699475527     
  0.996724174313669     
  0.997552773820654     
  0.997830641661681     
  0.997882054449895     
  0.997956306517344     
  0.998203079748323     
  0.998629285438671     
  0.999142830774944     
  0.999400341583705     
  0.999475924718388     
  0.999473452632604     
  0.999377250561028     
  0.999249970493972     
  0.999169109616194     
  0.999134060013066     
  0.999168564173269     
  0.999266903840432     
  0.999415343031411     
  0.999557540371314     
  0.999609821413526     
  0.999627040644198     
  0.999640855059787     
  0.999647234959001     
  0.999651282451363     
  0.999645807639754     
  0.999431104894033     
  0.998848721387631     
  0.998377979296303     
  0.997919322272772     
  0.996603492281472     
  0.995193208950610     
  0.994575299870393     
  0.994730605954458     
  0.995293725465359     
  0.996201703248418     
  0.997698757002766     
  0.999230535147672     
  0.999600462338240     
  0.999148241658139     
  0.998197564708855     
  0.997503544402320     
  0.997184135237116     
  0.997212446198956     
  0.997618228117397     
  0.998388254287921     
  0.999349998953784     
  0.999734960369969     
  0.999746573110527     
  0.999619272727884     
  0.999425697438345     
