  0.999398743497388     
  0.999414491730074     
  0.999411334492127     
  0.999347191374485     
  0.999042269351148     
  0.998768044280383     
  0.998565678622018     
  0.998358358353752     
  0.998047715448542     
  0.997639871502775     
  0.996449553951002     
  0.991334818543650     
  0.984519981131138     
  0.978235754379047     
  0.972672275251492     
  0.967914557295584     
  0.964167408922261     
  0.961761170300283     
  0.961431035295045     
  0.962638921282442     
  0.964081657581894     
  0.965993186190804     
  0.969167179346157     
  0.974164571585728     
  0.980519876341761     
  0.987911294251318     
  0.995075166907095     
  0.998003244667028     
  0.998637723223505     
  0.999062343746391     
  0.999231974032342     
  0.999237464398483     
  0.999236478146986     
  0.999231526202219     
  0.999227414003569     
  0.999223278202274     
  0.999219500957102     
  0.999216352579447     
  0.999214183727202     
  0.999209453465697     
  0.999199183375834     
  0.999187592988590     
  0.999172115474210     
  0.999087500249455     
  0.998894211867534     
  0.998708776005465     
  0.998553037475675     
  0.998384017625226     
  0.997590396932818     
  0.996189814103921     
  0.994765277976245     
  0.993468118115618     
  0.992302611791783     
  0.991353565883301     
  0.990452856777232     
  0.989798761554464     
  0.989827852624300     
  0.990518077105572     
  0.991248729745756     
  0.991766504705625     
  0.992525423421760     
  0.993707577530969     
  0.995234820361868     
  0.996933581671395     
  0.997995755206219     
  0.998503397492383     
  0.998750408050981     
  0.998761682478284     
  0.998741073191311     
  0.998706524182350     
  0.998666298476685     
  0.998556413384370     
  0.998367613278262     
  0.998188822658953     
  0.998028182854609     
  0.997895006937729     
  0.997802643661982     
  0.997735404593628     
  0.997666536305129     
  0.997620908310796     
  0.997591115581364     
  0.997557355435587     
  0.997532769451186     
  0.997533573143489     
  0.997538182576192     
  0.997533685182710     
  0.997409432704829     
  0.997127141473931     
  0.996835397523671     
  0.996663767652165     
  0.996623466670441     
  0.996671999267735     
  0.996687218341638     
  0.996597340254177     
  0.996460912304131     
  0.996427999134892     
  0.996526963465298     
  0.996651030520707     
  0.996758400835058     
  0.996869508450623     
  0.996963322036840     
  0.996999586558594     
  0.996915573044150     
  0.996811133340415     
  0.996707000414294     
  0.996603029010178     
  0.996495153949080     
  0.996363370425258     
  0.996219940052088     
  0.996077567718180     
  0.995930207453552     
  0.995766078247490     
  0.995580020966252     
  0.995353028058455     
  0.994256360820965     
  0.988454928144552     
  0.980201517150402     
  0.972989438997986     
  0.966970384720212     
  0.961977402152399     
  0.957899572076611     
  0.952696917862086     
  0.946648694046497     
  0.942163431822476     
  0.938347273001653     
  0.935745802640152     
  0.935253934573884     
  0.937188668126268     
  0.941521211876232     
  0.948127874152689     
  0.953890260484055     
  0.953573468210694     
  0.952111662551433     
  0.950781764231113     
  0.948646400593112     
  0.944348827479281     
  0.940196016712366     
  0.935604801802820     
  0.932049080388735     
  0.928719091490844     
  0.922947148626174     
  0.918600504547954     
  0.917893890663292     
  0.919252355400856     
  0.921464025456139     
  0.924459709201754     
  0.926752553918510     
  0.926241230371290     
  0.924924100105199     
  0.921883384062456     
  0.916327504700877     
  0.906994630821834     
  0.896605682224892     
  0.886576676461644     
  0.878176916423715     
  0.871107625364788     
  0.864983499111162     
  0.860465115057359     
  0.857454374087567     
  0.855237605538406     
  0.852629021133647     
  0.847381731882432     
  0.835394144984793     
  0.816018535453108     
  0.792139582640234     
  0.766270519168255     
  0.740796178258446     
  0.717918250460842     
  0.699203734185759     
  0.685962893062196     
  0.679475295735445     
  0.679603016961427     
  0.686343627465968     
  0.700842986309860     
  0.722673862365987     
  0.750840003548492     
  0.783382148604003     
  0.816813830509340     
  0.847359109936958     
  0.872927876059701     
  0.893171827403939     
  0.908981581243357     
  0.921601880983282     
  0.932061776931454     
  0.940915330757079     
  0.948400871946016     
  0.954682576468642     
  0.959913310168742     
  0.964225258779003     
  0.967801813389130     
  0.970838986041284     
  0.973469155507698     
  0.975781964583734     
  0.977830139291734     
  0.979658033180068     
  0.981335851578754     
  0.982878838901314     
  0.984296125404643     
  0.985584221434385     
  0.986751430906813     
  0.987820718885766     
  0.988675652736913     
  0.989543016798087     
  0.990309625171275     
  0.991009032370252     
  0.991644111163600     
  0.992216454100209     
  0.992737327029844     
  0.993210877478147     
  0.993608219632173     
  0.993950845839752     
  0.994229212053622     
  0.994268907391114     
  0.994193449770658     
  0.994124083543169     
  0.994081868373304     
  0.994083569815696     
  0.994150639603181     
  0.994164672414692     
  0.994118991419102     
  0.994079938584319     
  0.994114064320107     
  0.994293312890788     
  0.994515743902227     
  0.994684808215524     
  0.994828009257307     
  0.995212942438712     
  0.995763440556188     
  0.996094939883953     
  0.995330790235952     
  0.992122326359801     
  0.988149285547648     
  0.984378773937419     
  0.981503394339503     
  0.979127712462495     
  0.976820708240417     
  0.974801360653290     
  0.974173096402868     
  0.976486342536111     
  0.974991361010466     
  0.967526907010397     
  0.956840793349347     
  0.944920711517804     
  0.936190969750752     
  0.931140085370346     
  0.927825342173718     
  0.924543651236358     
  0.921755672418332     
  0.920077980202052     
  0.923026804608496     
  0.928432658249587     
  0.935306998033969     
  0.944347048780703     
  0.956035985793442     
  0.970138721781820     
  0.983965528862356     
  0.993158354657095     
  0.997891589541115     
  0.998470718088030     
  0.998560826541758     
  0.998648091635388     
  0.998710518892644     
  0.998740209308708     
  0.998770151774015     
  0.998811473935409     
  0.998857689426609     
  0.998905121303939     
  0.998951474965150     
  0.998993054221000     
  0.999028610418553     
  0.999043255260975     
  0.999046459960138     
  0.999051714731916     
  0.999057533899692     
  0.999062305213450     
  0.999065379139163     
  0.999051316318384     
  0.999033956717831     
  0.999036337403793     
  0.999048421379987     
  0.999061074538605     
  0.999077382207767     
  0.999092747241957     
  0.999103867267470     
  0.999113620591680     
  0.999136146759545     
  0.999159883807210     
  0.999180199822357     
  0.999203460509554     
  0.999233791709351     
  0.999268589967793     
  0.999233982467923     
  0.998528539793352     
  0.997044282498945     
  0.995600354853393     
  0.994094144426611     
  0.991572258911181     
  0.988536182964080     
  0.986002472921044     
  0.984031451311297     
  0.982645552004268     
  0.981745363636245     
  0.981453208896532     
  0.981898988480365     
  0.982286764131326     
  0.981243800335863     
  0.980224513124907     
  0.979717429409042     
  0.979346257105393     
  0.979529278573406     
  0.980483988028647     
  0.981551813061595     
  0.982045173409010     
  0.982522182658963     
  0.983252899822784     
  0.984617065086344     
  0.986789155692855     
  0.989613111733321     
  0.992990076891460     
  0.996681775650750     
  0.998897412307654     
  0.999484556115561     
  0.999584641673406     
  0.999596334376760     
  0.999605736994586     
  0.999609536451897     
  0.999608145988890     
  0.999603114518440     
  0.999590135678803     
  0.999579617554345     
  0.999580947987811     
  0.999588639581789     
  0.999594011377732     
  0.999598454146844     
  0.999606613465285     
  0.999613770623829     
  0.999597313607633     
  0.999543174606937     
  0.999487937011483     
  0.999442714288400     
  0.999408122019198     
  0.999373453043053     
  0.999293846443990     
  0.999209271811872     
  0.999144632525406     
  0.999099721386210     
  0.999071555906816     
  0.999080324047243     
  0.999135378188300     
  0.999202274895095     
  0.999253178054162     
  0.999311119064464     
  0.999376008472886     
  0.999433831803770     
  0.999495815859283     
  0.999566024983714     
  0.999647371306935     
  0.999716060500722     
  0.999719906143150     
  0.999539058819821     
  0.999179826329887     
  0.998856354263067     
  0.998592279675077     
  0.998409084307066     
  0.998302925641060     
  0.998197441816701     
  0.998045203515214     
  0.997960090333832     
  0.998057382751488     
  0.998260663260629     
  0.998459737093162     
  0.998659835261946     
  0.998910988657204     
  0.999222825644949     
  0.999548218314478     
  0.999642914964898     
  0.999634875079330     
  0.999630298647576     
  0.999634404355953     
  0.999630734499990     
  0.999415470273174     
  0.998781230667122     
  0.997653704999527     
  0.995759581446919     
  0.993846275439959     
  0.992172302760772     
  0.990649267720141     
  0.989553005939880     
  0.989393103902423     
  0.990126135359710     
  0.990535431500350     
  0.989991408843434     
  0.989843094239035     
  0.990920211947868     
  0.992715324851735     
  0.994157754779993     
  0.993867799899153     
  0.993111707225631     
  0.992230290533725     
  0.990844040513238     
  0.989632563035103     
  0.988740577006260     
  0.988460482796240     
  0.988592406024484     
  0.988771735130690     
  0.989200910972454     
  0.990124459240841     
  0.991479257161866     
  0.993072132162270     
  0.994981722404539     
  0.997200409916868     
  0.999158519513642     
  0.999666997228030     
  0.999678930478236     
  0.999685117812725     
  0.999690732007605     
  0.999686216224984     
  0.999667577709159     
  0.999650299853095     
  0.999657025120931     
  0.999674126455251     
  0.999690816681812     
  0.999706928720630     
  0.999724533113129     
  0.999748956775668     
  0.999776248499752     
  0.999788943371369     
  0.999775752147598     
  0.999757628150944     
  0.999742694252825     
  0.999727334076216     
  0.999707513693040     
  0.999663052110486     
  0.999623546258265     
  0.999589662740466     
  0.999552428617386     
  0.999487238903209     
  0.999218142562417     
  0.998969516285953     
  0.998777048820933     
  0.998554051034038     
  0.998266329588843     
  0.998069433862789     
  0.998235274476846     
  0.998581169452182     
  0.998705836298400     
  0.998600010578398     
  0.998507072744573     
  0.998535307688304     
  0.998369251143258     
  0.998112732504794     
  0.997934629794429     
  0.997744368510491     
  0.997224286904052     
  0.996448445874998     
  0.995844776158138     
  0.995403307097517     
  0.995061028938101     
  0.994819393888179     
  0.994650151136025     
  0.994624355853466     
  0.994949334754895     
  0.995624944610162     
  0.996397704205257     
  0.997046211343994     
  0.997452302384963     
  0.997926894373714     
  0.998514320559722     
  0.999164004516579     
  0.999485963573568     
  0.999541496124913     
  0.999594675889153     
  0.999659615811501     
  0.999728797221960     
  0.999627554981754     
  0.998492951366291     
  0.995943583643730     
  0.993222537304477     
  0.990859376566996     
  0.988495878010176     
  0.985898092036626     
  0.983766242976342     
  0.982346760690620     
  0.981499818290837     
  0.981254407896029     
  0.981688879347714     
  0.982846698858477     
  0.984406773177373     
  0.984826906925935     
  0.983840220900953     
  0.983545529053386     
  0.983337408532694     
  0.982265357567912     
  0.980868193327393     
  0.980092212776777     
  0.980780804821372     
  0.982345152767175     
  0.983093883402217     
  0.983053210498721     
  0.984028664175893     
  0.986238900030089     
  0.989047561683387     
  0.990882479569808     
  0.990504134984353     
  0.988853208277557     
  0.985281872733663     
  0.981505543948351     
  0.976626069093184     
  0.971794588644828     
  0.967771911777561     
  0.964729215121208     
  0.962367594841960     
  0.961244888392378     
  0.961566100902787     
  0.962355598640122     
  0.963501690610380     
  0.966160895055089     
  0.970360904341680     
  0.973757624637094     
  0.975581646822648     
  0.978067381235124     
  0.980925572957300     
  0.981849370932901     
  0.980344694065748     
  0.979022438204384     
  0.978647354986803     
  0.978722683304307     
  0.978814347222318     
  0.979606702893246     
  0.981168688319440     
  0.982214668940008     
  0.982378515916114     
  0.982699492284549     
  0.983106413341121     
  0.983903601076786     
  0.985334851350747     
  0.987440117513884     
  0.989831130111921     
  0.991324652912263     
  0.991693932483424     
  0.991954814713391     
  0.992479265065815     
  0.993311750840027     
  0.994144589985153     
  0.995078549880146     
  0.996203984431401     
  0.997364695073675     
  0.998441198346408     
  0.999387946030224     
  0.999682212778272     
  0.999705572171534     
  0.999711466802992     
  0.999720966695046     
  0.999730323696829     
  0.999730272941376     
  0.999727957587329     
  0.999727495627574     
  0.999731613269273     
  0.999743424787537     
  0.999754576451552     
  0.999758861669852     
  0.999757692325564     
  0.999757448526880     
  0.999759536675963     
  0.999758391253126     
  0.999693719572501     
  0.999435485550389     
  0.999163378525941     
  0.998729953478399     
  0.997368916352164     
  0.995845765195044     
  0.994533342232724     
  0.993473269655540     
  0.992689867202188     
  0.992262168484007     
  0.991856265439463     
  0.990911004191040     
  0.989634178749698     
  0.988752648385368     
  0.988635652587710     
  0.989095099720191     
  0.989802003640007     
  0.990698171238792     
  0.992007358538240     
  0.993246754770321     
  0.993627173566221     
  0.993994611879837     
  0.994519557972046     
  0.995230340491561     
  0.996000145433695     
  0.996994951077173     
  0.997722729547992     
  0.997941261270369     
  0.998160999539491     
  0.998389705530970     
  0.998476299411806     
  0.998491850901266     
  0.998576620231978     
  0.998787677503113     
  0.999089998183106     
  0.999355264570802     
  0.999531512308314     
  0.999643519874582     
  0.999631242089150     
  0.999614072541030     
  0.999597147337968     
  0.999583896022057     
  0.999571191780474     
  0.999535888148715     
  0.999406051851702     
  0.998918387668431     
  0.998279755199437     
  0.997723968935758     
  0.997258882732597     
  0.996921709180958     
  0.996658855869739     
  0.996342916770310     
  0.995916409878253     
  0.995058309984489     
  0.993870632554373     
  0.989999627481286     
  0.983930708211228     
  0.978889319124377     
  0.975065920946174     
  0.972157122356408     
  0.970200960149754     
  0.969033766772184     
  0.968230526277593     
  0.968357648753087     
  0.969792523873176     
  0.970622739115341     
  0.971383795117800     
  0.973342913802260     
  0.976734688723980     
  0.980508978962012     
  0.984327070377003     
  0.984946136247826     
  0.984701672602513     
  0.984852519609526     
  0.985404660955582     
  0.986517904589209     
  0.988217419829197     
  0.990395165687647     
  0.993038470378537     
  0.996031568679776     
  0.998052223777846     
  0.998517862699862     
  0.998771269253795     
  0.998998976542241     
  0.999052696633121     
  0.999019993761694     
  0.998983470148491     
  0.998936982304783     
  0.998887148102756     
  0.998837598096105     
  0.998787708975778     
  0.998738742168323     
  0.998704093309079     
  0.998675439251169     
  0.998618535621219     
  0.998379198898114     
  0.998005841000712     
  0.997158788074506     
  0.995519040423373     
  0.993878328786071     
  0.992457742133858     
  0.990939516797054     
  0.989396094364540     
  0.988122646596233     
  0.987129827037566     
  0.986506761307855     
  0.986160531403708     
  0.986218916329484     
  0.986750905079802     
  0.987713146116967     
  0.989143886898208     
  0.990712077028986     
  0.992481153493681     
  0.993605904883244     
  0.994337891831511     
  0.995027361591013     
  0.995736524532729     
  0.996105229062650     
  0.996097931214367     
  0.995913455801091     
  0.995569879664681     
  0.995171694464304     
  0.994775684767407     
  0.994453667414274     
  0.994224416152521     
  0.993995449211123     
  0.993687665290420     
  0.993377861262183     
  0.993166002208725     
  0.993027418685075     
  0.992916810681524     
  0.992826596408174     
  0.992751026732965     
  0.992601271895769     
  0.992225321726138     
  0.991779464223249     
  0.991254206899753     
  0.990543071737932     
  0.989672221413007     
  0.988739628124823     
  0.987797017314770     
  0.986844491135152     
  0.985866483244915     
  0.984877473660465     
  0.983894766109123     
  0.982913799525172     
  0.981913041205799     
  0.980901467342905     
  0.979909710484701     
  0.978956205600635     
  0.978035258162448     
  0.977129899144207     
  0.976167109014969     
  0.975083765448311     
  0.974011408719072     
  0.973073943757894     
  0.972312188969507     
  0.971745408201391     
  0.971394986549423     
  0.971272321688527     
  0.971383785875764     
  0.971736907295063     
  0.972320540643039     
  0.973109268144654     
  0.974071037997643     
  0.975172456000535     
  0.976347161683657     
  0.977540073341608     
  0.978768909532400     
  0.979993566043386     
  0.981191896019981     
  0.982356656396600     
  0.983458926807603     
  0.984500252562393     
  0.985476511415670     
  0.986381086276914     
  0.987216010444751     
  0.987852762481511     
  0.988195794983022     
  0.988446272421511     
  0.988684410388211     
  0.988951576105933     
  0.989261556945026     
  0.989608388259454     
  0.990007946295932     
  0.990474033521631     
  0.990974660991359     
  0.991470044445537     
  0.991901013591187     
  0.991965577480708     
  0.991813458401899     
  0.991767041573406     
  0.991850723047354     
  0.991861545952521     
  0.991829116951933     
  0.991871089717124     
  0.991954909152441     
  0.992038549617634     
  0.992286868631394     
  0.992685876432065     
  0.993217961660163     
  0.993874525340092     
  0.994672954796001     
  0.995593628646020     
  0.996459042439452     
  0.996836851826100     
  0.996992503646195     
  0.997149574613458     
  0.997333745321465     
  0.997539071190780     
  0.997756336697791     
  0.997980056923792     
  0.998148581865413     
  0.998231627030686     
  0.998299059472273     
  0.998365374019084     
  0.998422440848737     
  0.998454561658181     
  0.998481276184893     
  0.998510266836495     
  0.998543723944831     
  0.998572982807253     
  0.998593453541673     
  0.998621040886322     
  0.998672090122710     
  0.998735863945124     
  0.998782407046977     
  0.998817441425781     
  0.998850051677598     
  0.998880940972886     
  0.998907429378795     
  0.998925208048109     
  0.998925936128884     
  0.998908738534312     
  0.998879369325622     
  0.998823470272822     
  0.998612663814798     
  0.996427318445957     
  0.984978804895223     
  0.967756774146753     
  0.952357207102243     
  0.939407888362976     
  0.928131175625036     
  0.918475480453163     
  0.912211593826965     
  0.911594726394816     
  0.916071840553222     
  0.921956561740970     
  0.927326124856254     
  0.934017499733521     
  0.944034147949415     
  0.957813326253553     
  0.975019822594586     
  0.990682819356043     
  0.996334553666230     
  0.997011023366027     
  0.997556418454572     
  0.998071794980897     
  0.998443122744134     
  0.998670803830677     
  0.998808025740931     
  0.998894951188251     
  0.999003665120506     
  0.999136234063418     
  0.999273082643796     
  0.999330211662972     
  0.999337903666676     
  0.999337348850632     
  0.999352912330317     
  0.999386933723337     
  0.999425498325378     
  0.999462148000542     
  0.999499825922004     
  0.999542018169320     
  0.999543143990753     
  0.999429503809888     
  0.999288141968051     
  0.999122589527093     
  0.998703889868716     
  0.998142068445981     
  0.997631502475113     
  0.997219251357970     
  0.996940761717143     
  0.996835504675752     
  0.996828904739306     
  0.996854504658751     
  0.996908439456468     
  0.996965419782987     
  0.997046854247408     
  0.997236913379171     
  0.997454541005482     
  0.997720831569502     
  0.998097852686930     
  0.998406359411513     
  0.998422924429711     
  0.998435961948118     
  0.998501725476462     
  0.998589325387260     
  0.998671890479648     
  0.998794066303943     
  0.998970848772138     
  0.999204984980028     
  0.999446947921476     
