  0.999404848181584     
  0.999415426225218     
  0.999412077978694     
  0.999368664821061     
  0.999070108070205     
  0.998760482398950     
  0.998524785526339     
  0.998294408133069     
  0.997989325801371     
  0.997638159356262     
  0.996752244383648     
  0.991975741829416     
  0.984894005931630     
  0.978324189818527     
  0.972549930591748     
  0.967587094689322     
  0.963756724706141     
  0.961322708596493     
  0.960925376015531     
  0.962011324377990     
  0.963510583145811     
  0.965670233795516     
  0.969105095220320     
  0.974239849085595     
  0.980822859432186     
  0.988555544724604     
  0.995592866994177     
  0.998080217137883     
  0.998672539655042     
  0.999101123571875     
  0.999233367619958     
  0.999237600885205     
  0.999236441873313     
  0.999231748060423     
  0.999227802450028     
  0.999223786664740     
  0.999220103896988     
  0.999217266573117     
  0.999215382710637     
  0.999209997510751     
  0.999199494623883     
  0.999187988241536     
  0.999173675155611     
  0.999102380469020     
  0.998909635305269     
  0.998716827844991     
  0.998554251961227     
  0.998394444101773     
  0.997694856881314     
  0.996286809626101     
  0.994848312797170     
  0.993504228991223     
  0.992257100645050     
  0.991241351956188     
  0.990349203962894     
  0.989746162532119     
  0.989766971017367     
  0.990397646445582     
  0.991134595706713     
  0.991714446431006     
  0.992531004404699     
  0.993759333414078     
  0.995343191759813     
  0.997065308329579     
  0.998047537578682     
  0.998543527699807     
  0.998761154538091     
  0.998763121368814     
  0.998742834952345     
  0.998707638572378     
  0.998668110046157     
  0.998569484551927     
  0.998378599077566     
  0.998192916943969     
  0.998027944736730     
  0.997892030430105     
  0.997794069012495     
  0.997721911338199     
  0.997655345068012     
  0.997613938056518     
  0.997589337064780     
  0.997554177660220     
  0.997532835607822     
  0.997539170180648     
  0.997550699639971     
  0.997548066929704     
  0.997423490341829     
  0.997136428300724     
  0.996848692332960     
  0.996672312017209     
  0.996622857583414     
  0.996654556552875     
  0.996652279623262     
  0.996571316499855     
  0.996466077134256     
  0.996444124727583     
  0.996523548991911     
  0.996640392519652     
  0.996759201223033     
  0.996884946193448     
  0.996981204350701     
  0.997007256315381     
  0.996916864161271     
  0.996813289284060     
  0.996709371881507     
  0.996605096518100     
  0.996496848946282     
  0.996365700506996     
  0.996223204885123     
  0.996079889531492     
  0.995931741806113     
  0.995768531571450     
  0.995584652910036     
  0.995365869002876     
  0.994519815003666     
  0.989191363332431     
  0.980699011434278     
  0.973109243193987     
  0.966800381666693     
  0.961667433510748     
  0.957571494478824     
  0.952631975756804     
  0.946446483555829     
  0.941840826491375     
  0.938095756877700     
  0.935403342505065     
  0.934950739763537     
  0.936997599206881     
  0.941561012185000     
  0.948436755855738     
  0.953887350727092     
  0.953491474468235     
  0.952124604331578     
  0.951143843879960     
  0.949324860247648     
  0.945397596914565     
  0.940862345201948     
  0.935664104969454     
  0.931708001826369     
  0.928007276039475     
  0.922384421739480     
  0.918295157290649     
  0.917500149428489     
  0.918760270770175     
  0.921166485070025     
  0.924649880196423     
  0.927231632170464     
  0.926915682081884     
  0.925779796308040     
  0.922710762447432     
  0.916676441391005     
  0.907043699226424     
  0.896614807840986     
  0.886520953782773     
  0.877902470012227     
  0.870641885085793     
  0.864498049308177     
  0.860050897906554     
  0.857167583725230     
  0.855227789210655     
  0.853026162662888     
  0.848310189619888     
  0.836665037438641     
  0.817558741821245     
  0.793587234564207     
  0.767184039704719     
  0.740905813234059     
  0.717132597822888     
  0.697649717973443     
  0.683880855537982     
  0.677089122522680     
  0.677188567955935     
  0.684195951397814     
  0.699238273047016     
  0.721806254483363     
  0.750800176395036     
  0.784084960450419     
  0.817880392266427     
  0.848426253653941     
  0.873783362086787     
  0.893795294803171     
  0.909435776132249     
  0.921948400892085     
  0.932363649063119     
  0.941185360730836     
  0.948637541312366     
  0.954885103602858     
  0.960076127948590     
  0.964349677731709     
  0.967892629484301     
  0.970910699453930     
  0.973525062356522     
  0.975825445343203     
  0.977868171205202     
  0.979694638630866     
  0.981370006964007     
  0.982909179840221     
  0.984323243932522     
  0.985609556059886     
  0.986777534563443     
  0.987845693179152     
  0.988695381743521     
  0.989562304154674     
  0.990329437915792     
  0.991026875995856     
  0.991659265915594     
  0.992230539423293     
  0.992750959041666     
  0.993224155716065     
  0.993617293491317     
  0.993959442225138     
  0.994247829897892     
  0.994308372577184     
  0.994220703794670     
  0.994139218444574     
  0.994086989449441     
  0.994083975291774     
  0.994147721983265     
  0.994169702701975     
  0.994108359320511     
  0.994077428875887     
  0.994110845973798     
  0.994272479046894     
  0.994476185763627     
  0.994656320124528     
  0.994841271389165     
  0.995252454949409     
  0.995764003955429     
  0.996070483305301     
  0.995515961121272     
  0.992523440440594     
  0.988453353298195     
  0.984494709273147     
  0.981401241675493     
  0.978801168470138     
  0.976432504028284     
  0.974509277032188     
  0.973949298371987     
  0.976086754977469     
  0.975197319014146     
  0.968342226524102     
  0.958101050581613     
  0.946037621253780     
  0.936840603305330     
  0.931290408022128     
  0.927467585974956     
  0.923630422821275     
  0.920641291597597     
  0.919100177764026     
  0.921951878180970     
  0.927400268741579     
  0.934540264395886     
  0.944079642662995     
  0.956334175288404     
  0.971088194229021     
  0.984942447410109     
  0.993904984250308     
  0.998078337430115     
  0.998478038154033     
  0.998565407753075     
  0.998651011646298     
  0.998708899453689     
  0.998739297407980     
  0.998770008141154     
  0.998811254941460     
  0.998858091364986     
  0.998907547340783     
  0.998954463321816     
  0.998996433568903     
  0.999031144169023     
  0.999045319627677     
  0.999047509246242     
  0.999050928933973     
  0.999056037033189     
  0.999059982586688     
  0.999063604852560     
  0.999053119910219     
  0.999035750008033     
  0.999035799805781     
  0.999046349696086     
  0.999060002467948     
  0.999077379571522     
  0.999091443740873     
  0.999102420949946     
  0.999113843744317     
  0.999136750106959     
  0.999158343437628     
  0.999179286095326     
  0.999204488555560     
  0.999236789821319     
  0.999273239625000     
  0.999256522376207     
  0.998649690466788     
  0.997169081739494     
  0.995669092115789     
  0.994181905691421     
  0.991752724993851     
  0.988632686580750     
  0.985962046846275     
  0.983889555915309     
  0.982447899338612     
  0.981528427279286     
  0.981263844512136     
  0.981756761994922     
  0.982359449153880     
  0.981464508826023     
  0.980455812333897     
  0.979877840420180     
  0.979372939620992     
  0.979534769106249     
  0.980519786032118     
  0.981461377865672     
  0.981798338437995     
  0.982261871725958     
  0.983071390817197     
  0.984531852203371     
  0.986776686077379     
  0.989716196373058     
  0.993245295223740     
  0.996991919311768     
  0.998996002160676     
  0.999509386002085     
  0.999586564049701     
  0.999597887899449     
  0.999606449330259     
  0.999609018853801     
  0.999607120519453     
  0.999602364633547     
  0.999591067047028     
  0.999581317095721     
  0.999581410457400     
  0.999587747495864     
  0.999593681939430     
  0.999598561105015     
  0.999606283428026     
  0.999613366526125     
  0.999601833144010     
  0.999550768847060     
  0.999491983588922     
  0.999443932035803     
  0.999406734878733     
  0.999372936349430     
  0.999297690388457     
  0.999208960659489     
  0.999140065216779     
  0.999093182461531     
  0.999067314367180     
  0.999077616180650     
  0.999129599131120     
  0.999194785357150     
  0.999252362908572     
  0.999316561705702     
  0.999377645036929     
  0.999433214639811     
  0.999497339374480     
  0.999570840731050     
  0.999655324849440     
  0.999719002659980     
  0.999723460072252     
  0.999572212134460     
  0.999207080523337     
  0.998871183641660     
  0.998597671524766     
  0.998403041875166     
  0.998276278374659     
  0.998160181974786     
  0.998021824217861     
  0.997952284922864     
  0.998041510068795     
  0.998233373468734     
  0.998441585363134     
  0.998658702986271     
  0.998925688899670     
  0.999253796119552     
  0.999573695198171     
  0.999642982179877     
  0.999634272061659     
  0.999629858903906     
  0.999632972577174     
  0.999631405997238     
  0.999460872082076     
  0.998851940179779     
  0.997772085037628     
  0.995905269951122     
  0.993909391681995     
  0.992171309210703     
  0.990653092312018     
  0.989612776844112     
  0.989409490882228     
  0.989956958215829     
  0.990310265251362     
  0.989939820034113     
  0.989923714543191     
  0.990967461951377     
  0.992733336772753     
  0.994331250548070     
  0.994211265612193     
  0.993367020200388     
  0.992313057373894     
  0.990800229847456     
  0.989547982764875     
  0.988638175743610     
  0.988325177284166     
  0.988401315124772     
  0.988602404892089     
  0.989086613425056     
  0.990049498059833     
  0.991431039221160     
  0.993101730247888     
  0.995101691621852     
  0.997424053647839     
  0.999290576469784     
  0.999675089222007     
  0.999681408108040     
  0.999686535725765     
  0.999688923859038     
  0.999683167994176     
  0.999665877006830     
  0.999650474882983     
  0.999655799090476     
  0.999671588273163     
  0.999688709845083     
  0.999706087306631     
  0.999725406310751     
  0.999751059301630     
  0.999777899438901     
  0.999789070604656     
  0.999777241031226     
  0.999758581712767     
  0.999743336343601     
  0.999728401322019     
  0.999710370809557     
  0.999666835868233     
  0.999623745502648     
  0.999586668489132     
  0.999550092437300     
  0.999502185464928     
  0.999251749097568     
  0.998983433579735     
  0.998755066830624     
  0.998521838948175     
  0.998266317287326     
  0.998109432176978     
  0.998252870225556     
  0.998539863441460     
  0.998657241349310     
  0.998599915204836     
  0.998547199986667     
  0.998594383145933     
  0.998454049760956     
  0.998166116964005     
  0.997971970815833     
  0.997744245209786     
  0.997266697047029     
  0.996482850088851     
  0.995838279537354     
  0.995363909769984     
  0.995005280706142     
  0.994754674794060     
  0.994594706263072     
  0.994599550829685     
  0.994935049558056     
  0.995599551359828     
  0.996391493701339     
  0.997043991073718     
  0.997454040717543     
  0.997946307166193     
  0.998557989471088     
  0.999216836096897     
  0.999490887426842     
  0.999542814607736     
  0.999598156218506     
  0.999665912210981     
  0.999737127569819     
  0.999669307946464     
  0.998679704683671     
  0.996170345045907     
  0.993335588482031     
  0.990868975267873     
  0.988489243763304     
  0.985841881547415     
  0.983608831079821     
  0.982102718719596     
  0.981217952207398     
  0.980979413844937     
  0.981447821460134     
  0.982656467975538     
  0.984319872946791     
  0.985166987538897     
  0.984293630866148     
  0.983924413217423     
  0.983429863750150     
  0.982131521004385     
  0.980757753786849     
  0.980125449478275     
  0.980700873766795     
  0.981954764107444     
  0.982724148343224     
  0.982937029006299     
  0.984032359407094     
  0.986250992451312     
  0.989134780335033     
  0.991419911000916     
  0.991329125851903     
  0.989214724885291     
  0.985396547590786     
  0.981629448261252     
  0.976737972756216     
  0.971694318043413     
  0.967503615066565     
  0.964390492283252     
  0.962005774403543     
  0.960802597466889     
  0.961143194488263     
  0.962125580276532     
  0.963451783446916     
  0.966251535668857     
  0.970537348941527     
  0.973652332811605     
  0.975466739738583     
  0.978088139658477     
  0.981131621189982     
  0.982055380302493     
  0.980429468824329     
  0.979047854735240     
  0.978626027682623     
  0.978649020542222     
  0.978752255449824     
  0.979582042793515     
  0.981101349914585     
  0.982032780856928     
  0.982182345707432     
  0.982588182811040     
  0.983100332387062     
  0.983929973209828     
  0.985427441618455     
  0.987627718720020     
  0.989988411126214     
  0.991283968973575     
  0.991577431848788     
  0.991865890439436     
  0.992432590106033     
  0.993265490377424     
  0.994098643677303     
  0.995072561047809     
  0.996252743227484     
  0.997427422977319     
  0.998537575831223     
  0.999450062198831     
  0.999686679040547     
  0.999706001169147     
  0.999712389595986     
  0.999721655674129     
  0.999729519095161     
  0.999728714380577     
  0.999727015612393     
  0.999727480176026     
  0.999732113209021     
  0.999743049232083     
  0.999753681465048     
  0.999758074190292     
  0.999757686948521     
  0.999757793118748     
  0.999759712528450     
  0.999759353280702     
  0.999710961432218     
  0.999459990893069     
  0.999176670642952     
  0.998790937492333     
  0.997484282773435     
  0.995894016290611     
  0.994527768463929     
  0.993427765023891     
  0.992631244589772     
  0.992227118631327     
  0.991858215942408     
  0.990881262311373     
  0.989616585846920     
  0.988748870454026     
  0.988595526146607     
  0.989022711129738     
  0.989725240339124     
  0.990661381906332     
  0.992022272810330     
  0.993212798432764     
  0.993553580952383     
  0.993964854344992     
  0.994521074042186     
  0.995236058420141     
  0.996042674655888     
  0.997089118582417     
  0.997768360765355     
  0.997940369612656     
  0.998141222118037     
  0.998359072526644     
  0.998463980249547     
  0.998510034466150     
  0.998610140505237     
  0.998821060264476     
  0.999126048592748     
  0.999371487914456     
  0.999549811352200     
  0.999646737784053     
  0.999631126663694     
  0.999614771926847     
  0.999598440875998     
  0.999583841650142     
  0.999568523528301     
  0.999535001554705     
  0.999427005712359     
  0.998980701853912     
  0.998316720436148     
  0.997744136389835     
  0.997267697853388     
  0.996912037158091     
  0.996614975439892     
  0.996272442829352     
  0.995870451160586     
  0.995143839652866     
  0.994003414236206     
  0.990537646098877     
  0.984330488484348     
  0.978990219667422     
  0.974938807412521     
  0.971922210732547     
  0.969853390769065     
  0.968534600736900     
  0.967781971839130     
  0.968041091019347     
  0.969590095932831     
  0.970559636171268     
  0.971441504203534     
  0.973604545992907     
  0.977090850657345     
  0.980887766499300     
  0.984551700488563     
  0.984771316855558     
  0.984477607791665     
  0.984636271604413     
  0.985236717978414     
  0.986405360808903     
  0.988162962920254     
  0.990436289725810     
  0.993207857347817     
  0.996285220897219     
  0.998131155895004     
  0.998531109164071     
  0.998792504067861     
  0.999017272042134     
  0.999053440559091     
  0.999018597008863     
  0.998981583926293     
  0.998935635525827     
  0.998885329505104     
  0.998835623416770     
  0.998786283525972     
  0.998737890699923     
  0.998701806754074     
  0.998670447926677     
  0.998619061967382     
  0.998403474082703     
  0.998041772921000     
  0.997275901819781     
  0.995656267391138     
  0.993948317218158     
  0.992473115390548     
  0.990928598137242     
  0.989346729993019     
  0.988051493192397     
  0.987012815171635     
  0.986345558177869     
  0.985996089658536     
  0.986073624669466     
  0.986641291321551     
  0.987669842307735     
  0.989156618876066     
  0.990742280800542     
  0.992562612822168     
  0.993657774353457     
  0.994356906858692     
  0.995070018490194     
  0.995780230227304     
  0.996132809592085     
  0.996152809098021     
  0.995940911789525     
  0.995577605337935     
  0.995167283001194     
  0.994771467426778     
  0.994444675063137     
  0.994197423927061     
  0.993955485371449     
  0.993659384567988     
  0.993365640132787     
  0.993155594831982     
  0.993015433620743     
  0.992910758085380     
  0.992830721647044     
  0.992766883315267     
  0.992600307415271     
  0.992212496539125     
  0.991767004279838     
  0.991251320431312     
  0.990554552190322     
  0.989680450002628     
  0.988733948167778     
  0.987777939725246     
  0.986815208920626     
  0.985830589281151     
  0.984835551680102     
  0.983846570126623     
  0.982859950040371     
  0.981859241886397     
  0.980852734974570     
  0.979865456070516     
  0.978914300268527     
  0.977999456961029     
  0.977100748640819     
  0.976122855808696     
  0.975013471975409     
  0.973924068906162     
  0.972972853852948     
  0.972200368062880     
  0.971624014960565     
  0.971269022166262     
  0.971145710700452     
  0.971259016009779     
  0.971616708839385     
  0.972208483995652     
  0.973007546408248     
  0.973982519936243     
  0.975097463361723     
  0.976283490131138     
  0.977484060076323     
  0.978718189398237     
  0.979948163704438     
  0.981152565884209     
  0.982324266073755     
  0.983433653071064     
  0.984478708800980     
  0.985455344244677     
  0.986359667969403     
  0.987199003001928     
  0.987863126488275     
  0.988211006701990     
  0.988448777025006     
  0.988671512693195     
  0.988929313811896     
  0.989227416234506     
  0.989568142290393     
  0.989963643869633     
  0.990423928095215     
  0.990926330379210     
  0.991434981342766     
  0.991907463003900     
  0.992020927096726     
  0.991866965807361     
  0.991806527960937     
  0.991869169032130     
  0.991835053678607     
  0.991773771118891     
  0.991796694794906     
  0.991884800022587     
  0.991984429950898     
  0.992234965888127     
  0.992636931114888     
  0.993184009893127     
  0.993870137935314     
  0.994702725811851     
  0.995652811565147     
  0.996488814215429     
  0.996822625892906     
  0.996978654598503     
  0.997140707032704     
  0.997328642772253     
  0.997537890458625     
  0.997761421625428     
  0.997989258382690     
  0.998148761301045     
  0.998228620165824     
  0.998296751371276     
  0.998362715812904     
  0.998420611281174     
  0.998452681768195     
  0.998477722602806     
  0.998505906318328     
  0.998537784806758     
  0.998566282560829     
  0.998589244361717     
  0.998619437859992     
  0.998668590701992     
  0.998729493800772     
  0.998776609521877     
  0.998814014082915     
  0.998848520348680     
  0.998880067378335     
  0.998908596703028     
  0.998928042336781     
  0.998925868238235     
  0.998908182220548     
  0.998879346040908     
  0.998826544072528     
  0.998654149313801     
  0.996978320796972     
  0.986465575853555     
  0.968741408987605     
  0.952642538963070     
  0.938841236858642     
  0.927164523746608     
  0.917520498118961     
  0.911364123543483     
  0.910520621328171     
  0.914594625704067     
  0.920470593781426     
  0.926557312736338     
  0.934089998134326     
  0.944544583291360     
  0.958803212859922     
  0.976662732905057     
  0.991725621228030     
  0.996411149935143     
  0.997015180418055     
  0.997571245009022     
  0.998103310829493     
  0.998456140077403     
  0.998677625288880     
  0.998805575361700     
  0.998895645692480     
  0.999008996345338     
  0.999146809809991     
  0.999279354449397     
  0.999326976122472     
  0.999331995952945     
  0.999332415351623     
  0.999348776620921     
  0.999381720253861     
  0.999420213438223     
  0.999458804250590     
  0.999499210458512     
  0.999544339379820     
  0.999558170814714     
  0.999444743581721     
  0.999295474113609     
  0.999135716033742     
  0.998740415083829     
  0.998161135916305     
  0.997632523650609     
  0.997210021508856     
  0.996925556604840     
  0.996802380046065     
  0.996782289138226     
  0.996809500264677     
  0.996884394114246     
  0.996977921666770     
  0.997067574002295     
  0.997256521648796     
  0.997463617988915     
  0.997737656317125     
  0.998126125881335     
  0.998407398731888     
  0.998410704464478     
  0.998425218742091     
  0.998487906673766     
  0.998579125609060     
  0.998667848426572     
  0.998796899996930     
  0.998983807823248     
  0.999227086289556     
  0.999462415716845     
