  0.999418620578470     
  0.999418233225544     
  0.999413990932773     
  0.999402882110586     
  0.999166863407997     
  0.998813577208280     
  0.998472154574318     
  0.998177367554766     
  0.997899124885282     
  0.997654295648134     
  0.997325305631503     
  0.993894356220965     
  0.986277491982718     
  0.978736564180313     
  0.972213902348019     
  0.966654773709808     
  0.962456717081292     
  0.959917890949442     
  0.959275107397148     
  0.960031313595573     
  0.961705119156812     
  0.964533456521241     
  0.968756831089353     
  0.974485014483561     
  0.981883979771587     
  0.990533503547493     
  0.996705767140875     
  0.998197013239172     
  0.998794782741231     
  0.999191818039568     
  0.999235451175365     
  0.999237853980742     
  0.999235991266739     
  0.999232011366155     
  0.999228675950068     
  0.999225497431675     
  0.999222350834682     
  0.999220515483466     
  0.999218952976344     
  0.999211290513160     
  0.999200346853713     
  0.999188941546777     
  0.999176020270502     
  0.999137024150887     
  0.998961653073443     
  0.998744079922525     
  0.998556774585190     
  0.998396318784099     
  0.997963873875954     
  0.996602540958022     
  0.995092828659347     
  0.993615218956322     
  0.992139506645029     
  0.990966217325468     
  0.990067757515755     
  0.989557698966002     
  0.989555258996665     
  0.990054197126285     
  0.990770612285455     
  0.991504173700189     
  0.992524584088616     
  0.993943370078164     
  0.995727419442004     
  0.997420733330523     
  0.998200014283859     
  0.998654086584879     
  0.998778879378279     
  0.998766791311771     
  0.998746208003388     
  0.998711960224592     
  0.998671994386080     
  0.998601597759657     
  0.998416401603038     
  0.998209354231858     
  0.998028617470636     
  0.997880604905997     
  0.997768140497580     
  0.997684223460990     
  0.997620810845676     
  0.997587743768360     
  0.997579983006905     
  0.997551434097482     
  0.997533287233917     
  0.997547840978599     
  0.997579014773229     
  0.997590149477011     
  0.997466710764410     
  0.997152926875053     
  0.996887205839283     
  0.996698569135731     
  0.996606675431661     
  0.996575031290601     
  0.996536983082504     
  0.996494210846748     
  0.996474106298964     
  0.996487532529946     
  0.996548937806837     
  0.996659886868709     
  0.996807473165105     
  0.996945023849100     
  0.997031991890336     
  0.997019614401814     
  0.996919116443202     
  0.996816917473280     
  0.996714498709398     
  0.996611063413579     
  0.996501193448941     
  0.996371928797098     
  0.996232201885837     
  0.996088307705336     
  0.995938517038240     
  0.995776659674722     
  0.995598921056133     
  0.995395292674128     
  0.994986306451484     
  0.991347946412360     
  0.982515905233421     
  0.973757393589458     
  0.966495322146893     
  0.960735854604411     
  0.956420851236341     
  0.952253373674447     
  0.946056953618470     
  0.940957842652846     
  0.937425081153839     
  0.934557107891053     
  0.934092747699759     
  0.936578258327917     
  0.941968229717297     
  0.949281277333621     
  0.953234724227373     
  0.953171881245674     
  0.952150138054158     
  0.952060859932247     
  0.951185492343726     
  0.948583883501111     
  0.942496095545983     
  0.935628656914036     
  0.930620379997144     
  0.925728023755524     
  0.920538309009565     
  0.917134974561637     
  0.916404234168758     
  0.917801080993703     
  0.920956448492908     
  0.925374851243812     
  0.928676585925757     
  0.929492860610095     
  0.928431734834150     
  0.925091400104035     
  0.917490864244931     
  0.907313099229619     
  0.896675273008917     
  0.886303688934430     
  0.877104810151416     
  0.869267214994513     
  0.863033003008711     
  0.858731432659663     
  0.856244771400490     
  0.855190039880194     
  0.854218468478319     
  0.850783590378360     
  0.840220936755735     
  0.822248406359251     
  0.798161558220394     
  0.770256745653657     
  0.741487243961828     
  0.714906807187960     
  0.692960795280506     
  0.677413921498455     
  0.669699774705745     
  0.669816746995707     
  0.677710137787552     
  0.694540506153558     
  0.719424545123435     
  0.751035250118167     
  0.786461208711298     
  0.821134539546867     
  0.851520616646534     
  0.876216699005505     
  0.895550539786328     
  0.910678340846214     
  0.922924004848684     
  0.933240043167253     
  0.941972880738034     
  0.949328833689709     
  0.955474246666433     
  0.960545544665014     
  0.964701381787132     
  0.968152911819089     
  0.971117102552600     
  0.973684428168670     
  0.975946037332452     
  0.977973804791356     
  0.979802398273726     
  0.981469820557158     
  0.982998217813685     
  0.984402015993904     
  0.985684743048583     
  0.986852233085951     
  0.987915547315427     
  0.988752176697468     
  0.989616731000995     
  0.990384977109865     
  0.991076668953896     
  0.991702939288351     
  0.992271675814202     
  0.992792198874864     
  0.993263044228995     
  0.993643400574618     
  0.993982494138286     
  0.994286359759605     
  0.994425333742866     
  0.994313613650133     
  0.994193937213593     
  0.994108505332163     
  0.994082995077025     
  0.994124339278572     
  0.994173820031811     
  0.994076496851805     
  0.994034615026572     
  0.994054122620437     
  0.994185204475358     
  0.994371367894702     
  0.994594673752781     
  0.994895904648025     
  0.995370550950272     
  0.995769850864044     
  0.996008077528676     
  0.995905396222905     
  0.993666897338840     
  0.989456393870002     
  0.984905842687451     
  0.981136217408579     
  0.977942472220708     
  0.975404265992032     
  0.973671231882668     
  0.973211959219241     
  0.974804808000432     
  0.975275293456924     
  0.970460013950602     
  0.961287088234803     
  0.949101845093640     
  0.938823206319579     
  0.931924689053520     
  0.926236269401924     
  0.920659877918783     
  0.917213421811976     
  0.916094843013479     
  0.918755077652040     
  0.924448928695991     
  0.932656420851305     
  0.943837141484500     
  0.958185919191630     
  0.974821430498388     
  0.987836701562380     
  0.995878058982913     
  0.998343703057055     
  0.998493603528610     
  0.998577926854826     
  0.998657483856628     
  0.998702500535198     
  0.998735021077921     
  0.998769757203751     
  0.998811483650986     
  0.998861197744860     
  0.998916127283237     
  0.998964774155476     
  0.999006602437432     
  0.999035165732245     
  0.999048095149183     
  0.999050477100193     
  0.999050287727915     
  0.999052422190247     
  0.999054326616859     
  0.999059577463569     
  0.999059681936808     
  0.999043162965693     
  0.999035736567465     
  0.999041333488893     
  0.999055148523241     
  0.999072793241930     
  0.999084526217455     
  0.999096481421314     
  0.999114645952748     
  0.999137587902087     
  0.999156271764025     
  0.999179204021359     
  0.999208846070534     
  0.999246302224899     
  0.999286758457613     
  0.999291390573120     
  0.998954422942876     
  0.997579689260958     
  0.995911571484551     
  0.994400790064769     
  0.992279350286384     
  0.989009604608141     
  0.985924245818265     
  0.983525119704836     
  0.981869156704530     
  0.980902370002149     
  0.980684652735170     
  0.981268695218297     
  0.982411674254050     
  0.982207103524120     
  0.981215826568671     
  0.980259003780897     
  0.979445698024914     
  0.979617209971304     
  0.980569017381426     
  0.981003499467960     
  0.981005599435416     
  0.981480492929885     
  0.982529930631089     
  0.984285209116462     
  0.986843347750652     
  0.990167325788406     
  0.994151525095544     
  0.997824187706821     
  0.999220412635529     
  0.999553789399265     
  0.999590152180625     
  0.999602850127666     
  0.999609638511007     
  0.999609069928114     
  0.999605481195503     
  0.999601601458655     
  0.999595074378000     
  0.999585464856715     
  0.999582501254247     
  0.999585846132226     
  0.999590868851020     
  0.999595742627402     
  0.999602402046775     
  0.999610387643189     
  0.999612200220374     
  0.999573738734582     
  0.999506366127272     
  0.999449379051630     
  0.999403901432949     
  0.999368358637951     
  0.999309436207107     
  0.999209809744437     
  0.999129771990072     
  0.999077912818947     
  0.999054180301418     
  0.999064992968128     
  0.999110251276325     
  0.999174584358194     
  0.999249915920509     
  0.999326415861639     
  0.999379786218601     
  0.999435605563724     
  0.999505688339781     
  0.999588628416921     
  0.999680098154431     
  0.999723862749201     
  0.999727479150186     
  0.999656187022519     
  0.999300317919897     
  0.998916220464534     
  0.998602018810787     
  0.998364458202023     
  0.998191486091271     
  0.998055163258216     
  0.997950412814539     
  0.997919602914401     
  0.997998619268553     
  0.998171936282311     
  0.998400496911899     
  0.998664703960032     
  0.998983132844638     
  0.999360450165459     
  0.999627414643051     
  0.999642585533355     
  0.999632989761267     
  0.999627789743789     
  0.999628428740864     
  0.999628159892240     
  0.999562257682636     
  0.999048436012079     
  0.998093729920703     
  0.996376249360521     
  0.994139701065043     
  0.992259087482958     
  0.990725970478122     
  0.989703584069794     
  0.989321824126385     
  0.989415755502519     
  0.989648433059862     
  0.989693170750566     
  0.990073699448531     
  0.991197981463516     
  0.992992699575804     
  0.994892198718239     
  0.995347757485086     
  0.994219211966128     
  0.992502458330210     
  0.990669393364990     
  0.989253572633891     
  0.988323770094355     
  0.987882114557888     
  0.987817446195990     
  0.988075342008811     
  0.988712298701254     
  0.989818129522405     
  0.991323624122026     
  0.993238387230339     
  0.995570970794518     
  0.998135361588305     
  0.999559258577560     
  0.999688611821551     
  0.999688174075301     
  0.999687843646172     
  0.999681884632615     
  0.999674265768480     
  0.999660405072133     
  0.999649601669119     
  0.999652723814154     
  0.999665607133769     
  0.999683142752515     
  0.999703830179322     
  0.999728677435566     
  0.999757835455067     
  0.999781850530875     
  0.999788835894020     
  0.999782382462556     
  0.999762827895089     
  0.999746693041814     
  0.999732869839139     
  0.999716063980445     
  0.999679122814046     
  0.999629589767367     
  0.999586827881029     
  0.999550612437741     
  0.999525804615118     
  0.999352796192408     
  0.999062926978544     
  0.998782987458171     
  0.998523317483889     
  0.998323015056169     
  0.998221106846767     
  0.998285289096169     
  0.998416016616165     
  0.998497024688803     
  0.998541993793558     
  0.998582464223620     
  0.998691914003794     
  0.998646475777084     
  0.998325856650892     
  0.998101796132046     
  0.997745890815100     
  0.997351037441807     
  0.996597487506498     
  0.995825441461055     
  0.995240725733649     
  0.994821911651900     
  0.994564330176067     
  0.994440578967770     
  0.994520477027739     
  0.994894616493752     
  0.995561695307556     
  0.996390606942655     
  0.996998056196200     
  0.997445687264292     
  0.998013478768966     
  0.998710563763389     
  0.999344443924476     
  0.999494095328282     
  0.999545390407597     
  0.999609158470074     
  0.999686835142671     
  0.999757468866882     
  0.999739581173728     
  0.999149201536553     
  0.996918549999985     
  0.993773816847372     
  0.990944014402211     
  0.988436903434280     
  0.985695315600375     
  0.983139587027861     
  0.981351755394864     
  0.980341634278746     
  0.980117200981515     
  0.980688397438023     
  0.982079541733968     
  0.984036983126778     
  0.986074853607235     
  0.985836696794497     
  0.984996175477711     
  0.983634755390338     
  0.981889946081415     
  0.980598313664198     
  0.980168804274546     
  0.980266753959207     
  0.980802559993183     
  0.981582736979913     
  0.982402236346084     
  0.983897124997146     
  0.986304808809864     
  0.989548198922453     
  0.993058858328652     
  0.993859612477305     
  0.990192339414906     
  0.985696711341821     
  0.981814925327275     
  0.977037477408944     
  0.971387607142952     
  0.966665503845616     
  0.963284659868960     
  0.960861812343719     
  0.959562161626222     
  0.959924995097579     
  0.961507448301812     
  0.963531980328103     
  0.966816132970722     
  0.971018867775470     
  0.973269694754039     
  0.975183816182792     
  0.978216244527402     
  0.981601808407774     
  0.982490359407910     
  0.980770582322841     
  0.979227100123030     
  0.978631125495840     
  0.978452382296322     
  0.978639640570945     
  0.979559976689035     
  0.980809158389068     
  0.981353721783102     
  0.981552634518622     
  0.982182458436158     
  0.983093252372451     
  0.984125627216501     
  0.985862417022910     
  0.988288859530502     
  0.990379314546643     
  0.991076628905689     
  0.991215153655209     
  0.991578262315786     
  0.992258671441658     
  0.993083054300019     
  0.993971605742474     
  0.995089903145149     
  0.996408599407744     
  0.997632276375502     
  0.998845526067785     
  0.999584073900887     
  0.999692168685447     
  0.999706107875845     
  0.999715162495374     
  0.999724587155593     
  0.999728123373376     
  0.999726209435162     
  0.999726033816028     
  0.999727802990725     
  0.999733684749379     
  0.999742359277480     
  0.999751112718456     
  0.999755016016596     
  0.999755913523711     
  0.999756957486254     
  0.999759108881506     
  0.999761754927699     
  0.999744646496235     
  0.999541431791547     
  0.999223413474686     
  0.998904094632425     
  0.997874349794825     
  0.996113467995515     
  0.994569790366480     
  0.993346349755835     
  0.992484719344932     
  0.992056678941991     
  0.991757072501989     
  0.990816067186262     
  0.989566720348732     
  0.988713941550235     
  0.988493662214331     
  0.988855244278634     
  0.989527066043104     
  0.990593462784364     
  0.992073126707162     
  0.993014866973507     
  0.993337539466197     
  0.993860498857449     
  0.994531679286256     
  0.995315995280037     
  0.996281953042057     
  0.997417846390442     
  0.997879231184460     
  0.997936406493619     
  0.998075392071675     
  0.998249533404617     
  0.998387714668080     
  0.998502406027252     
  0.998654653348261     
  0.998899174196772     
  0.999211796362195     
  0.999412366666062     
  0.999604619669404     
  0.999650888074686     
  0.999631324563225     
  0.999613211259569     
  0.999597426611078     
  0.999579394637782     
  0.999559235358171     
  0.999530295356063     
  0.999467773780792     
  0.999166233366745     
  0.998451156904451     
  0.997778386077643     
  0.997232756184723     
  0.996810193204507     
  0.996453281967332     
  0.996072061095748     
  0.995722962152553     
  0.995338063761145     
  0.994276760672511     
  0.991966885191202     
  0.985728393079112     
  0.979617628854105     
  0.974775651373777     
  0.971253767288823     
  0.968696941600204     
  0.967104369598167     
  0.966466964510790     
  0.966964113356988     
  0.968867701289873     
  0.970534278088863     
  0.971760682143705     
  0.974304372201879     
  0.977982127144725     
  0.982222714864920     
  0.984850313082099     
  0.984194436886745     
  0.983796262933131     
  0.983986021510528     
  0.984727318568897     
  0.986075701464915     
  0.988063006391437     
  0.990662798121200     
  0.993839778273641     
  0.996989917914754     
  0.998261265993045     
  0.998572346511562     
  0.998866103152081     
  0.999058071964994     
  0.999053717499019     
  0.999015202937810     
  0.998976046551791     
  0.998932313916816     
  0.998879164235555     
  0.998829731945850     
  0.998782635863682     
  0.998734979604544     
  0.998692969735031     
  0.998654706992752     
  0.998611364316418     
  0.998473125967658     
  0.998131131212415     
  0.997564237603233     
  0.996103349306588     
  0.994183441208960     
  0.992508040902529     
  0.990909971519279     
  0.989214076018346     
  0.987780721669458     
  0.986650172603344     
  0.985876615514357     
  0.985524149392270     
  0.985663052171454     
  0.986350174348957     
  0.987579004087424     
  0.989216367735247     
  0.990898877881787     
  0.992791068700435     
  0.993738429798535     
  0.994423390031794     
  0.995221421757385     
  0.995892323702933     
  0.996202775617335     
  0.996318080122026     
  0.996025969035300     
  0.995606777567994     
  0.995161208808166     
  0.994753174609606     
  0.994402894276841     
  0.994110495078334     
  0.993838502851967     
  0.993567557696043     
  0.993314461857415     
  0.993121041797972     
  0.992989814986830     
  0.992904897068527     
  0.992857123237780     
  0.992819139836992     
  0.992582698964152     
  0.992175485396819     
  0.991730472393950     
  0.991234905587712     
  0.990585141560607     
  0.989715711542351     
  0.988726475683058     
  0.987727800955554     
  0.986731602774377     
  0.985725416514229     
  0.984712450754316     
  0.983704587247442     
  0.982703377273635     
  0.981704067107738     
  0.980711821869277     
  0.979738689152030     
  0.978801731618958     
  0.977909909460286     
  0.977019502608528     
  0.975984549493158     
  0.974807439615552     
  0.973673884225042     
  0.972683053552684     
  0.971876361042496     
  0.971271305204701     
  0.970902571276060     
  0.970778228071770     
  0.970897245471408     
  0.971270082095950     
  0.971885305366623     
  0.972717055876186     
  0.973731260988219     
  0.974885448178568     
  0.976101365839001     
  0.977321888656349     
  0.978571096370719     
  0.979817810748136     
  0.981040889086528     
  0.982230364106782     
  0.983362269953839     
  0.984418104757877     
  0.985395124669108     
  0.986298841800078     
  0.987144629703312     
  0.987876147771391     
  0.988271088427474     
  0.988471593222404     
  0.988642603227264     
  0.988855277817932     
  0.989119186115694     
  0.989437169943455     
  0.989819923636795     
  0.990268392371054     
  0.990782928208284     
  0.991328155572695     
  0.991895689661999     
  0.992186185273336     
  0.992084519595665     
  0.991975615807509     
  0.991931579443396     
  0.991746612450638     
  0.991601051231944     
  0.991569955710217     
  0.991661318620769     
  0.991812649739837     
  0.992068821467688     
  0.992504798846947     
  0.993107581130114     
  0.993873576329579     
  0.994810403749112     
  0.995840317142814     
  0.996537987285358     
  0.996771983602431     
  0.996935078046828     
  0.997113365648255     
  0.997315157641326     
  0.997539263696947     
  0.997783133757861     
  0.998015327742267     
  0.998145829834152     
  0.998221524763892     
  0.998290172768030     
  0.998354388283621     
  0.998413187723782     
  0.998449591793938     
  0.998471634122486     
  0.998494623575295     
  0.998522117275567     
  0.998551254540421     
  0.998580101664982     
  0.998614256567584     
  0.998658875939999     
  0.998711652043985     
  0.998758295624654     
  0.998800182367709     
  0.998839632747936     
  0.998876804667714     
  0.998914022107669     
  0.998935716513583     
  0.998925822873753     
  0.998907010083964     
  0.998879646625854     
  0.998833729189718     
  0.998729090089910     
  0.997988096427711     
  0.990842771230223     
  0.972621423335092     
  0.953951622945847     
  0.938237887088703     
  0.925211939181179     
  0.915153357187175     
  0.908794779574472     
  0.907156247800938     
  0.910083181279500     
  0.915747141330282     
  0.923497329242685     
  0.933468251021374     
  0.946119654660690     
  0.962465223390956     
  0.981566528169548     
  0.994133113499866     
  0.996466830694332     
  0.997024180180578     
  0.997629459468640     
  0.998184402915467     
  0.998486721471821     
  0.998692896489226     
  0.998806773051278     
  0.998907184491299     
  0.999031539941675     
  0.999182479002981     
  0.999290965965816     
  0.999315360907667     
  0.999314861691166     
  0.999317848548367     
  0.999335792984111     
  0.999366893081664     
  0.999406014653437     
  0.999449873296574     
  0.999498321448954     
  0.999552805158276     
  0.999593589569819     
  0.999495977131726     
  0.999321003038739     
  0.999159791400811     
  0.998846453730471     
  0.998240529598949     
  0.997657087598023     
  0.997193813872422     
  0.996868395310726     
  0.996696076023849     
  0.996640502396409     
  0.996671516623956     
  0.996798421654233     
  0.996997137086232     
  0.997134221856761     
  0.997307644101021     
  0.997498678776860     
  0.997810108536583     
  0.998215094804780     
  0.998390538045342     
  0.998370279132928     
  0.998386225315172     
  0.998448977008557     
  0.998552413137697     
  0.998658748585167     
  0.998812793233917     
  0.999028990356982     
  0.999302018028855     
  0.999492657911179     
