  0.999433157116705     
  0.999425315694039     
  0.999416867458945     
  0.999409343556780     
  0.999401366785821     
  0.999215343151198     
  0.998701640469415     
  0.998264103317876     
  0.997970633695371     
  0.997741409427275     
  0.997522286727417     
  0.997269850885598     
  0.994740726168871     
  0.985073183608912     
  0.974034612411351     
  0.965138659246755     
  0.958402587471605     
  0.953805803600628     
  0.951541530762401     
  0.951790517116388     
  0.954524789870196     
  0.959964927217854     
  0.967951819099933     
  0.978292924998421     
  0.990353116212410     
  0.996763642585098     
  0.998072674096757     
  0.998833271342312     
  0.999225791926471     
  0.999236687691499     
  0.999237545268838     
  0.999234255967411     
  0.999231465448536     
  0.999229797862921     
  0.999229733410620     
  0.999232245112097     
  0.999236605130331     
  0.999236644536174     
  0.999226336004818     
  0.999213955454162     
  0.999202160525352     
  0.999190568172742     
  0.999178924792910     
  0.999166205350376     
  0.999141423042827     
  0.998964771849752     
  0.998650093162809     
  0.998377704951267     
  0.998164678991939     
  0.997874471074846     
  0.996495264903126     
  0.994470303010364     
  0.992311615998088     
  0.990327934690275     
  0.988954508785731     
  0.988255556778891     
  0.988214488220474     
  0.988621248205435     
  0.989335923108043     
  0.990691261896740     
  0.992716446303258     
  0.995319334068554     
  0.997304494962163     
  0.998211256517249     
  0.998735056781116     
  0.998809883876989     
  0.998797435126788     
  0.998775948018976     
  0.998750965509119     
  0.998725206577902     
  0.998690944962175     
  0.998646499754637     
  0.998588146470617     
  0.998387386819927     
  0.998098220503439     
  0.997855479910398     
  0.997674594115106     
  0.997551891633693     
  0.997478974788076     
  0.997455781597470     
  0.997487925489795     
  0.997570039420575     
  0.997630416105140     
  0.997689364780512     
  0.997781106484541     
  0.997740161859827     
  0.997554928501852     
  0.997308597903460     
  0.996930299616916     
  0.996596552392799     
  0.996331895950635     
  0.996167714084126     
  0.996129473054330     
  0.996246870038688     
  0.996369194594542     
  0.996457103598153     
  0.996586722453492     
  0.996791616992080     
  0.997004908972396     
  0.997157634196553     
  0.997132283856364     
  0.997050183237167     
  0.996950952802982     
  0.996846485788955     
  0.996746993280618     
  0.996635495334366     
  0.996513371561024     
  0.996389458198008     
  0.996255669414184     
  0.996118901591274     
  0.995973873741513     
  0.995819967418633     
  0.995656007033286     
  0.995477740471495     
  0.995258193477987     
  0.994932442929554     
  0.992194736221910     
  0.981201407937938     
  0.968410756099885     
  0.958428614053375     
  0.951252561214039     
  0.946648229576303     
  0.943790488654160     
  0.938946510041913     
  0.934477859175451     
  0.933616824251095     
  0.934823863428363     
  0.939646217352801     
  0.946016546339422     
  0.946801408646831     
  0.946914848623815     
  0.949335716281855     
  0.953287108295568     
  0.956609997772583     
  0.960666800411532     
  0.958663453407059     
  0.951212047713253     
  0.939404860913597     
  0.927160795824422     
  0.917480132280332     
  0.911699656885708     
  0.909583374940780     
  0.910844656819723     
  0.915594358913129     
  0.922174675971837     
  0.928203843828348     
  0.935832625826492     
  0.941076015826416     
  0.940708710731425     
  0.930715831942882     
  0.919130451765423     
  0.907808585330717     
  0.896489180649887     
  0.885135572636453     
  0.873983350279058     
  0.864409528688362     
  0.857185684065325     
  0.853038461688549     
  0.852607252553282     
  0.855129659630832     
  0.857339288785705     
  0.856022511210320     
  0.851600206894727     
  0.840719048777158     
  0.819284593907733     
  0.787100907581354     
  0.748139502024251     
  0.708577945181356     
  0.674192225444062     
  0.649486602972406     
  0.637543121158035     
  0.638393715538584     
  0.651611613569008     
  0.678123362389884     
  0.715097237804011     
  0.757599769693205     
  0.798780217162453     
  0.834038520694731     
  0.862007177396368     
  0.883609370054727     
  0.900519100324300     
  0.914419951947269     
  0.926253707281263     
  0.936327623798529     
  0.944782811687719     
  0.951773273197195     
  0.957452869474405     
  0.962037852754009     
  0.965807202143772     
  0.969015440135563     
  0.971774797211997     
  0.974163390289213     
  0.976314063249635     
  0.978306666936119     
  0.980151987932438     
  0.981827297560704     
  0.983324181180967     
  0.984695096143578     
  0.985952532355044     
  0.987100176354585     
  0.988136425058970     
  0.988940781371360     
  0.989786009147522     
  0.990549791461902     
  0.991238516915412     
  0.991861017036114     
  0.992440276161078     
  0.992954435825209     
  0.993368048516362     
  0.993720970493928     
  0.994041122082252     
  0.994345605934064     
  0.994641017996398     
  0.994804096588799     
  0.994564492332995     
  0.994265532085487     
  0.994038177218379     
  0.993910804278125     
  0.993897579281841     
  0.993977190063727     
  0.993903719626612     
  0.993861856527864     
  0.993995003613135     
  0.994304790779635     
  0.994755063067705     
  0.995290959025568     
  0.995574644713505     
  0.995788015711044     
  0.995996226610852     
  0.996230075128249     
  0.996425732689597     
  0.995018793742838     
  0.989305024274116     
  0.982120997548934     
  0.976333001548068     
  0.972204331174209     
  0.969695684512603     
  0.968869475033224     
  0.969394002823928     
  0.971284985943937     
  0.974467446120081     
  0.973750546053225     
  0.965601090242855     
  0.951552993701175     
  0.932985017185428     
  0.916159601565019     
  0.905069437230348     
  0.900066395878030     
  0.900562534939698     
  0.905587635632734     
  0.915232082850704     
  0.929942887060102     
  0.950258788842530     
  0.972623504404894     
  0.988267193981844     
  0.997052276213043     
  0.998358038255280     
  0.998458014391514     
  0.998545556603583     
  0.998615338437465     
  0.998645170200287     
  0.998673579101274     
  0.998710793943193     
  0.998757114179257     
  0.998813398832480     
  0.998880589426223     
  0.998950978043130     
  0.999017125650161     
  0.999043894153090     
  0.999048302294704     
  0.999053007068172     
  0.999062427785144     
  0.999063496570454     
  0.999050522847980     
  0.999046648097157     
  0.999051943959923     
  0.999064569906555     
  0.999077990387519     
  0.999063544327437     
  0.999049137523111     
  0.999046532423058     
  0.999048128550854     
  0.999060317102260     
  0.999084311564621     
  0.999107733105780     
  0.999125372545405     
  0.999148405501351     
  0.999185091310386     
  0.999236255878730     
  0.999292773949578     
  0.999313070507827     
  0.999312207676074     
  0.999298661633066     
  0.999097186504278     
  0.997613067032028     
  0.995196823488623     
  0.993114581354952     
  0.990855685774074     
  0.986898815864097     
  0.982700793254782     
  0.979716195318788     
  0.978135538601332     
  0.977871854315604     
  0.978939786616370     
  0.981383870408504     
  0.984782534479166     
  0.985664129938858     
  0.983344207123947     
  0.981662975768428     
  0.980724587823456     
  0.978923712744291     
  0.977371514636630     
  0.977029492347782     
  0.977882325122395     
  0.979918926674968     
  0.983246301882586     
  0.987934295579484     
  0.993769094299293     
  0.998058940757033     
  0.999304929022144     
  0.999555295137479     
  0.999582650662077     
  0.999602369580558     
  0.999616096125550     
  0.999619740413236     
  0.999615596458029     
  0.999611732974466     
  0.999606770918543     
  0.999602567675626     
  0.999597423588118     
  0.999583503056891     
  0.999576651313205     
  0.999574831113759     
  0.999578476181375     
  0.999587444646764     
  0.999603157535539     
  0.999617630243877     
  0.999624213041088     
  0.999590774238416     
  0.999496889944685     
  0.999407966045725     
  0.999340673119443     
  0.999284887806670     
  0.999226787013633     
  0.999105455307139     
  0.999010755337209     
  0.998966472217660     
  0.998973692743791     
  0.999031209090530     
  0.999130924642989     
  0.999223431966005     
  0.999279034070179     
  0.999350284892317     
  0.999448922443354     
  0.999572297966394     
  0.999692402092342     
  0.999722767294187     
  0.999728039185719     
  0.999731628691427     
  0.999733279579416     
  0.999701321708511     
  0.999309230516826     
  0.998727872777245     
  0.998260380858829     
  0.997922359392550     
  0.997708329198124     
  0.997613850570847     
  0.997640390297010     
  0.997777841775502     
  0.998024014689791     
  0.998394757709072     
  0.998895914165670     
  0.999463525796852     
  0.999686926477737     
  0.999665280504612     
  0.999636748416294     
  0.999615241770544     
  0.999603442736313     
  0.999600690737654     
  0.999606645168160     
  0.999615027659770     
  0.999604552276252     
  0.999126308916158     
  0.998006484671008     
  0.996002998178064     
  0.992878080049918     
  0.990198718152039     
  0.988297213148300     
  0.987222651094230     
  0.986895530656338     
  0.987089884871807     
  0.987846195592302     
  0.989291848877420     
  0.991542371820052     
  0.994134663145544     
  0.996586446089683     
  0.998442717213048     
  0.997804390568284     
  0.994353953033998     
  0.990963740391317     
  0.988435174009548     
  0.986711659568692     
  0.985584051542595     
  0.985219846785308     
  0.985726795651682     
  0.986992170458981     
  0.989045986718273     
  0.991739445933872     
  0.995202570909009     
  0.998608407383806     
  0.999689626970697     
  0.999744217947402     
  0.999738138894318     
  0.999708503381143     
  0.999675171279439     
  0.999651484056889     
  0.999638161066658     
  0.999633715287780     
  0.999631949783140     
  0.999636431321551     
  0.999651552912444     
  0.999677438009671     
  0.999714523757982     
  0.999754515344101     
  0.999777254631433     
  0.999781998456553     
  0.999787192110318     
  0.999794204622284     
  0.999796138328308     
  0.999773649304867     
  0.999745330747302     
  0.999718832824439     
  0.999691765908035     
  0.999655392704743     
  0.999585206555423     
  0.999531241762790     
  0.999502041130572     
  0.999497851302381     
  0.999401832093842     
  0.998962561175188     
  0.998558617569172     
  0.998278474444716     
  0.998146437672855     
  0.998080031714241     
  0.997958054554867     
  0.997898389170610     
  0.998002623755036     
  0.998272113229371     
  0.998642954775376     
  0.999077105897488     
  0.999306327234108     
  0.998614286638204     
  0.997841438822708     
  0.997273582445299     
  0.996871563665010     
  0.996103970234744     
  0.994982387101656     
  0.994199417805679     
  0.993818154312012     
  0.993823811281173     
  0.994170100466266     
  0.994848695633495     
  0.995722553352084     
  0.996262521737652     
  0.996828339489192     
  0.997636342010590     
  0.998654961431282     
  0.999308762228746     
  0.999408388836112     
  0.999481695473008     
  0.999577195505392     
  0.999693520052897     
  0.999774561556831     
  0.999777664928679     
  0.999769677022174     
  0.999750386515592     
  0.999353629945643     
  0.996957669980820     
  0.992494529571189     
  0.988223518576142     
  0.984776225963476     
  0.981451253508143     
  0.978241369957157     
  0.976393947732833     
  0.976122541660303     
  0.977350271787343     
  0.979991830637933     
  0.983736388329371     
  0.988308265070024     
  0.991831741182345     
  0.990462739608722     
  0.986199893256920     
  0.982998083549257     
  0.980488752044181     
  0.978089692917983     
  0.976418744602099     
  0.976189998843028     
  0.977327026024703     
  0.979425292088571     
  0.982711689559381     
  0.987270428773058     
  0.993245708829509     
  0.998609675369171     
  0.999215205427295     
  0.995934099847390     
  0.988590926378539     
  0.981787632856140     
  0.976474430961782     
  0.971094844281194     
  0.964214610020873     
  0.958561306173650     
  0.955497121708770     
  0.954533539254784     
  0.955384330412625     
  0.959213571422001     
  0.965948845920885     
  0.970746697152823     
  0.971128745332363     
  0.972395445172912     
  0.975684255920595     
  0.979163994413407     
  0.980586776216178     
  0.981752545182384     
  0.982848603000238     
  0.981878619252618     
  0.979622721500366     
  0.978571280821266     
  0.978982442036818     
  0.979031758900468     
  0.978030654426143     
  0.977671998877780     
  0.978562337974685     
  0.980401628927575     
  0.983152125912524     
  0.986706803076511     
  0.989737915474485     
  0.990950452705867     
  0.990388851150316     
  0.989822672526857     
  0.989812279350812     
  0.990319505211252     
  0.991032380244251     
  0.992088532849296     
  0.993667244066808     
  0.995518310228912     
  0.997269211792163     
  0.998958280813999     
  0.999628872498869     
  0.999681496154008     
  0.999692155085115     
  0.999707053705511     
  0.999724695782677     
  0.999728488105006     
  0.999723032029477     
  0.999721031883889     
  0.999722861715919     
  0.999728963472740     
  0.999736780358157     
  0.999741158664313     
  0.999742682176292     
  0.999745477650213     
  0.999749928935484     
  0.999755394150414     
  0.999762489632990     
  0.999766840459031     
  0.999764239858538     
  0.999750063625915     
  0.999572348410605     
  0.999118407173344     
  0.998701927425062     
  0.997798471770342     
  0.995440240865785     
  0.993256331722354     
  0.991705424116375     
  0.990753974530137     
  0.990283986709827     
  0.990194024434417     
  0.989732047326342     
  0.988693181024111     
  0.988165746415860     
  0.988243434230280     
  0.989235018070872     
  0.990666160415751     
  0.991079401880472     
  0.991523904032736     
  0.992443967205102     
  0.993650168609487     
  0.995194423637802     
  0.996819281596040     
  0.997986449328053     
  0.998123416405327     
  0.997926073436314     
  0.997806169416501     
  0.997797804232670     
  0.997877819052779     
  0.998047515808947     
  0.998326522138089     
  0.998726259800801     
  0.999145702847381     
  0.999407644691440     
  0.999643306644042     
  0.999656558124141     
  0.999648425212106     
  0.999639874200567     
  0.999617364519888     
  0.999592215593067     
  0.999570410574184     
  0.999544491190263     
  0.999519371800778     
  0.999496579530768     
  0.999463263864578     
  0.999249896771677     
  0.998367596387543     
  0.997322618631176     
  0.996482643850343     
  0.995868426779527     
  0.995431472815384     
  0.995125083398319     
  0.995056507339368     
  0.995126166094495     
  0.994327980367114     
  0.992559463068462     
  0.985395367483124     
  0.976335385589230     
  0.968980165171356     
  0.963943721364516     
  0.961201685001111     
  0.960297321634262     
  0.961091591291223     
  0.964225374607926     
  0.969761727922210     
  0.976174850888598     
  0.980580255231752     
  0.985358514928535     
  0.985709236445157     
  0.983217892397987     
  0.981430303303674     
  0.980713874490280     
  0.981112590350731     
  0.982534933769208     
  0.984999426474931     
  0.988561691506889     
  0.993176479092145     
  0.996999035569143     
  0.998037902270597     
  0.998464286799704     
  0.998895863318644     
  0.999083349394246     
  0.999075420243704     
  0.999050607572174     
  0.999011829889049     
  0.998963059661192     
  0.998914324312201     
  0.998865235733128     
  0.998800904568922     
  0.998740712563005     
  0.998689169654506     
  0.998641274263141     
  0.998596697387352     
  0.998563080956555     
  0.998532409427390     
  0.998455375189779     
  0.998068603568899     
  0.997472032291499     
  0.995905904094560     
  0.993179630352699     
  0.990675745484292     
  0.988601750247210     
  0.986532515275157     
  0.984887662149095     
  0.983914109452680     
  0.983574983823242     
  0.984063011117742     
  0.985428824929548     
  0.987430856807232     
  0.989979131366914     
  0.991854161683111     
  0.992928791578286     
  0.993778432138626     
  0.994939741022526     
  0.995740419449653     
  0.996190688050175     
  0.996562348091077     
  0.996609076271839     
  0.996424732365490     
  0.995813395192079     
  0.995150724946926     
  0.994581628244431     
  0.994107594704072     
  0.993712793783765     
  0.993388720841795     
  0.993142792998887     
  0.992975147265709     
  0.992894973147463     
  0.992914325052603     
  0.993029838603758     
  0.993112634990443     
  0.992846431529062     
  0.992466449426064     
  0.992056151344156     
  0.991610848972220     
  0.991121724996744     
  0.990581532931819     
  0.989903324830020     
  0.988897014510868     
  0.987682111745600     
  0.986477049133758     
  0.985322040456001     
  0.984207526756745     
  0.983127467970355     
  0.982103337159731     
  0.981134939831661     
  0.980220862267209     
  0.979369890722750     
  0.978586095177755     
  0.977765342834408     
  0.976684694572592     
  0.975418002081386     
  0.974131638007423     
  0.972882290582523     
  0.971733865550823     
  0.970758507775948     
  0.970029923368459     
  0.969586424398224     
  0.969448843506830     
  0.969616481656405     
  0.970065907726189     
  0.970790980814537     
  0.971764528658891     
  0.972924927359267     
  0.974192821854266     
  0.975475810885493     
  0.976749533553069     
  0.978065300546369     
  0.979384983469776     
  0.980681132501130     
  0.981935107647747     
  0.983125341701667     
  0.984219965102099     
  0.985202771219281     
  0.986107175862357     
  0.986947166684152     
  0.987738349579152     
  0.988448199735570     
  0.988792506031787     
  0.988750008081385     
  0.988677141835755     
  0.988706526691566     
  0.988856856492370     
  0.989145102009875     
  0.989592793424032     
  0.990172329400302     
  0.990882973160466     
  0.991714634877625     
  0.992547577287087     
  0.993393691224792     
  0.993190783014030     
  0.992257001468095     
  0.991430896968272     
  0.990869572915279     
  0.990577204452405     
  0.990573873989230     
  0.990876479354084     
  0.991401461698537     
  0.992078693824471     
  0.993047907766698     
  0.994324002421982     
  0.995645356474754     
  0.996224291117420     
  0.996381998155369     
  0.996549922644942     
  0.996761467768248     
  0.997015812866464     
  0.997311548885897     
  0.997639965352304     
  0.997918839027842     
  0.998042918797059     
  0.998121709010902     
  0.998193317990786     
  0.998256909357664     
  0.998316657530179     
  0.998374948310065     
  0.998431720446190     
  0.998469869148712     
  0.998481784416898     
  0.998499862701638     
  0.998527617485266     
  0.998558236113804     
  0.998589601371783     
  0.998622912951092     
  0.998668796305253     
  0.998720398795476     
  0.998774456877412     
  0.998829820017953     
  0.998892549708421     
  0.998936527138872     
  0.998944463331079     
  0.998936477279630     
  0.998909321748042     
  0.998878945469997     
  0.998842967841658     
  0.998790918544146     
  0.998694298096103     
  0.998213109443197     
  0.992731465497478     
  0.970778762248536     
  0.943299444955613     
  0.921144106174752     
  0.904788517891888     
  0.894219499434833     
  0.889918963681718     
  0.891760963902842     
  0.898876787480846     
  0.912565817428878     
  0.932558519250553     
  0.957421528408309     
  0.982692918073758     
  0.994778547640176     
  0.995928407757878     
  0.996547305673682     
  0.997320438802802     
  0.997958794176807     
  0.998276286259252     
  0.998475833360215     
  0.998623325816515     
  0.998811008194997     
  0.999032766850752     
  0.999241151258936     
  0.999318007157708     
  0.999303999401619     
  0.999271460288311     
  0.999250106277704     
  0.999248148596099     
  0.999270824685879     
  0.999315534225640     
  0.999375517200458     
  0.999446245038517     
  0.999526915687948     
  0.999599382351924     
  0.999630122067654     
  0.999634548114762     
  0.999523789186859     
  0.999262662398738     
  0.999029083560626     
  0.998727669620420     
  0.997985227977442     
  0.997179668960606     
  0.996598240785923     
  0.996228134233533     
  0.996077408868508     
  0.996129973557695     
  0.996402034921970     
  0.996876570450430     
  0.997387779970047     
  0.997698351032724     
  0.997994155496963     
  0.998358306080867     
  0.998330203777952     
  0.998200819426630     
  0.998139074012015     
  0.998144398775134     
  0.998246016066093     
  0.998432199512653     
  0.998707046979193     
  0.999027712179331     
  0.999379496304214     
  0.999514057610221     
  0.999480982354466     
