  0.999439023436807     
  0.999432657080937     
  0.999420297862029     
  0.999408732032731     
  0.999399399335071     
  0.999389487717129     
  0.999104338199481     
  0.998397314121384     
  0.997815999253743     
  0.997421330783681     
  0.997219804270615     
  0.997055183553501     
  0.997111201430144     
  0.993540005153296     
  0.980089917750025     
  0.965664867053581     
  0.954903449450894     
  0.947154867352273     
  0.943433131372037     
  0.943910485624349     
  0.948613397312980     
  0.957810804066007     
  0.971233221821872     
  0.986739189397205     
  0.995629843595754     
  0.997552516783804     
  0.998641713862910     
  0.999229271085329     
  0.999242542348036     
  0.999239743898703     
  0.999233024920013     
  0.999227419291910     
  0.999225535029949     
  0.999227089669866     
  0.999232392311148     
  0.999241726378799     
  0.999250119183015     
  0.999243010523979     
  0.999229112537347     
  0.999215391907996     
  0.999202509867446     
  0.999190513987999     
  0.999179238843100     
  0.999168408505744     
  0.999155882483747     
  0.999122803303892     
  0.998866989748840     
  0.998440943618127     
  0.998094609293393     
  0.997857042380465     
  0.997537348145943     
  0.995811953003203     
  0.992925782558923     
  0.990313037712274     
  0.988117753603966     
  0.986947304828978     
  0.986650571322751     
  0.987027904713655     
  0.988192233167526     
  0.990522483163236     
  0.993892421628831     
  0.996665532794380     
  0.997927874374675     
  0.998695371866179     
  0.998828787136328     
  0.998824276740790     
  0.998804834943502     
  0.998780135128414     
  0.998754348747525     
  0.998727981562339     
  0.998701586731324     
  0.998662342227420     
  0.998609888927797     
  0.998535009441868     
  0.998259282653712     
  0.997888505955915     
  0.997605320567598     
  0.997419453090652     
  0.997319234869383     
  0.997309434407178     
  0.997387403302689     
  0.997541490851388     
  0.997768735522379     
  0.997961810546507     
  0.997918721661203     
  0.997741323622677     
  0.997575841546451     
  0.997353070624425     
  0.997070630383992     
  0.996596473363053     
  0.996208778849704     
  0.995997618123435     
  0.995939218900124     
  0.996028459520835     
  0.996164319772444     
  0.996338548272253     
  0.996650521408648     
  0.996956937441222     
  0.997204942202714     
  0.997203739529870     
  0.997130801582305     
  0.997053985907979     
  0.996979471858801     
  0.996886794931209     
  0.996776319727334     
  0.996645604927877     
  0.996518001306340     
  0.996392839688047     
  0.996261253509181     
  0.996127447068061     
  0.995990545303942     
  0.995847177879256     
  0.995697398832295     
  0.995517125952952     
  0.995301481631949     
  0.995048493370394     
  0.994646913576817     
  0.990479133352409     
  0.974952780598956     
  0.958263916927603     
  0.946439895136664     
  0.939319530454399     
  0.936376607340627     
  0.936664685592365     
  0.934341210950709     
  0.934127477726542     
  0.940751024479214     
  0.946853824640379     
  0.943916735295092     
  0.940459915888973     
  0.940991712559032     
  0.945613971051017     
  0.954496994073600     
  0.964622339582289     
  0.965854149640929     
  0.963545106798167     
  0.958430427865681     
  0.945982461597030     
  0.926635659418599     
  0.911653276395937     
  0.903272732304364     
  0.901135601957399     
  0.905309620607900     
  0.913432863926322     
  0.921789123199208     
  0.932972905824034     
  0.943212081883262     
  0.948705610393464     
  0.945018451994779     
  0.935254356877934     
  0.921399452427421     
  0.908151972239498     
  0.895846785841826     
  0.883496762041220     
  0.871628585246812     
  0.861039741399425     
  0.853153538137367     
  0.849764084750054     
  0.851362929806074     
  0.854744764697462     
  0.856193944824111     
  0.857963873867582     
  0.857866227114385     
  0.852060330352337     
  0.835090909059996     
  0.802900636161721     
  0.757869287359628     
  0.707671691031127     
  0.661180547977296     
  0.626788301596831     
  0.610532551453007     
  0.612769944341742     
  0.632633707323495     
  0.670234045468113     
  0.718020914268702     
  0.766540883891322     
  0.808633482709561     
  0.841877172914611     
  0.867259688361180     
  0.886843884033144     
  0.902812494809103     
  0.916484508633863     
  0.928260580633704     
  0.938257368240723     
  0.946532161610662     
  0.953212409671135     
  0.958526820858342     
  0.962828243434822     
  0.966436252776040     
  0.969487668388192     
  0.972096851598697     
  0.974395917546823     
  0.976515930779023     
  0.978487981676267     
  0.980322190285193     
  0.982024258597318     
  0.983551781974288     
  0.984896275254214     
  0.986119893301403     
  0.987234247732774     
  0.988247459883901     
  0.989032478722638     
  0.989864037554634     
  0.990628889637998     
  0.991343011766387     
  0.991998417604638     
  0.992571308222848     
  0.993025758378042     
  0.993420630346747     
  0.993755193387986     
  0.994069350556527     
  0.994366827243910     
  0.994665879366601     
  0.994949206987770     
  0.995039089382481     
  0.994578825772604     
  0.994079611011793     
  0.993734045460234     
  0.993581427428738     
  0.993614842533860     
  0.993816452360019     
  0.993843706713841     
  0.993960512665440     
  0.994429776380436     
  0.995115911192454     
  0.995367417296191     
  0.995463146031133     
  0.995637350185518     
  0.995903989490109     
  0.996298601808171     
  0.996795356975855     
  0.996967261953895     
  0.994270789586831     
  0.985864605604917     
  0.976410247159694     
  0.969454463392412     
  0.965105752829449     
  0.963700365026357     
  0.964424449716479     
  0.967534386636545     
  0.973398039006617     
  0.981521750976218     
  0.982668755930727     
  0.967181966257384     
  0.939790330799414     
  0.911981003605309     
  0.892936273813732     
  0.883075270497755     
  0.883084057833498     
  0.890726615807663     
  0.907059774941368     
  0.932984879357874     
  0.962790853616924     
  0.984101908512489     
  0.996409872612354     
  0.998294912649669     
  0.998447823436019     
  0.998534565188554     
  0.998592867308805     
  0.998604248273642     
  0.998621244730723     
  0.998646257350977     
  0.998685519365461     
  0.998743606070589     
  0.998820642436300     
  0.998903849950607     
  0.998987565720340     
  0.999031088360750     
  0.999056188664435     
  0.999067820624020     
  0.999067300517223     
  0.999067347560988     
  0.999066895525052     
  0.999057566593330     
  0.999038663878023     
  0.999033121252973     
  0.999044066638423     
  0.999071329711361     
  0.999102232478298     
  0.999086300818411     
  0.999048965690813     
  0.999033850461501     
  0.999046566123511     
  0.999068177139627     
  0.999080945335728     
  0.999105139636783     
  0.999148534033663     
  0.999206757246487     
  0.999278695875175     
  0.999306241915295     
  0.999309784160578     
  0.999313143719227     
  0.999314165153826     
  0.999300018747899     
  0.998982358646071     
  0.996814995302520     
  0.993568775214692     
  0.990991620381972     
  0.988178725214551     
  0.983135797552707     
  0.978249753489894     
  0.975605358973698     
  0.975251054553390     
  0.977117296776425     
  0.980897250495520     
  0.984451513792259     
  0.987678784531281     
  0.989038444321438     
  0.986488933802760     
  0.981363198637836     
  0.976502956749941     
  0.973675291656671     
  0.972964614767857     
  0.974343606904957     
  0.977825016390990     
  0.983513086806013     
  0.991224360050926     
  0.997325113458303     
  0.999152286758539     
  0.999532663648005     
  0.999570586130172     
  0.999594174553601     
  0.999610101198175     
  0.999616995305355     
  0.999623173411837     
  0.999623650350077     
  0.999614798713775     
  0.999607813091408     
  0.999599759318427     
  0.999595856973605     
  0.999590512841091     
  0.999577096112768     
  0.999568675596744     
  0.999570215359720     
  0.999583039029190     
  0.999599103081010     
  0.999611248222564     
  0.999628109275812     
  0.999637350348214     
  0.999584271195938     
  0.999453690899015     
  0.999321684212059     
  0.999224275331603     
  0.999168023179490     
  0.999119229999976     
  0.998995424874770     
  0.998920959628909     
  0.998928396276179     
  0.999011418782385     
  0.999099652760396     
  0.999150699699016     
  0.999225877742713     
  0.999344517679786     
  0.999505478231179     
  0.999673970230777     
  0.999717923753008     
  0.999723277365780     
  0.999728226672703     
  0.999732965490779     
  0.999736643678625     
  0.999738007319791     
  0.999682874857359     
  0.999104732649646     
  0.998323918511626     
  0.997757930344852     
  0.997405866098399     
  0.997246750149860     
  0.997283237203128     
  0.997500365384950     
  0.997912183286290     
  0.998545679359613     
  0.999346774715685     
  0.999732320318263     
  0.999728086308446     
  0.999680470107533     
  0.999633783128915     
  0.999597814579861     
  0.999578275557817     
  0.999573134859950     
  0.999583839199452     
  0.999606125947597     
  0.999633945927171     
  0.999633040543483     
  0.998917771865409     
  0.997306433257991     
  0.994520339390137     
  0.990402436421549     
  0.987238961862059     
  0.985346790924621     
  0.984656676397368     
  0.985156046001373     
  0.986548816279883     
  0.989134867430344     
  0.992353671054131     
  0.995567455964113     
  0.998037852709458     
  0.998683662594231     
  0.998754579734218     
  0.997317485131417     
  0.992631477293273     
  0.988305841446988     
  0.985184503483970     
  0.983268341719388     
  0.982627436643632     
  0.983439403192288     
  0.985487246060020     
  0.988928012202793     
  0.993523529956143     
  0.998158341688223     
  0.999650199634837     
  0.999738318146227     
  0.999776874839193     
  0.999783152244102     
  0.999733896342084     
  0.999673872376426     
  0.999631362437116     
  0.999607415943235     
  0.999600673592744     
  0.999609421790280     
  0.999622954563221     
  0.999647651337533     
  0.999690343639688     
  0.999740091229395     
  0.999768126397181     
  0.999771393263833     
  0.999775912954894     
  0.999784015387369     
  0.999796291635468     
  0.999811517548880     
  0.999808307799833     
  0.999762154354578     
  0.999718132114810     
  0.999685817432717     
  0.999654310671612     
  0.999610211581489     
  0.999525239139530     
  0.999471407786019     
  0.999454129898999     
  0.999476337980785     
  0.999344112566527     
  0.998710876133209     
  0.998197128672357     
  0.997830525940831     
  0.997716171664195     
  0.997649144102121     
  0.997640018360957     
  0.997886719772217     
  0.998259967001603     
  0.998835704571522     
  0.999391336732862     
  0.999449130243832     
  0.999233521848869     
  0.998262472202861     
  0.997298834677699     
  0.996631122768754     
  0.996154595951273     
  0.995158949211794     
  0.993889628068398     
  0.993234320648844     
  0.993266474637684     
  0.993961178892763     
  0.994956167242570     
  0.995443115432743     
  0.995985161348847     
  0.996933136379616     
  0.998268179759141     
  0.999174911460787     
  0.999291553589963     
  0.999371040471137     
  0.999492782947101     
  0.999658354706120     
  0.999781239580920     
  0.999789703566613     
  0.999780635692181     
  0.999770720050366     
  0.999758104115512     
  0.999728288092792     
  0.999101699133807     
  0.995572168057270     
  0.989338444154637     
  0.983744894104652     
  0.979626204630093     
  0.976028911994973     
  0.973219422960864     
  0.972822559006123     
  0.974964689112040     
  0.979436502768043     
  0.985113679010224     
  0.989750219843431     
  0.991985513695444     
  0.993693991414418     
  0.992080014725871     
  0.986356996364716     
  0.980106122387024     
  0.975410332021083     
  0.972549654705320     
  0.971963233144898     
  0.973613424327369     
  0.976950616271378     
  0.982667090120457     
  0.990595532251655     
  0.998229851579993     
  0.999496096595952     
  0.999420975673467     
  0.999018787325442     
  0.994198651361141     
  0.984110073850702     
  0.975414011843251     
  0.969293395498113     
  0.963345732841452     
  0.955661669466707     
  0.950552856728566     
  0.949740589154528     
  0.952924902676786     
  0.959772865875639     
  0.967323904324448     
  0.970605312319466     
  0.972346175692426     
  0.974691951577356     
  0.977488041931749     
  0.977742791201207     
  0.978013620924786     
  0.980074495166979     
  0.983068723201769     
  0.984451804611953     
  0.983036736600921     
  0.981169337456556     
  0.979164072887730     
  0.976536436525983     
  0.974745823606423     
  0.974312669860632     
  0.975808101365598     
  0.979375967120487     
  0.984570391527291     
  0.990061856928829     
  0.993042640714936     
  0.991932234484415     
  0.990046035556154     
  0.988984749145870     
  0.988765433822459     
  0.988933358757486     
  0.989731572408224     
  0.991483545219763     
  0.993838400800758     
  0.996185317866757     
  0.998571682422246     
  0.999586736413918     
  0.999675394140534     
  0.999685688930796     
  0.999698641031945     
  0.999716935489957     
  0.999721011255928     
  0.999721202410427     
  0.999722647557925     
  0.999718139412055     
  0.999720336973619     
  0.999727957766014     
  0.999736373448655     
  0.999736870087879     
  0.999738809153048     
  0.999742438849389     
  0.999748797837164     
  0.999758808943549     
  0.999766761821820     
  0.999765242807321     
  0.999763409494846     
  0.999760118009946     
  0.999738556690070     
  0.999466377101528     
  0.998842293659167     
  0.998310131619476     
  0.997021481023105     
  0.993817229404898     
  0.991160294099611     
  0.989552706638018     
  0.988770119017583     
  0.988787962354480     
  0.989555467510980     
  0.989641939370604     
  0.988627510519240     
  0.988738190525390     
  0.989772826459698     
  0.989491923955235     
  0.989350452772309     
  0.990107044127779     
  0.991685709682448     
  0.994012726169356     
  0.996677914692100     
  0.998428794829742     
  0.998582696917353     
  0.998083859609718     
  0.997746027639671     
  0.997547375624841     
  0.997557963526850     
  0.997678273896513     
  0.997951110839027     
  0.998427538904088     
  0.998959592276806     
  0.999299843919232     
  0.999632734419312     
  0.999663856781576     
  0.999657104444190     
  0.999646529724511     
  0.999636171070744     
  0.999625989503706     
  0.999597475526373     
  0.999566291215803     
  0.999541859485536     
  0.999517738451806     
  0.999490819015043     
  0.999473389802731     
  0.999437819822874     
  0.999129113488338     
  0.997872171548035     
  0.996476025541054     
  0.995476202730440     
  0.994848873649870     
  0.994546458212138     
  0.994511724277491     
  0.994722350809884     
  0.995266987738726     
  0.994672509341662     
  0.992458437111571     
  0.981436306610359     
  0.968566144994228     
  0.959506171685251     
  0.954742759956849     
  0.953344765157777     
  0.954861027738024     
  0.960528325087398     
  0.969776732164339     
  0.980879218888861     
  0.991108134987772     
  0.990679476466848     
  0.985368888156644     
  0.981503897365438     
  0.978884699796512     
  0.977675332060330     
  0.978289817738713     
  0.980631365875813     
  0.984816215021163     
  0.990775752738469     
  0.996103482424013     
  0.997602417430196     
  0.998175890411722     
  0.998791367213005     
  0.999084646516065     
  0.999087101996357     
  0.999066393375554     
  0.999043304012067     
  0.999014644406022     
  0.998966963407156     
  0.998905743807479     
  0.998846920480842     
  0.998790446039651     
  0.998717253816869     
  0.998657001759832     
  0.998614472116381     
  0.998574819552480     
  0.998540611285434     
  0.998513591980475     
  0.998478448080418     
  0.998369204085743     
  0.997840575867701     
  0.997050319581126     
  0.994858539852984     
  0.991140261814841     
  0.987957827302255     
  0.985547364609968     
  0.983358322620048     
  0.982104989289778     
  0.982103373983144     
  0.983133019772672     
  0.985083468401858     
  0.988059346371415     
  0.990670439023732     
  0.991674527813454     
  0.992867457407076     
  0.994203222788604     
  0.995328370617087     
  0.995966186075993     
  0.996550837531239     
  0.996704073909378     
  0.996643773995205     
  0.996469879842910     
  0.996153257249846     
  0.995342676054204     
  0.994525975042884     
  0.993881277622315     
  0.993388798682559     
  0.993020388239676     
  0.992798364664798     
  0.992715781725441     
  0.992797573494880     
  0.993058691749667     
  0.993332634840149     
  0.993131448641189     
  0.992777348664094     
  0.992398703949755     
  0.991991786079667     
  0.991542579330015     
  0.991047201274848     
  0.990508006637721     
  0.989915135695664     
  0.989114258378330     
  0.987887564314721     
  0.986431749376317     
  0.985051146798564     
  0.983791837339822     
  0.982648794928867     
  0.981616117799256     
  0.980716559569824     
  0.979953720678097     
  0.979331121817256     
  0.978682466927021     
  0.977678248952335     
  0.976381897972638     
  0.975058058307671     
  0.973754773743140     
  0.972468877396662     
  0.971215959710239     
  0.970115375140568     
  0.969271017540010     
  0.968753678798300     
  0.968592678820491     
  0.968797896593068     
  0.969346204120180     
  0.970180984632449     
  0.971258773356622     
  0.972489139150292     
  0.973783305982619     
  0.975089903257870     
  0.976401653441902     
  0.977770266236991     
  0.979145293923543     
  0.980494856915416     
  0.981790234140143     
  0.982983762568793     
  0.984087763266474     
  0.985111570290149     
  0.986016561124720     
  0.986845746251941     
  0.987618616600660     
  0.988352614917558     
  0.988996440680014     
  0.989132902118019     
  0.988795088771973     
  0.988499861124057     
  0.988421968539719     
  0.988592243718086     
  0.988986146466380     
  0.989648471787412     
  0.990567692566496     
  0.991737368978119     
  0.992917516607791     
  0.993948425168956     
  0.994140709738035     
  0.993023605377600     
  0.991470833672088     
  0.990324730325367     
  0.989665603413698     
  0.989505229445835     
  0.989878960823348     
  0.990762267822714     
  0.992018980179449     
  0.993569296678082     
  0.995263947213481     
  0.995982038590540     
  0.996064606036968     
  0.996169435216869     
  0.996364475135205     
  0.996641523923443     
  0.996996817499021     
  0.997416243139326     
  0.997779845027183     
  0.997932910475399     
  0.998027474201486     
  0.998112561721388     
  0.998178797969709     
  0.998237967256465     
  0.998295673473088     
  0.998351874047146     
  0.998408343347903     
  0.998462312647570     
  0.998493342143952     
  0.998494460840592     
  0.998505527802030     
  0.998532831029322     
  0.998559796874983     
  0.998590895317639     
  0.998642662762815     
  0.998697521349967     
  0.998764947850898     
  0.998844230715687     
  0.998909332874318     
  0.998933548244946     
  0.998945281801336     
  0.998943881512908     
  0.998923647757252     
  0.998880511609801     
  0.998837316510727     
  0.998790722946481     
  0.998726082056816     
  0.998601675764867     
  0.997892172227218     
  0.989528238226196     
  0.958401869254847     
  0.921502248958112     
  0.894848151400722     
  0.877300998730069     
  0.870505530501644     
  0.874112807864333     
  0.886039990807172     
  0.909755907729025     
  0.942872496950158     
  0.977269940644341     
  0.993779791794099     
  0.995385562338121     
  0.995994754023481     
  0.996872951156034     
  0.997645977427766     
  0.998004400081773     
  0.998201187905395     
  0.998343621675334     
  0.998563829366572     
  0.998861404509706     
  0.999212815755626     
  0.999397245013915     
  0.999379149826756     
  0.999303532358835     
  0.999237878216834     
  0.999193915409346     
  0.999179503347614     
  0.999207525655684     
  0.999272029092123     
  0.999362723427176     
  0.999472165059245     
  0.999573158548875     
  0.999617390497788     
  0.999630958030245     
  0.999640850391327     
  0.999636383092490     
  0.999461150533639     
  0.999100609476827     
  0.998803059835188     
  0.998406170247729     
  0.997415078046976     
  0.996442623652717     
  0.995825478050245     
  0.995581452125076     
  0.995669250414079     
  0.996118971806071     
  0.996702569266667     
  0.997348163310413     
  0.998244856613512     
  0.998871949179270     
  0.998634827700760     
  0.998243814012163     
  0.997984771272263     
  0.997864790513730     
  0.997880747218378     
  0.998039245254572     
  0.998349372315641     
  0.998826579358120     
  0.999413100434564     
  0.999625622372586     
  0.999533159566770     
  0.999452888960137     
