  0.999426839713902     
  0.999421750408048     
  0.999415917175049     
  0.999409743587793     
  0.999333412887145     
  0.998944836536192     
  0.998591627355459     
  0.998254827404711     
  0.997958942649163     
  0.997739218942868     
  0.997572290210317     
  0.996306796539244     
  0.989673541896883     
  0.980388263126693     
  0.972318534290213     
  0.965726548155155     
  0.960719581690255     
  0.957564521282295     
  0.956255996510917     
  0.956649077063909     
  0.958621765166115     
  0.962374819331562     
  0.967918200358843     
  0.975152559944553     
  0.984466686189140     
  0.993833915641807     
  0.997565767446149     
  0.998468352405848     
  0.999030898701202     
  0.999232370518323     
  0.999236925202440     
  0.999237373308908     
  0.999234575692517     
  0.999231408783056     
  0.999229328399807     
  0.999228282789664     
  0.999227148011757     
  0.999227151195750     
  0.999223488159207     
  0.999212706193801     
  0.999201363609959     
  0.999189905124056     
  0.999177611279517     
  0.999160807718449     
  0.999059467809479     
  0.998812451575611     
  0.998576119377783     
  0.998380280060085     
  0.998173579167380     
  0.997242349144050     
  0.995549052491246     
  0.993879751475348     
  0.992082103153213     
  0.990628447669182     
  0.989629355635162     
  0.989109306613075     
  0.989088357057738     
  0.989518734114707     
  0.990175344075840     
  0.991131816452441     
  0.992509415162862     
  0.994342865920567     
  0.996482393082642     
  0.997802424417881     
  0.998455128909520     
  0.998771301943062     
  0.998787676317962     
  0.998771409596785     
  0.998748331760700     
  0.998719385217709     
  0.998679364983000     
  0.998633852651802     
  0.998499870399746     
  0.998260817146388     
  0.998042599063466     
  0.997863531036579     
  0.997726457697558     
  0.997629191654254     
  0.997564526711196     
  0.997538711972761     
  0.997552090433869     
  0.997565510973650     
  0.997561627748672     
  0.997577420234892     
  0.997637291699916     
  0.997667734041925     
  0.997517144856210     
  0.997200934742178     
  0.996879256756598     
  0.996644973715805     
  0.996490603075484     
  0.996396312638955     
  0.996353221283396     
  0.996384238588851     
  0.996465556517268     
  0.996525321651569     
  0.996615625973537     
  0.996745538220321     
  0.996893163419447     
  0.997024127472574     
  0.997106949146898     
  0.997033024133960     
  0.996929256400623     
  0.996826650456729     
  0.996724092919064     
  0.996620468329888     
  0.996506505735241     
  0.996380642079809     
  0.996244421760418     
  0.996103079672531     
  0.995954599523209     
  0.995796690532858     
  0.995625506175079     
  0.995433261994603     
  0.995193640740843     
  0.993905114429929     
  0.986569422565226     
  0.975914340930026     
  0.966756013579861     
  0.959583425021188     
  0.954353142812162     
  0.950687013850256     
  0.945681652756095     
  0.939733166646873     
  0.936225399179357     
  0.934004269740882     
  0.933681035046697     
  0.936983833859906     
  0.943622813737521     
  0.949590181128264     
  0.950901954978396     
  0.951943308771269     
  0.952260608790547     
  0.953336652473956     
  0.954785417285407     
  0.953681595338678     
  0.945290704481429     
  0.935933993609716     
  0.928683932912461     
  0.921971389993436     
  0.917073874017797     
  0.914469636824759     
  0.914498124079482     
  0.917031658612601     
  0.921660751076672     
  0.926955382501282     
  0.931290151079655     
  0.934645991218360     
  0.933396106245658     
  0.928069318932081     
  0.918285274721037     
  0.907633112184114     
  0.896650714647058     
  0.885829507740838     
  0.875813599310187     
  0.867152968005268     
  0.860593675056950     
  0.856378933463097     
  0.854671603465257     
  0.855013506092806     
  0.856009049887237     
  0.853730600811656     
  0.845530931481007     
  0.830076577720181     
  0.806522274490696     
  0.776457818822291     
  0.743424440234032     
  0.711732108148142     
  0.685078959213497     
  0.666190038797630     
  0.656873126407883     
  0.657132559318276     
  0.666838840553718     
  0.687125354743667     
  0.716535044682305     
  0.752739531893153     
  0.791187004233001     
  0.826664578352409     
  0.856356764979755     
  0.879808537087703     
  0.897960388980019     
  0.912417791656459     
  0.924417855271809     
  0.934603384072147     
  0.943206958968445     
  0.950417887710626     
  0.956381616978883     
  0.961241315598838     
  0.965211089600924     
  0.968547988864995     
  0.971425996026794     
  0.973913860681521     
  0.976118822354264     
  0.978127448101377     
  0.979969052127722     
  0.981624650775517     
  0.983140779620594     
  0.984529719994920     
  0.985804757318824     
  0.986964878319255     
  0.988017526271413     
  0.988838871394867     
  0.989696544228307     
  0.990463960162692     
  0.991148605588925     
  0.991768568771411     
  0.992339093792214     
  0.992863426156767     
  0.993315018089387     
  0.993681986443573     
  0.994012617669456     
  0.994319270172615     
  0.994571224029984     
  0.994509812136748     
  0.994310736044880     
  0.994154266707217     
  0.994066168414585     
  0.994048065548231     
  0.994098123492323     
  0.994055245248738     
  0.993954767199371     
  0.993949228605742     
  0.994061839349454     
  0.994278269809664     
  0.994587983167095     
  0.995036846736298     
  0.995526416853206     
  0.995788360250498     
  0.995989575966395     
  0.996161097968969     
  0.995329322921919     
  0.991787983790995     
  0.986126966942206     
  0.981106258599715     
  0.977073589492253     
  0.974085482236143     
  0.972245119728854     
  0.971705833487504     
  0.972599678232537     
  0.973917971955293     
  0.973317535539059     
  0.966104193990943     
  0.954714698420608     
  0.941546502802530     
  0.931669940623104     
  0.922514903327695     
  0.914949293720375     
  0.910896339120099     
  0.910507378959955     
  0.913715217419874     
  0.920717825360467     
  0.931450559942327     
  0.945975303387488     
  0.963800096806491     
  0.980872629023967     
  0.992230457675168     
  0.997850425772399     
  0.998416320366963     
  0.998513554625520     
  0.998598737473739     
  0.998657460867395     
  0.998691346809181     
  0.998726359593648     
  0.998766454289211     
  0.998813823301772     
  0.998868996327766     
  0.998930902561672     
  0.998985407029622     
  0.999024739538025     
  0.999037641302232     
  0.999047908428155     
  0.999056462255868     
  0.999053913880789     
  0.999051639238355     
  0.999051972910231     
  0.999058067752446     
  0.999068414505221     
  0.999061208575415     
  0.999042449386401     
  0.999038000675609     
  0.999047256416818     
  0.999059569012413     
  0.999072444923124     
  0.999089643239281     
  0.999116026944276     
  0.999134737897616     
  0.999153025797110     
  0.999181272063160     
  0.999218732622082     
  0.999264753573175     
  0.999304849287594     
  0.999306426047945     
  0.999224755959053     
  0.998341499177912     
  0.996444575634741     
  0.994649227958778     
  0.992886795165449     
  0.989862902300535     
  0.986121227113031     
  0.983095906226371     
  0.980995906904746     
  0.979846724700823     
  0.979621449668875     
  0.980336336804659     
  0.982019980912981     
  0.983568314826353     
  0.982883854275000     
  0.981038025230050     
  0.979804461913402     
  0.979954049265679     
  0.980277525868448     
  0.979723655468989     
  0.979516751271969     
  0.980125977263103     
  0.981555070411766     
  0.983870811602126     
  0.987089776778945     
  0.991236895776802     
  0.995955511868839     
  0.998728612554752     
  0.999454486121123     
  0.999573977309886     
  0.999595435961941     
  0.999611113685056     
  0.999613733104624     
  0.999613028427856     
  0.999608857565285     
  0.999603994466996     
  0.999600482526636     
  0.999591235742982     
  0.999581634469750     
  0.999579881450181     
  0.999582186313469     
  0.999586628298937     
  0.999594963985318     
  0.999607011860882     
  0.999619198784010     
  0.999605157939503     
  0.999537508589358     
  0.999462619122894     
  0.999400621703945     
  0.999356189342537     
  0.999316590361904     
  0.999215974066341     
  0.999114139051473     
  0.999049890090353     
  0.999021933526180     
  0.999030162055535     
  0.999074388278655     
  0.999149037564655     
  0.999245296193848     
  0.999319475315130     
  0.999371934008354     
  0.999438754996251     
  0.999524636672186     
  0.999627550534260     
  0.999711765556145     
  0.999726428216302     
  0.999729095719148     
  0.999720966906043     
  0.999496785056822     
  0.999027333112493     
  0.998616326112700     
  0.998293892165981     
  0.998058639231473     
  0.997903403045671     
  0.997824091798471     
  0.997832073215917     
  0.997928460389926     
  0.998112665626325     
  0.998381785628031     
  0.998726971139562     
  0.999136093476722     
  0.999552747000422     
  0.999656269679787     
  0.999640469104809     
  0.999627386516198     
  0.999620546687757     
  0.999619106911946     
  0.999619348459242     
  0.999617082804707     
  0.999364756020462     
  0.998564789226515     
  0.997143072258016     
  0.994734159667807     
  0.992336881603655     
  0.990543454052975     
  0.989336671844945     
  0.988676238888725     
  0.988423414850553     
  0.988548681975487     
  0.989015006120855     
  0.989934199496383     
  0.991466769786626     
  0.993553794853185     
  0.995595237113392     
  0.997049118546271     
  0.995823144182647     
  0.993021938591279     
  0.990640662122929     
  0.988860347897570     
  0.987670909387523     
  0.987027678459044     
  0.986803536733076     
  0.987151836113183     
  0.988020726951045     
  0.989447030844967     
  0.991348169581776     
  0.993770812894560     
  0.996703996968118     
  0.999159829688560     
  0.999704327932266     
  0.999704891449396     
  0.999697154128192     
  0.999682830514378     
  0.999668405140726     
  0.999659404668675     
  0.999650754954745     
  0.999644462572890     
  0.999646852546034     
  0.999658372706334     
  0.999677757268239     
  0.999704434011960     
  0.999737416691384     
  0.999769820574281     
  0.999784141358967     
  0.999788628580817     
  0.999791190079423     
  0.999775071380023     
  0.999754527812093     
  0.999739551704968     
  0.999719229535462     
  0.999692681999198     
  0.999637191142228     
  0.999587329691591     
  0.999553973942898     
  0.999534189235876     
  0.999494051425893     
  0.999168167491378     
  0.998855669308351     
  0.998623497099525     
  0.998434789300485     
  0.998306264886358     
  0.998250545614932     
  0.998212238947211     
  0.998218189758018     
  0.998297216346373     
  0.998411173388835     
  0.998599786182718     
  0.998837670929745     
  0.998725792593812     
  0.998290020388043     
  0.997753723121063     
  0.997351044854787     
  0.996802302363947     
  0.995870922162584     
  0.995082383955501     
  0.994537792765954     
  0.994253968939324     
  0.994210546537801     
  0.994380554481677     
  0.994846801017034     
  0.995608858831038     
  0.996397902385620     
  0.996898636847170     
  0.997463606518302     
  0.998195369571506     
  0.999025814416976     
  0.999422989287613     
  0.999488585561763     
  0.999551450824937     
  0.999632125455401     
  0.999726821494769     
  0.999774498666432     
  0.999767206664548     
  0.999598172591844     
  0.998177289327240     
  0.994859133910767     
  0.991294581004085     
  0.988283798468548     
  0.985435820978984     
  0.982385379841850     
  0.980033423591278     
  0.978753102975498     
  0.978535859600742     
  0.979325815311292     
  0.981134614591396     
  0.983696693727636     
  0.987049005690678     
  0.988991648633094     
  0.986969820566350     
  0.984148247328778     
  0.981909896904109     
  0.980534769029783     
  0.979730995231760     
  0.978958637582642     
  0.978918509543250     
  0.979759285984555     
  0.981156490152392     
  0.983380858605037     
  0.986586495140974     
  0.990683025830078     
  0.995540853239357     
  0.997321973337914     
  0.992154710201441     
  0.986340369664386     
  0.981598469264458     
  0.977077760156744     
  0.971116165577904     
  0.965384794859982     
  0.961329569192183     
  0.958908155066731     
  0.957596502611582     
  0.958059914221017     
  0.960555868886979     
  0.964245849066973     
  0.968460394310759     
  0.971339934641217     
  0.972610194751614     
  0.975014965403701     
  0.978669023158374     
  0.981756267778849     
  0.982594275842058     
  0.981634584635809     
  0.979971440418004     
  0.978817844602261     
  0.978240999740665     
  0.978650494371815     
  0.979570296948623     
  0.979951369539475     
  0.979934245478111     
  0.980403948866205     
  0.981385946940409     
  0.983080943806067     
  0.984886417740598     
  0.987098160704115     
  0.989545949372561     
  0.990644622349108     
  0.990566273263856     
  0.990614859809400     
  0.991070632485290     
  0.991844650164842     
  0.992679101013400     
  0.993769327054738     
  0.995199029524982     
  0.996693649027027     
  0.998104278698908     
  0.999317485769378     
  0.999666723720598     
  0.999693204106125     
  0.999705234247018     
  0.999719991274237     
  0.999727640246337     
  0.999726437856359     
  0.999725598012318     
  0.999726378885130     
  0.999729409822031     
  0.999735542643684     
  0.999741701861558     
  0.999746892232515     
  0.999749226899579     
  0.999751229480291     
  0.999754669647421     
  0.999759651936876     
  0.999764931776915     
  0.999760992032651     
  0.999675138652170     
  0.999337421563464     
  0.998985343312972     
  0.998449537227962     
  0.996715232857901     
  0.994799582514668     
  0.993276980008678     
  0.992210394910092     
  0.991594506743563     
  0.991281235843187     
  0.990711509653431     
  0.989536921529653     
  0.988595356137114     
  0.988312956687653     
  0.988569312696895     
  0.989287261265328     
  0.990604114873185     
  0.991959016064598     
  0.992468350555474     
  0.992995174677131     
  0.993714553232642     
  0.994696862660001     
  0.995726906521581     
  0.996986537425823     
  0.997927190928364     
  0.997980276308697     
  0.997919790256431     
  0.997958843588633     
  0.998053676149638     
  0.998192617445558     
  0.998377194211932     
  0.998637620274027     
  0.998982180984919     
  0.999283576878153     
  0.999507021410729     
  0.999652665069454     
  0.999650960964799     
  0.999635535745656     
  0.999612725298099     
  0.999591249541097     
  0.999569407921527     
  0.999546007175753     
  0.999522504682731     
  0.999492520358342     
  0.999371908368733     
  0.998781577111239     
  0.997920518914744     
  0.997177457509717     
  0.996589313442443     
  0.996155599497636     
  0.995782034887012     
  0.995476439840612     
  0.995355076673537     
  0.994787424429378     
  0.993462483086102     
  0.988669028992778     
  0.981120681239576     
  0.975144689059699     
  0.970478425383676     
  0.966835369224398     
  0.964833177005939     
  0.964189652530260     
  0.964872532216991     
  0.967252951962906     
  0.970458292506166     
  0.972725711641478     
  0.975919284168672     
  0.980228600972701     
  0.984576225534142     
  0.984354870550806     
  0.983120629408502     
  0.982614092089415     
  0.982878754965784     
  0.983862323360849     
  0.985602358163759     
  0.988100594428594     
  0.991368563750319     
  0.995214010870417     
  0.997755768850628     
  0.998333188577821     
  0.998678327507668     
  0.998993131700799     
  0.999079838433839     
  0.999052870687400     
  0.999011359200767     
  0.998968786883601     
  0.998926391094582     
  0.998872058397966     
  0.998814721598812     
  0.998764922737299     
  0.998719052526037     
  0.998671374216314     
  0.998628252870966     
  0.998589793848137     
  0.998535532888969     
  0.998276906418030     
  0.997845759314894     
  0.996825607713929     
  0.994736622114753     
  0.992607379581834     
  0.990794637387248     
  0.988962752867499     
  0.987251895460012     
  0.985998445942758     
  0.985094013500728     
  0.984739707542517     
  0.984995286313144     
  0.985934690403298     
  0.987490931758996     
  0.989397871905255     
  0.991325052677865     
  0.993005245497149     
  0.993734209418166     
  0.994578665987826     
  0.995487077038467     
  0.996012231763923     
  0.996338265722861     
  0.996516762116677     
  0.996195800660852     
  0.995658322403018     
  0.995142364421793     
  0.994689453546410     
  0.994292953838996     
  0.993949795893935     
  0.993650913142187     
  0.993396825219779     
  0.993187126513820     
  0.993034783009969     
  0.992943873136235     
  0.992917829493523     
  0.992944280654600     
  0.992876991382228     
  0.992532666225316     
  0.992120407859064     
  0.991675453269016     
  0.991190131974914     
  0.990610175113019     
  0.989800177354686     
  0.988757710410640     
  0.987673536956489     
  0.986606898098592     
  0.985556113625629     
  0.984505445010230     
  0.983471855743115     
  0.982457642923448     
  0.981463842477676     
  0.980493268211495     
  0.979554891827779     
  0.978659950390515     
  0.977814428510318     
  0.976888944368192     
  0.975741983684197     
  0.974496047403941     
  0.973306108397663     
  0.972250086967851     
  0.971375632798291     
  0.970720727372951     
  0.970324279087634     
  0.970197321008133     
  0.970333333136771     
  0.970732794918201     
  0.971392207711507     
  0.972280847123426     
  0.973359914757181     
  0.974571702874906     
  0.975823449257849     
  0.977067743538199     
  0.978343699714455     
  0.979620781660763     
  0.980874619454518     
  0.982090156759624     
  0.983255135961663     
  0.984327868473557     
  0.985305131879643     
  0.986209463056916     
  0.987057210586265     
  0.987839007371112     
  0.988389309279280     
  0.988559163820505     
  0.988639691889479     
  0.988748916592693     
  0.988927973056375     
  0.989192331050495     
  0.989544670272072     
  0.989997563020925     
  0.990540637718586     
  0.991147435505530     
  0.991824856031254     
  0.992394488875478     
  0.992609884078086     
  0.992407058297829     
  0.992029927562200     
  0.991601383603234     
  0.991297136314074     
  0.991180125657868     
  0.991246147609899     
  0.991479734525498     
  0.991796911189162     
  0.992294865595500     
  0.993017564083808     
  0.993958901689672     
  0.995099004042905     
  0.996114719042563     
  0.996510223541226     
  0.996680598999552     
  0.996860496652314     
  0.997067389668241     
  0.997301113580450     
  0.997560976707778     
  0.997840620672778     
  0.998043490535867     
  0.998134680684933     
  0.998209081171533     
  0.998276874562480     
  0.998338521474890     
  0.998396997642550     
  0.998446222622350     
  0.998468572026134     
  0.998490150790640     
  0.998512672564668     
  0.998539170681394     
  0.998569697163964     
  0.998604257018192     
  0.998644090096103     
  0.998688286055378     
  0.998733841378679     
  0.998781229234263     
  0.998831555800835     
  0.998881349631451     
  0.998925183631243     
  0.998943085481486     
  0.998928145027096     
  0.998906944315109     
  0.998880237489950     
  0.998841147039535     
  0.998772875843042     
  0.998525966116398     
  0.995928375512221     
  0.981582968450962     
  0.958867918425595     
  0.938958694463159     
  0.923525967357337     
  0.911823488623708     
  0.903948536450018     
  0.900900760825208     
  0.902620750864606     
  0.908047798033188     
  0.917877129580512     
  0.931784072256015     
  0.948840718119952     
  0.969255603641581     
  0.989008894993392     
  0.995785753164588     
  0.996477506829305     
  0.997093429030478     
  0.997790868343057     
  0.998253127951352     
  0.998516594562602     
  0.998679874331805     
  0.998810456260659     
  0.998947289848618     
  0.999097982890556     
  0.999250185627297     
  0.999299159650146     
  0.999295332971385     
  0.999288034961687     
  0.999291727761898     
  0.999311487604459     
  0.999344998671781     
  0.999389761663172     
  0.999443925817335     
  0.999505861302679     
  0.999571299241973     
  0.999620808125781     
  0.999579811590822     
  0.999386564324378     
  0.999188305014757     
  0.998974223899658     
  0.998442574258189     
  0.997745230720814     
  0.997168722608181     
  0.996757456881142     
  0.996507365546740     
  0.996408008885310     
  0.996448388745921     
  0.996636003860258     
  0.996961217213263     
  0.997288329436021     
  0.997423061425379     
  0.997623459660927     
  0.998003919310154     
  0.998329205143425     
  0.998325674741025     
  0.998289814958138     
  0.998300153701432     
  0.998375584393123     
  0.998508563546919     
  0.998668464490103     
  0.998865343918207     
  0.999140841633072     
  0.999427299399213     
  0.999499387778916     
