  0.999450343897091     
  0.999445865138784     
  0.999442951506020     
  0.999424540908937     
  0.999396138405426     
  0.999362629979759     
  0.999342545161142     
  0.999384130437342     
  0.999397370384412     
  0.999060483851051     
  0.993558857029711     
  0.992149122627333     
  0.997774304705335     
  0.999246316001626     
  0.999200202488756     
  0.998966200369460     
  0.993448325284794     
  0.923477903639013     
  0.837875397378574     
  0.884945266714143     
  0.974482694119235     
  0.986948545752194     
  0.990481477110087     
  0.997721703908702     
  0.999137119823676     
  0.999238372515192     
  0.999291745843466     
  0.999300855721724     
  0.999303768762127     
  0.999295840267820     
  0.999187616209654     
  0.999094438857471     
  0.999198866068287     
  0.999279602959686     
  0.999276639236866     
  0.999268931095728     
  0.999260760018531     
  0.999250934391226     
  0.999232640495342     
  0.999222264108420     
  0.999219385300089     
  0.999182408887617     
  0.999154872833728     
  0.999171098064866     
  0.999172564879909     
  0.999161346833517     
  0.999147289782631     
  0.999123249701974     
  0.999067510364030     
  0.998340941000415     
  0.995537957692900     
  0.994990544087417     
  0.997828494723562     
  0.998876620907234     
  0.993958980872389     
  0.973469526939713     
  0.970958678063446     
  0.984853323903550     
  0.988632054956699     
  0.995133305379548     
  0.998643225255765     
  0.998814205584621     
  0.998880532367549     
  0.998876413950989     
  0.998857714399316     
  0.998837111893848     
  0.998815466048040     
  0.998792720496581     
  0.998769238526349     
  0.998737511633396     
  0.998689228563868     
  0.998670703258181     
  0.998661069506367     
  0.998634836215685     
  0.998584750796633     
  0.998342206464016     
  0.998277735495827     
  0.997577454112524     
  0.995295411629734     
  0.995768352046701     
  0.997941680448628     
  0.998325727434925     
  0.998301903685789     
  0.998228550125113     
  0.998197601417614     
  0.998175925545322     
  0.997801339293118     
  0.996559197878446     
  0.996499721286951     
  0.997460976200783     
  0.997272051963823     
  0.996022683316486     
  0.994642746130959     
  0.993608700365804     
  0.995481778253799     
  0.997554386344661     
  0.997564501715054     
  0.997462347251551     
  0.997133458447636     
  0.996987717437069     
  0.997153826115951     
  0.997168167267669     
  0.997075048736343     
  0.996973425753575     
  0.996857687547022     
  0.996722913473554     
  0.996547723922290     
  0.996258055023974     
  0.996168483665197     
  0.996221623171690     
  0.996090611250869     
  0.995934857844523     
  0.995764219559407     
  0.995582016561876     
  0.995375045449651     
  0.995148278323838     
  0.994904486106096     
  0.994608854124636     
  0.994228860672169     
  0.993616847890681     
  0.987040123839185     
  0.907224297938323     
  0.817824953804324     
  0.893344349014526     
  0.982394452698122     
  0.991381763778458     
  0.989637400697590     
  0.952985775890748     
  0.883603967562469     
  0.908080900177375     
  0.955068622233864     
  0.933510730650034     
  0.951187029714225     
  0.982880751311522     
  0.985922765085747     
  0.984808595255255     
  0.981353963113077     
  0.948553733547406     
  0.915032665719534     
  0.928908665928145     
  0.902752152139091     
  0.841785483786678     
  0.838928308761699     
  0.917661469525901     
  0.964867007290677     
  0.964155682753659     
  0.956656735956641     
  0.948968660540160     
  0.946884353609622     
  0.940927156877986     
  0.934423697447454     
  0.927873789889549     
  0.908923749841147     
  0.855739810270169     
  0.832192358242356     
  0.864149903465155     
  0.868660666035455     
  0.850901034780945     
  0.837778458434394     
  0.838271569250447     
  0.850363586244035     
  0.864291011343138     
  0.873719846357200     
  0.875750880668272     
  0.867819250395970     
  0.846511854021780     
  0.807680839738107     
  0.742848831803093     
  0.639662603042140     
  0.535852505655779     
  0.496303287716562     
  0.523062502001977     
  0.590993070433588     
  0.676060712790413     
  0.750512056013938     
  0.801309133877270     
  0.832497003814965     
  0.855128391531818     
  0.873939139452256     
  0.890500380330666     
  0.906446597128097     
  0.921809564433286     
  0.934297234692925     
  0.942872195186970     
  0.949745724574781     
  0.956089530826172     
  0.961142705019736     
  0.964635300097771     
  0.967539891511185     
  0.970223828830406     
  0.972689337980656     
  0.974914993941494     
  0.976949004697128     
  0.978843033199204     
  0.980651544946358     
  0.982351864945135     
  0.983953176552709     
  0.985465129104221     
  0.986795966014606     
  0.987863412107382     
  0.988131694588573     
  0.988655767697037     
  0.989983632276151     
  0.991032660987203     
  0.991774984429449     
  0.992297860076304     
  0.992814682662663     
  0.993247297093065     
  0.993559136271358     
  0.993697457601656     
  0.993993990956491     
  0.994475843625328     
  0.994786248427489     
  0.995009134751039     
  0.995303161077379     
  0.995568348527251     
  0.995767218822644     
  0.995664538878811     
  0.992025313022955     
  0.988424960005513     
  0.991895401479311     
  0.995457520740984     
  0.996320596922118     
  0.996846386373585     
  0.996236652353280     
  0.992405369427562     
  0.992927689374480     
  0.996899070328334     
  0.997137544394348     
  0.996472258493087     
  0.996691870375481     
  0.997404708217429     
  0.997472617573126     
  0.997278176813072     
  0.996986668696819     
  0.990892280024610     
  0.944827922129876     
  0.899043826178047     
  0.921879281806071     
  0.978413516925884     
  0.996726898676666     
  0.997556186220120     
  0.997765948208104     
  0.997719052979281     
  0.996979259457195     
  0.978816607644397     
  0.859337945446148     
  0.759772231313674     
  0.759633898963807     
  0.837998724305931     
  0.957725519490555     
  0.996801551552125     
  0.997363490437134     
  0.997611004212537     
  0.998377700831408     
  0.998629132330527     
  0.998704465769127     
  0.998754101519458     
  0.998739703193612     
  0.998643790368879     
  0.998466383762828     
  0.998265817345669     
  0.998569954041515     
  0.998942168958751     
  0.998979393754264     
  0.998936209344594     
  0.998961413448607     
  0.999052808368236     
  0.999085877610924     
  0.999106053369108     
  0.999125458733348     
  0.999143417394959     
  0.999120108874293     
  0.998949595244044     
  0.998901400245121     
  0.999093054277549     
  0.999190089592190     
  0.998954697203783     
  0.998904143137630     
  0.999194291727484     
  0.999284599431948     
  0.999287989585455     
  0.999025519472868     
  0.998546564820544     
  0.998802833792608     
  0.999287771424242     
  0.999351830479498     
  0.999345608720667     
  0.999275924058655     
  0.999272378791761     
  0.999300665272972     
  0.999283006763624     
  0.999342135595406     
  0.999376308949458     
  0.999360550460625     
  0.999325626525749     
  0.999240802687067     
  0.998802105209392     
  0.990625806282284     
  0.969829986449798     
  0.972769971991864     
  0.990800342345516     
  0.974270605618154     
  0.949223003890813     
  0.968054785566720     
  0.994579416755294     
  0.998895555861291     
  0.999194196342636     
  0.999268379813944     
  0.999096105012176     
  0.989849442512053     
  0.943289695314982     
  0.926520560352879     
  0.966861038592394     
  0.991761435910060     
  0.998856490883698     
  0.999369468533900     
  0.999431158771800     
  0.999553340466680     
  0.999590386771314     
  0.999602875356742     
  0.999612768765689     
  0.999621263945957     
  0.999627571140064     
  0.999615302769871     
  0.999608738025304     
  0.999635209366509     
  0.999652932332597     
  0.999650852078744     
  0.999534669236834     
  0.999511824327585     
  0.999606624548359     
  0.999592996657581     
  0.999616100812539     
  0.999567438435478     
  0.999486855516483     
  0.999580689504728     
  0.999681103837809     
  0.999689119649290     
  0.999682622964896     
  0.999684024538484     
  0.999675372379367     
  0.999428962739683     
  0.998445278446717     
  0.998179375151052     
  0.999148515503817     
  0.999644363693944     
  0.999628308375775     
  0.998743620242990     
  0.997824198886691     
  0.998744791963906     
  0.999652443674842     
  0.999715981872651     
  0.999717241574116     
  0.999721543969059     
  0.999701642350760     
  0.999704309187901     
  0.999737202986030     
  0.999743170907295     
  0.999745321680650     
  0.999747012209072     
  0.999748315095442     
  0.999745328674932     
  0.999728556574867     
  0.999684015775306     
  0.997709672798286     
  0.992037205876718     
  0.993492115396693     
  0.998959948070126     
  0.999703265860504     
  0.999756171864554     
  0.999765744065952     
  0.999764075213825     
  0.999753840616475     
  0.999757066968134     
  0.999755610241130     
  0.999694980413427     
  0.999373848298030     
  0.999244599244242     
  0.999531411685156     
  0.999682737773250     
  0.999746274234119     
  0.999775570996969     
  0.999768521290947     
  0.999700638314772     
  0.999629407873594     
  0.997680201391546     
  0.988067726898136     
  0.979997229561172     
  0.970696391122108     
  0.968831754658360     
  0.987564499457549     
  0.999403561022727     
  0.999490983285793     
  0.998169456589933     
  0.996266438347584     
  0.997563662199725     
  0.999581449527803     
  0.999753101058661     
  0.999759819866119     
  0.999703808493038     
  0.996910156239785     
  0.968290424184712     
  0.945878449435815     
  0.974495415543716     
  0.998055953643215     
  0.999355422138801     
  0.999517391011165     
  0.999751123180446     
  0.999791808932129     
  0.999797816416794     
  0.999803415588715     
  0.999805715068723     
  0.999807368674167     
  0.999805012634805     
  0.999728426302040     
  0.999511843809054     
  0.999209001246343     
  0.999366361019623     
  0.999748279041118     
  0.999815205007507     
  0.999816065210918     
  0.999785767392678     
  0.999676731040191     
  0.999687770502916     
  0.999795706343728     
  0.999818281483651     
  0.999820501543603     
  0.999820874615413     
  0.999820596174396     
  0.999821161183927     
  0.999821652893611     
  0.999811582271080     
  0.999560450285526     
  0.999301415723048     
  0.999563028670041     
  0.999743251815797     
  0.999622483158525     
  0.999213576291640     
  0.999008290247341     
  0.999527178372669     
  0.999808316978308     
  0.999653925731395     
  0.995231285353072     
  0.992651665709581     
  0.997445196848190     
  0.999738394600245     
  0.999670577141480     
  0.999062835504567     
  0.998712407310686     
  0.999323497325196     
  0.999761136315150     
  0.999795112670902     
  0.999780396331798     
  0.999384445726435     
  0.993976986572939     
  0.988029066392606     
  0.993295729732821     
  0.999216846618848     
  0.997493437791654     
  0.987274945834621     
  0.987128861505771     
  0.997235713276589     
  0.999730823196640     
  0.999598121571232     
  0.998510575930022     
  0.998171498849750     
  0.999269549825554     
  0.999772231660693     
  0.999786308029120     
  0.999810919267887     
  0.999816444790688     
  0.999814309849329     
  0.999811140096480     
  0.999789015046368     
  0.999708898706773     
  0.999694025005038     
  0.999747748310044     
  0.999750066096150     
  0.999665536056495     
  0.998290661233519     
  0.982549582400881     
  0.945887113085266     
  0.941902432932053     
  0.978235889079349     
  0.992509049921089     
  0.976907602076027     
  0.973677895769753     
  0.989604504363458     
  0.998654155027554     
  0.998704780756506     
  0.998398992706142     
  0.999038397540131     
  0.999494048453825     
  0.995292976293384     
  0.941033453149163     
  0.909618136906567     
  0.965011535838345     
  0.998753804194564     
  0.999586413639958     
  0.999715996821205     
  0.999746900569723     
  0.999737246382294     
  0.999564368777979     
  0.999257335323450     
  0.998938448700781     
  0.998861331120419     
  0.999032370135949     
  0.987030781241781     
  0.923781830278500     
  0.898287600127191     
  0.960967675643657     
  0.988980289071627     
  0.949266072336447     
  0.920369058949888     
  0.958316568410704     
  0.991865797329985     
  0.984246419387917     
  0.977381489992228     
  0.987923180540243     
  0.983798962113619     
  0.955780899812163     
  0.955809120500382     
  0.985007604107087     
  0.998267327646266     
  0.999283687833025     
  0.998990687936020     
  0.993816116374611     
  0.969022274796133     
  0.935062133617237     
  0.945531882093498     
  0.983301507310881     
  0.997216331453037     
  0.993979261534855     
  0.989876991134542     
  0.993469059189499     
  0.998112257548579     
  0.993740274675533     
  0.990146082949654     
  0.986166455945502     
  0.974318933080014     
  0.981337728930960     
  0.996488513757175     
  0.999537197173211     
  0.999612018704035     
  0.999469789993597     
  0.999599346396324     
  0.999747648883686     
  0.999755739189489     
  0.999765404474164     
  0.999744793319883     
  0.999667355287481     
  0.999628632510288     
  0.999699426793856     
  0.999761701878624     
  0.999775235728897     
  0.999771605308633     
  0.999681014464170     
  0.999647886249481     
  0.999743027600110     
  0.999768202018848     
  0.999767869240519     
  0.999768779393541     
  0.999760491204850     
  0.999755679844807     
  0.999760773376050     
  0.999760654272457     
  0.999757740657864     
  0.999753870217684     
  0.999746091529715     
  0.999697714375442     
  0.999084151159432     
  0.994944221486925     
  0.993783327887543     
  0.996712325416586     
  0.982617384500491     
  0.967707416294200     
  0.982595798120760     
  0.998771339956623     
  0.999653538403423     
  0.999414833370055     
  0.994055032160412     
  0.974703237180433     
  0.970062758562849     
  0.989154128939410     
  0.998938214483579     
  0.999609872659610     
  0.999476559117954     
  0.999365052303812     
  0.999480350541093     
  0.999453447713701     
  0.996935256376702     
  0.996119671745934     
  0.996347337078274     
  0.996118969573382     
  0.998487552829062     
  0.999659278813633     
  0.999663589419563     
  0.999664958640084     
  0.999665737815408     
  0.999661210750498     
  0.999655953774665     
  0.999649321272881     
  0.999637542611700     
  0.999623956066027     
  0.999586920971499     
  0.999571053449168     
  0.999597478559960     
  0.999571972477234     
  0.999356753456241     
  0.999351169870680     
  0.999520346069555     
  0.999441744075323     
  0.999419725712399     
  0.999438600000885     
  0.998662451868161     
  0.992728725867395     
  0.984460257999530     
  0.990248206885523     
  0.998756713776424     
  0.999297337884369     
  0.998011452861449     
  0.996144824494786     
  0.996873074587281     
  0.993077225100259     
  0.975158907491668     
  0.941891858705702     
  0.874819515086687     
  0.901402120892746     
  0.987599032189162     
  0.999060139600148     
  0.999241603530180     
  0.999253411113608     
  0.999213678151537     
  0.998990062754452     
  0.993756446604046     
  0.958072828664926     
  0.937255295097275     
  0.972986006607288     
  0.995507993141854     
  0.992823621472142     
  0.993827953355211     
  0.998143235833157     
  0.999099790890981     
  0.999123976631595     
  0.999102960950353     
  0.999081050041659     
  0.999068672933654     
  0.999049521647349     
  0.999024165224863     
  0.998995130660749     
  0.998967972591145     
  0.998939407043918     
  0.998895823679444     
  0.998754480609025     
  0.998513749724492     
  0.998524186295012     
  0.998695141957943     
  0.998598602525206     
  0.998362632645041     
  0.998451139889729     
  0.998568975176522     
  0.998378389528930     
  0.998284699901209     
  0.998363931853476     
  0.998298303971306     
  0.996385750360005     
  0.991903560377399     
  0.987409546991101     
  0.969850319398506     
  0.964324425826639     
  0.985386823596605     
  0.990966251738818     
  0.983543534790505     
  0.987458877457487     
  0.991130423568064     
  0.990466290721883     
  0.993177213703758     
  0.995549524924622     
  0.996907991159133     
  0.997048897957336     
  0.996910084755509     
  0.996747448609180     
  0.996565106391799     
  0.996393255172497     
  0.996211281130351     
  0.995998715518746     
  0.995767541237828     
  0.995402257899967     
  0.991958430734500     
  0.988225428370205     
  0.991323098158085     
  0.994188307598032     
  0.993937559124638     
  0.993559443408093     
  0.993282705900489     
  0.993017556426794     
  0.992663556304754     
  0.992263847461680     
  0.991834494943085     
  0.991383351249349     
  0.990887797028701     
  0.990346442017698     
  0.989765363270509     
  0.989082237392733     
  0.988339739432403     
  0.987555561232696     
  0.986356125008486     
  0.982824362203444     
  0.978346727687369     
  0.978652704804192     
  0.981203659028587     
  0.981208959933240     
  0.979792666531633     
  0.978338978547070     
  0.977146563678114     
  0.975756005143231     
  0.974300230255313     
  0.972870425529267     
  0.971498472286536     
  0.970242495354168     
  0.969058216185265     
  0.967785275399114     
  0.966532562353051     
  0.965999348727906     
  0.966652420847754     
  0.967940656756340     
  0.969209118832849     
  0.970399228299342     
  0.971644719803523     
  0.972781104085209     
  0.973926479740248     
  0.975558542938170     
  0.977289128234750     
  0.978746605460045     
  0.980150196959133     
  0.981435041673225     
  0.982669012230673     
  0.983826776050695     
  0.984859088319214     
  0.985828410094539     
  0.986704776239624     
  0.987563161455505     
  0.988100454562597     
  0.988461217480185     
  0.989293927913093     
  0.990214611586475     
  0.990865039463298     
  0.989428886650205     
  0.983472196037971     
  0.983294056962315     
  0.989437018104498     
  0.992308995652953     
  0.993305990384845     
  0.993683219643420     
  0.994097700661392     
  0.994434169150515     
  0.994737120478145     
  0.994928221359432     
  0.994583759264335     
  0.987876297944388     
  0.977015266727705     
  0.982331337280582     
  0.993798759348803     
  0.996281246495090     
  0.996602562631701     
  0.996782500561617     
  0.996582608513433     
  0.994671212232282     
  0.993848859465775     
  0.996007019034281     
  0.997349048312991     
  0.997519499197582     
  0.997675211105320     
  0.997815285527226     
  0.997908199782107     
  0.997992543099132     
  0.998072119534029     
  0.998146901598345     
  0.998216292512863     
  0.998281553578084     
  0.998299872488276     
  0.998295064605209     
  0.998397380092254     
  0.998508216356100     
  0.998557994690107     
  0.998605229746938     
  0.998624799478789     
  0.998275657334955     
  0.998202256319998     
  0.998646548807906     
  0.998801566365651     
  0.998834821411348     
  0.998864179550570     
  0.998890774159381     
  0.998914423379276     
  0.998935035906009     
  0.998952040670209     
  0.998963380878424     
  0.998950459003330     
  0.998855485163751     
  0.998782195320429     
  0.998614162583715     
  0.998549971266938     
  0.998706808797295     
  0.998619473337833     
  0.998261377111320     
  0.996817412589749     
  0.979115398457041     
  0.823306177963861     
  0.620948590048518     
  0.747131746229265     
  0.959810977442535     
  0.995209262320050     
  0.990622093904386     
  0.989559620383070     
  0.993602647227830     
  0.996565910224625     
  0.998869366217916     
  0.999103639427875     
  0.997871502855208     
  0.996121946975043     
  0.996872665356552     
  0.998587009138998     
  0.999244066637583     
  0.999393122312167     
  0.999419251706041     
  0.999470550106952     
  0.999507343377032     
  0.999514983971001     
  0.999437029612541     
  0.998972589531017     
  0.998469064577911     
  0.998880768845170     
  0.999449654251451     
  0.999537112531860     
  0.999583130026925     
  0.999613501599649     
  0.999622806504023     
  0.999630617432562     
  0.999637130147913     
  0.999642745870694     
  0.999646462333840     
  0.999646299998607     
  0.999633387291811     
  0.999213235868250     
  0.996696825119449     
  0.996209684514986     
  0.998488000295132     
  0.994990590605659     
  0.989420460249627     
  0.993381076674922     
  0.998683431582894     
  0.999446989903463     
  0.999662228555338     
  0.999700510556475     
  0.999704514432669     
  0.999667077870540     
  0.998334707640123     
  0.994342837896333     
  0.994933799099991     
  0.998878918720698     
  0.999713793313137     
  0.999740406690492     
  0.999748145139042     
  0.999757345586679     
  0.999762805621575     
  0.999750391529761     
