  0.999447711040334     
  0.999445709925854     
  0.999434376774041     
  0.999419396867547     
  0.999392336446752     
  0.999371744612913     
  0.999368498607534     
  0.999375386481915     
  0.999045430932324     
  0.996904695823409     
  0.995511408039695     
  0.995278473921954     
  0.996206069231018     
  0.998209295057988     
  0.999084667131744     
  0.994146209091205     
  0.961127123432487     
  0.920373498315032     
  0.902994436177160     
  0.908831261765322     
  0.939159053845654     
  0.979122465462474     
  0.992038044714899     
  0.995162896283665     
  0.998105186425692     
  0.999220428987968     
  0.999269631664123     
  0.999296463067979     
  0.999294666976302     
  0.999247625609182     
  0.999199441955722     
  0.999181371167325     
  0.999193953359495     
  0.999236976975022     
  0.999271569656204     
  0.999267971638120     
  0.999258897037923     
  0.999246662300105     
  0.999235561871143     
  0.999223919831396     
  0.999203584408066     
  0.999186539580048     
  0.999173393263266     
  0.999165488637020     
  0.999164535869547     
  0.999158945870856     
  0.999141081989097     
  0.999100543097367     
  0.998614955689216     
  0.997439991421431     
  0.996720521893410     
  0.996620204511294     
  0.997079778726380     
  0.995052810563326     
  0.987487441143168     
  0.981684991900693     
  0.978782084353702     
  0.981351667145221     
  0.988481660179604     
  0.993896633335912     
  0.996926575093595     
  0.998677627791080     
  0.998846729963665     
  0.998867191585315     
  0.998855175202238     
  0.998835439634841     
  0.998813771175347     
  0.998791145554959     
  0.998762721640354     
  0.998730122739068     
  0.998700688408735     
  0.998674355224479     
  0.998652465476018     
  0.998612526686183     
  0.998505843677836     
  0.998404501110835     
  0.997886386805880     
  0.996965121984651     
  0.996529600507782     
  0.996584116348266     
  0.997172358483462     
  0.998045594676538     
  0.998275163390437     
  0.998244557726998     
  0.998199881364009     
  0.997959234259759     
  0.997456380798984     
  0.997091277957000     
  0.996988820729867     
  0.996938120809452     
  0.996768536119356     
  0.995846857792933     
  0.994948629451884     
  0.994927984611091     
  0.995657960553772     
  0.996632728178636     
  0.997458261405468     
  0.997363676221437     
  0.997218029946220     
  0.997128792979668     
  0.997094265785907     
  0.997107109391498     
  0.997065886381061     
  0.996963780114845     
  0.996846290646808     
  0.996681843562007     
  0.996497812821319     
  0.996352502415723     
  0.996231699977952     
  0.996138683058293     
  0.996065053655660     
  0.995923658533010     
  0.995753644217374     
  0.995565282549251     
  0.995360366340127     
  0.995133141044390     
  0.994872958806583     
  0.994556376910039     
  0.994066239578312     
  0.988437684531731     
  0.951311837295216     
  0.907712800820062     
  0.891655918687405     
  0.903965638727017     
  0.944539385801793     
  0.982627293184319     
  0.971093426662299     
  0.941222194425051     
  0.925715939165521     
  0.919062516016304     
  0.926382550433209     
  0.948382406187538     
  0.958697022342581     
  0.969847066027503     
  0.982781411174357     
  0.982706331539657     
  0.967120324021529     
  0.949994413354251     
  0.933368137016015     
  0.912260620424444     
  0.885347119197793     
  0.871182588380439     
  0.875934963752758     
  0.905640401023512     
  0.940222647196308     
  0.959731134487429     
  0.956574729880769     
  0.951447089968843     
  0.945481509441354     
  0.940450380973444     
  0.934103612149525     
  0.920293560612248     
  0.893402593623964     
  0.870737975297090     
  0.857732519684198     
  0.853456046556249     
  0.856458760698257     
  0.852939152050386     
  0.844452057557181     
  0.843996960087453     
  0.851418595272177     
  0.862021829870542     
  0.869874408446844     
  0.870572260098919     
  0.860890926589879     
  0.837431849595930     
  0.794023813327806     
  0.724572718850125     
  0.640149528327687     
  0.567209846031525     
  0.533280391799021     
  0.546754399480808     
  0.598561676542650     
  0.670814814959553     
  0.738810317738520     
  0.791432204783038     
  0.827886848026472     
  0.853099462508086     
  0.872774083510621     
  0.890117270441237     
  0.906055038220972     
  0.920322382465645     
  0.932353272294837     
  0.941911081889638     
  0.949384389100949     
  0.955400466716430     
  0.960345554051557     
  0.964274275079754     
  0.967392085475287     
  0.970083843292180     
  0.972549871413165     
  0.974791769443347     
  0.976853605395347     
  0.978774924033898     
  0.980576950875673     
  0.982283109662905     
  0.983885929800757     
  0.985357862662552     
  0.986616128405930     
  0.987492336623289     
  0.988305947113610     
  0.988998634378541     
  0.989876778769719     
  0.990838661407073     
  0.991666262811205     
  0.992271519554438     
  0.992768905935965     
  0.993172679421956     
  0.993482232691867     
  0.993770066328597     
  0.994075955780205     
  0.994387997257922     
  0.994734738623292     
  0.995033004324931     
  0.995287492486550     
  0.995528061028640     
  0.995509173467380     
  0.993951956441760     
  0.992255160568267     
  0.991658498541716     
  0.992256093922546     
  0.993914269433451     
  0.995970863396163     
  0.996090268951895     
  0.994938895644076     
  0.994374035867952     
  0.994529531772574     
  0.995291516557186     
  0.996556708003195     
  0.996880684071967     
  0.996946395518754     
  0.997096494132238     
  0.997313908249235     
  0.997194501895011     
  0.992763586858428     
  0.972032598097466     
  0.946852052544648     
  0.937283836213417     
  0.941393985905496     
  0.960999553651627     
  0.986537307476332     
  0.997007876909960     
  0.997627052451602     
  0.997280036934361     
  0.983785808346072     
  0.931594105013610     
  0.867651740079425     
  0.811788231402363     
  0.806678848165451     
  0.854918121219785     
  0.921371021117476     
  0.973153907213785     
  0.996537929136854     
  0.997848149438143     
  0.998156722689744     
  0.998504148237345     
  0.998684936796118     
  0.998714954949051     
  0.998699142175737     
  0.998588254224634     
  0.998481000944495     
  0.998493572913518     
  0.998613329180308     
  0.998778368324142     
  0.998932459780835     
  0.998966527194328     
  0.998991627932782     
  0.999027159120031     
  0.999073833240265     
  0.999104689323380     
  0.999123611868554     
  0.999115254250840     
  0.999054698056671     
  0.999009328831024     
  0.999012645291285     
  0.999045952279431     
  0.999039781744255     
  0.999040238223352     
  0.999054449099748     
  0.999118445102029     
  0.999224730364250     
  0.999146334538919     
  0.998952383170588     
  0.998874377396952     
  0.998923221223039     
  0.999097665783458     
  0.999298664490668     
  0.999317879449822     
  0.999304945244434     
  0.999284338953013     
  0.999285362681331     
  0.999312230466146     
  0.999333047192153     
  0.999348321309726     
  0.999348512618556     
  0.999294753593874     
  0.998904167130134     
  0.994448117200400     
  0.985645688495468     
  0.980662378862928     
  0.979265898139405     
  0.974896063948375     
  0.970794195782103     
  0.968954038904933     
  0.972610377773550     
  0.984283838564916     
  0.996080018410151     
  0.999034804171806     
  0.999057186256159     
  0.993105336709650     
  0.973653529344030     
  0.957657094604588     
  0.952917920369368     
  0.961770832229074     
  0.982094306852010     
  0.995408221150247     
  0.998946845443396     
  0.999455319950639     
  0.999516894649935     
  0.999572808325982     
  0.999601019090991     
  0.999611695958670     
  0.999619377920589     
  0.999618682918098     
  0.999618453942915     
  0.999623013259270     
  0.999632347486930     
  0.999638609999242     
  0.999603217339367     
  0.999577320493635     
  0.999560685109210     
  0.999567291658185     
  0.999601504718457     
  0.999580558173750     
  0.999556022763381     
  0.999565018194247     
  0.999589594641753     
  0.999634915611558     
  0.999680735145353     
  0.999685501607606     
  0.999677317707598     
  0.999539911545830     
  0.999119758011825     
  0.998790899476047     
  0.998742230208233     
  0.998975130580177     
  0.999360675149656     
  0.999198438496857     
  0.998790253720235     
  0.998640698420051     
  0.998800816949617     
  0.999244970268265     
  0.999666266449894     
  0.999716053548437     
  0.999711828430533     
  0.999711934614636     
  0.999717716364970     
  0.999726089600387     
  0.999739508302124     
  0.999745006727728     
  0.999746695967440     
  0.999745461758683     
  0.999737964964546     
  0.999686949543655     
  0.998523337237728     
  0.996303391859637     
  0.995272000002356     
  0.995463925017064     
  0.996908576128134     
  0.999134384597631     
  0.999731442217384     
  0.999757050332520     
  0.999760303547475     
  0.999759327980750     
  0.999755510453388     
  0.999712353165786     
  0.999575290709439     
  0.999473783868732     
  0.999436959168446     
  0.999488705662607     
  0.999629169450035     
  0.999729140744402     
  0.999754484578401     
  0.999739033816974     
  0.999680804223645     
  0.998329525704363     
  0.994315554351204     
  0.988401019808623     
  0.979567530765657     
  0.975211494756935     
  0.978286799750231     
  0.984843691394170     
  0.993298092707097     
  0.998433927357763     
  0.998037621044362     
  0.997741534695913     
  0.997983204390607     
  0.998746570446883     
  0.999620951558704     
  0.999712205765698     
  0.997415754890549     
  0.984705610207389     
  0.972589932544434     
  0.968964520341024     
  0.973827512349522     
  0.986947770401666     
  0.998112837503278     
  0.999550536969576     
  0.999659340544895     
  0.999763943229392     
  0.999796876701538     
  0.999801970192561     
  0.999805297270575     
  0.999804953449690     
  0.999769417858848     
  0.999649044032433     
  0.999487586076076     
  0.999436369884743     
  0.999484108733990     
  0.999608192790557     
  0.999764445084860     
  0.999795094755937     
  0.999754703586789     
  0.999732094631690     
  0.999733925540999     
  0.999760646793725     
  0.999804815323849     
  0.999819192488733     
  0.999820427006091     
  0.999821036524377     
  0.999821324260547     
  0.999809094304597     
  0.999692075408402     
  0.999574372971408     
  0.999534466698286     
  0.999540353725177     
  0.999590583018086     
  0.999478190851202     
  0.999336099133688     
  0.999331267420830     
  0.999448500668700     
  0.999487496290825     
  0.997759083454308     
  0.996270137867002     
  0.995881619962602     
  0.996630230120161     
  0.998415031191639     
  0.999426536583904     
  0.999203615986036     
  0.999141997230335     
  0.999276270212893     
  0.999565003308789     
  0.999761002528724     
  0.999442151235650     
  0.996909542005450     
  0.994075590329245     
  0.993065565537447     
  0.993892802875105     
  0.995119951320004     
  0.993800474988578     
  0.991971395362787     
  0.991952102069714     
  0.994114554382530     
  0.997945923553479     
  0.999140151085694     
  0.998886188592086     
  0.998836817486883     
  0.999046795019107     
  0.999502175285031     
  0.999780157731583     
  0.999803534790250     
  0.999811527440392     
  0.999813957034800     
  0.999798745879745     
  0.999765552590327     
  0.999739026866758     
  0.999726788840872     
  0.999726611182658     
  0.999712066540552     
  0.998827937647540     
  0.990968271741669     
  0.973894740409010     
  0.961473605989556     
  0.960559517435763     
  0.968764760724876     
  0.978633668909296     
  0.982816105127379     
  0.983337166409845     
  0.986986222719045     
  0.993680819258679     
  0.998239717363685     
  0.998897466929818     
  0.998974958264109     
  0.995072502781398     
  0.972137359811726     
  0.953951858394946     
  0.949450043978643     
  0.958432407676574     
  0.980834314013327     
  0.998522710287523     
  0.999674349305519     
  0.999718365821875     
  0.999654003997878     
  0.999500332676204     
  0.999255835085979     
  0.999072672630495     
  0.998838163637064     
  0.990875119247389     
  0.964158977495312     
  0.943132281992643     
  0.938827045903863     
  0.946856241530669     
  0.955681131890266     
  0.954939168364415     
  0.950834599925402     
  0.957750105651218     
  0.972770199349504     
  0.984202988075122     
  0.985088760412204     
  0.980700616333527     
  0.973207257705387     
  0.969148273193755     
  0.969940018778331     
  0.978459999358834     
  0.991613818692097     
  0.998231418670136     
  0.995929551901197     
  0.983154546752241     
  0.966095650093375     
  0.956829460813717     
  0.959342831952688     
  0.972566218426469     
  0.987747056746114     
  0.993475722494576     
  0.993628533443382     
  0.993941932894513     
  0.993851892171983     
  0.993898354294430     
  0.989659303779777     
  0.983646403646181     
  0.982535384660405     
  0.985441004015752     
  0.991214954481930     
  0.997745230315778     
  0.999507529171777     
  0.999591287893845     
  0.999616122824816     
  0.999682494989431     
  0.999750669988733     
  0.999751426161459     
  0.999719255862460     
  0.999688306985802     
  0.999678936360646     
  0.999699687351464     
  0.999739406953186     
  0.999764082248889     
  0.999734648848390     
  0.999710199898423     
  0.999704617231714     
  0.999717873641241     
  0.999751581405996     
  0.999769018533456     
  0.999765604247760     
  0.999763046793229     
  0.999760893647860     
  0.999759737454558     
  0.999759805718838     
  0.999758117440678     
  0.999752890629709     
  0.999719905316555     
  0.999279642594226     
  0.997567219284296     
  0.996403785483924     
  0.995017038957640     
  0.988386300096894     
  0.983061878856625     
  0.981893797770060     
  0.984194978820584     
  0.991361019625414     
  0.998599921054739     
  0.996515645001288     
  0.988099646537309     
  0.981945166777294     
  0.981105998860812     
  0.985716598115299     
  0.994169678761710     
  0.999054787245155     
  0.999497796778229     
  0.999484734926917     
  0.999284116399167     
  0.998348433428239     
  0.997666253539863     
  0.996598809561226     
  0.996349091067769     
  0.997123343198798     
  0.998065616926459     
  0.998959191831622     
  0.999649519896611     
  0.999666051021656     
  0.999664988126210     
  0.999662322027135     
  0.999656908586415     
  0.999648891607438     
  0.999636960700857     
  0.999615260863423     
  0.999599970265784     
  0.999592827918563     
  0.999558611449725     
  0.999492684933968     
  0.999456975894310     
  0.999431491240609     
  0.999420177028116     
  0.999455908509822     
  0.999429773178069     
  0.998955753349093     
  0.996009152512394     
  0.992148765584288     
  0.990727811673449     
  0.991817323772492     
  0.995128658434120     
  0.998149549926082     
  0.997828957746524     
  0.997260781811283     
  0.993978238373189     
  0.987011881208594     
  0.963251270001106     
  0.930840339382453     
  0.919608783140892     
  0.929820243121053     
  0.955490759631889     
  0.990405254373347     
  0.999139295747757     
  0.999228459086127     
  0.999086027781604     
  0.995417852798857     
  0.979912285157436     
  0.966193694867076     
  0.962640945007235     
  0.968661809262260     
  0.983033674710735     
  0.993835226131288     
  0.995392742849135     
  0.996747565070926     
  0.998537084859078     
  0.999103029766524     
  0.999107952414826     
  0.999090313151567     
  0.999071477518898     
  0.999051548177704     
  0.999028389729748     
  0.999001827155433     
  0.998973478477381     
  0.998937792613702     
  0.998855637438204     
  0.998726125280698     
  0.998633112012393     
  0.998606609444842     
  0.998575898230826     
  0.998551558952050     
  0.998516849255492     
  0.998476742473103     
  0.998436118925127     
  0.998430510540702     
  0.998373930635400     
  0.998280234913097     
  0.997228519014700     
  0.995362149925416     
  0.991284920013106     
  0.981986236245754     
  0.975855498989792     
  0.976178801143972     
  0.979072979860179     
  0.984820425378496     
  0.988256065866039     
  0.987724350186891     
  0.989318332502948     
  0.991774371564027     
  0.993334290591633     
  0.994743174763844     
  0.996344384964729     
  0.996878082591591     
  0.996915487230623     
  0.996759815808237     
  0.996591257397257     
  0.996411640187250     
  0.996221060171299     
  0.996014694100673     
  0.995649723331889     
  0.993922293012074     
  0.992079577550997     
  0.991287403460430     
  0.991473898499774     
  0.992688118809978     
  0.993831180423960     
  0.993645302282241     
  0.993329435479988     
  0.993019633381203     
  0.992685020983247     
  0.992298366507236     
  0.991874099066016     
  0.991416788783763     
  0.990925525731599     
  0.990385991816199     
  0.989788622605146     
  0.989124410501047     
  0.988391868192712     
  0.987364697182292     
  0.985309012703554     
  0.982603592079132     
  0.980651802733796     
  0.979867033943972     
  0.980183039074954     
  0.980571625318450     
  0.979890138500443     
  0.978583186634685     
  0.977218749475713     
  0.975868842693444     
  0.974480873503692     
  0.973077819586161     
  0.971742098760412     
  0.970468723773945     
  0.969220330139908     
  0.968019008028226     
  0.967105496181432     
  0.966787040237353     
  0.967185968800638     
  0.968152798436127     
  0.969374127331709     
  0.970610642552601     
  0.971778470547449     
  0.972990263250472     
  0.974329823141591     
  0.975755760239190     
  0.977305886490033     
  0.978842018899500     
  0.980225884577565     
  0.981525131318816     
  0.982742137070791     
  0.983872908707542     
  0.984920040016480     
  0.985876815053794     
  0.986771906181052     
  0.987482596640587     
  0.988108380392003     
  0.988737676898913     
  0.989420482548069     
  0.990116746574465     
  0.989776654589997     
  0.987635672089761     
  0.986155025263230     
  0.986270655852693     
  0.988220108320118     
  0.991336032998892     
  0.993063978994044     
  0.993690200557722     
  0.994097770880001     
  0.994448455057162     
  0.994717969317256     
  0.994556740295994     
  0.991404978418378     
  0.986545305315813     
  0.984378795487851     
  0.985513690192664     
  0.989864145164888     
  0.994960010218827     
  0.996535220167041     
  0.996567660453058     
  0.995848769216717     
  0.995259452224716     
  0.995221662783621     
  0.995757496467665     
  0.996769133905531     
  0.997501323736812     
  0.997684400232256     
  0.997805867698430     
  0.997914983641787     
  0.998003003517927     
  0.998082149434403     
  0.998156586987602     
  0.998224936299078     
  0.998267329614377     
  0.998304068854107     
  0.998353277991895     
  0.998414448295938     
  0.998487720752897     
  0.998563978149029     
  0.998584104776042     
  0.998474220932342     
  0.998415934706414     
  0.998439753197375     
  0.998543993127042     
  0.998729697104608     
  0.998838323055275     
  0.998869381459803     
  0.998895646623223     
  0.998918973233393     
  0.998938992262138     
  0.998954636340726     
  0.998954490760965     
  0.998919376533566     
  0.998861634228880     
  0.998746449281571     
  0.998673558913821     
  0.998646608406387     
  0.998602095169631     
  0.998465971631851     
  0.997481831677888     
  0.985075009396691     
  0.911120070232860     
  0.811997596967413     
  0.771102677232756     
  0.794870980887368     
  0.878094575452500     
  0.968374197959081     
  0.992114277110390     
  0.992201251106451     
  0.993320182535418     
  0.996023642619365     
  0.997889467867085     
  0.998292886378561     
  0.997718586177098     
  0.997299536025862     
  0.997432569757744     
  0.998086859979497     
  0.998947710131911     
  0.999322146208354     
  0.999430605384599     
  0.999467720600344     
  0.999495366160487     
  0.999469935725269     
  0.999263476582451     
  0.998983769554127     
  0.998872997624076     
  0.998974409422365     
  0.999248780148692     
  0.999506433447201     
  0.999579838867408     
  0.999604434649965     
  0.999623728284533     
  0.999631809766731     
  0.999638414202776     
  0.999643491095381     
  0.999646024462410     
  0.999638261639324     
  0.999340429691331     
  0.998329385123024     
  0.997657738004189     
  0.997332863805083     
  0.995771557028071     
  0.994240586420670     
  0.993694750089476     
  0.994273331090517     
  0.996512912103389     
  0.999005441966991     
  0.999579214513233     
  0.999681797919813     
  0.999662226567637     
  0.998899696104413     
  0.997283691899164     
  0.996432418196239     
  0.996522354614582     
  0.997561053986051     
  0.999177995903811     
  0.999720807406800     
  0.999749183206703     
  0.999756568424459     
  0.999746595394368     
  0.999543569938586     
