  0.999451101275200     
  0.999449231039688     
  0.999440487028637     
  0.999444568629746     
  0.999338967014079     
  0.999399614027941     
  0.999288431285734     
  0.999409373878342     
  0.999406506026522     
  0.999305515188515     
  0.997511415213156     
  0.988831701574844     
  0.999147310561219     
  0.999239502712086     
  0.999225432289721     
  0.999048417040671     
  0.998245824144494     
  0.965872702774202     
  0.764194541648772     
  0.899910700594240     
  0.986132465079466     
  0.990789019643098     
  0.991819209052525     
  0.998963911017467     
  0.999057056086097     
  0.999273760684053     
  0.999294311188254     
  0.999301875090413     
  0.999305004036849     
  0.999303522423200     
  0.999251889473955     
  0.998948059857853     
  0.999263742821406     
  0.999283363105320     
  0.999276755800149     
  0.999269134416650     
  0.999260625219896     
  0.999252604073485     
  0.999236610614970     
  0.999219641534947     
  0.999223378244905     
  0.999198329203891     
  0.999120416094453     
  0.999188708053716     
  0.999165824847465     
  0.999164627815750     
  0.999148122930713     
  0.999128317058546     
  0.999076252114447     
  0.998951831003562     
  0.995527167472414     
  0.993229099576759     
  0.998773554871825     
  0.998979256502071     
  0.998573536177688     
  0.969780466849396     
  0.968910504453677     
  0.987577733561660     
  0.984424386911788     
  0.997927056319902     
  0.998630174378960     
  0.998881899820939     
  0.998891706769705     
  0.998877904679035     
  0.998858329765388     
  0.998837491386963     
  0.998816610079852     
  0.998793175325726     
  0.998769709205835     
  0.998746182768439     
  0.998663223008802     
  0.998691928542590     
  0.998657893720044     
  0.998639409220455     
  0.998606351114229     
  0.998413402026544     
  0.998360597465485     
  0.998336577970546     
  0.994056761411246     
  0.995957486441254     
  0.998299071990956     
  0.998342419964162     
  0.998316635275410     
  0.998190703288894     
  0.998225325153726     
  0.998181389478534     
  0.998095232196312     
  0.995902318087576     
  0.997092907848190     
  0.997509021272981     
  0.997654224860213     
  0.995731459768930     
  0.995059392083230     
  0.990244012350456     
  0.997294359855731     
  0.997602142367673     
  0.997569042470281     
  0.997496800809890     
  0.997176882483407     
  0.996926264932896     
  0.997244999104872     
  0.997172638614894     
  0.997076736715063     
  0.996975461626887     
  0.996865885959800     
  0.996719304611341     
  0.996594477775645     
  0.996194779663337     
  0.996257217258549     
  0.996239994295746     
  0.996096716917955     
  0.995937738292577     
  0.995767991761151     
  0.995585290051508     
  0.995393415070755     
  0.995135336700830     
  0.994917762130969     
  0.994622906827842     
  0.994259841680102     
  0.993735920991674     
  0.992566548786580     
  0.953144518668138     
  0.726967846210797     
  0.932413628932040     
  0.990863147337464     
  0.991592550456832     
  0.991037579333456     
  0.981418358710090     
  0.836758326800355     
  0.913264297691168     
  0.982415207752588     
  0.903259257521871     
  0.961680500350911     
  0.986743897647390     
  0.985969083100907     
  0.984878510717030     
  0.983419531561448     
  0.967580523060535     
  0.874703905640908     
  0.962998526099820     
  0.873542329355595     
  0.895906285780178     
  0.771019839764655     
  0.954892992056001     
  0.967054875836942     
  0.964318056648719     
  0.960666418408416     
  0.937199437529832     
  0.951404516565269     
  0.940334843014166     
  0.934501992467841     
  0.930798712665050     
  0.912071874127829     
  0.865267408228739     
  0.799581188331920     
  0.882629762706849     
  0.869937439024505     
  0.850280175008214     
  0.834946566687771     
  0.835691579362896     
  0.850255944455929     
  0.864968428895652     
  0.875720146742530     
  0.877196211427886     
  0.869895718843459     
  0.849975244413007     
  0.811400782942344     
  0.750624773506687     
  0.643843518950476     
  0.519958691652796     
  0.482522279458641     
  0.514523608956453     
  0.589206203737393     
  0.678842667986315     
  0.755819034976419     
  0.805373838842419     
  0.833393991270702     
  0.855646644979042     
  0.874709593696636     
  0.890442903394089     
  0.906534578596200     
  0.922188641683568     
  0.935466250197753     
  0.943025662786801     
  0.949800690493276     
  0.956271652542897     
  0.961566972495998     
  0.964683922818585     
  0.967590163274383     
  0.970263915516159     
  0.972758793629774     
  0.974952368968357     
  0.976983864669050     
  0.978868770284294     
  0.980670111240819     
  0.982411290319940     
  0.983956304745663     
  0.985506576757673     
  0.986838068067940     
  0.987952481896564     
  0.988383046681213     
  0.987827956460385     
  0.990397376100139     
  0.991026953413779     
  0.991854555533825     
  0.992255079054518     
  0.992851917561428     
  0.993258816366248     
  0.993614347174825     
  0.993665017518811     
  0.993937006228438     
  0.994533606611012     
  0.994838817398357     
  0.994878470804591     
  0.995343652153523     
  0.995573507696246     
  0.995782122353832     
  0.995923123758456     
  0.994284641457591     
  0.983194412121084     
  0.994318700926313     
  0.995427005458171     
  0.996517952860603     
  0.996884591885175     
  0.997009635783956     
  0.991649550464686     
  0.994217715289236     
  0.997325868888883     
  0.997380850386527     
  0.996008812458884     
  0.996839536200369     
  0.997551464309333     
  0.997547484419722     
  0.997286967853650     
  0.997058447078172     
  0.996042812876920     
  0.958170874462690     
  0.873812028415898     
  0.905419382302088     
  0.993953421010366     
  0.997194421749201     
  0.997560864306106     
  0.997799627611145     
  0.997780289028534     
  0.997363970464421     
  0.994192223658544     
  0.884794385464961     
  0.694572603887456     
  0.782088124737992     
  0.791984304911119     
  0.993368825079966     
  0.997538979885044     
  0.997358598625626     
  0.997650445200699     
  0.998507399294504     
  0.998641798876263     
  0.998707940778968     
  0.998757661641471     
  0.998789355559579     
  0.998559557754362     
  0.998705384605751     
  0.997735811114307     
  0.998810559356032     
  0.998961839685697     
  0.998992109745084     
  0.998941245909806     
  0.998970640297902     
  0.999064820709521     
  0.999086884256402     
  0.999106161329264     
  0.999126278269751     
  0.999144495533895     
  0.999158494923594     
  0.998915453933895     
  0.998847779885725     
  0.999155833463362     
  0.999213830392485     
  0.999100269123328     
  0.998734979148605     
  0.999264695377303     
  0.999285595372864     
  0.999298383269903     
  0.999244656537335     
  0.998085391349758     
  0.998983746350379     
  0.999339316185503     
  0.999353431691518     
  0.999357564716039     
  0.999297061030763     
  0.999239181671486     
  0.999372075230772     
  0.999165043034502     
  0.999381740082665     
  0.999377903228832     
  0.999363891274883     
  0.999332514215921     
  0.999264257472908     
  0.999074691398783     
  0.997193268711542     
  0.960328995302587     
  0.969847142348175     
  0.997441121630281     
  0.984436558444129     
  0.930399074715767     
  0.973446172276879     
  0.998261546276139     
  0.998980318779417     
  0.999232230449851     
  0.999287349145777     
  0.999222685036046     
  0.998288456538537     
  0.943687880067717     
  0.902149253626475     
  0.975495816685249     
  0.995806360470839     
  0.999364241814998     
  0.999422289511373     
  0.999415483399244     
  0.999575153019482     
  0.999591754244617     
  0.999603855957339     
  0.999613316602004     
  0.999621453699435     
  0.999628845005229     
  0.999627522106423     
  0.999575840218534     
  0.999647271714439     
  0.999652823768350     
  0.999656479285863     
  0.999617031164658     
  0.999466879194420     
  0.999662300160259     
  0.999509703096466     
  0.999653312258276     
  0.999627764533132     
  0.999268022301760     
  0.999664115048473     
  0.999686443340049     
  0.999692260649809     
  0.999675642577213     
  0.999691099512957     
  0.999684714754959     
  0.999606776749145     
  0.998441439731370     
  0.997643960765736     
  0.999465850453318     
  0.999677234728484     
  0.999656713348859     
  0.999409106771329     
  0.996207334934633     
  0.999393681577522     
  0.999695437670204     
  0.999721064002937     
  0.999706238801282     
  0.999731860937447     
  0.999711864183736     
  0.999713314386228     
  0.999740413502791     
  0.999743128802660     
  0.999745657899776     
  0.999747071929172     
  0.999748327611807     
  0.999749648697198     
  0.999724040252272     
  0.999707673191758     
  0.999593629330964     
  0.988371506207512     
  0.994898167376694     
  0.999693643280833     
  0.999718289605578     
  0.999762228378495     
  0.999765987828468     
  0.999768389533039     
  0.999739811791820     
  0.999764878810340     
  0.999759518553632     
  0.999743386400874     
  0.999454134431972     
  0.998983065146374     
  0.999646558425824     
  0.999634419955701     
  0.999774289539016     
  0.999776539445138     
  0.999773489369153     
  0.999737354285249     
  0.999546863461280     
  0.999666700746734     
  0.986950357535957     
  0.984841717873615     
  0.968650835427675     
  0.947480173249880     
  0.998501497110722     
  0.999682362217901     
  0.999492714411911     
  0.999116234584364     
  0.993255612995896     
  0.998919373713939     
  0.999654195949842     
  0.999769975391368     
  0.999763769979917     
  0.999730084620336     
  0.999500680953772     
  0.982046562675940     
  0.913503655992811     
  0.990240466476533     
  0.999516168096893     
  0.999152991704120     
  0.999600751005243     
  0.999782006069969     
  0.999794860050428     
  0.999796267507355     
  0.999804186451963     
  0.999806117398878     
  0.999808271482629     
  0.999807271964759     
  0.999785799186161     
  0.999489743559838     
  0.998993497447095     
  0.999440322190165     
  0.999812290815475     
  0.999815358843637     
  0.999815986555942     
  0.999813832865280     
  0.999625438572828     
  0.999715594010064     
  0.999810106862880     
  0.999819237694252     
  0.999820644614896     
  0.999820546582648     
  0.999821300391231     
  0.999819892488389     
  0.999822674974829     
  0.999821813400448     
  0.999752484901231     
  0.998848351022624     
  0.999754242541164     
  0.999812701183920     
  0.999527171327267     
  0.999591042652563     
  0.998030384837331     
  0.999814755270870     
  0.999814247026959     
  0.999745811231185     
  0.999064739338673     
  0.984379420766743     
  0.999536743008780     
  0.999772337913964     
  0.999749964939896     
  0.999211037301304     
  0.998197118661219     
  0.999564265758324     
  0.999793254815355     
  0.999801660888687     
  0.999784454512680     
  0.999747271342839     
  0.997305901860041     
  0.980453601326238     
  0.996483398773920     
  0.999722142795967     
  0.999662461603368     
  0.985663894358625     
  0.985169569984959     
  0.999470866393392     
  0.999793687229837     
  0.999789033782079     
  0.998648267188998     
  0.997396544255645     
  0.999697705432598     
  0.999800140005243     
  0.999771946410984     
  0.999817684950643     
  0.999816233284933     
  0.999814732307534     
  0.999811887230094     
  0.999806799702792     
  0.999667644472960     
  0.999697333797224     
  0.999745895071730     
  0.999758527058625     
  0.999696979214440     
  0.999218877109394     
  0.991770212150506     
  0.938173468659872     
  0.926465872102153     
  0.989803111977149     
  0.997682176943855     
  0.973736959596961     
  0.964431121531880     
  0.995850131712962     
  0.999333567377384     
  0.999081861447033     
  0.997434977278397     
  0.999477082898226     
  0.999621800716218     
  0.998925463600114     
  0.974108729457861     
  0.841023777657101     
  0.995630282654042     
  0.999430271208773     
  0.999578070426893     
  0.999736558976199     
  0.999748504121472     
  0.999747849390598     
  0.999679095093234     
  0.999087437628608     
  0.999076328269211     
  0.998553177937738     
  0.999348123554892     
  0.998335865942388     
  0.926814061984190     
  0.854984637432985     
  0.988251734244568     
  0.996792415930468     
  0.956638691169937     
  0.889641911571538     
  0.971989975651743     
  0.997419418572256     
  0.986195490716553     
  0.968274704336795     
  0.993179171547137     
  0.993404477544280     
  0.945979086528445     
  0.945927906587159     
  0.993725232825673     
  0.999054778478238     
  0.999339825433422     
  0.999225082646146     
  0.997504941756369     
  0.978404065296571     
  0.918774715688418     
  0.937951274905337     
  0.993456162969648     
  0.998459657023461     
  0.995707088322560     
  0.985805898842367     
  0.994690141483015     
  0.999413564694558     
  0.996522228756479     
  0.984155277109991     
  0.994810997302303     
  0.963430372613538     
  0.983470826824231     
  0.998642197689699     
  0.999683054310590     
  0.999704427920882     
  0.999270355709483     
  0.999682183170569     
  0.999773064714796     
  0.999733614311550     
  0.999775863214583     
  0.999747510742823     
  0.999694745042944     
  0.999567549240722     
  0.999706768565397     
  0.999772447297274     
  0.999775239344021     
  0.999774341218498     
  0.999751882909907     
  0.999557890317677     
  0.999771635702206     
  0.999766917351944     
  0.999769328964333     
  0.999769345703168     
  0.999766136883831     
  0.999746875847002     
  0.999762993001452     
  0.999760751634812     
  0.999757178320387     
  0.999753482159818     
  0.999748153127754     
  0.999732357436788     
  0.999458599734547     
  0.996198190772686     
  0.990759986072661     
  0.999318913673442     
  0.993973464855253     
  0.942100571837092     
  0.993893236412769     
  0.999631250641389     
  0.999669975684120     
  0.999556959508550     
  0.998157392971276     
  0.973298089607417     
  0.959734446479035     
  0.995712514026855     
  0.999421664191294     
  0.999649263360993     
  0.999511876554010     
  0.999231610123083     
  0.999515789833161     
  0.999669162980333     
  0.998511002858148     
  0.994112229121527     
  0.999056097429616     
  0.992663149596456     
  0.999645491664186     
  0.999655539983480     
  0.999663401309726     
  0.999668417826323     
  0.999665535216606     
  0.999660147707739     
  0.999655012418724     
  0.999649955510459     
  0.999638696597429     
  0.999623446709664     
  0.999600779309159     
  0.999539999763054     
  0.999611740466299     
  0.999605030663768     
  0.999402722053846     
  0.999431898859928     
  0.999567692813146     
  0.999419597973738     
  0.999395034801148     
  0.999497334132566     
  0.999195598488295     
  0.995652645596313     
  0.976311793383730     
  0.995254555397520     
  0.999330033072123     
  0.999395883794518     
  0.998742982622653     
  0.994719523235611     
  0.997219432396989     
  0.998434513945097     
  0.964256712133979     
  0.982803548763588     
  0.812822244080377     
  0.918356728483177     
  0.998233517572028     
  0.999142246769012     
  0.999253719678913     
  0.999259174227987     
  0.999224958172663     
  0.999109763338880     
  0.998205917902517     
  0.967688320018993     
  0.906217077602642     
  0.989299787193551     
  0.998151942565753     
  0.990991261363508     
  0.993729555383730     
  0.998917118328139     
  0.999119395778499     
  0.999123480502670     
  0.999108660512446     
  0.999066695750467     
  0.999069911944715     
  0.999048079576734     
  0.999023487827925     
  0.998989915777859     
  0.998968150780199     
  0.998938312164931     
  0.998900404291443     
  0.998808808394335     
  0.998428644120525     
  0.998494833121815     
  0.998736698097815     
  0.998719994825570     
  0.997912193383764     
  0.998622948718630     
  0.998589997390791     
  0.998408047998192     
  0.998186218966277     
  0.998414839072078     
  0.998336571584121     
  0.998004831170497     
  0.988505887197397     
  0.993677793812272     
  0.969032684189139     
  0.951050031784720     
  0.994117139267682     
  0.994624668588173     
  0.976909476017983     
  0.989787052334811     
  0.993535671577644     
  0.986207530626531     
  0.994416131210002     
  0.995532693613154     
  0.997164981782894     
  0.997046567957701     
  0.996905596520846     
  0.996749881196670     
  0.996540097885435     
  0.996397003616878     
  0.996207073726588     
  0.995992667420952     
  0.995760611265057     
  0.995517391901124     
  0.994413644120727     
  0.982404976752171     
  0.993786533386474     
  0.994310385411380     
  0.993942790576191     
  0.993489458489654     
  0.993297204849578     
  0.993014663746043     
  0.992653739295570     
  0.992254413491890     
  0.991816297748505     
  0.991373828560411     
  0.990878083375941     
  0.990319019657288     
  0.989784457986667     
  0.989049979101059     
  0.988322945105336     
  0.987548895488552     
  0.986645803798656     
  0.983674842352292     
  0.976772941757854     
  0.978060527004042     
  0.982082603632709     
  0.981224564932639     
  0.979949038355524     
  0.978110367852843     
  0.977185363061589     
  0.975672219941989     
  0.974276674655847     
  0.972780753834091     
  0.971366864616127     
  0.970137888194144     
  0.969009529448422     
  0.967735268793367     
  0.966365805448638     
  0.965674632897673     
  0.966518009014997     
  0.967903321034035     
  0.969149427401943     
  0.970313998884812     
  0.971567292678096     
  0.972781893092726     
  0.973644992485876     
  0.975582620626587     
  0.977304881735233     
  0.978681282622165     
  0.980144683354209     
  0.981386429756878     
  0.982654545767842     
  0.983816516494444     
  0.984829051858581     
  0.985836973723512     
  0.986645631851278     
  0.987545531726348     
  0.988364360078926     
  0.987864551464142     
  0.989555093792843     
  0.990210339181223     
  0.990952857947347     
  0.990913111263642     
  0.982150509847004     
  0.981600439219225     
  0.990005575383308     
  0.992989995603312     
  0.993133783208155     
  0.993750879359951     
  0.994073718909919     
  0.994428569266045     
  0.994741780005381     
  0.994943343679683     
  0.995039323474539     
  0.992122064992151     
  0.968864339842867     
  0.983871319272007     
  0.995561533595196     
  0.996342614341605     
  0.996605209076220     
  0.996792726588089     
  0.996870577215186     
  0.995112335689220     
  0.992167173590002     
  0.996846342445339     
  0.997409279759264     
  0.997534472104652     
  0.997696569695799     
  0.997815753355264     
  0.997904170051107     
  0.997988519308482     
  0.998068697961311     
  0.998143431358861     
  0.998213240914229     
  0.998278469369367     
  0.998339754324550     
  0.998138808721400     
  0.998447695643186     
  0.998506828626482     
  0.998556718519720     
  0.998600861385440     
  0.998646518939873     
  0.998522794245928     
  0.998028520020564     
  0.998759049243281     
  0.998800007593098     
  0.998832731674627     
  0.998862374847801     
  0.998889124140804     
  0.998913181647617     
  0.998933449761006     
  0.998950801387569     
  0.998962878405541     
  0.998964397614137     
  0.998866771263701     
  0.998743321358811     
  0.998720359335638     
  0.998398599092321     
  0.998798330282587     
  0.998651435528847     
  0.998335541697026     
  0.997555003217533     
  0.991288549686407     
  0.915582118439909     
  0.482913914508178     
  0.755604552947685     
  0.991479784879423     
  0.997109540983357     
  0.989871504860243     
  0.988653567233627     
  0.993912102995782     
  0.997238280477885     
  0.999165359944779     
  0.999130011186810     
  0.998827754801262     
  0.994213699098842     
  0.997228592599815     
  0.998813461987153     
  0.999323448139427     
  0.999418061743405     
  0.999417665883045     
  0.999482520529158     
  0.999508436026532     
  0.999518177237982     
  0.999490936202352     
  0.999092064110347     
  0.998169286167850     
  0.999040496891990     
  0.999535969932775     
  0.999472425537617     
  0.999602201061332     
  0.999613312525972     
  0.999622688642542     
  0.999630685115868     
  0.999637162435426     
  0.999642262095709     
  0.999646678900329     
  0.999646907611955     
  0.999639915616876     
  0.999590917159675     
  0.996938671326924     
  0.995100123264843     
  0.999444464374704     
  0.997934525576297     
  0.983097237695462     
  0.995970062034329     
  0.999133263306528     
  0.999519931448781     
  0.999679825995932     
  0.999702393868577     
  0.999706313135258     
  0.999700379374626     
  0.999497029182835     
  0.992615182125533     
  0.994823351045948     
  0.999636542732833     
  0.999728554696052     
  0.999743954494271     
  0.999740255584159     
  0.999759572075298     
  0.999762712478340     
  0.999763627822082     
