  0.999445219753179     
  0.999438693786905     
  0.999428479165204     
  0.999410528377438     
  0.999395045152038     
  0.999384918937673     
  0.999377873338852     
  0.999031830232663     
  0.997909656145735     
  0.997074094005702     
  0.996600713130493     
  0.996492148764902     
  0.996787902397672     
  0.997316222094630     
  0.993618037614223     
  0.973970600444424     
  0.951329100221762     
  0.936611260171714     
  0.929770800143611     
  0.930725240055899     
  0.940587637900345     
  0.960121706823438     
  0.983541656318108     
  0.994291007881989     
  0.996740047277092     
  0.998403060806385     
  0.999243138803399     
  0.999273911012846     
  0.999261772162520     
  0.999238233447295     
  0.999221661095688     
  0.999213233546763     
  0.999213984065076     
  0.999223923648937     
  0.999244081437158     
  0.999261415380733     
  0.999255611145416     
  0.999245679483128     
  0.999234103670877     
  0.999217592980195     
  0.999202287309680     
  0.999189107033345     
  0.999178323388256     
  0.999168541088616     
  0.999159044260878     
  0.999148810992386     
  0.999114532287366     
  0.998759571107779     
  0.998101416686452     
  0.997629442804252     
  0.997374316809883     
  0.997184758141868     
  0.994981899221439     
  0.990885470041274     
  0.987628468204217     
  0.984977292689769     
  0.983753897578881     
  0.984529486228487     
  0.987039281140314     
  0.991890250985119     
  0.995731351595299     
  0.997557254806919     
  0.998676987097061     
  0.998842730753262     
  0.998846619306601     
  0.998832009824309     
  0.998811164555167     
  0.998785087058974     
  0.998757305615776     
  0.998729700721951     
  0.998702500403061     
  0.998676215941652     
  0.998633087605159     
  0.998567513316987     
  0.998482840861755     
  0.998105182694016     
  0.997566598758354     
  0.997208133308977     
  0.997041607747985     
  0.997067146166690     
  0.997243475014209     
  0.997587306620748     
  0.998057330329150     
  0.998227417203688     
  0.998053721240491     
  0.997760382080046     
  0.997509961490622     
  0.997330127069002     
  0.997101250143531     
  0.996789861666977     
  0.996224330898993     
  0.995823011950759     
  0.995621991662198     
  0.995625738075445     
  0.995905978101527     
  0.996386888233866     
  0.996866792242563     
  0.997272588979473     
  0.997264973033487     
  0.997182811194576     
  0.997116391891366     
  0.997061321231611     
  0.997017456495359     
  0.996946094385973     
  0.996806292852209     
  0.996651327001268     
  0.996512930136064     
  0.996384076722425     
  0.996255315257455     
  0.996132482749414     
  0.996011474813317     
  0.995891581509815     
  0.995733510730861     
  0.995544351008542     
  0.995335641479215     
  0.995099820881195     
  0.994818817327423     
  0.994371888018402     
  0.989203226032379     
  0.966379234907504     
  0.941726428075227     
  0.926974115695539     
  0.921532461236631     
  0.925260092058536     
  0.936602452661729     
  0.947638280024773     
  0.954762674724440     
  0.949107368290237     
  0.937740309067320     
  0.930681683356072     
  0.932408638711561     
  0.943097131392771     
  0.959561899419318     
  0.968921996754701     
  0.973169592798408     
  0.971395093415081     
  0.963717205344433     
  0.950220992200004     
  0.931744027356270     
  0.906993779957492     
  0.891110677268709     
  0.889204787752370     
  0.897138141952689     
  0.908186274129703     
  0.925753579139625     
  0.943374040856593     
  0.954014355612107     
  0.951338199903545     
  0.945844691227551     
  0.939284064365941     
  0.928083248088003     
  0.910411982727554     
  0.893709067936543     
  0.879825706370031     
  0.867551542992886     
  0.857109611086169     
  0.850473690804784     
  0.849664614808230     
  0.850616928008293     
  0.850250472491053     
  0.853799123495338     
  0.859756393430402     
  0.864190403578721     
  0.862352376246955     
  0.849936228295975     
  0.821784170459133     
  0.774047961414242     
  0.711993981474481     
  0.648526379587536     
  0.598788421865920     
  0.575147044451673     
  0.580477913246120     
  0.613072970091533     
  0.667434707812966     
  0.726541448674101     
  0.778703415108777     
  0.819172857903187     
  0.848728357281306     
  0.870844004735713     
  0.888982003766520     
  0.904749760399160     
  0.918482109683336     
  0.930293462906633     
  0.940225705421774     
  0.948214991028283     
  0.954475788424764     
  0.959467005948686     
  0.963600292535192     
  0.967014258118500     
  0.969859574000169     
  0.972346137059768     
  0.974611272176333     
  0.976704700583407     
  0.978649635904685     
  0.980468344422407     
  0.982172844209463     
  0.983757293289702     
  0.985154187749408     
  0.986314172349330     
  0.987361116053394     
  0.988317673001479     
  0.989077699984126     
  0.989902253771379     
  0.990696157487614     
  0.991481393742348     
  0.992176237197129     
  0.992681082743225     
  0.993090495306688     
  0.993454899174348     
  0.993783796913546     
  0.994082640030240     
  0.994378593111803     
  0.994688670318883     
  0.994996615558587     
  0.995265986189697     
  0.995271754160124     
  0.994436265215425     
  0.993582246143571     
  0.993067893212636     
  0.992950274352615     
  0.993251279492478     
  0.993867625442134     
  0.994501341381337     
  0.995067286450583     
  0.995153936103542     
  0.995129950157331     
  0.995175587425639     
  0.995378083038848     
  0.995885387082467     
  0.996679077350841     
  0.997050657961082     
  0.997080763672902     
  0.997017184113962     
  0.993547402714511     
  0.981095458753825     
  0.966772391624348     
  0.957812028658902     
  0.954639073219692     
  0.956048545457905     
  0.962652365572905     
  0.974968064629503     
  0.989570964570857     
  0.996461876608527     
  0.985976879552162     
  0.955437268796575     
  0.915248107209318     
  0.876414329446543     
  0.856018945524390     
  0.854706436561362     
  0.870796288146086     
  0.905991594231201     
  0.948543937096293     
  0.979458863231603     
  0.996283962886427     
  0.998140599293875     
  0.998368219400022     
  0.998558980179475     
  0.998665010163476     
  0.998624366755619     
  0.998579659608897     
  0.998570310704212     
  0.998596983053204     
  0.998654154878651     
  0.998740285057348     
  0.998845431739903     
  0.998956003671904     
  0.999002147088437     
  0.999029775091286     
  0.999059833463450     
  0.999092533805620     
  0.999100705933972     
  0.999075492060796     
  0.999055653228357     
  0.999051061515576     
  0.999043276968991     
  0.999017574755832     
  0.999022725866307     
  0.999061182879677     
  0.999105808862515     
  0.999132842967299     
  0.999091502592606     
  0.999045482354867     
  0.999022089772630     
  0.999005814501921     
  0.999028373808598     
  0.999084192843005     
  0.999172583883037     
  0.999281213228510     
  0.999303241018890     
  0.999298195852678     
  0.999300800750399     
  0.999310992413811     
  0.999326403537037     
  0.999330541594852     
  0.999304089387361     
  0.998927815313997     
  0.995864844402533     
  0.990968403511223     
  0.987497251860396     
  0.984340007511326     
  0.978188315131253     
  0.972767968653368     
  0.972025895328683     
  0.975292694687445     
  0.978752392471589     
  0.982860921922797     
  0.989710989786644     
  0.996513565442284     
  0.994284253264423     
  0.983423730421327     
  0.973625776448732     
  0.967622295711933     
  0.966061786937464     
  0.968949095620584     
  0.976315914157116     
  0.987839405906653     
  0.996557752315073     
  0.999032857122702     
  0.999503278364150     
  0.999550743502049     
  0.999586412129688     
  0.999608402735271     
  0.999613224082087     
  0.999617143317683     
  0.999621915538324     
  0.999627801682741     
  0.999627332644934     
  0.999611210935882     
  0.999601212360684     
  0.999589585745757     
  0.999581815088832     
  0.999581189019439     
  0.999568050832236     
  0.999569370099259     
  0.999576611660043     
  0.999586226660524     
  0.999606622574204     
  0.999626317756282     
  0.999651925540769     
  0.999672637896492     
  0.999579612117300     
  0.999346487422979     
  0.999145356960768     
  0.999031915020514     
  0.999013124113825     
  0.999046863206350     
  0.998970751407876     
  0.998967495741130     
  0.998981855105594     
  0.998958606856309     
  0.999016945470491     
  0.999172083208289     
  0.999415095645363     
  0.999663007495847     
  0.999712676021938     
  0.999717085364118     
  0.999721426969585     
  0.999727490839845     
  0.999733870162020     
  0.999741542306389     
  0.999744290198585     
  0.999740110418444     
  0.999678058621945     
  0.998861949485744     
  0.997669499568211     
  0.996919764410140     
  0.996588203149764     
  0.996654085809529     
  0.997108364796384     
  0.998000793955283     
  0.999230278940867     
  0.999732005995691     
  0.999755447037539     
  0.999757572308434     
  0.999722632031149     
  0.999643818786300     
  0.999579302926604     
  0.999537967011443     
  0.999525852847362     
  0.999544935413646     
  0.999595612938277     
  0.999672491454546     
  0.999720947329413     
  0.999680066501833     
  0.998655298736289     
  0.996280744868422     
  0.992373784118488     
  0.986547579362247     
  0.982531970372280     
  0.981137333408404     
  0.982235038916196     
  0.985734761516352     
  0.989934384112926     
  0.994422043021082     
  0.997830977632485     
  0.998326678441854     
  0.998420678579519     
  0.998692613449162     
  0.999077263146901     
  0.997499677164404     
  0.990149135801734     
  0.983285779027922     
  0.979326708616509     
  0.978073385550630     
  0.979651840555773     
  0.984021602094437     
  0.991292044940354     
  0.997998097459572     
  0.999618733968041     
  0.999710482108120     
  0.999771627511716     
  0.999799812299795     
  0.999801713300935     
  0.999780658634620     
  0.999704283688568     
  0.999612111033363     
  0.999558809842479     
  0.999544260223522     
  0.999562450573194     
  0.999609125347693     
  0.999671833839348     
  0.999736518457684     
  0.999762545780185     
  0.999756952646238     
  0.999758256420337     
  0.999767504052740     
  0.999784534983143     
  0.999808141156281     
  0.999819618121202     
  0.999820906976403     
  0.999807645471998     
  0.999737235473063     
  0.999671732220960     
  0.999632380214406     
  0.999599736284788     
  0.999561588362783     
  0.999462898253394     
  0.999429460912651     
  0.999450620741501     
  0.999459103870320     
  0.999304755655480     
  0.998351003561047     
  0.997614022297001     
  0.997209769962252     
  0.997075580074216     
  0.997289341800335     
  0.997748359888741     
  0.998565906533814     
  0.999314531118967     
  0.999333464021819     
  0.999380031551606     
  0.999479846964186     
  0.999310415864232     
  0.997885484994262     
  0.996324823399908     
  0.995384958344899     
  0.995001288805512     
  0.994154627322583     
  0.992872415426751     
  0.992923317777029     
  0.993821513838641     
  0.994206463131259     
  0.994791548680698     
  0.995967948203007     
  0.997911313843487     
  0.999050329741620     
  0.999114367443608     
  0.999185811386961     
  0.999346864513716     
  0.999597806951415     
  0.999783811116302     
  0.999807051438613     
  0.999800890365693     
  0.999785286861814     
  0.999767638598169     
  0.999753121904078     
  0.999740324215921     
  0.999708552568659     
  0.998937498077075     
  0.993851376304567     
  0.984249471600783     
  0.976134308774991     
  0.971552792504424     
  0.969264392485544     
  0.969069388655509     
  0.973439075540772     
  0.981304992667169     
  0.986765656948895     
  0.988987383617442     
  0.991532573155152     
  0.995280541183795     
  0.998133653406812     
  0.994960224512728     
  0.981994591010134     
  0.971707656718211     
  0.966019452885005     
  0.964521354937539     
  0.967517302364132     
  0.974860044777452     
  0.986935809847271     
  0.998216595895437     
  0.999636989161089     
  0.999573573566146     
  0.999436696701663     
  0.999300313323524     
  0.998888296980019     
  0.992547971563183     
  0.977313828959394     
  0.964801518870699     
  0.957803898295834     
  0.952833486534467     
  0.946256104238925     
  0.945121209612405     
  0.953375735627656     
  0.961814977305454     
  0.963561626715621     
  0.968248514708002     
  0.977278635577549     
  0.981918162628970     
  0.977826558488910     
  0.974344676997487     
  0.974647342167453     
  0.977359818590564     
  0.980887966814449     
  0.986300809479555     
  0.991280627232941     
  0.987902110856206     
  0.978551219804618     
  0.971804167795468     
  0.968639713637449     
  0.969074023020116     
  0.972691411224679     
  0.980022930600920     
  0.989160736145593     
  0.993850222582494     
  0.993821321439111     
  0.993137215671788     
  0.991034438874999     
  0.988593009669261     
  0.986789105142938     
  0.986378213093012     
  0.988036424561639     
  0.991057026376634     
  0.994509074712896     
  0.998179942020257     
  0.999543534307056     
  0.999647343776686     
  0.999674261783056     
  0.999704967592713     
  0.999726523356863     
  0.999717755785683     
  0.999707446926306     
  0.999706921866394     
  0.999714379763601     
  0.999726309506242     
  0.999728988659661     
  0.999732092744877     
  0.999728624561247     
  0.999726479264089     
  0.999730061313948     
  0.999739723901855     
  0.999755368046257     
  0.999766522957923     
  0.999764980347661     
  0.999763458772851     
  0.999761728927305     
  0.999759739889364     
  0.999756700903770     
  0.999730333663035     
  0.999370587515793     
  0.998415420983096     
  0.997677582364737     
  0.996103646205797     
  0.991541783919509     
  0.988039567093987     
  0.986392714903076     
  0.986496423476555     
  0.987942178760305     
  0.990147461944367     
  0.992091503977288     
  0.991849549880382     
  0.988896645851754     
  0.986759561442164     
  0.986459875959199     
  0.988058692299826     
  0.991332698759606     
  0.995879470938566     
  0.999031897906449     
  0.999241011323191     
  0.998770432108275     
  0.998260239785207     
  0.997551757259638     
  0.997173738847876     
  0.997107498698755     
  0.997357350264033     
  0.997957511099727     
  0.998674083958497     
  0.999163722369694     
  0.999635519944660     
  0.999665911309929     
  0.999662914025843     
  0.999657663060007     
  0.999648035955450     
  0.999633127993699     
  0.999620415159005     
  0.999610327072922     
  0.999575921011372     
  0.999534229675787     
  0.999506836165583     
  0.999481713582783     
  0.999457706600582     
  0.999441625241598     
  0.999411690131127     
  0.999053678457686     
  0.997199838531808     
  0.995069396741155     
  0.993784456118864     
  0.993318897394896     
  0.993603420992679     
  0.994400238466867     
  0.995851187630558     
  0.997431346934203     
  0.995366243220313     
  0.990591923317749     
  0.974408007641561     
  0.955569485007278     
  0.945005633191265     
  0.941436615864837     
  0.945158350729792     
  0.956536789648048     
  0.972616181786847     
  0.991806845379017     
  0.998936617723740     
  0.996100183633001     
  0.987114271468965     
  0.979112460576556     
  0.974481399492212     
  0.972697221565389     
  0.974002346527725     
  0.978963224414423     
  0.987570645168422     
  0.995075115748468     
  0.996868735746586     
  0.997710923478914     
  0.998679811805192     
  0.999091671454248     
  0.999097962444710     
  0.999078797507962     
  0.999057448779427     
  0.999034730189800     
  0.999009803164212     
  0.998976901339215     
  0.998915703676516     
  0.998833328760860     
  0.998759403946332     
  0.998700076068593     
  0.998625420232304     
  0.998576290459595     
  0.998557684768216     
  0.998541969622886     
  0.998495986599475     
  0.998448308587470     
  0.998419757584762     
  0.998334744924265     
  0.997585536206781     
  0.996454947904570     
  0.993502779909606     
  0.987989412296123     
  0.983502041264654     
  0.981051192901754     
  0.979734325473720     
  0.980324697130246     
  0.982600745562174     
  0.986223261381366     
  0.989070786058645     
  0.989966363897695     
  0.991241070738574     
  0.993382460176478     
  0.994620025571763     
  0.995576092169353     
  0.996507259777300     
  0.996792058442249     
  0.996779270110897     
  0.996618217781665     
  0.996439102788278     
  0.996245089807089     
  0.995890481037169     
  0.994766075972104     
  0.993643932571045     
  0.992887412389762     
  0.992437777275836     
  0.992285042804128     
  0.992443206599487     
  0.992983691354156     
  0.993564860548879     
  0.993395250689599     
  0.993065531677326     
  0.992717826692742     
  0.992344454064842     
  0.991928558955902     
  0.991475130079510     
  0.990980046318735     
  0.990437534010439     
  0.989847321906256     
  0.989180880826765     
  0.988268497886769     
  0.986737546373200     
  0.984869549366884     
  0.983227636149692     
  0.981916080108998     
  0.980934825357546     
  0.980264779894066     
  0.979937359767193     
  0.979630888787826     
  0.978752370412189     
  0.977447173385653     
  0.976079562183889     
  0.974727925038761     
  0.973399963933324     
  0.972079776312871     
  0.970789800462186     
  0.969566971913249     
  0.968551273707120     
  0.967895737613983     
  0.967687708960251     
  0.967951779483100     
  0.968657425786645     
  0.969693211209482     
  0.970865251171527     
  0.972087094908658     
  0.973369996165110     
  0.974697567450168     
  0.976063545485120     
  0.977495985760686     
  0.978944952261722     
  0.980353149638432     
  0.981648413799696     
  0.982849178400777     
  0.983966884253443     
  0.985003538238945     
  0.985961520063598     
  0.986776965126917     
  0.987518241128235     
  0.988221819694528     
  0.988908465009413     
  0.989521439179331     
  0.989432831179308     
  0.988584672471242     
  0.987921523334926     
  0.987686510957374     
  0.988007172830218     
  0.988923313274493     
  0.990427091559889     
  0.992332162980707     
  0.993494566993749     
  0.994091064910292     
  0.994442544535377     
  0.994366333015201     
  0.992504373538676     
  0.989949536420664     
  0.988302861864834     
  0.987726600954515     
  0.988262359285083     
  0.989886395943949     
  0.992550283496640     
  0.995342707436623     
  0.996070179982782     
  0.995870854704164     
  0.995764242016309     
  0.995831642242658     
  0.996096445309275     
  0.996544775766574     
  0.997146308742667     
  0.997643247966082     
  0.997814350786877     
  0.997919447500179     
  0.998015402663183     
  0.998097601441774     
  0.998170188101527     
  0.998224293846838     
  0.998275755581644     
  0.998328891294134     
  0.998383496534732     
  0.998439631112337     
  0.998497926957569     
  0.998530988892069     
  0.998509856855249     
  0.998495602921734     
  0.998505071048356     
  0.998537626730849     
  0.998596990266614     
  0.998680024211806     
  0.998789971546510     
  0.998874423913707     
  0.998903138114496     
  0.998925773669014     
  0.998944377797905     
  0.998950819405216     
  0.998937929206493     
  0.998902278724240     
  0.998832836694245     
  0.998772890474904     
  0.998719441906431     
  0.998651253413850     
  0.998515412797088     
  0.997668376719819     
  0.987102144298221     
  0.941381106691347     
  0.885754024329880     
  0.850655438684961     
  0.836966796686542     
  0.844465841514328     
  0.871934423056944     
  0.919884429775685     
  0.972785809412972     
  0.992857620629099     
  0.994344676229973     
  0.995408855265939     
  0.996666724964678     
  0.997510949263979     
  0.997786639550024     
  0.997850329694861     
  0.997923183350944     
  0.998167650266688     
  0.998584923311925     
  0.999098082683824     
  0.999379074857555     
  0.999462456856345     
  0.999457568570276     
  0.999351032101856     
  0.999209695631442     
  0.999107039355445     
  0.999067144037864     
  0.999111110816944     
  0.999228034060116     
  0.999392614731300     
  0.999543737658386     
  0.999601474409372     
  0.999618979222297     
  0.999633181246986     
  0.999639981716597     
  0.999644086935516     
  0.999636999181714     
  0.999401065352017     
  0.998845752715179     
  0.998424194486490     
  0.997965457376718     
  0.996638971852550     
  0.995382402403816     
  0.994868070058613     
  0.995061532990328     
  0.995580598120022     
  0.996322160742254     
  0.997656112176391     
  0.999160389563726     
  0.999576890803065     
  0.999104103657921     
  0.998231229723082     
  0.997646868376199     
  0.997380919378518     
  0.997414394393665     
  0.997742192161804     
  0.998403554157710     
  0.999309545399675     
  0.999725842720356     
  0.999739591294040     
  0.999608598938554     
  0.999433310874755     
