  0.999428035300597     
  0.999434565696207     
  0.999430423343890     
  0.999400353736325     
  0.999118081722401     
  0.998792810717498     
  0.998493738029712     
  0.998263579453270     
  0.998070436772907     
  0.997898347387386     
  0.997196458447886     
  0.992466165556346     
  0.984873832928009     
  0.978048109452313     
  0.972427256064983     
  0.967867790945402     
  0.964523639412608     
  0.962409430445740     
  0.961543651814448     
  0.961736621745120     
  0.962975583753519     
  0.965504820638052     
  0.969276035280023     
  0.974195702021988     
  0.980766912268937     
  0.988839059212279     
  0.995845096519396     
  0.998088768339250     
  0.998733408433719     
  0.999159064744022     
  0.999256989286483     
  0.999259568601208     
  0.999258579647367     
  0.999255203521761     
  0.999251864933655     
  0.999247864212737     
  0.999244222574561     
  0.999242043500588     
  0.999240861685210     
  0.999235287836720     
  0.999224821402033     
  0.999213367947373     
  0.999199574047736     
  0.999140507112283     
  0.998954659584225     
  0.998754862872195     
  0.998580678171714     
  0.998416147071930     
  0.997808008290715     
  0.996438325063033     
  0.995017641191033     
  0.993648109590088     
  0.992406460762520     
  0.991525309221026     
  0.990975520366878     
  0.990717726339187     
  0.990732083583904     
  0.990973805018616     
  0.991395843262266     
  0.992000398495691     
  0.992823141624006     
  0.994019794500574     
  0.995589694646608     
  0.997258403112284     
  0.998146338880196     
  0.998621175228157     
  0.998805803378210     
  0.998801200431305     
  0.998781215553280     
  0.998746899046688     
  0.998708262010787     
  0.998617919830961     
  0.998425983372508     
  0.998238655801801     
  0.998081549165157     
  0.997954273340820     
  0.997856223962232     
  0.997784734761007     
  0.997735502780840     
  0.997707916153319     
  0.997684976134540     
  0.997634392826069     
  0.997595660929098     
  0.997589244842988     
  0.997589231075100     
  0.997575877151782     
  0.997455085911467     
  0.997170078058158     
  0.996892604706151     
  0.996647549189428     
  0.996453439898733     
  0.996322543726792     
  0.996254053713764     
  0.996289586015430     
  0.996390515256662     
  0.996511497547163     
  0.996620434815619     
  0.996731133932141     
  0.996862405529620     
  0.996997457823823     
  0.997085265940704     
  0.997098214545346     
  0.997004609982094     
  0.996903393165496     
  0.996799872915200     
  0.996695554470922     
  0.996592779466875     
  0.996479289776524     
  0.996347322085107     
  0.996209510192426     
  0.996061939407359     
  0.995902202301413     
  0.995725875603880     
  0.995519296614147     
  0.994857564215915     
  0.990036056567367     
  0.981426740513634     
  0.973666289862341     
  0.967659679286298     
  0.963221208450375     
  0.959927964530729     
  0.955701632974185     
  0.949551769700871     
  0.944735492331449     
  0.940797434248064     
  0.937553245798400     
  0.936627119419013     
  0.938417296057355     
  0.943030441807523     
  0.949914437892265     
  0.954689871055101     
  0.954245864662773     
  0.953063832181805     
  0.952316819323465     
  0.950711933684153     
  0.947248441839942     
  0.942319155031234     
  0.936408197793742     
  0.932028214045022     
  0.928866459127446     
  0.925518426861842     
  0.923220038151749     
  0.922340001832457     
  0.922646881055926     
  0.924275387062436     
  0.927133982710888     
  0.929052890708641     
  0.928413733936384     
  0.927614967131471     
  0.925045831771041     
  0.919071518844775     
  0.909629926416322     
  0.899573918204947     
  0.889706407040871     
  0.880671955737495     
  0.872898468013889     
  0.866555995584028     
  0.861946204259890     
  0.858890814120871     
  0.857009843930685     
  0.855126489502507     
  0.850843975449525     
  0.839483237836177     
  0.820556427307431     
  0.796215613924945     
  0.768879078195500     
  0.741324240362490     
  0.716223502992139     
  0.695601023242168     
  0.681007442569580     
  0.673747076833179     
  0.673863105549451     
  0.681366269867762     
  0.697396467176940     
  0.721135195208883     
  0.751442571396502     
  0.785856691145275     
  0.820295942825280     
  0.851023301755074     
  0.876279518291201     
  0.896120182071884     
  0.911539383223771     
  0.923870723924529     
  0.934133297862417     
  0.942787648307001     
  0.950071054546339     
  0.956162089526257     
  0.961208064978784     
  0.965348740269507     
  0.968781245586104     
  0.971712754740204     
  0.974252516484395     
  0.976486005493233     
  0.978475794692836     
  0.980257537733699     
  0.981887220163449     
  0.983381133056880     
  0.984756792647563     
  0.986016268780055     
  0.987164665176429     
  0.988206032202876     
  0.989014027449084     
  0.989857792743846     
  0.990608952814562     
  0.991284864410650     
  0.991892342824611     
  0.992443070880920     
  0.992950400473650     
  0.993414117683149     
  0.993797782250120     
  0.994130787087847     
  0.994414244119492     
  0.994481706503460     
  0.994378427193571     
  0.994295194831258     
  0.994257227963524     
  0.994273341393405     
  0.994337875890854     
  0.994340520710226     
  0.994232434469054     
  0.994211517989604     
  0.994261617159750     
  0.994371823074214     
  0.994529548484304     
  0.994778873300725     
  0.995135041120122     
  0.995599945040587     
  0.996024683115792     
  0.996199736277279     
  0.995755604724298     
  0.992935974408427     
  0.988747333495444     
  0.984567479096997     
  0.981165294745609     
  0.978369873158072     
  0.976311384365193     
  0.975065580591082     
  0.974690731947734     
  0.974942264073206     
  0.974364986845566     
  0.968537287105105     
  0.958954696684805     
  0.946712322416406     
  0.937016323501889     
  0.930729821646641     
  0.926520291377672     
  0.922659400113858     
  0.920387396383091     
  0.920812920283993     
  0.923293431490500     
  0.928018581695261     
  0.935063016774800     
  0.944779344351357     
  0.957359713844062     
  0.972508552928520     
  0.985990046294551     
  0.994588737062661     
  0.998237803853325     
  0.998524919163141     
  0.998607088527942     
  0.998686249781630     
  0.998740185907753     
  0.998777466778685     
  0.998814928749532     
  0.998855312535068     
  0.998899914489215     
  0.998947049209006     
  0.998988707974774     
  0.999026063570863     
  0.999057682738522     
  0.999069935553909     
  0.999069583776946     
  0.999070553491866     
  0.999077039664601     
  0.999085257140398     
  0.999094248758064     
  0.999090253235913     
  0.999070827132672     
  0.999058581756174     
  0.999059625287279     
  0.999072145052205     
  0.999092030100946     
  0.999107912032476     
  0.999123906211165     
  0.999143509194297     
  0.999167514483263     
  0.999187024429288     
  0.999207630291347     
  0.999233927070803     
  0.999265541617505     
  0.999298704774468     
  0.999289587069154     
  0.998774633742890     
  0.997340209268571     
  0.995857885749919     
  0.994501443436944     
  0.992345802281334     
  0.989359738557818     
  0.986779244103118     
  0.984901503845321     
  0.983668472930812     
  0.983043750116525     
  0.982936355858629     
  0.983351154548384     
  0.983801783048210     
  0.982682121413780     
  0.981341363482029     
  0.980452463610046     
  0.979747021380542     
  0.979915268642306     
  0.981019051782907     
  0.981890466591269     
  0.982053180467556     
  0.982487883147955     
  0.983431256612640     
  0.984959642885687     
  0.987121851818061     
  0.989989750195564     
  0.993553329943373     
  0.997272358857412     
  0.999082283814238     
  0.999537966388513     
  0.999598942796722     
  0.999610097247481     
  0.999617604041551     
  0.999617738596770     
  0.999615577704305     
  0.999613644577563     
  0.999606568936616     
  0.999596056053831     
  0.999589069534924     
  0.999587580599482     
  0.999589704102212     
  0.999594294393559     
  0.999601282474012     
  0.999610412335192     
  0.999609645014738     
  0.999567760274290     
  0.999504625594660     
  0.999446471954420     
  0.999396814280923     
  0.999351882056742     
  0.999274421127980     
  0.999180089181931     
  0.999105733417272     
  0.999060242057691     
  0.999041670991496     
  0.999051081156619     
  0.999086515904514     
  0.999144693346674     
  0.999226748161006     
  0.999319431604259     
  0.999389116005184     
  0.999446358370971     
  0.999512431389682     
  0.999588379331534     
  0.999673109880893     
  0.999728651837100     
  0.999731825790072     
  0.999608150903985     
  0.999244967936383     
  0.998897702392603     
  0.998627390318543     
  0.998434753576040     
  0.998302287214768     
  0.998222015984167     
  0.998186652460928     
  0.998198480316550     
  0.998251918969663     
  0.998347055460603     
  0.998490263363683     
  0.998681913433316     
  0.998951500667183     
  0.999292113152605     
  0.999599046715503     
  0.999650797579868     
  0.999644741464441     
  0.999639954206486     
  0.999635466596096     
  0.999632264724727     
  0.999502311636640     
  0.998928499323522     
  0.997897918217305     
  0.996070264735850     
  0.994066979270624     
  0.992520024619721     
  0.991352595070116     
  0.990543053755735     
  0.990021193959719     
  0.989756437758253     
  0.989780634321641     
  0.990048273229914     
  0.990615951559256     
  0.991591234076661     
  0.993013857438183     
  0.994544027599209     
  0.994558929627025     
  0.993645180598149     
  0.992447519022978     
  0.990913358061465     
  0.989754526165838     
  0.988996914081661     
  0.988606571272081     
  0.988542541389482     
  0.988803234646395     
  0.989383524850886     
  0.990316226549510     
  0.991565744426869     
  0.993183247118799     
  0.995243510753724     
  0.997637396242624     
  0.999391166556536     
  0.999680726926693     
  0.999682258980596     
  0.999682308176699     
  0.999676441909731     
  0.999669168361241     
  0.999662808879231     
  0.999661337330352     
  0.999665024001015     
  0.999673770465248     
  0.999687052591397     
  0.999705340121816     
  0.999729370914861     
  0.999758470465559     
  0.999784765989077     
  0.999792738883936     
  0.999781626997870     
  0.999763063543773     
  0.999748852428508     
  0.999737019448930     
  0.999722640106673     
  0.999680327970045     
  0.999634193302396     
  0.999598529993881     
  0.999573742163216     
  0.999549702300476     
  0.999317694899916     
  0.999021277093184     
  0.998745443474315     
  0.998528927109361     
  0.998385490163638     
  0.998268514610985     
  0.998184743852017     
  0.998101827792415     
  0.998076877307865     
  0.998174142163207     
  0.998338638625301     
  0.998525681173843     
  0.998439514766960     
  0.998165273448843     
  0.998008845566976     
  0.997793277592212     
  0.997401959434451     
  0.996651307687460     
  0.995951631478358     
  0.995445152774114     
  0.995132292273409     
  0.994962763298245     
  0.994907468680700     
  0.995012311905491     
  0.995312963744410     
  0.995813055519079     
  0.996495672921248     
  0.997110175997106     
  0.997507606504554     
  0.997998281096197     
  0.998624819555853     
  0.999274174305455     
  0.999501470941689     
  0.999548470278461     
  0.999602648101104     
  0.999670797568583     
  0.999742770957050     
  0.999700023631148     
  0.998860208721438     
  0.996411963045639     
  0.993305577334834     
  0.990399678353467     
  0.987568921272840     
  0.984426931291845     
  0.981659991237396     
  0.979723661174286     
  0.978745091070359     
  0.978691288592905     
  0.979555876692269     
  0.981256378011589     
  0.983471647116564     
  0.985143007839056     
  0.984687332896460     
  0.984259796370632     
  0.983462770452710     
  0.982253815152392     
  0.981395513879796     
  0.981244876603509     
  0.981252068972819     
  0.981289666432358     
  0.981877132097249     
  0.982888274832192     
  0.984473610897777     
  0.986598355422603     
  0.989367694209238     
  0.991976782838216     
  0.992081221679107     
  0.989533718937218     
  0.985532872187918     
  0.981819127350894     
  0.976955927724442     
  0.971624889722293     
  0.967201502583792     
  0.963777571533600     
  0.961038887843792     
  0.959286839090420     
  0.959022460204376     
  0.959815655646076     
  0.961346869693661     
  0.964534547559167     
  0.969254636394396     
  0.972617212399993     
  0.974858491105314     
  0.977852942703084     
  0.981039552719116     
  0.981961801279559     
  0.980349973519126     
  0.978942258673570     
  0.978456765098826     
  0.978421256823168     
  0.978586097028045     
  0.979383200185318     
  0.980624914462893     
  0.981338080385453     
  0.981580978398917     
  0.982223254214807     
  0.982987525335239     
  0.983960159222972     
  0.985591801884838     
  0.987851962778365     
  0.989933265943158     
  0.990720634287876     
  0.990761723974334     
  0.991031935938046     
  0.991690167692465     
  0.992584228988327     
  0.993557127072656     
  0.994755544365162     
  0.996146262843292     
  0.997457285135475     
  0.998647278152064     
  0.999503936582753     
  0.999686591088169     
  0.999702579893210     
  0.999708889268412     
  0.999717646707454     
  0.999724545261149     
  0.999725449327759     
  0.999728233908648     
  0.999732304244853     
  0.999736632679580     
  0.999741118745435     
  0.999746674787922     
  0.999750618394682     
  0.999752649553198     
  0.999754639180923     
  0.999756536782479     
  0.999756886215767     
  0.999720537301452     
  0.999482581089124     
  0.999190142430952     
  0.998844960651611     
  0.997653883239825     
  0.996071453619980     
  0.994754397013735     
  0.993783550305116     
  0.993120627000113     
  0.992706384649592     
  0.992157912581420     
  0.991007006828000     
  0.989855856146297     
  0.988975839135567     
  0.988504494401715     
  0.988479868929653     
  0.988843632408543     
  0.989673847970658     
  0.991036019967030     
  0.992218267495882     
  0.992705630532179     
  0.993384537277602     
  0.994165902603843     
  0.995076283382632     
  0.996163517837432     
  0.997412773348795     
  0.998104346328541     
  0.998148320501750     
  0.998148562053012     
  0.998181536262205     
  0.998262391914582     
  0.998395868729718     
  0.998569883626275     
  0.998802826340034     
  0.999117408801362     
  0.999341679728971     
  0.999538996633570     
  0.999636584737086     
  0.999618776385007     
  0.999601560289164     
  0.999584418037820     
  0.999563896011655     
  0.999543597568141     
  0.999520834135175     
  0.999444966649098     
  0.999040628701751     
  0.998327467330455     
  0.997690941256250     
  0.997165798427994     
  0.996729402877151     
  0.996345060161455     
  0.995998594922708     
  0.995775983590728     
  0.995370794720905     
  0.994254691174660     
  0.991022152597944     
  0.984686392645086     
  0.979107600771593     
  0.974888985856622     
  0.972046361323102     
  0.970111706029979     
  0.968860572794683     
  0.968417402037961     
  0.968746719145338     
  0.969947027214759     
  0.970481059148083     
  0.971319837441433     
  0.973706383630235     
  0.977356723742363     
  0.981435213620924     
  0.984980838586955     
  0.984901304990031     
  0.984520357059297     
  0.984673183181400     
  0.985305070727983     
  0.986442149089886     
  0.988106065766251     
  0.990345368887200     
  0.993180056501192     
  0.996343935706896     
  0.998093949399736     
  0.998490109513533     
  0.998777137603376     
  0.998992448050159     
  0.999011282516389     
  0.998972156146411     
  0.998929319442910     
  0.998876526616939     
  0.998817770063457     
  0.998763499828952     
  0.998711673284988     
  0.998659845580282     
  0.998614285126872     
  0.998575447540738     
  0.998535819746254     
  0.998361551359750     
  0.998022326825573     
  0.997336018079088     
  0.995747209153703     
  0.993885714784117     
  0.992197257649987     
  0.990504683937182     
  0.988795817258263     
  0.987355901441237     
  0.986169029570340     
  0.985392551129844     
  0.985121823750489     
  0.985387692987545     
  0.986173781351513     
  0.987448169835167     
  0.989082709736773     
  0.990616447098876     
  0.992482940355910     
  0.993621810093872     
  0.994317476745815     
  0.995022673707143     
  0.995676513578772     
  0.995984659141453     
  0.996017108062438     
  0.995770647562641     
  0.995389201424551     
  0.994989662351456     
  0.994616319694590     
  0.994275100849789     
  0.993960026459447     
  0.993661680136584     
  0.993383523352215     
  0.993120845428426     
  0.992882687981475     
  0.992678660189463     
  0.992517835210292     
  0.992408247080823     
  0.992320829125651     
  0.992102854709115     
  0.991672916216641     
  0.991190600996232     
  0.990641718242973     
  0.989913738708369     
  0.988990795330136     
  0.987973781493555     
  0.986939018760435     
  0.985895768111973     
  0.984827909809442     
  0.983740548661018     
  0.982639624153257     
  0.981530221293030     
  0.980411454014393     
  0.979286406312285     
  0.978161494527359     
  0.977049799363654     
  0.975970586216793     
  0.974907287341756     
  0.973736245631113     
  0.972416529615989     
  0.971123307719075     
  0.969981529462825     
  0.969044984489943     
  0.968342154361362     
  0.967909254274735     
  0.967761971463277     
  0.967908370028010     
  0.968353576489647     
  0.969075564710239     
  0.970040527033421     
  0.971206186391462     
  0.972524262091230     
  0.973908578201522     
  0.975295362820361     
  0.976707595514395     
  0.978106262530886     
  0.979470856741805     
  0.980792119891770     
  0.982041252257212     
  0.983211313061406     
  0.984298561729640     
  0.985305367943886     
  0.986241207810906     
  0.987012733834358     
  0.987438294529837     
  0.987704559807092     
  0.987934137086829     
  0.988185626904749     
  0.988469501401856     
  0.988800074165289     
  0.989193888142710     
  0.989669156390765     
  0.990229700212476     
  0.990841348343830     
  0.991439149871837     
  0.991670821668976     
  0.991559658757007     
  0.991481185932179     
  0.991496900890006     
  0.991388821083391     
  0.991268034727594     
  0.991240150585729     
  0.991335514099940     
  0.991499609466977     
  0.991779932723997     
  0.992218714599288     
  0.992814619909226     
  0.993560744478423     
  0.994468443482082     
  0.995465587499201     
  0.996252000343009     
  0.996557736619165     
  0.996749175117352     
  0.996956481658847     
  0.997179452581065     
  0.997414617949281     
  0.997659061185853     
  0.997895895281736     
  0.998050628086328     
  0.998133433042371     
  0.998205676240082     
  0.998273069905669     
  0.998332253518286     
  0.998368542464494     
  0.998399562417591     
  0.998432979618562     
  0.998470057808143     
  0.998507622735231     
  0.998545893593788     
  0.998582895614516     
  0.998623098247646     
  0.998668720731994     
  0.998711063595520     
  0.998753566165299     
  0.998794056873021     
  0.998830239100957     
  0.998864417583013     
  0.998886329809036     
  0.998883376582752     
  0.998867306579395     
  0.998842278380721     
  0.998796244243407     
  0.998650100403278     
  0.997309651404948     
  0.987830781794564     
  0.969716491367675     
  0.952781369819543     
  0.938929654699854     
  0.927707804084443     
  0.919292401607330     
  0.913558090380521     
  0.911204145230893     
  0.912199325283687     
  0.915733990612535     
  0.922773761618084     
  0.932635575327230     
  0.944841705981395     
  0.960077162403737     
  0.978203206296412     
  0.992604810834155     
  0.996455638512339     
  0.996959199446660     
  0.997488609529951     
  0.998042608618063     
  0.998412061613526     
  0.998644430217680     
  0.998772850550004     
  0.998870399526478     
  0.998985187278567     
  0.999113612855626     
  0.999222125842875     
  0.999247848158976     
  0.999244804471685     
  0.999249078267804     
  0.999272452094233     
  0.999311612642714     
  0.999361642289568     
  0.999418269350886     
  0.999476264208655     
  0.999532844081445     
  0.999558997057121     
  0.999452176261993     
  0.999298480976884     
  0.999147119786333     
  0.998786798467893     
  0.998227460479349     
  0.997745790740141     
  0.997389316084450     
  0.997158296025837     
  0.997021751935964     
  0.996969826655926     
  0.996991558749373     
  0.997098874318508     
  0.997214838775135     
  0.997247997422834     
  0.997365888940062     
  0.997532504126309     
  0.997825115291851     
  0.998246326953059     
  0.998539607616213     
  0.998578865059071     
  0.998592644132824     
  0.998631872264934     
  0.998675958103125     
  0.998726102529315     
  0.998831465144440     
  0.999011264885099     
  0.999261151746071     
  0.999487757693000     
