  0.999304758788028     
  0.999263163419136     
  0.999120954808545     
  0.998981771161256     
  0.998818435871537     
  0.998688975766744     
  0.998617204076356     
  0.998487066109133     
  0.996780671266633     
  0.992314714537876     
  0.987676296218901     
  0.983851901434712     
  0.980515471135307     
  0.977510010669178     
  0.974992069402744     
  0.972934524087766     
  0.971167061612493     
  0.969898827834743     
  0.969838396490155     
  0.970828112882936     
  0.971622250487151     
  0.972201712822782     
  0.973386126401719     
  0.975902622105323     
  0.978851394183438     
  0.982017832502846     
  0.985760648997120     
  0.990208868218934     
  0.995051890424743     
  0.998059135918757     
  0.998760319294114     
  0.999063721142352     
  0.999239228397176     
  0.999246309759989     
  0.999243295637620     
  0.999239181538917     
  0.999233986922840     
  0.999228040656711     
  0.999221948194776     
  0.999215689608403     
  0.999201139517070     
  0.999121235426452     
  0.999001213134802     
  0.998886794837259     
  0.998779362798634     
  0.998576268118364     
  0.997875242955926     
  0.996989588630983     
  0.996029233589676     
  0.995077735530952     
  0.994250833847517     
  0.993701989915496     
  0.993325950068010     
  0.993027018012298     
  0.992559870579360     
  0.992102403132420     
  0.992135198403290     
  0.992624693881302     
  0.992956187942149     
  0.993025890527299     
  0.993345044756660     
  0.993947049259489     
  0.994645757476607     
  0.995430320636365     
  0.996320900366029     
  0.997320767009782     
  0.998143177052429     
  0.998495865764190     
  0.998679693278858     
  0.998631401241118     
  0.998508247745429     
  0.998392768439011     
  0.998290934948643     
  0.998197269088967     
  0.998105112359095     
  0.998027556359532     
  0.997980509413821     
  0.997939186602298     
  0.997850676594992     
  0.997756096711721     
  0.997694272083536     
  0.997648661120610     
  0.997573360635520     
  0.997470653806057     
  0.997341300616370     
  0.997249139717795     
  0.997165689346694     
  0.997055921407613     
  0.996950807376776     
  0.996858108155670     
  0.996779402547277     
  0.996786413065609     
  0.996800123009240     
  0.996717113105633     
  0.996574805077765     
  0.996529450469121     
  0.996636233814365     
  0.996752006099565     
  0.996798310954998     
  0.996800465674514     
  0.996810041070103     
  0.996831263356821     
  0.996836744624692     
  0.996820609790309     
  0.996748391322889     
  0.996644439211143     
  0.996534468232707     
  0.996403810653524     
  0.996267062989076     
  0.996130783771376     
  0.995975409302518     
  0.995742208077056     
  0.994188867786369     
  0.989654534238245     
  0.984644187841250     
  0.980136456800162     
  0.976302119386236     
  0.973158113291075     
  0.970082484073779     
  0.965456086873196     
  0.960582181239206     
  0.956405089447474     
  0.952185189592810     
  0.948602413129767     
  0.946043747261334     
  0.944410001568279     
  0.943720597966314     
  0.943957630128404     
  0.944749836567554     
  0.945707930865931     
  0.947661859330169     
  0.949011645302312     
  0.948835173610146     
  0.945087556599046     
  0.940706450959556     
  0.937095544873901     
  0.934757195501118     
  0.934475886029693     
  0.935951608289128     
  0.935606566021265     
  0.932279101826354     
  0.929683416015068     
  0.928855771357945     
  0.928109353137421     
  0.925404892423433     
  0.921791812821715     
  0.919088003346909     
  0.917013289635161     
  0.914360182832858     
  0.910842177773355     
  0.907559478979047     
  0.904150657034775     
  0.899345180020839     
  0.892785982404987     
  0.886486596272493     
  0.880757391695392     
  0.874887876804441     
  0.868939964011017     
  0.862449645979536     
  0.853947895216422     
  0.842202909623360     
  0.827274217416714     
  0.810372811762019     
  0.792984415141939     
  0.776054495389507     
  0.759879933085959     
  0.745913142886452     
  0.734738597478327     
  0.726377745118202     
  0.720991446064116     
  0.718915304639141     
  0.719856903408034     
  0.724085445193616     
  0.732430687384391     
  0.744811487603790     
  0.761143710625495     
  0.781065320203412     
  0.803988252939220     
  0.828931476017106     
  0.854229822536306     
  0.877568102654173     
  0.897407969818768     
  0.913391886147981     
  0.925986082757619     
  0.935992755832436     
  0.944206367802765     
  0.951118213719546     
  0.956985309895191     
  0.961963170283712     
  0.966175983528805     
  0.969716189353887     
  0.972662660636950     
  0.975176329577168     
  0.977377071300682     
  0.979321797469515     
  0.981054574124100     
  0.982621926588614     
  0.984055666839397     
  0.985357635420066     
  0.986532794825586     
  0.987605075180043     
  0.988463499061091     
  0.989346322364676     
  0.990138159955252     
  0.990864027682056     
  0.991524212688762     
  0.992115601703848     
  0.992643852873467     
  0.993111159488686     
  0.993438262341881     
  0.993615138709844     
  0.993763667110283     
  0.993890893034638     
  0.994013458193495     
  0.994134177415092     
  0.994233609581771     
  0.994219427045262     
  0.994225883407755     
  0.994306228430044     
  0.994403151531841     
  0.994412411605044     
  0.994436281541105     
  0.994653578723456     
  0.994903612043956     
  0.995020341126881     
  0.995024823965027     
  0.995098271216756     
  0.994351320955244     
  0.992181554359944     
  0.989722836783574     
  0.987443358981383     
  0.985548925131643     
  0.983910903648828     
  0.982842205020041     
  0.982151291569608     
  0.981205396355438     
  0.979291429494135     
  0.975102907540721     
  0.971698118758338     
  0.963457920644751     
  0.954346751594237     
  0.947136365674950     
  0.941842781034511     
  0.938224041344134     
  0.936304789371426     
  0.935431787671434     
  0.935752810514216     
  0.937229453563716     
  0.937974813502242     
  0.940105747444935     
  0.942857985391756     
  0.945772231398544     
  0.949323266864991     
  0.954482822417337     
  0.961083926993228     
  0.968577162734080     
  0.977068236353643     
  0.986113936148613     
  0.993025397848831     
  0.997271588756749     
  0.998594795030341     
  0.998698566349588     
  0.998760101492138     
  0.998815097811756     
  0.998852092433879     
  0.998880837568892     
  0.998910266649761     
  0.998943349110096     
  0.998970459542328     
  0.998993117514860     
  0.999018417584519     
  0.999047455918266     
  0.999069800595452     
  0.999078480321482     
  0.999073389001076     
  0.999067299396933     
  0.999061116412310     
  0.999059230359745     
  0.999070862216019     
  0.999084636066603     
  0.999092184274934     
  0.999101698887616     
  0.999116391601110     
  0.999132340156803     
  0.999147119800247     
  0.999166069301460     
  0.999189087467389     
  0.999207707420318     
  0.999215093135946     
  0.999101260747548     
  0.998467297407693     
  0.997577432373377     
  0.996738295389705     
  0.995625812601213     
  0.993811874919064     
  0.991884912481816     
  0.990227120082003     
  0.988907868975034     
  0.987909108160549     
  0.987170342291877     
  0.986658544235986     
  0.986171113533942     
  0.984897758212049     
  0.982998918371833     
  0.981453913365041     
  0.980378096510448     
  0.979688376297735     
  0.979464468910309     
  0.979882433715833     
  0.980840952855049     
  0.981755923948642     
  0.982727370971489     
  0.984293763327239     
  0.985908184562322     
  0.986706408481637     
  0.987281571315041     
  0.988297298402072     
  0.989603929125434     
  0.991077379468240     
  0.992778808123023     
  0.994753713155327     
  0.996983925179679     
  0.998828879076569     
  0.999448155039410     
  0.999588437771243     
  0.999602718421748     
  0.999605429657420     
  0.999603108643102     
  0.999595620874798     
  0.999591438963144     
  0.999596124068201     
  0.999603209941822     
  0.999605161775473     
  0.999603969132780     
  0.999591624582112     
  0.999561235896287     
  0.999523404228889     
  0.999488985591569     
  0.999465454561134     
  0.999434937399058     
  0.999377095307719     
  0.999320369237332     
  0.999272670157309     
  0.999236788039857     
  0.999216920952795     
  0.999202045306462     
  0.999181632400159     
  0.999182353266102     
  0.999222363070635     
  0.999267078118016     
  0.999285524735794     
  0.999307282701294     
  0.999363926643568     
  0.999440856167854     
  0.999505542157013     
  0.999543204467641     
  0.999553719696698     
  0.999426876399160     
  0.999259737276575     
  0.999111670613042     
  0.998958693956552     
  0.998814250382112     
  0.998697407967243     
  0.998640047450687     
  0.998646461410168     
  0.998626230768543     
  0.998518591918752     
  0.998440870035357     
  0.998501703481357     
  0.998616280023197     
  0.998681205182036     
  0.998726622657578     
  0.998813470982549     
  0.998948208737861     
  0.999118473005243     
  0.999310916855007     
  0.999512947342806     
  0.999614858034997     
  0.999403821241945     
  0.998934175614151     
  0.998051043596797     
  0.996746892976591     
  0.995584469205134     
  0.994669663728466     
  0.993976939400283     
  0.993300561186706     
  0.992364116332163     
  0.991501612629556     
  0.991511620754915     
  0.992355727218405     
  0.992721393883326     
  0.991963634482217     
  0.991473700752260     
  0.991497527514852     
  0.991212586284209     
  0.990739533385746     
  0.990276555407197     
  0.990252654682776     
  0.990611856595536     
  0.991007688789386     
  0.991233619003047     
  0.991088281280529     
  0.991009495515960     
  0.991188466734952     
  0.991301119220129     
  0.991463847455741     
  0.991923762404108     
  0.992542102333741     
  0.993205318825214     
  0.993989492150495     
  0.994963728872778     
  0.996124106597777     
  0.997441906846922     
  0.998881607737497     
  0.999620206361071     
  0.999688235150888     
  0.999700512887700     
  0.999695553775912     
  0.999684266366155     
  0.999692279987446     
  0.999705169962987     
  0.999713293951082     
  0.999718807405755     
  0.999724754442009     
  0.999730872467688     
  0.999735259813316     
  0.999743388290447     
  0.999749631504789     
  0.999747803066554     
  0.999729029227846     
  0.999698723903164     
  0.999672743934255     
  0.999655337093137     
  0.999648871343683     
  0.999571902953573     
  0.999379995871387     
  0.999203402586577     
  0.999060937113893     
  0.998985996038657     
  0.998932922481249     
  0.998788305580925     
  0.998514444411688     
  0.998291535419643     
  0.998418761090430     
  0.998726089354641     
  0.998792288901455     
  0.998518865799395     
  0.998091877675556     
  0.997881682588793     
  0.997800479647555     
  0.997703443204902     
  0.997392697118937     
  0.997001151913440     
  0.996690336811192     
  0.996474170894118     
  0.996269645526341     
  0.996087089283636     
  0.995925924119868     
  0.995840808492825     
  0.995762223628444     
  0.995696614297402     
  0.995840893689358     
  0.996211058595337     
  0.996556872775547     
  0.996844277287508     
  0.997242230238468     
  0.997771074681853     
  0.998177586360352     
  0.998489792206885     
  0.998840592389284     
  0.999235932256740     
  0.999534289513608     
  0.999378530636311     
  0.998392035989867     
  0.996781272164723     
  0.995176621694449     
  0.993629697496987     
  0.991834096587393     
  0.989910799660631     
  0.988180931389325     
  0.986731011609963     
  0.985630607390243     
  0.984911624044504     
  0.984487404810647     
  0.984374720269887     
  0.984333836662421     
  0.983013168521303     
  0.981723707743035     
  0.980846594133339     
  0.980389623254203     
  0.980468518309500     
  0.981286001877722     
  0.982442351451866     
  0.983054502952098     
  0.982878503645823     
  0.983532441288944     
  0.985473975453576     
  0.986502584415173     
  0.986142561147251     
  0.986231517785584     
  0.985856615394518     
  0.984547683329471     
  0.983351029060860     
  0.982559716275475     
  0.981578278232720     
  0.980186338557767     
  0.979138374337266     
  0.977085192532416     
  0.974542307827007     
  0.972002569568783     
  0.969927935333557     
  0.968266542359538     
  0.966720382930043     
  0.965538539949551     
  0.965087222474846     
  0.965386693248756     
  0.966583550995784     
  0.968687805648808     
  0.971467957747360     
  0.974346365856845     
  0.976444078319781     
  0.977055249035262     
  0.977451147516969     
  0.978316648866341     
  0.979379750192293     
  0.979803992681795     
  0.979929451972120     
  0.980335794576868     
  0.981005671624001     
  0.981871933030167     
  0.982691854422622     
  0.983357026395689     
  0.983969356461231     
  0.984340690952797     
  0.984782594008935     
  0.985413318212106     
  0.986292252683281     
  0.987597126378559     
  0.989354561833817     
  0.991258001605197     
  0.992649186811839     
  0.993247991212451     
  0.993753577349641     
  0.994400952723982     
  0.995114404121259     
  0.995800962321833     
  0.996484439668098     
  0.997243908369013     
  0.998042099694715     
  0.998723149595002     
  0.999349451243907     
  0.999673707449039     
  0.999715950428860     
  0.999725974670533     
  0.999733322563903     
  0.999738284956203     
  0.999738620637532     
  0.999740938907207     
  0.999749766942745     
  0.999756651947941     
  0.999758493341870     
  0.999757534439641     
  0.999751969079625     
  0.999668364489453     
  0.999501633072210     
  0.999333054015429     
  0.998877531499690     
  0.997953594573461     
  0.997078968653125     
  0.996324797834529     
  0.995685039821813     
  0.995140295565369     
  0.994596625193368     
  0.993663742685126     
  0.992685914779056     
  0.992119774371699     
  0.991664827436852     
  0.990879348037616     
  0.990260637057360     
  0.990160479613140     
  0.990372694594039     
  0.990654238357162     
  0.990974754550817     
  0.991551062288542     
  0.992198890288136     
  0.992957507220441     
  0.993875856364261     
  0.994519725925787     
  0.995033351094258     
  0.995517084340969     
  0.995975103409943     
  0.996506316210998     
  0.997283148459789     
  0.998157029015173     
  0.998580879351313     
  0.998579529736243     
  0.998491547701597     
  0.998496155692792     
  0.998633491253510     
  0.998808775602047     
  0.998975857838138     
  0.999156184524419     
  0.999352095310081     
  0.999471647346923     
  0.999579489023510     
  0.999588168341809     
  0.999562698473691     
  0.999408691135473     
  0.999019111633467     
  0.998608162105263     
  0.998238597904642     
  0.997932008025713     
  0.997624411487779     
  0.997314254648554     
  0.997083754737247     
  0.996949161827845     
  0.996313041624761     
  0.994867467499209     
  0.991138441466400     
  0.987384533155229     
  0.984268761254402     
  0.981554229864714     
  0.979350061399697     
  0.977621798616165     
  0.976289731562993     
  0.975562423163115     
  0.975531222044097     
  0.974506457807143     
  0.972793246033724     
  0.972202869915969     
  0.972415222662730     
  0.972539155100877     
  0.973087432365605     
  0.974535807015431     
  0.976695791786009     
  0.979452216742084     
  0.982666270315527     
  0.986048034136888     
  0.987980358039815     
  0.988259522406852     
  0.988720752378635     
  0.989493212484475     
  0.990463156132094     
  0.991611140303697     
  0.992964523439254     
  0.994562558037001     
  0.996398464594770     
  0.998053277708049     
  0.998623109909830     
  0.998772823500323     
  0.998898951611736     
  0.998954695039348     
  0.998925759863349     
  0.998883749781566     
  0.998837955096255     
  0.998789681900125     
  0.998742954048281     
  0.998670428066346     
  0.998491397513047     
  0.998190792355799     
  0.997417537405392     
  0.996329195755376     
  0.995296784088498     
  0.994255680833002     
  0.993130780683605     
  0.992112374274627     
  0.991122655532463     
  0.990103330898205     
  0.989250093416930     
  0.988730663435123     
  0.988451267487603     
  0.988270291929622     
  0.988267768727734     
  0.988503584032270     
  0.988923499193890     
  0.989577554504018     
  0.990438333556090     
  0.991399897457462     
  0.992199698769064     
  0.993319769686137     
  0.994372083201540     
  0.994806752562114     
  0.994976346374543     
  0.995180697321302     
  0.995289111822407     
  0.995233910046935     
  0.995132316728672     
  0.994908709912819     
  0.994673070755658     
  0.994481206007234     
  0.994263230147145     
  0.993940396062448     
  0.993594442592321     
  0.993324346835518     
  0.993095583315313     
  0.992847758810745     
  0.992584340927456     
  0.992314735047293     
  0.992037186872431     
  0.991693673575166     
  0.991229906420897     
  0.990597082096439     
  0.989869330998941     
  0.989114718643874     
  0.988308501205465     
  0.987460378257480     
  0.986572178460749     
  0.985638134923119     
  0.984663418901227     
  0.983666450574973     
  0.982642937931343     
  0.981572999959412     
  0.980464867038542     
  0.979347279626941     
  0.978238306569744     
  0.977131706815451     
  0.976044926572106     
  0.975028046761689     
  0.974122217759945     
  0.973324578252957     
  0.972576382644720     
  0.971904103432726     
  0.971391951509041     
  0.971079875844477     
  0.970980030215210     
  0.971090393788852     
  0.971413309815624     
  0.971937968394775     
  0.972648254446995     
  0.973518348210650     
  0.974523581907835     
  0.975615859967924     
  0.976764834611497     
  0.977995523482962     
  0.979243472238005     
  0.980454541642223     
  0.981623976563996     
  0.982750143978942     
  0.983832841335430     
  0.984845717565921     
  0.985666368778604     
  0.986321086405201     
  0.986897417217987     
  0.987434478925382     
  0.987933393410204     
  0.988400564796585     
  0.988858650993924     
  0.989315945444988     
  0.989760561327036     
  0.990216101658630     
  0.990693047114568     
  0.991031149123323     
  0.991037888006111     
  0.990996898432308     
  0.991053110288048     
  0.991163184228254     
  0.991310967164073     
  0.991513548911441     
  0.991780919018830     
  0.992112416939389     
  0.992402047047271     
  0.992555983923540     
  0.992692425772377     
  0.992920567127118     
  0.993230911173157     
  0.993580633440580     
  0.993968520863814     
  0.994417227390278     
  0.994933002720994     
  0.995526699595893     
  0.996154300326239     
  0.996763265562980     
  0.997157041468260     
  0.997340244485757     
  0.997499077311174     
  0.997655779056454     
  0.997810799651936     
  0.997967530673066     
  0.998124511343255     
  0.998255089341427     
  0.998327805755450     
  0.998381679537511     
  0.998428801242935     
  0.998468666275860     
  0.998510349929033     
  0.998558222349444     
  0.998599307899409     
  0.998624799284419     
  0.998650039984914     
  0.998697154230625     
  0.998752472199269     
  0.998789443234965     
  0.998811025488798     
  0.998825573020530     
  0.998839668201588     
  0.998852788841102     
  0.998861123110508     
  0.998859980617159     
  0.998831451931475     
  0.998543836057575     
  0.995481222382334     
  0.986363642555424     
  0.975692780397464     
  0.966218091769161     
  0.958156066767328     
  0.951487056134106     
  0.946088923527413     
  0.940772766228579     
  0.935266296507976     
  0.931215181786778     
  0.931204882561843     
  0.934467430243225     
  0.937434314386694     
  0.938626960617015     
  0.940738096337260     
  0.945644514448399     
  0.952757352166087     
  0.960853804435014     
  0.969894984454177     
  0.979963532972213     
  0.990449813961994     
  0.996649733523580     
  0.997617757320925     
  0.997927597447785     
  0.998281950906326     
  0.998626313714509     
  0.998818283316783     
  0.998938656414142     
  0.999014465715660     
  0.999097098931027     
  0.999189059198945     
  0.999283329548528     
  0.999344530454074     
  0.999375056795592     
  0.999407840323893     
  0.999439748056594     
  0.999461636995237     
  0.999429003164563     
  0.999358576587736     
  0.999294869102617     
  0.999171216618240     
  0.998879534154136     
  0.998577228584179     
  0.998310797332479     
  0.998076281569730     
  0.997857114727186     
  0.997673096701456     
  0.997564396466206     
  0.997550424174430     
  0.997568238980136     
  0.997456142772306     
  0.997276096299357     
  0.997183893184594     
  0.997210010816993     
  0.997310770526733     
  0.997452855800657     
  0.997665590783239     
  0.997923186074787     
  0.998154664217688     
  0.998389427462665     
  0.998638935294639     
  0.998761105137386     
  0.998806996884257     
  0.998833699818972     
  0.998869289145920     
  0.998935569604116     
  0.999035454452443     
  0.999169060514541     
