  0.998627336884567     
  0.998940772237178     
  0.998918669297412     
  0.998859376040779     
  0.998880557107788     
  0.998808129499789     
  0.998041807031237     
  0.995432675722262     
  0.992324583485403     
  0.988732006381982     
  0.984904441552327     
  0.982893603090947     
  0.981066348203597     
  0.978052811392033     
  0.976334007038497     
  0.975775838079953     
  0.974350444916032     
  0.973792818858989     
  0.973386368453781     
  0.973514773116583     
  0.975197161300312     
  0.974753296767651     
  0.975568174776239     
  0.978508836335417     
  0.979318931750846     
  0.981047641198948     
  0.984267410918854     
  0.987316865311780     
  0.990344437593731     
  0.993915671890946     
  0.997312039167941     
  0.998658227722400     
  0.998977014567644     
  0.999168211724619     
  0.999235639720239     
  0.999233445951284     
  0.999226847926640     
  0.999219955312931     
  0.999211724268199     
  0.999176511160934     
  0.999089126307261     
  0.998998357623675     
  0.998915202775737     
  0.998816648306148     
  0.998458727542187     
  0.997822759913467     
  0.997086360590889     
  0.996242619061997     
  0.995514932473679     
  0.994920832524284     
  0.994532480666615     
  0.994120194944530     
  0.993346222512587     
  0.993380911049951     
  0.993737134963559     
  0.992682472680991     
  0.992562892069690     
  0.993687813481445     
  0.993179614039752     
  0.993083982192004     
  0.993936321996027     
  0.994392922788244     
  0.994597088041902     
  0.995088216822568     
  0.995771116412694     
  0.996470496271399     
  0.997193395455384     
  0.997908021921740     
  0.998270038574778     
  0.998406849812907     
  0.998427635025362     
  0.998340766756666     
  0.998253513788678     
  0.998215351372873     
  0.998163113507418     
  0.998031007492094     
  0.997974158056960     
  0.997995537855120     
  0.997855953999442     
  0.997715112764517     
  0.997727736243451     
  0.997650175109023     
  0.997502861576909     
  0.997407125839119     
  0.997268446286085     
  0.997181829539154     
  0.997187500581787     
  0.997020501736857     
  0.996862388463722     
  0.997089686060737     
  0.997027729236386     
  0.996717667126668     
  0.996989754578133     
  0.997000226991007     
  0.996604130937125     
  0.996669191018305     
  0.996847444487883     
  0.996720613586399     
  0.996632249304046     
  0.996737863331057     
  0.996774576346100     
  0.996729358232870     
  0.996704577936578     
  0.996697298764882     
  0.996646627992109     
  0.996580668311051     
  0.996496702648311     
  0.996350157608059     
  0.996192759019256     
  0.996062255175640     
  0.995555629913889     
  0.992949108553683     
  0.988998665693987     
  0.985250943759460     
  0.981899272710317     
  0.979044435991572     
  0.976219326048966     
  0.972381787425961     
  0.968676764470528     
  0.965197588213750     
  0.960024067374053     
  0.956694020825134     
  0.954534856429397     
  0.950438203224141     
  0.948962288679147     
  0.948629376644378     
  0.946760730287076     
  0.946754555594164     
  0.946210781472649     
  0.944279892569754     
  0.944720979365498     
  0.943175855563912     
  0.939998123188480     
  0.939749265486841     
  0.939849105708453     
  0.938445830859353     
  0.936571269308719     
  0.932914774985200     
  0.933016144545409     
  0.937287240946493     
  0.933716354396028     
  0.928489267372507     
  0.931709878885385     
  0.930083681050416     
  0.922110527243260     
  0.918803192875674     
  0.916997540543540     
  0.913505787492448     
  0.909211344429860     
  0.905131082493200     
  0.902042389069374     
  0.900133838274807     
  0.896731488158750     
  0.891835039469190     
  0.889346454375860     
  0.884376872696555     
  0.876121970162939     
  0.868701219303345     
  0.859513111434174     
  0.846476974791712     
  0.831439015791318     
  0.815655007354375     
  0.800137314446017     
  0.785821393641905     
  0.773066317024397     
  0.762343630801219     
  0.753623360383584     
  0.746311653353042     
  0.741132173641827     
  0.738716519914443     
  0.738737916527781     
  0.740500627545759     
  0.744350144085899     
  0.751016441758212     
  0.760389941902889     
  0.772072442215302     
  0.786579060599674     
  0.803705739716663     
  0.822735273870886     
  0.843372353738201     
  0.864720315667221     
  0.885208879134816     
  0.903224917601258     
  0.918201505317915     
  0.930208715476829     
  0.939671528309827     
  0.947320427376884     
  0.953761152403887     
  0.959258826386794     
  0.963906455127977     
  0.967848501548019     
  0.971181647813142     
  0.974009195861669     
  0.976420957471702     
  0.978525232315698     
  0.980383991289721     
  0.982025436470369     
  0.983500910491591     
  0.984869072041318     
  0.986067133147495     
  0.987131208838423     
  0.988067523286624     
  0.988958537617139     
  0.989753983705964     
  0.990559528393113     
  0.991259196313343     
  0.991848284332272     
  0.992378071796233     
  0.992750494748556     
  0.993010081963861     
  0.993246022589332     
  0.993471639292750     
  0.993690808505602     
  0.993872697456041     
  0.993967414303393     
  0.994095083481920     
  0.994199516603055     
  0.994137307396888     
  0.994243981365447     
  0.994450011793217     
  0.994481512566961     
  0.994665091939306     
  0.994642794001507     
  0.994814985203334     
  0.995230810015830     
  0.994648170707409     
  0.993051182098593     
  0.991532687573528     
  0.989659413483207     
  0.987657495972901     
  0.986489823153402     
  0.986206103124402     
  0.984982774171127     
  0.983195036550336     
  0.982723395293668     
  0.981746824843220     
  0.976344174692195     
  0.969070245459907     
  0.965818862565006     
  0.958322671150822     
  0.951876406166923     
  0.948967381328692     
  0.945300009950427     
  0.941422294199919     
  0.941600575980955     
  0.939814886492487     
  0.939098572603941     
  0.944048128809666     
  0.942164961686126     
  0.944810636129029     
  0.950969616025912     
  0.949685858779647     
  0.952558067922483     
  0.958020238896369     
  0.960863435100599     
  0.965289757248085     
  0.971390736090752     
  0.977632616547916     
  0.984468681791070     
  0.991229780965594     
  0.995870586329449     
  0.998370681574838     
  0.998701765605212     
  0.998766377157844     
  0.998847805633233     
  0.998867624243127     
  0.998885969449824     
  0.998927055235848     
  0.998947802791503     
  0.998967736600696     
  0.998996490554611     
  0.999025305165374     
  0.999049910025324     
  0.999051112526330     
  0.999041360582902     
  0.999067000521977     
  0.999072689803413     
  0.999048472217544     
  0.999077204286102     
  0.999110328401462     
  0.999089182873653     
  0.999086597136475     
  0.999133443116759     
  0.999147695182322     
  0.999133221621205     
  0.999160435926354     
  0.999190124003214     
  0.999167962454527     
  0.998875440021290     
  0.998226005385473     
  0.997564722763674     
  0.996843893300211     
  0.995605903760974     
  0.993996091392332     
  0.992585329178488     
  0.991382512161275     
  0.990198327763897     
  0.989335869094418     
  0.988757027452029     
  0.987915715817224     
  0.987188494730106     
  0.985942741476201     
  0.984012090601137     
  0.982333539130197     
  0.981434879829108     
  0.980860460988650     
  0.980364574262244     
  0.980009636032863     
  0.980233345993895     
  0.981654680576050     
  0.982512946428120     
  0.982559441928085     
  0.984634795041935     
  0.986480314320184     
  0.986586303673094     
  0.988073829573259     
  0.989625840969373     
  0.990033945838727     
  0.990815754465804     
  0.992156614070075     
  0.993528982493328     
  0.994975388853621     
  0.996604293611730     
  0.998315421902328     
  0.999299131467913     
  0.999548658051046     
  0.999584420557206     
  0.999599430548688     
  0.999603676377763     
  0.999586993156417     
  0.999595703092446     
  0.999619979428409     
  0.999605331184667     
  0.999560860073377     
  0.999555166309836     
  0.999548781755885     
  0.999502784684512     
  0.999476783732249     
  0.999456340292123     
  0.999403360941699     
  0.999351551148340     
  0.999337487604938     
  0.999316195656998     
  0.999267980416942     
  0.999251393215658     
  0.999283576676001     
  0.999283579416312     
  0.999227959726464     
  0.999271329907863     
  0.999357303997894     
  0.999307950816391     
  0.999309764845820     
  0.999410177620647     
  0.999442163238898     
  0.999453123817326     
  0.999434530422639     
  0.999327498914426     
  0.999203601171810     
  0.999084912921927     
  0.998972241962196     
  0.998889436201290     
  0.998896615995260     
  0.998876195555437     
  0.998653581758095     
  0.998611598033786     
  0.998862453423237     
  0.998669733070061     
  0.998427692379715     
  0.998728904253235     
  0.998786068188957     
  0.998618480653256     
  0.998740888720299     
  0.998902623902580     
  0.998951884695866     
  0.999020950389858     
  0.999153266508163     
  0.999196586377340     
  0.999056034245630     
  0.998718398368361     
  0.997864661178943     
  0.996874690823325     
  0.996100030046460     
  0.995521954505272     
  0.994658138665719     
  0.993413871132962     
  0.993259353305665     
  0.993991826963653     
  0.992724012959389     
  0.991320193878494     
  0.993119249502005     
  0.993802861265580     
  0.991512819553958     
  0.991182593086140     
  0.991609307543125     
  0.990237775765927     
  0.989458145126029     
  0.989798119127848     
  0.990087810034185     
  0.990051369825329     
  0.990517221908910     
  0.991434819562905     
  0.991302771350202     
  0.991575677156089     
  0.992639196108715     
  0.992123442746489     
  0.991873525290881     
  0.992938736388340     
  0.993191565112717     
  0.993350226913378     
  0.994129696157507     
  0.994787081275669     
  0.995458289057783     
  0.996326378699877     
  0.997344304190577     
  0.998436184343867     
  0.999411967699285     
  0.999706076786008     
  0.999699104500238     
  0.999686689973730     
  0.999726800629675     
  0.999718100593570     
  0.999705429585459     
  0.999729837010886     
  0.999728876307545     
  0.999715787355475     
  0.999722659836205     
  0.999726319308382     
  0.999723511700665     
  0.999711569777001     
  0.999697925585594     
  0.999692360553794     
  0.999683706524890     
  0.999640457928888     
  0.999512981862441     
  0.999389096906471     
  0.999281232044288     
  0.999225049269424     
  0.999139426014141     
  0.998959087648751     
  0.998734055586816     
  0.998799145848288     
  0.998978658629827     
  0.998569391233075     
  0.998339535521064     
  0.999031104022334     
  0.998771308191716     
  0.997935874422873     
  0.998066955409639     
  0.998141588444035     
  0.997708408483577     
  0.997226944992969     
  0.996972538267564     
  0.996870867730727     
  0.996671051499835     
  0.996329511861904     
  0.996463975589866     
  0.996518331205171     
  0.995908957329274     
  0.996049808745254     
  0.996503377896845     
  0.995963852255955     
  0.995983504004316     
  0.996699508168555     
  0.996641437964210     
  0.996684400071509     
  0.997219382715010     
  0.997612605862049     
  0.997920854590669     
  0.998295157257091     
  0.998610895733475     
  0.998847339333632     
  0.998653433435306     
  0.997833699192547     
  0.996720707612064     
  0.995581466446247     
  0.994364825723425     
  0.992928999285034     
  0.991540302628939     
  0.990354535414271     
  0.989383543382554     
  0.988434227532603     
  0.987633015242426     
  0.987300021279358     
  0.987086165187755     
  0.985900080324968     
  0.984247215733872     
  0.983029424955465     
  0.982005493407241     
  0.981075513119374     
  0.980894782294849     
  0.981878055276326     
  0.980952124228874     
  0.981267971398427     
  0.984702421989174     
  0.983592282369989     
  0.982911155850458     
  0.987857757931152     
  0.987327354627315     
  0.984513568147768     
  0.985880096125536     
  0.985120581395604     
  0.982321529680931     
  0.981234124031783     
  0.980210459099999     
  0.978857431252485     
  0.977708155778100     
  0.976733729978200     
  0.976667644299549     
  0.976205032836418     
  0.974191015042468     
  0.972874000974820     
  0.971185099409979     
  0.969396531347790     
  0.968938694463624     
  0.968690014413818     
  0.968605348151181     
  0.969492366756938     
  0.970721670867059     
  0.971509331450243     
  0.972263412965712     
  0.973733854509133     
  0.975814066510680     
  0.977326545799041     
  0.977923839558235     
  0.978704224177751     
  0.980022384993214     
  0.981170396351845     
  0.981500960292539     
  0.981838492423677     
  0.982402390253779     
  0.982944296619090     
  0.983351610743604     
  0.984102153852096     
  0.985169135049162     
  0.985798894141048     
  0.986428852879159     
  0.987158878325472     
  0.987793285787558     
  0.989067959276354     
  0.990551037035126     
  0.991783469112089     
  0.993252755908961     
  0.994499973374030     
  0.994929817311210     
  0.995233993395615     
  0.995872510456036     
  0.996508509524893     
  0.996997285811788     
  0.997530342558805     
  0.998125934013167     
  0.998686973504302     
  0.999183116640567     
  0.999601284388155     
  0.999720156923407     
  0.999728480879557     
  0.999744339650014     
  0.999748508415556     
  0.999743635320702     
  0.999757859367283     
  0.999764847800583     
  0.999753864954174     
  0.999730648846075     
  0.999626753699595     
  0.999497740637231     
  0.999298164218618     
  0.998695511912329     
  0.997998024274642     
  0.997355771278344     
  0.996724826985329     
  0.996269270277613     
  0.995905041639645     
  0.994939754392254     
  0.994091805819306     
  0.994065512582828     
  0.992637577938009     
  0.991972828446917     
  0.992755258920231     
  0.991457022733409     
  0.990954715349437     
  0.991656456114625     
  0.991559355613083     
  0.991338901527406     
  0.991516016850134     
  0.992112168002979     
  0.992598864890737     
  0.992898873963826     
  0.993729382514963     
  0.994630350009885     
  0.995081052690419     
  0.995641164793422     
  0.995964805266156     
  0.996255619594672     
  0.996890960660195     
  0.997373880450968     
  0.998028888048378     
  0.998540535304103     
  0.998496029426189     
  0.998643489730489     
  0.998762260813421     
  0.998722408099149     
  0.998808174471640     
  0.998992300971831     
  0.999153473124064     
  0.999310871532812     
  0.999442064948510     
  0.999478148747639     
  0.999280118707304     
  0.998975518635725     
  0.998723339485049     
  0.998428586708013     
  0.998137895016779     
  0.997887086902572     
  0.997761352300136     
  0.997646695978171     
  0.996978406177589     
  0.996166518021776     
  0.994695423981389     
  0.991426329874167     
  0.987980111854161     
  0.985936795178678     
  0.984209908840567     
  0.981699423213077     
  0.979831857033185     
  0.980289080348209     
  0.978996356631725     
  0.975872037572147     
  0.977406824870365     
  0.976136561502303     
  0.972160924960738     
  0.974374776030126     
  0.975162571036204     
  0.973067852612130     
  0.973886531210294     
  0.975864369014887     
  0.977269975752934     
  0.978492778188110     
  0.980506719041972     
  0.983908836543450     
  0.986515635331882     
  0.988628967064287     
  0.989908614969331     
  0.990464633127661     
  0.990927619052130     
  0.991694324499128     
  0.992613449398347     
  0.993675922598378     
  0.994872788737844     
  0.996197152052210     
  0.997632826435950     
  0.998562416765368     
  0.998761698078619     
  0.998855993649503     
  0.998928721202743     
  0.998922168116769     
  0.998885693739859     
  0.998852058586755     
  0.998724945183723     
  0.998517448401099     
  0.998126168946315     
  0.997360742384102     
  0.996498269903598     
  0.995682413503286     
  0.994871022207846     
  0.994075056864276     
  0.993097941800061     
  0.992187288798100     
  0.991764009768639     
  0.991064629556967     
  0.990142917555223     
  0.990078770851115     
  0.990130133134123     
  0.989442236093700     
  0.989396356863897     
  0.990079345626066     
  0.990062873264774     
  0.990086820536490     
  0.991052264208931     
  0.991478409135314     
  0.991834694533368     
  0.992821676636064     
  0.993471812098077     
  0.994053220111570     
  0.994645690392863     
  0.994882823858286     
  0.994972790945758     
  0.995075270541972     
  0.995176539703986     
  0.995106607708779     
  0.994773561428307     
  0.994672279431578     
  0.994655633636562     
  0.994162653148887     
  0.993800381062025     
  0.993746984554263     
  0.993445144123100     
  0.993050253804974     
  0.992806143636722     
  0.992527582348895     
  0.992109560018251     
  0.991625710734368     
  0.991133157852897     
  0.990629511279409     
  0.990083293115095     
  0.989419242289435     
  0.988667907465155     
  0.987868317927634     
  0.987063849337152     
  0.986213700196675     
  0.985271124833234     
  0.984317798981190     
  0.983380800905260     
  0.982379039058253     
  0.981311777167598     
  0.980251087071798     
  0.979236995687612     
  0.978220557670456     
  0.977222890011574     
  0.976329685001031     
  0.975562458904610     
  0.974887951191448     
  0.974325408760625     
  0.973879759341052     
  0.973516426869271     
  0.973271225491960     
  0.973191135882569     
  0.973290479166648     
  0.973556177862933     
  0.973974710729491     
  0.974544646682508     
  0.975259893571959     
  0.976092433886475     
  0.977002062774449     
  0.977979142955270     
  0.979034983049129     
  0.980129496105897     
  0.981230715741887     
  0.982321257309977     
  0.983374461997573     
  0.984323599128491     
  0.985117597156501     
  0.985852025485054     
  0.986524210958270     
  0.987128650771017     
  0.987752903857091     
  0.988357259339777     
  0.988824185501044     
  0.989295043348718     
  0.989909796811105     
  0.990372738479675     
  0.990605882353776     
  0.990937235329991     
  0.991122839421074     
  0.991006001426528     
  0.991117730964497     
  0.991361813292441     
  0.991419195288034     
  0.991624382401748     
  0.991958665474972     
  0.992124266001778     
  0.992279541179956     
  0.992757749865792     
  0.993093979479270     
  0.993191564550031     
  0.993551026795045     
  0.993858581721408     
  0.994013248401662     
  0.994369845197861     
  0.994747464235904     
  0.995073217875257     
  0.995524790306843     
  0.995977340168885     
  0.996405077456025     
  0.996922023920383     
  0.997385650345900     
  0.997601749432495     
  0.997729755759087     
  0.997860217477007     
  0.997988832073957     
  0.998110842711649     
  0.998222896553529     
  0.998327910056508     
  0.998425217627824     
  0.998492567037033     
  0.998534674654816     
  0.998562367251713     
  0.998600484378414     
  0.998671255664789     
  0.998698522855773     
  0.998690180666510     
  0.998757789815058     
  0.998817627989244     
  0.998812188641965     
  0.998822157725858     
  0.998862631153838     
  0.998873835823952     
  0.998866230766439     
  0.998856638861940     
  0.998778883705067     
  0.997839066138521     
  0.992752062085181     
  0.984445826408855     
  0.976631287794543     
  0.969791478649845     
  0.964275489977368     
  0.959066289273313     
  0.952909363253472     
  0.947906206403093     
  0.946971057090744     
  0.944216528078824     
  0.940909168914016     
  0.939789049330772     
  0.942573223503584     
  0.945022476399710     
  0.943162381183039     
  0.946509858577147     
  0.951887181957140     
  0.953940591112644     
  0.958290335884255     
  0.965148906080297     
  0.972497175362056     
  0.979934223519865     
  0.988024392597424     
  0.994797415548303     
  0.997644988887385     
  0.998109696197993     
  0.998353916770484     
  0.998628811198037     
  0.998890399382929     
  0.999028878534691     
  0.999098951254779     
  0.999170429951578     
  0.999256644652423     
  0.999324138442835     
  0.999395299341618     
  0.999459197690580     
  0.999465319216184     
  0.999400055383562     
  0.999347891128427     
  0.999289898250410     
  0.999104752246714     
  0.998859081446447     
  0.998647491427525     
  0.998420105959578     
  0.998213223525728     
  0.998110339961397     
  0.997988692515361     
  0.997851503238387     
  0.997807885942767     
  0.997663848564045     
  0.997566130230872     
  0.997550744807210     
  0.997310086859163     
  0.997277599217780     
  0.997426049663909     
  0.997432268703188     
  0.997478130410933     
  0.997590724306115     
  0.997826647477505     
  0.998125509512613     
  0.998192787029175     
  0.998324405046416     
  0.998689033307867     
  0.998850049039338     
  0.998823659563709     
  0.998908647445167     
  0.999002161939754     
  0.999038067627135     
  0.999103182033313     
