  0.998742258925881     
  0.999009695827070     
  0.998970152168164     
  0.998914785662482     
  0.998896722447397     
  0.998754606298370     
  0.998170905725190     
  0.996008819157389     
  0.992783324784009     
  0.989038757029133     
  0.985225214381268     
  0.983049879780069     
  0.980977175869172     
  0.977920253160219     
  0.976067145306647     
  0.975494472398186     
  0.974212695384587     
  0.973424464105562     
  0.972887207396292     
  0.973322460891792     
  0.974769290312841     
  0.974436324284554     
  0.975368433740779     
  0.978262472001516     
  0.979368571472675     
  0.981022795629431     
  0.984186736009845     
  0.987476931152744     
  0.990766348471138     
  0.994474725741211     
  0.997669470205614     
  0.998722131821085     
  0.999016927541930     
  0.999193553408220     
  0.999236360261059     
  0.999234614803161     
  0.999228041979699     
  0.999220714194397     
  0.999213199964022     
  0.999186775837314     
  0.999102349163032     
  0.999008441447837     
  0.998922422017699     
  0.998832453100466     
  0.998546007923172     
  0.997903640132951     
  0.997145974425607     
  0.996292080064071     
  0.995551289533172     
  0.994975185056156     
  0.994535723487681     
  0.993983784351224     
  0.993319927223334     
  0.993414578123601     
  0.993607342534198     
  0.992612936103463     
  0.992523946990106     
  0.993573331432430     
  0.993196958431259     
  0.993036064318545     
  0.993811465044348     
  0.994390368806547     
  0.994669927647741     
  0.995122044674929     
  0.995782878945114     
  0.996514880069063     
  0.997286390570488     
  0.998013806128401     
  0.998323136251558     
  0.998444083640325     
  0.998437185036509     
  0.998342981917133     
  0.998260507037041     
  0.998218931980866     
  0.998153036055703     
  0.998026576576237     
  0.997981445709253     
  0.997991067778416     
  0.997855964873779     
  0.997718840327072     
  0.997722308955371     
  0.997664027155210     
  0.997527570819594     
  0.997396519256063     
  0.997251596951926     
  0.997176451894990     
  0.997164372881144     
  0.997006839931665     
  0.996891441556322     
  0.997080081815041     
  0.996996173397248     
  0.996724785307713     
  0.996966464197216     
  0.996969265110509     
  0.996612083501316     
  0.996648977224470     
  0.996832738519469     
  0.996745603284173     
  0.996637099225113     
  0.996715587787879     
  0.996771097101598     
  0.996750104898877     
  0.996727434043438     
  0.996709471064968     
  0.996658782149211     
  0.996592745609799     
  0.996502858686711     
  0.996357037659298     
  0.996202019969383     
  0.996072837486737     
  0.995715244174697     
  0.993501845388717     
  0.989523218353747     
  0.985642171171940     
  0.982169394704332     
  0.979131309807449     
  0.976204022986753     
  0.972658635004284     
  0.968864572485658     
  0.965103972187046     
  0.960191190320750     
  0.956667278708631     
  0.954133611683991     
  0.950303619482629     
  0.948598571379323     
  0.948056088322341     
  0.946647845569560     
  0.946568758130293     
  0.945927990688904     
  0.944636306126358     
  0.945102177037584     
  0.943715742968964     
  0.940694111634208     
  0.940353223475668     
  0.940344508033878     
  0.938695004962977     
  0.936074911199561     
  0.932644454660817     
  0.933450411810966     
  0.937287337923251     
  0.933532159218679     
  0.928616600042469     
  0.931511695322540     
  0.930296809910583     
  0.922703042788580     
  0.918632264780414     
  0.916816764430525     
  0.914136013248457     
  0.909867282810823     
  0.905654913133550     
  0.902652257797156     
  0.900670300651427     
  0.897022397304256     
  0.892081699233567     
  0.889079459702441     
  0.884080345092391     
  0.876205023459669     
  0.868849887155443     
  0.860045863785295     
  0.847542097133609     
  0.832623747855662     
  0.816728721941683     
  0.800959104123337     
  0.786242025031297     
  0.773117190635357     
  0.761983479004723     
  0.752668411366664     
  0.745001988545483     
  0.739543918557692     
  0.736864299636160     
  0.736727428226547     
  0.738393900999413     
  0.742216387438298     
  0.749032115681516     
  0.758658337672799     
  0.770790395567724     
  0.785820328165417     
  0.803470541270674     
  0.823127157189034     
  0.844322479061154     
  0.866062881639159     
  0.886635415284166     
  0.904513806455221     
  0.919234006348846     
  0.930982611044583     
  0.940250337661241     
  0.947787483809152     
  0.954153383897527     
  0.959589420696057     
  0.964193365089492     
  0.968087135296553     
  0.971373290949133     
  0.974159120359857     
  0.976544428066408     
  0.978627896254684     
  0.980467739126062     
  0.982097683883607     
  0.983571738788433     
  0.984930929867630     
  0.986120878302277     
  0.987188614694949     
  0.988115682195307     
  0.989006442339082     
  0.989800048313460     
  0.990593459656444     
  0.991292982540202     
  0.991883849574444     
  0.992416901564571     
  0.992799070097256     
  0.993055299055431     
  0.993283385442304     
  0.993498523624550     
  0.993706032197652     
  0.993880214257464     
  0.994003673808979     
  0.994118417543394     
  0.994184934970429     
  0.994127127822855     
  0.994243456424998     
  0.994456113071241     
  0.994518541680232     
  0.994611249430525     
  0.994624719884047     
  0.994861627378357     
  0.995215198444737     
  0.994773196749332     
  0.993375097092386     
  0.991764961788175     
  0.989854387673442     
  0.987839432215008     
  0.986676789868336     
  0.986221325759061     
  0.984760733514327     
  0.983003993966749     
  0.982774204734971     
  0.982061198534569     
  0.976782574502577     
  0.969708399928977     
  0.966080312407573     
  0.958481747423250     
  0.951806091833486     
  0.948645163132578     
  0.945038815001524     
  0.941351151180244     
  0.940762550876504     
  0.939084107614087     
  0.938910029391561     
  0.943120540966549     
  0.941882088715699     
  0.944560694780156     
  0.950003354842439     
  0.949373818731271     
  0.952107952222794     
  0.957523943759607     
  0.961127659804644     
  0.965567996666330     
  0.971756296666980     
  0.978455837130353     
  0.985615230854847     
  0.992122574782563     
  0.996429701406305     
  0.998517565676208     
  0.998709199795351     
  0.998771654155613     
  0.998849448353530     
  0.998870933372723     
  0.998888613890404     
  0.998926780967035     
  0.998951096346061     
  0.998971030172810     
  0.998999324529728     
  0.999030249993203     
  0.999054167620214     
  0.999052526736297     
  0.999044599815933     
  0.999067226636849     
  0.999070392084395     
  0.999050582146421     
  0.999077546358359     
  0.999107405985429     
  0.999089346102195     
  0.999087509927974     
  0.999131606069019     
  0.999147376375607     
  0.999135847706344     
  0.999160054597091     
  0.999190792983146     
  0.999183375131226     
  0.998958861432492     
  0.998325348106287     
  0.997633258899976     
  0.996931929456483     
  0.995766721503622     
  0.994154806666180     
  0.992696748851624     
  0.991426278148948     
  0.990209700509977     
  0.989295535875310     
  0.988627975669985     
  0.987826366755343     
  0.987244299269006     
  0.986047790823682     
  0.984086697804985     
  0.982339771652521     
  0.981396984091923     
  0.980806028865337     
  0.980241348111659     
  0.979858794685777     
  0.980219781277554     
  0.981611536595057     
  0.982420551472883     
  0.982639159742064     
  0.984575659139442     
  0.986396313879482     
  0.986725818530401     
  0.987990495962310     
  0.989451765863648     
  0.990042522227665     
  0.990828629767824     
  0.992141085355673     
  0.993594694817390     
  0.995131731548509     
  0.996837601629657     
  0.998543758884921     
  0.999365924723572     
  0.999563398060096     
  0.999586714498807     
  0.999599969528249     
  0.999601706068611     
  0.999586786271249     
  0.999597544672964     
  0.999619805019829     
  0.999606511853788     
  0.999565336359894     
  0.999557757090210     
  0.999549800071129     
  0.999506442447858     
  0.999478771686344     
  0.999457928606493     
  0.999405750972429     
  0.999354157117438     
  0.999332988309447     
  0.999305025010703     
  0.999259476392647     
  0.999249180401606     
  0.999280600653876     
  0.999271334577231     
  0.999220337529641     
  0.999267860119923     
  0.999348163177121     
  0.999307143876049     
  0.999306142336989     
  0.999401358899269     
  0.999446988939762     
  0.999462727544319     
  0.999456548660423     
  0.999346661205040     
  0.999218144896879     
  0.999093627834393     
  0.998981309347052     
  0.998913094513864     
  0.998908741609370     
  0.998845701215096     
  0.998634900500397     
  0.998627785769522     
  0.998840187730940     
  0.998653054515391     
  0.998432439606708     
  0.998695961132901     
  0.998782678041043     
  0.998634888562600     
  0.998716429938563     
  0.998880253590668     
  0.998960594736803     
  0.999039778594322     
  0.999172378204557     
  0.999247065920430     
  0.999133361906515     
  0.998829391556559     
  0.998003947826575     
  0.996972325048606     
  0.996137134197965     
  0.995427164058155     
  0.994460360762527     
  0.993401879245251     
  0.993433154549798     
  0.993917590129957     
  0.992506839097739     
  0.991292746318257     
  0.993057008063809     
  0.993742976416275     
  0.991640907018084     
  0.991140903756131     
  0.991618827597310     
  0.990504668979215     
  0.989498927631295     
  0.989629238569659     
  0.989970200940069     
  0.990143344396913     
  0.990677009606782     
  0.991395645321059     
  0.991280359301663     
  0.991574679166090     
  0.992473674508048     
  0.992071983883956     
  0.991844251114063     
  0.992779990630629     
  0.993180034922921     
  0.993335371387102     
  0.994062249453643     
  0.994790159762198     
  0.995512693163333     
  0.996412286008180     
  0.997470794239112     
  0.998610269045294     
  0.999507540920423     
  0.999708079726271     
  0.999698974334094     
  0.999687548953541     
  0.999722548813938     
  0.999718195507297     
  0.999706358442716     
  0.999726555637645     
  0.999728899669886     
  0.999718522185677     
  0.999724158520652     
  0.999728214776389     
  0.999725984842287     
  0.999714237706681     
  0.999701969327013     
  0.999695781165058     
  0.999682111698362     
  0.999644049806451     
  0.999524790918886     
  0.999404807582865     
  0.999311467116362     
  0.999235052356392     
  0.999105388501870     
  0.998903814085810     
  0.998730627328779     
  0.998850486072337     
  0.998937995064949     
  0.998510424532855     
  0.998358887491010     
  0.999012700291505     
  0.998801694298172     
  0.997985303595741     
  0.998013708553509     
  0.998123155417458     
  0.997790693844634     
  0.997275604733268     
  0.996976593506462     
  0.996851380220026     
  0.996640162036492     
  0.996366159349551     
  0.996468291296875     
  0.996429817626404     
  0.995911879619472     
  0.996050405834705     
  0.996410609615038     
  0.995954329742846     
  0.995972558685415     
  0.996628482609821     
  0.996652017566840     
  0.996681519312475     
  0.997183748426204     
  0.997642202904111     
  0.997986595933444     
  0.998327256460253     
  0.998620947890594     
  0.998893010971219     
  0.998819173003688     
  0.998054680896867     
  0.996864816608754     
  0.995671154866324     
  0.994444665434763     
  0.992978118898244     
  0.991525771249284     
  0.990284389603644     
  0.989236970421746     
  0.988229757290548     
  0.987414968195834     
  0.987058459213999     
  0.986842158166718     
  0.985910957988306     
  0.984205196143267     
  0.982931693983082     
  0.981887964135942     
  0.981023826219529     
  0.980982820722573     
  0.981685747378833     
  0.980702853174510     
  0.981562520326421     
  0.984584699600240     
  0.983436061659362     
  0.983095274446151     
  0.987560309020634     
  0.987338179780073     
  0.984849825045392     
  0.985770282631047     
  0.985283971930860     
  0.982670804228913     
  0.981337547700817     
  0.980310717837292     
  0.979049276351322     
  0.977884350445976     
  0.976962374210163     
  0.976832395638408     
  0.976038924505256     
  0.974005292699874     
  0.972593509108483     
  0.970869684941104     
  0.969119321284249     
  0.968553563831664     
  0.968260342561590     
  0.968203686203730     
  0.969130771382710     
  0.970526713014355     
  0.971552646962663     
  0.972396388716507     
  0.973944651919785     
  0.976057763561981     
  0.977376505860135     
  0.977883548506940     
  0.978698130445762     
  0.980063494714705     
  0.981121226044140     
  0.981360202991339     
  0.981725381840388     
  0.982379698870961     
  0.982925710800001     
  0.983319191099585     
  0.984066494132495     
  0.985111931199570     
  0.985732832514849     
  0.986317059917824     
  0.987002221769278     
  0.987724513950853     
  0.989062956170567     
  0.990595068281417     
  0.991894214758333     
  0.993323144003653     
  0.994448672547606     
  0.994893962000440     
  0.995223967322566     
  0.995840283988818     
  0.996489539652657     
  0.997008480387656     
  0.997569244316595     
  0.998186482714665     
  0.998746330139481     
  0.999254126872279     
  0.999638413894479     
  0.999722318948431     
  0.999730103857120     
  0.999743449263855     
  0.999747093123074     
  0.999743658969939     
  0.999756870197924     
  0.999763934712977     
  0.999754816004592     
  0.999739515798241     
  0.999644872497003     
  0.999513970288533     
  0.999347630699737     
  0.998806826836521     
  0.998079280238547     
  0.997394256035844     
  0.996741501949832     
  0.996252772723075     
  0.995819862542233     
  0.994980655101071     
  0.994233816578141     
  0.993996192758752     
  0.992592707914818     
  0.992003759744085     
  0.992606196824404     
  0.991422255755532     
  0.990850311454879     
  0.991471027058335     
  0.991520283987114     
  0.991268773584611     
  0.991395680571395     
  0.991998710389258     
  0.992559966688215     
  0.992948410006844     
  0.993755987719593     
  0.994647757908642     
  0.995092225584716     
  0.995601774890788     
  0.995965379799101     
  0.996284019647159     
  0.996898036087000     
  0.997456271033259     
  0.998128379063803     
  0.998546382575573     
  0.998492728659940     
  0.998638830871690     
  0.998778918161590     
  0.998755791931601     
  0.998806611613047     
  0.998970902580508     
  0.999149008659733     
  0.999327191884073     
  0.999456710059005     
  0.999510889527496     
  0.999327989738413     
  0.999010825411969     
  0.998729594901727     
  0.998415649223907     
  0.998128899775869     
  0.997918125000897     
  0.997795714136371     
  0.997597020481286     
  0.996987244107738     
  0.996291733364011     
  0.995062625104177     
  0.991708642668914     
  0.988240995374801     
  0.986065948901252     
  0.984185693067303     
  0.981672775726643     
  0.979873737196633     
  0.979966083854154     
  0.978490155604456     
  0.976033454901611     
  0.977362333925849     
  0.975879371321841     
  0.972339199527401     
  0.973996684449198     
  0.974903606661302     
  0.973095297935345     
  0.973649092656341     
  0.975657275169687     
  0.977276773854227     
  0.978558293362341     
  0.980651833143313     
  0.984047793312975     
  0.986804681306940     
  0.988788525433259     
  0.989744713653313     
  0.990364737679581     
  0.990893741455154     
  0.991662705464142     
  0.992616971301360     
  0.993742179740258     
  0.995000205104646     
  0.996389265590208     
  0.997833770585969     
  0.998614797202380     
  0.998771047557857     
  0.998868274593927     
  0.998933138475662     
  0.998916360398183     
  0.998882326966598     
  0.998850352610085     
  0.998735219929145     
  0.998537827442590     
  0.998200717532822     
  0.997452805213552     
  0.996557056692514     
  0.995733281149092     
  0.994931152436139     
  0.994068661410869     
  0.993060416719814     
  0.992178512275122     
  0.991706372471654     
  0.990946283665803     
  0.990052405159369     
  0.989942839767448     
  0.989935290749607     
  0.989322572437943     
  0.989274326007829     
  0.989893171874876     
  0.989950339452360     
  0.990035694155687     
  0.990956232293093     
  0.991458445176945     
  0.991857848632336     
  0.992861762312373     
  0.993572935429592     
  0.994174096008211     
  0.994670837756780     
  0.994873038547857     
  0.994994735485836     
  0.995116979739085     
  0.995184925640417     
  0.995080693165624     
  0.994759632406946     
  0.994658876524088     
  0.994609266749074     
  0.994142344786883     
  0.993769959050965     
  0.993688903060617     
  0.993422892195634     
  0.993036349240699     
  0.992763173556345     
  0.992492990918709     
  0.992101920567812     
  0.991625445311901     
  0.991130187801750     
  0.990624942659372     
  0.990061183128295     
  0.989378313875810     
  0.988619786252290     
  0.987819240221256     
  0.987008542187141     
  0.986144579373538     
  0.985195438231653     
  0.984237167092503     
  0.983294454820105     
  0.982284916697085     
  0.981207938720879     
  0.980137238425108     
  0.979113817731278     
  0.978086241659763     
  0.977074933076082     
  0.976161626123850     
  0.975379252146278     
  0.974695878123923     
  0.974123217372482     
  0.973650236092123     
  0.973264448389981     
  0.973011975337531     
  0.972930688251505     
  0.973032086589378     
  0.973302592315885     
  0.973731710093634     
  0.974316803348923     
  0.975049107379282     
  0.975902153522169     
  0.976832144011149     
  0.977828469687935     
  0.978905499253696     
  0.980018603276923     
  0.981133280221596     
  0.982233422866820     
  0.983296271576554     
  0.984272288034230     
  0.985086656191240     
  0.985820917246287     
  0.986485062334648     
  0.987090167399436     
  0.987709467594872     
  0.988298529413386     
  0.988768759872715     
  0.989253962124978     
  0.989847275073490     
  0.990296191541637     
  0.990575582195667     
  0.990931708553542     
  0.991101387573243     
  0.991001727560646     
  0.991086143367926     
  0.991309623734214     
  0.991390183817765     
  0.991585238088424     
  0.991896500605892     
  0.992070343026718     
  0.992259746371304     
  0.992724402920839     
  0.993046861604310     
  0.993145775829964     
  0.993472675071093     
  0.993788481319372     
  0.993979894340797     
  0.994318285108876     
  0.994697489638624     
  0.995052563014179     
  0.995515880133537     
  0.995983373960995     
  0.996430811684596     
  0.996955523416267     
  0.997401390372835     
  0.997594282296181     
  0.997718606110178     
  0.997849254020410     
  0.997983468941286     
  0.998110421970864     
  0.998225641282987     
  0.998332664123252     
  0.998424560912145     
  0.998487904397780     
  0.998525402145830     
  0.998551379118890     
  0.998596183985745     
  0.998665559006056     
  0.998689645359246     
  0.998684076058493     
  0.998749552420426     
  0.998810549470710     
  0.998811642574003     
  0.998817401685294     
  0.998855964052392     
  0.998872262601281     
  0.998868835530648     
  0.998859517846322     
  0.998805894627852     
  0.998188240001337     
  0.993910292678192     
  0.985655210908317     
  0.977508581284723     
  0.970542188111517     
  0.964639607529895     
  0.958632157542381     
  0.952180439004240     
  0.947515895820635     
  0.946506932348277     
  0.943567865161400     
  0.939780890759281     
  0.938813806071640     
  0.941919629574328     
  0.944287458072618     
  0.942461583227814     
  0.945723474414122     
  0.951413945689905     
  0.954194223764826     
  0.958347117920795     
  0.965035788900242     
  0.972721719419377     
  0.980706214322960     
  0.989125549409242     
  0.995582086359873     
  0.997731098115156     
  0.998121805988338     
  0.998383720894886     
  0.998659267669363     
  0.998893399279296     
  0.999027737969104     
  0.999097753525518     
  0.999172578903408     
  0.999258100798864     
  0.999327868643678     
  0.999396962880934     
  0.999455169926434     
  0.999468334491628     
  0.999408634889657     
  0.999352067038063     
  0.999300827997610     
  0.999144196246454     
  0.998896103967291     
  0.998661209187664     
  0.998419592022104     
  0.998213881677883     
  0.998109067339201     
  0.997985979134585     
  0.997842625953625     
  0.997769872996398     
  0.997664116815584     
  0.997580754462646     
  0.997529096081292     
  0.997300814625588     
  0.997263870828488     
  0.997409461877672     
  0.997438290796251     
  0.997466524325026     
  0.997578044270814     
  0.997837760561610     
  0.998132858031588     
  0.998209336965314     
  0.998354166931174     
  0.998705782770526     
  0.998860304841686     
  0.998828525449902     
  0.998897303249673     
  0.998989889536159     
  0.999038886815727     
  0.999112112547402     
