  0.999362022347873     
  0.999404478567471     
  0.999338484149665     
  0.999108912944417     
  0.998880447861684     
  0.998654195103919     
  0.998454920653125     
  0.998265855920533     
  0.998047731144535     
  0.996549914378833     
  0.991673485110032     
  0.986110725448153     
  0.981287796415855     
  0.977032883760160     
  0.973419089979538     
  0.970510553339911     
  0.968357486954680     
  0.967012630978563     
  0.966625015903215     
  0.967168727384371     
  0.968213969383767     
  0.969713683227137     
  0.971920774609136     
  0.974873565003619     
  0.978735684799249     
  0.983503737335750     
  0.989092754871716     
  0.994952717214114     
  0.998032352185909     
  0.998706247544307     
  0.999066858098040     
  0.999249400297541     
  0.999255119308671     
  0.999253659187204     
  0.999248593128615     
  0.999243034518597     
  0.999237646318266     
  0.999232799773525     
  0.999228622217034     
  0.999224963098033     
  0.999219575549620     
  0.999203098540763     
  0.999115485450484     
  0.998965570519055     
  0.998823513835917     
  0.998696158811301     
  0.998507709262223     
  0.997739146789636     
  0.996636222607638     
  0.995493026847107     
  0.994417391895137     
  0.993564294527650     
  0.992832451275801     
  0.992278540269611     
  0.991884004280078     
  0.991675215593443     
  0.991688321247924     
  0.991910541497104     
  0.992261084920626     
  0.992697276684346     
  0.993246166632753     
  0.993911402383426     
  0.994797108542718     
  0.995905338856680     
  0.997167722688790     
  0.998105764364284     
  0.998521087317882     
  0.998743612264734     
  0.998757973258726     
  0.998721992119639     
  0.998612531022535     
  0.998459492969842     
  0.998319460369466     
  0.998196883025239     
  0.998091497129225     
  0.998001394367191     
  0.997928145375586     
  0.997870467164264     
  0.997821989405012     
  0.997760267967818     
  0.997689575081383     
  0.997630198510488     
  0.997587825149746     
  0.997537223992363     
  0.997468611118345     
  0.997333211159566     
  0.997206333986632     
  0.997101379834563     
  0.996955387870824     
  0.996806509978301     
  0.996705478471005     
  0.996633806802573     
  0.996573381323179     
  0.996537044738170     
  0.996527561549534     
  0.996543715575287     
  0.996613249398704     
  0.996697038520322     
  0.996770637901456     
  0.996833725679999     
  0.996898963316533     
  0.996942076482375     
  0.996953670619881     
  0.996880383107977     
  0.996776195219510     
  0.996667672599420     
  0.996557488583769     
  0.996441305480749     
  0.996312698964816     
  0.996169242451646     
  0.996014304900204     
  0.995842918664844     
  0.995619913689805     
  0.994235545366421     
  0.989037161765043     
  0.982735819945759     
  0.977189978789208     
  0.972632364631788     
  0.968969035592023     
  0.965695104432435     
  0.960881157030934     
  0.955594679079702     
  0.951096684508875     
  0.946737814569265     
  0.943179367837274     
  0.941009291554831     
  0.940312681702585     
  0.941155972128367     
  0.943549065659893     
  0.947127960255454     
  0.950715417211937     
  0.953918113799012     
  0.952685675646287     
  0.948867775882912     
  0.943501393501433     
  0.939321040607544     
  0.937131783442551     
  0.936459037715635     
  0.934827458997775     
  0.932472229978802     
  0.930595970487645     
  0.928349487207120     
  0.926406143646567     
  0.925384809739740     
  0.924837594745970     
  0.923820781904596     
  0.922241434736523     
  0.921080283049490     
  0.918908900285140     
  0.916640376103319     
  0.913180148863618     
  0.907839591658464     
  0.899743178294024     
  0.891371662704988     
  0.883873568367710     
  0.877380407415419     
  0.871799914367706     
  0.866769980834789     
  0.862035569350415     
  0.856697747556846     
  0.849217185911899     
  0.838026205346103     
  0.822721452946427     
  0.803606043083990     
  0.781945303186263     
  0.760875483184628     
  0.742039225189060     
  0.726225773320050     
  0.713736239967652     
  0.705042918066233     
  0.700837865864919     
  0.701209163838768     
  0.706285922892727     
  0.717041332362538     
  0.733290968989367     
  0.754642295543400     
  0.780256894975407     
  0.808723262029744     
  0.837764800933519     
  0.864450492542739     
  0.886944992449317     
  0.904925010843954     
  0.918987313309020     
  0.930140571884168     
  0.939298376295944     
  0.947016922683912     
  0.953542485835406     
  0.959050388331946     
  0.963669767028404     
  0.967523743497025     
  0.970747199495387     
  0.973480960747535     
  0.975859465635497     
  0.977940375618730     
  0.979786912535639     
  0.981456606814242     
  0.982988767284139     
  0.984392458022024     
  0.985675277584443     
  0.986843437734788     
  0.987904918557030     
  0.988730995796154     
  0.989593465157086     
  0.990372823528577     
  0.991077276748367     
  0.991706696247549     
  0.992272271864902     
  0.992784653904196     
  0.993249344063578     
  0.993656191323696     
  0.993961397655055     
  0.994051864328319     
  0.994087821122099     
  0.994122402819860     
  0.994174870032714     
  0.994248763978801     
  0.994338350188781     
  0.994325689596573     
  0.994306651861157     
  0.994331147846443     
  0.994387296366408     
  0.994439344242592     
  0.994533572181061     
  0.994671816687615     
  0.994834132027012     
  0.995035733830677     
  0.995332138629862     
  0.995642413083354     
  0.994929917381117     
  0.992142404486082     
  0.988918255843079     
  0.986277291595011     
  0.983796543210626     
  0.981785548391298     
  0.980202725034860     
  0.978929401165041     
  0.978007155576103     
  0.977415842593934     
  0.975459699287176     
  0.969265906742084     
  0.959893680384471     
  0.950146997093038     
  0.942459803093580     
  0.936863158039718     
  0.933390489381291     
  0.931851611654568     
  0.931882603690730     
  0.931965279204753     
  0.931837372309630     
  0.933247389348467     
  0.936207507675055     
  0.940546027332607     
  0.946398553918660     
  0.953860116131463     
  0.963051026632435     
  0.973877782522273     
  0.985107797955169     
  0.992970524216749     
  0.997574568582005     
  0.998558334524420     
  0.998650244751584     
  0.998723835027007     
  0.998784561097127     
  0.998821969125534     
  0.998856597749291     
  0.998888792535533     
  0.998919828290850     
  0.998953745299376     
  0.998991383400476     
  0.999023216659142     
  0.999047880480013     
  0.999060905147936     
  0.999068247678581     
  0.999077496779290     
  0.999085719536730     
  0.999077698907853     
  0.999064792422935     
  0.999059405627859     
  0.999061586897228     
  0.999071212376114     
  0.999084208005938     
  0.999099279267290     
  0.999117473049615     
  0.999132553969684     
  0.999147252653592     
  0.999165788475432     
  0.999188530750196     
  0.999210077511059     
  0.999226147081303     
  0.999239721348811     
  0.999162321995543     
  0.998487342642302     
  0.997380023724225     
  0.996327899072127     
  0.995084130348453     
  0.993002589497384     
  0.990702703999060     
  0.988774224462856     
  0.987268793377802     
  0.986156266340545     
  0.985413965299170     
  0.984988235521685     
  0.984830945592391     
  0.984039179079399     
  0.982228515159312     
  0.980606291985987     
  0.979641098825602     
  0.979461137886803     
  0.979947495091879     
  0.980520947581216     
  0.981282703470788     
  0.982615705015169     
  0.984100745629941     
  0.984901805267070     
  0.985483966471721     
  0.986384753962987     
  0.987674634122904     
  0.989372597313014     
  0.991482997647614     
  0.993989545311699     
  0.996799865045863     
  0.998859796430319     
  0.999467487067811     
  0.999591791378042     
  0.999602345914795     
  0.999608796690901     
  0.999611161090332     
  0.999604119249408     
  0.999597688961716     
  0.999594496679779     
  0.999593848470488     
  0.999596707149473     
  0.999601222918637     
  0.999606953437418     
  0.999611669427253     
  0.999596839696489     
  0.999554985080065     
  0.999511877591993     
  0.999474819194299     
  0.999442494167676     
  0.999402233054883     
  0.999328139328831     
  0.999257540047826     
  0.999203577180640     
  0.999166714358836     
  0.999141032518494     
  0.999131246481696     
  0.999140581179946     
  0.999167927686349     
  0.999206617097212     
  0.999255668489952     
  0.999315058927468     
  0.999386734266184     
  0.999454025740550     
  0.999502138695163     
  0.999549653108621     
  0.999602368770165     
  0.999644667840611     
  0.999518359346079     
  0.999262701700335     
  0.999022886469690     
  0.998828355655416     
  0.998682428466110     
  0.998576283257641     
  0.998498429274342     
  0.998437247463202     
  0.998390703314965     
  0.998379424570419     
  0.998410639054060     
  0.998474752339318     
  0.998561056049203     
  0.998675094134830     
  0.998825413350741     
  0.999024406768528     
  0.999265784475467     
  0.999526878831731     
  0.999648931622539     
  0.999651148004497     
  0.999637489906368     
  0.999401466785648     
  0.998863229681075     
  0.997875772142973     
  0.996311645869554     
  0.994893291267832     
  0.993746327659469     
  0.992811397657120     
  0.992088349935895     
  0.991569800899119     
  0.991343447466687     
  0.991354891245815     
  0.991443354441906     
  0.991457525702484     
  0.991591607097694     
  0.992033272177495     
  0.992255725352696     
  0.991699023768696     
  0.991338521757702     
  0.991249260966616     
  0.991273941384142     
  0.991233486830507     
  0.990756955259374     
  0.990310150432050     
  0.990098278200461     
  0.990107009252898     
  0.990357670563285     
  0.990716946364803     
  0.991274372045804     
  0.992034532966773     
  0.992993326550748     
  0.994183222455353     
  0.995613017203637     
  0.997277441566913     
  0.998947581070822     
  0.999644428923988     
  0.999682795162369     
  0.999688841293018     
  0.999688626633164     
  0.999682942946076     
  0.999679030341868     
  0.999681344782126     
  0.999688731927075     
  0.999698595972235     
  0.999709882323748     
  0.999723518494570     
  0.999741478035468     
  0.999759426556371     
  0.999765662688940     
  0.999762935689589     
  0.999752031252697     
  0.999739850078769     
  0.999721812115182     
  0.999687637429886     
  0.999659983051772     
  0.999635500824835     
  0.999612384026077     
  0.999537771902007     
  0.999316737189629     
  0.999116045619038     
  0.998922101590266     
  0.998745125498741     
  0.998581347376628     
  0.998444166703248     
  0.998381591567067     
  0.998414807702736     
  0.998452695793795     
  0.998485889769487     
  0.998533971811811     
  0.998512699181606     
  0.998257714052368     
  0.997985871629913     
  0.997802941112372     
  0.997695977563310     
  0.997442567618460     
  0.997000862305396     
  0.996491174899261     
  0.996096632433722     
  0.995818103451395     
  0.995620116879027     
  0.995469438894587     
  0.995395741426701     
  0.995435287015223     
  0.995616512264042     
  0.995939743380169     
  0.996380110605726     
  0.996922313505817     
  0.997506316024462     
  0.997904453068708     
  0.998266368369270     
  0.998707499947609     
  0.999202344862939     
  0.999528269654299     
  0.999585851601923     
  0.999618703784842     
  0.999479046411282     
  0.998442998776540     
  0.996436853907794     
  0.994299814893373     
  0.992270724945239     
  0.990052472465902     
  0.987645654016003     
  0.985559206507082     
  0.983941908377171     
  0.982809817019606     
  0.982192300259060     
  0.982136573435878     
  0.982608196186325     
  0.983381649861312     
  0.982724763739680     
  0.981571001913431     
  0.981080989292884     
  0.981255095213616     
  0.981891809925041     
  0.982452122006621     
  0.982466716153387     
  0.982457816203814     
  0.983015729750330     
  0.983961770317508     
  0.984688315600384     
  0.985172919395890     
  0.985967604443711     
  0.987092233400387     
  0.987105765413236     
  0.985731718209320     
  0.984903727651014     
  0.984848596709051     
  0.984209639155382     
  0.980574799621366     
  0.976600290707347     
  0.973156051463107     
  0.970101056218351     
  0.967329636337643     
  0.965315590594726     
  0.964038606499415     
  0.962976901687085     
  0.962345862069181     
  0.962869354779191     
  0.964683960982047     
  0.967800205695237     
  0.972024667397334     
  0.975882773199555     
  0.977670353405817     
  0.978293503549821     
  0.978845562370927     
  0.979443613598399     
  0.979242339939979     
  0.978926139699549     
  0.979022638853309     
  0.979546854336528     
  0.980249469598748     
  0.981214027989431     
  0.982508991269954     
  0.983453415862367     
  0.983463425277328     
  0.983512220583873     
  0.983982673296234     
  0.984907599408929     
  0.986321545256801     
  0.988188082096606     
  0.990245651112204     
  0.991718168147673     
  0.992235219580082     
  0.992656775234562     
  0.993289922946920     
  0.994099174875674     
  0.994912418172561     
  0.995768522545626     
  0.996737316007127     
  0.997734523505387     
  0.998592584118607     
  0.999360590456026     
  0.999677949174451     
  0.999707209102353     
  0.999713915844947     
  0.999722068978692     
  0.999730661062528     
  0.999733624626215     
  0.999735520437029     
  0.999739631869998     
  0.999743951547532     
  0.999749673726685     
  0.999755002293188     
  0.999758452503484     
  0.999759055953855     
  0.999753695024509     
  0.999673076574477     
  0.999467831357835     
  0.999262601063451     
  0.998811695648428     
  0.997693883647923     
  0.996567688034808     
  0.995602967722552     
  0.994834324305300     
  0.994244254208974     
  0.993767230428297     
  0.993057159931663     
  0.992078349623877     
  0.991160221930870     
  0.990374947007150     
  0.989767172646613     
  0.989443210250120     
  0.989450587712283     
  0.989797312117092     
  0.990428698772589     
  0.991170560345340     
  0.992175302000767     
  0.993253346575543     
  0.993803992540010     
  0.994279946472026     
  0.994808050839723     
  0.995417435957044     
  0.996226944831613     
  0.997155889358827     
  0.997990407127014     
  0.998317547615815     
  0.998430017154039     
  0.998510618801690     
  0.998574772356747     
  0.998651453680374     
  0.998757808056601     
  0.998911925960315     
  0.999127437623253     
  0.999343256367418     
  0.999478395542166     
  0.999604485376881     
  0.999605829804178     
  0.999591149125920     
  0.999575670421928     
  0.999545420995355     
  0.999403136184618     
  0.998952162088047     
  0.998444429437999     
  0.998006400513914     
  0.997641681454644     
  0.997328105882134     
  0.997012901316372     
  0.996716350690335     
  0.996421690314125     
  0.995657933382371     
  0.994381772803305     
  0.990515363456271     
  0.985854422824056     
  0.981856630024423     
  0.978592977631329     
  0.976116518820954     
  0.974365857934459     
  0.973330056256007     
  0.972921867349661     
  0.972701188274609     
  0.972212055392513     
  0.971221889467620     
  0.970919692155721     
  0.971505173108401     
  0.972830305650207     
  0.974914449694327     
  0.977890921137674     
  0.981368980953937     
  0.985058942104768     
  0.986579985021460     
  0.986712612451364     
  0.987078513585835     
  0.987762425708840     
  0.988777368539994     
  0.990122174607186     
  0.991797498177889     
  0.993809995886860     
  0.996128515405206     
  0.998023110653124     
  0.998562650987026     
  0.998751594392237     
  0.998923681636912     
  0.998983849479267     
  0.998944125431378     
  0.998897004357518     
  0.998851653793885     
  0.998804439339007     
  0.998756364313271     
  0.998712376874598     
  0.998672888216655     
  0.998606485928755     
  0.998394544481409     
  0.998073523708959     
  0.997259892325704     
  0.995940198500211     
  0.994644144735321     
  0.993409306711624     
  0.992059145547494     
  0.990755621382566     
  0.989569997902521     
  0.988500895088875     
  0.987676000979152     
  0.987153332289400     
  0.986957695539176     
  0.987059374348486     
  0.987463969843377     
  0.988179782981703     
  0.989181682656431     
  0.990271605264006     
  0.991604804773681     
  0.992803997895341     
  0.994058645410141     
  0.994713172913672     
  0.995146613525923     
  0.995441946684045     
  0.995517371134982     
  0.995434899516826     
  0.995331657291908     
  0.995100730653285     
  0.994823988456329     
  0.994538404693281     
  0.994266309220990     
  0.993990524343295     
  0.993711123240686     
  0.993426485785833     
  0.993153496912321     
  0.992897513406413     
  0.992659235880005     
  0.992439523349492     
  0.992232041701714     
  0.992025906626265     
  0.991777897655734     
  0.991297994451716     
  0.990606086836726     
  0.989809901732531     
  0.988981546041837     
  0.988105202710416     
  0.987192468629752     
  0.986242103591293     
  0.985260685159222     
  0.984245668548672     
  0.983199959150764     
  0.982126201776097     
  0.981024876983655     
  0.979902289030225     
  0.978769252067005     
  0.977633032880168     
  0.976501491848422     
  0.975387737617350     
  0.974328011409160     
  0.973314970980570     
  0.972291909665042     
  0.971329574439577     
  0.970537887688075     
  0.969952813554059     
  0.969587820893591     
  0.969459764872672     
  0.969585596398155     
  0.969959485424271     
  0.970568542380570     
  0.971386185983843     
  0.972383068787304     
  0.973527542250244     
  0.974759972114740     
  0.976035494479343     
  0.977364224414754     
  0.978686079863215     
  0.979971970188716     
  0.981204488207303     
  0.982384023248609     
  0.983507564083033     
  0.984575218205831     
  0.985563336278831     
  0.986332867316765     
  0.986873593877549     
  0.987324252462249     
  0.987739582146068     
  0.988143009724253     
  0.988541424335787     
  0.988944654118765     
  0.989363577578984     
  0.989804229528801     
  0.990268632903255     
  0.990756898425347     
  0.991149347294704     
  0.991186408258464     
  0.991105768874243     
  0.991088666875269     
  0.991168046960557     
  0.991357649601152     
  0.991636820635317     
  0.991877457894989     
  0.991989069323999     
  0.992062224832608     
  0.992207072916840     
  0.992444489288036     
  0.992776916484321     
  0.993199172307456     
  0.993710734033805     
  0.994312110107811     
  0.994997383063890     
  0.995755585330352     
  0.996491164622480     
  0.996899710868539     
  0.997086294993898     
  0.997259454743931     
  0.997436598737666     
  0.997620535306335     
  0.997810045580885     
  0.997999985248556     
  0.998159465346917     
  0.998247219749413     
  0.998307544855725     
  0.998352974482871     
  0.998393751945012     
  0.998431799708473     
  0.998469891267824     
  0.998507757375819     
  0.998544883697226     
  0.998581833554074     
  0.998619689654073     
  0.998660357009464     
  0.998706732879767     
  0.998750488319578     
  0.998785830364517     
  0.998814477546238     
  0.998836347420493     
  0.998850322142512     
  0.998863545584312     
  0.998872738700230     
  0.998865538038396     
  0.998819296864228     
  0.998559050266501     
  0.995792280707717     
  0.985425673418891     
  0.971959441349166     
  0.960082555228855     
  0.949880015109012     
  0.941075375995235     
  0.933756550600402     
  0.928231286662900     
  0.924724798617718     
  0.923786156165070     
  0.925354188932888     
  0.928334527924789     
  0.932703958221457     
  0.938278913220965     
  0.945125364124504     
  0.953753864702737     
  0.964950081759266     
  0.977711551275379     
  0.990328434050408     
  0.996535904031568     
  0.997341162390022     
  0.997746041786102     
  0.998166333840287     
  0.998527442031979     
  0.998721820433478     
  0.998851546421181     
  0.998933909758475     
  0.999022107108410     
  0.999122986200505     
  0.999231345517534     
  0.999293333314185     
  0.999314953979416     
  0.999335371061024     
  0.999364071192490     
  0.999399199954332     
  0.999437439082235     
  0.999474492458890     
  0.999459208788331     
  0.999377826036707     
  0.999301406896735     
  0.999175717865689     
  0.998819928813346     
  0.998408580870248     
  0.998052183992602     
  0.997769837176623     
  0.997560179957982     
  0.997422173317614     
  0.997351008785989     
  0.997330443627523     
  0.997331024029743     
  0.997268470270079     
  0.997176041508036     
  0.997167781117452     
  0.997264104452589     
  0.997463177384733     
  0.997706054506357     
  0.997965758579377     
  0.998291036861804     
  0.998607649888407     
  0.998716619942137     
  0.998727284282777     
  0.998735860119782     
  0.998770239082454     
  0.998835061306982     
  0.998938526918489     
  0.999083874180982     
  0.999269252435926     
