  0.999461238602790     
  0.999454567963557     
  0.999444199682566     
  0.999427437277934     
  0.999413804591246     
  0.999404738858037     
  0.999395315595887     
  0.998933210528264     
  0.997801506184512     
  0.996957378286504     
  0.996451009736880     
  0.996346318554894     
  0.996657203281888     
  0.997127762758975     
  0.992077648116948     
  0.972238126424274     
  0.952046237184447     
  0.939469414372235     
  0.933480818847064     
  0.934011665756632     
  0.942089234482745     
  0.958979508941435     
  0.981450030226692     
  0.993698701093887     
  0.996533998245563     
  0.998262049073530     
  0.999244689566798     
  0.999290649462743     
  0.999279805875601     
  0.999260988754924     
  0.999247738970884     
  0.999240614417719     
  0.999240210360378     
  0.999247146522318     
  0.999263877570183     
  0.999281653252759     
  0.999277905517923     
  0.999268520747217     
  0.999256908565722     
  0.999240988624496     
  0.999226764414858     
  0.999214452287983     
  0.999204094252751     
  0.999194484062591     
  0.999184429172413     
  0.999173443475741     
  0.999128809718566     
  0.998734786154319     
  0.998115578270816     
  0.997683823149077     
  0.997446473696186     
  0.997182039510082     
  0.994714417165750     
  0.991001971029347     
  0.988336160740547     
  0.986323331166802     
  0.985364227313097     
  0.985839037295614     
  0.987743894247114     
  0.991937105165875     
  0.995751167682881     
  0.997498555015720     
  0.998652692830962     
  0.998875100364402     
  0.998879768653371     
  0.998867287910365     
  0.998847274342238     
  0.998821466162773     
  0.998795026245738     
  0.998768627058499     
  0.998742655485745     
  0.998716900072667     
  0.998669892783620     
  0.998604112921052     
  0.998504191124359     
  0.998096632745457     
  0.997615809114201     
  0.997323704489606     
  0.997196037901341     
  0.997216714119239     
  0.997351864727313     
  0.997629447595946     
  0.998063939237913     
  0.998270661898203     
  0.998087159470136     
  0.997798190846790     
  0.997559428657850     
  0.997379947936616     
  0.997128490442709     
  0.996749468402206     
  0.996067585702140     
  0.995584925939652     
  0.995376682500129     
  0.995441347498995     
  0.995812966555674     
  0.996352939152968     
  0.996868213840547     
  0.997303834434620     
  0.997343216336769     
  0.997264896211852     
  0.997200329157753     
  0.997145498841563     
  0.997100804878636     
  0.997032032168048     
  0.996888641339129     
  0.996741082118965     
  0.996609311192169     
  0.996487935396589     
  0.996365816360809     
  0.996247568531501     
  0.996127945122353     
  0.996009053802885     
  0.995863804065076     
  0.995681005377354     
  0.995478827224287     
  0.995249643486444     
  0.994974383678010     
  0.994471708018295     
  0.987954624162934     
  0.965091702806482     
  0.943960222460503     
  0.932645375745729     
  0.928668943324870     
  0.931182973828792     
  0.938611333603202     
  0.945360929087960     
  0.953694205593627     
  0.950857534799536     
  0.940226812762725     
  0.933823646856140     
  0.935132864897140     
  0.944363172763327     
  0.959923313223771     
  0.969698281955952     
  0.972627246518611     
  0.970618028180103     
  0.964384714893755     
  0.951107370878020     
  0.932862041540460     
  0.909673523900616     
  0.896321859041715     
  0.895584188040755     
  0.903399599567330     
  0.912443400424303     
  0.926698783290208     
  0.942730328921957     
  0.953866912027175     
  0.952179405207581     
  0.946958750029440     
  0.940529857431076     
  0.928781065263768     
  0.911974615998055     
  0.896915246011127     
  0.884191406104587     
  0.872171288720828     
  0.860924617407740     
  0.852974543657454     
  0.851179023448696     
  0.852733608241355     
  0.852627970673021     
  0.855841528440720     
  0.861314556401305     
  0.865290207717188     
  0.863072153797980     
  0.850116725658089     
  0.820970462675318     
  0.772511357480993     
  0.710819671234200     
  0.648749051009134     
  0.600612890787882     
  0.577859389883376     
  0.582799162088108     
  0.613866075721969     
  0.666755053890184     
  0.725502102460501     
  0.778210859214801     
  0.819574199707967     
  0.849934167198546     
  0.872513550109456     
  0.890757973100461     
  0.906438024406163     
  0.920002290618178     
  0.931632686855893     
  0.941405352352206     
  0.949277143910805     
  0.955452062615768     
  0.960355863185972     
  0.964416429749416     
  0.967779462873177     
  0.970584999126729     
  0.973024421137714     
  0.975242400796416     
  0.977290773654011     
  0.979193161814352     
  0.980969516257025     
  0.982629759935021     
  0.984168590891463     
  0.985511256043256     
  0.986645841401058     
  0.987681638423708     
  0.988634977641797     
  0.989382847370514     
  0.990180230690893     
  0.990935971110471     
  0.991684155438739     
  0.992366617092893     
  0.992860313743855     
  0.993265777428891     
  0.993624367203848     
  0.993947131536641     
  0.994239650601968     
  0.994528487290106     
  0.994829365254491     
  0.995127535701438     
  0.995389897253261     
  0.995316089163746     
  0.994478304223265     
  0.993769595821769     
  0.993379231433061     
  0.993312001078440     
  0.993564829703346     
  0.994055473418692     
  0.994463597052661     
  0.995061965177582     
  0.995318978356960     
  0.995355374415470     
  0.995391367018648     
  0.995550173612197     
  0.995981468716412     
  0.996709691792163     
  0.997156444929138     
  0.997173105172148     
  0.997008506879223     
  0.992706016233575     
  0.979987349234763     
  0.966878900168612     
  0.958909836324074     
  0.956078457455556     
  0.957331397370658     
  0.963216413959171     
  0.974280764755815     
  0.988426188745514     
  0.995876517145903     
  0.983604286840556     
  0.953136690586719     
  0.914211043582395     
  0.879541118649477     
  0.862251946663844     
  0.861048492862850     
  0.874911551986047     
  0.905857382377964     
  0.946370035747745     
  0.977116547709900     
  0.995457467844811     
  0.998180348510444     
  0.998403464915104     
  0.998579829559434     
  0.998691447117806     
  0.998656865657846     
  0.998624530432221     
  0.998624976950129     
  0.998654272564913     
  0.998702722365633     
  0.998779115105887     
  0.998874402230324     
  0.998980575664038     
  0.999032239101280     
  0.999058508658464     
  0.999086190576887     
  0.999115358603820     
  0.999122418254723     
  0.999097605225196     
  0.999080810218018     
  0.999078253583408     
  0.999066306840370     
  0.999040831021292     
  0.999044775236395     
  0.999079906351040     
  0.999125322203346     
  0.999148202809441     
  0.999100497838634     
  0.999064940696808     
  0.999057081958572     
  0.999047211166221     
  0.999067499395544     
  0.999112528924015     
  0.999188231359744     
  0.999291938942320     
  0.999324198886649     
  0.999322283779419     
  0.999324882232774     
  0.999333290915764     
  0.999346338229776     
  0.999349886276203     
  0.999318278986203     
  0.998815800924786     
  0.995592417210439     
  0.991305706239665     
  0.988593799837542     
  0.985606149093781     
  0.979513043130794     
  0.974714307619171     
  0.974361545076125     
  0.977698050251771     
  0.981025508473525     
  0.984096977873147     
  0.989679059227666     
  0.995985176886229     
  0.993374297459013     
  0.983085106699963     
  0.974475186829271     
  0.969484786150766     
  0.968221956402396     
  0.970568978435032     
  0.976741499939790     
  0.987097476980391     
  0.996126297329232     
  0.998915253244256     
  0.999510300167011     
  0.999562160260272     
  0.999595605885313     
  0.999619004887617     
  0.999623850047496     
  0.999627880410690     
  0.999632639528607     
  0.999638298340051     
  0.999635006606601     
  0.999618032336499     
  0.999606179270398     
  0.999593897566016     
  0.999587500076412     
  0.999585045319015     
  0.999568533916228     
  0.999570920281371     
  0.999581275786374     
  0.999592491880299     
  0.999614898914021     
  0.999634896702213     
  0.999656694093198     
  0.999674249621958     
  0.999567280683142     
  0.999326397230210     
  0.999119104895552     
  0.998996502156531     
  0.998975364261495     
  0.998999783136354     
  0.998931436785649     
  0.998948477270993     
  0.998982601112462     
  0.998967651908404     
  0.999026286132855     
  0.999177571408346     
  0.999404151011031     
  0.999652539427815     
  0.999719525341432     
  0.999724849924736     
  0.999729002321862     
  0.999734398660053     
  0.999740064173064     
  0.999746922614024     
  0.999749895795764     
  0.999745563486417     
  0.999652737523468     
  0.998779462660754     
  0.997739989813908     
  0.997178588910241     
  0.996959660945498     
  0.997003216384074     
  0.997313348245474     
  0.998013869235295     
  0.999139020909695     
  0.999725988018757     
  0.999759294563432     
  0.999760966574723     
  0.999719148282047     
  0.999643933419413     
  0.999585387876782     
  0.999550165695025     
  0.999542428998049     
  0.999560724955528     
  0.999604478375366     
  0.999671313804845     
  0.999721449047147     
  0.999654551881987     
  0.998501774689446     
  0.996196148390071     
  0.992408425462175     
  0.987118790911897     
  0.983870477640150     
  0.982738628336486     
  0.983522452359439     
  0.986348965747839     
  0.989997557431237     
  0.994068753943472     
  0.997553561598670     
  0.998337469302851     
  0.998424613964472     
  0.998681108495343     
  0.999004140572196     
  0.996904687571667     
  0.989746415987228     
  0.983808144289165     
  0.980564192612070     
  0.979561124110116     
  0.980819029858865     
  0.984407977473243     
  0.990780935809388     
  0.997509359303371     
  0.999593477965401     
  0.999710963477113     
  0.999770373451663     
  0.999802233243103     
  0.999803264606203     
  0.999776146769196     
  0.999690558648860     
  0.999602237668190     
  0.999558447924991     
  0.999554037963932     
  0.999577188834990     
  0.999620185501804     
  0.999672294656292     
  0.999731505806559     
  0.999764247594656     
  0.999760362595428     
  0.999761684320187     
  0.999770474423409     
  0.999785854591140     
  0.999808523446144     
  0.999821778705797     
  0.999823306799070     
  0.999805470730785     
  0.999736585405673     
  0.999682231315891     
  0.999651976121580     
  0.999622245219370     
  0.999570609639450     
  0.999467983801996     
  0.999440209152823     
  0.999471740895670     
  0.999485748149314     
  0.999231111109337     
  0.998237298977544     
  0.997479862004996     
  0.997053623651657     
  0.996910671953354     
  0.997131669911453     
  0.997610475681243     
  0.998427131986420     
  0.999250295761733     
  0.999303983859101     
  0.999354999504856     
  0.999455791042211     
  0.999183385407454     
  0.997769527465306     
  0.996458160889550     
  0.995724871201263     
  0.995392031303431     
  0.994337110671826     
  0.993067695392530     
  0.993184796130838     
  0.994264045911861     
  0.994763585782684     
  0.995135810067952     
  0.996023036735661     
  0.997774207791931     
  0.999054083397878     
  0.999163840599591     
  0.999222709511844     
  0.999355080004554     
  0.999577939656554     
  0.999775921454587     
  0.999807957759606     
  0.999799901663787     
  0.999786086361772     
  0.999770313779191     
  0.999757118497455     
  0.999743820322237     
  0.999696847081658     
  0.998652837251969     
  0.992848473398765     
  0.982792118987644     
  0.974314545949706     
  0.969258550433948     
  0.966720261436419     
  0.967046355020129     
  0.972026333747211     
  0.980390209328822     
  0.986513423992410     
  0.989065181504604     
  0.991500289101369     
  0.995036972339199     
  0.997870479947253     
  0.993819070807696     
  0.981411235804892     
  0.972481817346681     
  0.967718812486148     
  0.966492584844940     
  0.968987355625913     
  0.975198525903454     
  0.985904174559438     
  0.997500669164956     
  0.999625759483629     
  0.999567837086135     
  0.999434359070610     
  0.999297204571502     
  0.998671570659709     
  0.991328074312994     
  0.976768020308729     
  0.965954736051329     
  0.959992842640991     
  0.954458513029936     
  0.946454884352841     
  0.943467350516209     
  0.949715997034986     
  0.958256470069423     
  0.961026459275113     
  0.966423252453249     
  0.975736234445235     
  0.980866576591658     
  0.977615466223354     
  0.974446539904326     
  0.974805590194949     
  0.977590000142404     
  0.981003664459453     
  0.985890578418376     
  0.990202732438251     
  0.986879748148763     
  0.978237119702483     
  0.972047569168214     
  0.969132019848626     
  0.969413866901577     
  0.972622481533227     
  0.979469869233866     
  0.988487513277820     
  0.993580080993748     
  0.993882245720026     
  0.993167820216622     
  0.990869365247103     
  0.988328355462968     
  0.986307653132402     
  0.985559863341505     
  0.987098340574845     
  0.990345299379704     
  0.994001761014513     
  0.997859862796536     
  0.999505626969700     
  0.999651617268767     
  0.999676857712777     
  0.999701234283488     
  0.999721045895212     
  0.999714601859454     
  0.999703175184714     
  0.999702645889737     
  0.999710380801143     
  0.999720541920889     
  0.999724753433263     
  0.999731111719065     
  0.999729794842711     
  0.999728035919220     
  0.999730525477851     
  0.999737848541752     
  0.999751023572655     
  0.999763670389192     
  0.999762448648845     
  0.999760770708677     
  0.999758827805110     
  0.999756466002797     
  0.999752565094793     
  0.999718584526026     
  0.999292183062234     
  0.998406590546494     
  0.997798286136500     
  0.996023453861018     
  0.991649233113511     
  0.988671314912911     
  0.987425922609132     
  0.987622110816905     
  0.988867293083811     
  0.990472994619552     
  0.991429043069150     
  0.990900717118348     
  0.988033820267858     
  0.985669791406740     
  0.985329622459188     
  0.987123877160570     
  0.990618977369050     
  0.995311214473450     
  0.998792922454576     
  0.999089603550498     
  0.998701536780028     
  0.998197568064436     
  0.997590252297546     
  0.997314691411367     
  0.997269168126348     
  0.997459769333817     
  0.997932187517220     
  0.998650990438556     
  0.999066886986733     
  0.999592141902642     
  0.999656092948392     
  0.999652689939837     
  0.999646884164219     
  0.999636151435133     
  0.999621159109704     
  0.999609058775370     
  0.999598860979026     
  0.999561019664162     
  0.999524106362538     
  0.999499522722795     
  0.999474226444490     
  0.999449503755600     
  0.999429796758383     
  0.999382497292073     
  0.998924059845470     
  0.996959596318804     
  0.995002588092686     
  0.993870633942990     
  0.993472888479907     
  0.993711914042593     
  0.994355627031723     
  0.995631695468404     
  0.997099563212002     
  0.994938345532347     
  0.989821875299187     
  0.973101810333092     
  0.956272165482236     
  0.947308837306788     
  0.944316478904977     
  0.947468501329934     
  0.957341575738693     
  0.971874984066636     
  0.990090448029478     
  0.998690479643723     
  0.995351751525192     
  0.986650909458550     
  0.979721064419663     
  0.975797215613388     
  0.974130400474601     
  0.975019207125450     
  0.979050878316610     
  0.986603371684132     
  0.994351444639140     
  0.996653100769859     
  0.997548852858553     
  0.998552866153453     
  0.999043224091362     
  0.999062261590725     
  0.999041903615284     
  0.999019153667489     
  0.998994731640347     
  0.998968292750135     
  0.998932003623107     
  0.998863986878587     
  0.998772954908771     
  0.998686098359024     
  0.998614075614062     
  0.998538489861810     
  0.998503525649484     
  0.998497361841957     
  0.998484734788396     
  0.998442382698846     
  0.998393789690721     
  0.998359753837226     
  0.998232862754382     
  0.997440618091563     
  0.996289673539908     
  0.993027120853055     
  0.987433643605421     
  0.983014965357943     
  0.980466068536695     
  0.979040011571634     
  0.979722410039138     
  0.981984077377819     
  0.985559429561978     
  0.988789108119063     
  0.989976285513005     
  0.991250876148790     
  0.993357931969077     
  0.994604088858377     
  0.995430474609107     
  0.996306390416299     
  0.996605363180683     
  0.996603580002859     
  0.996434812106553     
  0.996244194231240     
  0.996036295807606     
  0.995613597134816     
  0.994485266469903     
  0.993501593896449     
  0.992876463290060     
  0.992468320505194     
  0.992236732611167     
  0.992229828676018     
  0.992596637583722     
  0.993140688785696     
  0.993002624781465     
  0.992646640677166     
  0.992268342471317     
  0.991863929878738     
  0.991418160091580     
  0.990931357406932     
  0.990397666228420     
  0.989811418291123     
  0.989174598889710     
  0.988453176304650     
  0.987440357514410     
  0.985818897762299     
  0.983930885227008     
  0.982263665639470     
  0.980875873272367     
  0.979757666878507     
  0.978911940000646     
  0.978387381884785     
  0.977952418421886     
  0.976989321936491     
  0.975537457179354     
  0.973988577514947     
  0.972441746947923     
  0.970916177589028     
  0.969388780086300     
  0.967894180905920     
  0.966490720261973     
  0.965336930537935     
  0.964596210023583     
  0.964361946908608     
  0.964659806760492     
  0.965455934851838     
  0.966631193587653     
  0.967988817159896     
  0.969424851467528     
  0.970920575717331     
  0.972447715788896     
  0.973995049000973     
  0.975597474644372     
  0.977202659701846     
  0.978759589914751     
  0.980198698169721     
  0.981526879100227     
  0.982760143269658     
  0.983904498932029     
  0.984956251148881     
  0.985863134670323     
  0.986696104085319     
  0.987486250756182     
  0.988241635149870     
  0.988872790595381     
  0.988697646537695     
  0.987839499768323     
  0.987198009500845     
  0.987001977177247     
  0.987370971644223     
  0.988341422025575     
  0.989870222160432     
  0.991809854916095     
  0.993079043288743     
  0.993728817803077     
  0.994112123557089     
  0.993938864452154     
  0.991943368901048     
  0.989479032043881     
  0.987933971804833     
  0.987396398126598     
  0.987937528728124     
  0.989517097328383     
  0.992087403637817     
  0.994893693965809     
  0.995800072792547     
  0.995624986235147     
  0.995501647179464     
  0.995569294447513     
  0.995862781696035     
  0.996344749783351     
  0.996967803664170     
  0.997506134090460     
  0.997705373211988     
  0.997814764603009     
  0.997915675949054     
  0.998003502924066     
  0.998079385626352     
  0.998137315277068     
  0.998194666405873     
  0.998253062123857     
  0.998311205128685     
  0.998370120996195     
  0.998429900920221     
  0.998455109805927     
  0.998442535965684     
  0.998442814558989     
  0.998461106612466     
  0.998497580629625     
  0.998554272863808     
  0.998630335239517     
  0.998732381971523     
  0.998825154032516     
  0.998857932200930     
  0.998882472434927     
  0.998902635548102     
  0.998909245612264     
  0.998897168599795     
  0.998859363961618     
  0.998795330007518     
  0.998744887638031     
  0.998699099798069     
  0.998631932045342     
  0.998479929173334     
  0.997358266395384     
  0.984077077448864     
  0.936636318478541     
  0.885509471932833     
  0.854354233306800     
  0.842021030861782     
  0.848334243516856     
  0.872758740370670     
  0.916377197494737     
  0.968837410336429     
  0.992559388822364     
  0.994687919888747     
  0.995539808298268     
  0.996581708849699     
  0.997436483800948     
  0.997713199213326     
  0.997803335903311     
  0.997871122886757     
  0.998110772747335     
  0.998514120106203     
  0.999020886319241     
  0.999340140874761     
  0.999440385969512     
  0.999430147268883     
  0.999306246777484     
  0.999141579235232     
  0.999007042716119     
  0.998952950631634     
  0.999014356184690     
  0.999165929696099     
  0.999354786402689     
  0.999518769512464     
  0.999587606419015     
  0.999605793040266     
  0.999620595244427     
  0.999628143008484     
  0.999632495955153     
  0.999620472183905     
  0.999350419869562     
  0.998846687252075     
  0.998499260357847     
  0.998022579311959     
  0.996727907403111     
  0.995696145406942     
  0.995369422418277     
  0.995603617833739     
  0.996041327971646     
  0.996540983117601     
  0.997598632448136     
  0.999033302578561     
  0.999529036681348     
  0.999034463717301     
  0.998295940591142     
  0.997878580057774     
  0.997720967972705     
  0.997742460554797     
  0.997947540430675     
  0.998438171284622     
  0.999240002990426     
  0.999707512442060     
  0.999726335027773     
  0.999592041492708     
  0.999447642305804     
