  0.999465549084029     
  0.999462325349927     
  0.999456049089689     
  0.999438005810817     
  0.999414524172411     
  0.999381953953177     
  0.999381721923176     
  0.999392769443679     
  0.999368297576626     
  0.997431398622699     
  0.994343584967174     
  0.993896332041988     
  0.995973633518677     
  0.999055627143731     
  0.999182419930265     
  0.998343934301743     
  0.976974393285170     
  0.915813982439742     
  0.883114121660003     
  0.896682333217914     
  0.951340649751711     
  0.986055625793209     
  0.991363945251155     
  0.995350763248333     
  0.998988475212115     
  0.999245313090511     
  0.999302691873833     
  0.999319853899764     
  0.999322587678247     
  0.999291629811266     
  0.999210651816518     
  0.999179940181188     
  0.999209670410978     
  0.999282099570766     
  0.999297676468546     
  0.999290719302051     
  0.999282615909614     
  0.999270737259587     
  0.999257915027300     
  0.999248253247982     
  0.999233364237912     
  0.999209202415902     
  0.999193843033917     
  0.999190218223451     
  0.999195559216858     
  0.999185857631125     
  0.999171072416371     
  0.999143311749281     
  0.998973388548844     
  0.997660235750633     
  0.996253774001090     
  0.996073464124360     
  0.997236764931389     
  0.997956320857835     
  0.989388384201511     
  0.980129985629986     
  0.977079424349930     
  0.982269104315219     
  0.990380156471745     
  0.994398880067082     
  0.997974671291006     
  0.998848026215305     
  0.998898083815612     
  0.998906625525139     
  0.998892051689055     
  0.998872132247406     
  0.998851080651036     
  0.998829086281518     
  0.998805395951026     
  0.998769259787145     
  0.998738110990588     
  0.998712785006195     
  0.998697216023170     
  0.998673556614077     
  0.998557265304745     
  0.998427726268291     
  0.998209006746981     
  0.997097315598805     
  0.996241518112079     
  0.996346235801753     
  0.997470410143949     
  0.998315466130107     
  0.998337943776825     
  0.998295448586691     
  0.998254796424758     
  0.998176098631807     
  0.997533980259407     
  0.996929975899969     
  0.996828662450567     
  0.997173460391113     
  0.996878299839323     
  0.995824989898025     
  0.994157097627445     
  0.994184451464029     
  0.995396398803466     
  0.997084678708214     
  0.997620859868663     
  0.997465422219012     
  0.997253649050014     
  0.997157160587332     
  0.997179856248592     
  0.997230010937112     
  0.997162000434964     
  0.997060798239165     
  0.996942616891980     
  0.996802650447729     
  0.996584245644961     
  0.996421901368090     
  0.996317065130387     
  0.996271446946586     
  0.996206665749502     
  0.996055615273156     
  0.995891768075825     
  0.995712602235187     
  0.995513680955324     
  0.995296419632631     
  0.995050506499521     
  0.994760474268064     
  0.994366553892609     
  0.993178284339625     
  0.969757237977612     
  0.903824323808581     
  0.873185063094049     
  0.897238778066177     
  0.962594266932343     
  0.990356727551365     
  0.982278453833227     
  0.942004365442535     
  0.913565903379729     
  0.915925093732436     
  0.934643647899385     
  0.948424324945997     
  0.955242107132631     
  0.975450017614650     
  0.985811596079786     
  0.985019796720083     
  0.974549546536309     
  0.947833607584218     
  0.933516022503122     
  0.916006592332600     
  0.898563567441357     
  0.860474073682560     
  0.869086358637350     
  0.908743445759273     
  0.955422483436526     
  0.963925040272628     
  0.956941234235392     
  0.951753762074960     
  0.946361276397209     
  0.942812169800265     
  0.936439152380511     
  0.926907828766980     
  0.901175381467785     
  0.867465118331818     
  0.853836575734608     
  0.857366174191054     
  0.866122789322503     
  0.853901554668620     
  0.842832501863452     
  0.842762549217290     
  0.852413465548642     
  0.864988306700883     
  0.873795537836615     
  0.875223728665326     
  0.866463976776151     
  0.844027001192688     
  0.802849726373786     
  0.732879200480546     
  0.637283217628566     
  0.550065133292064     
  0.512206173706819     
  0.532026703233361     
  0.592450898549712     
  0.672585464992178     
  0.745096808035298     
  0.797962499418527     
  0.832439453355453     
  0.856259123196691     
  0.875491699676710     
  0.892434902107134     
  0.908229000434352     
  0.922835190378960     
  0.934834106801914     
  0.943849643055169     
  0.950825453144466     
  0.956837271126405     
  0.961700716518863     
  0.965381645367310     
  0.968284782560374     
  0.970913635199758     
  0.973322376991403     
  0.975507800323460     
  0.977508659867436     
  0.979374398612016     
  0.981130844509865     
  0.982790116607833     
  0.984353437550062     
  0.985794406854348     
  0.987083444432350     
  0.987949869353295     
  0.988568938556185     
  0.989207006236228     
  0.990133970323273     
  0.991219429480570     
  0.991919668416269     
  0.992507003792552     
  0.992978565345868     
  0.993401267402497     
  0.993673701565224     
  0.993910625800290     
  0.994207605177165     
  0.994562688560747     
  0.994905327084454     
  0.995168270122902     
  0.995420231192138     
  0.995675574873897     
  0.995844228898034     
  0.994910645642554     
  0.992061796425698     
  0.990937885350070     
  0.991970302056602     
  0.994691972895705     
  0.996357698478509     
  0.996748304923685     
  0.995211579642921     
  0.993905687061220     
  0.994110450667274     
  0.995818324739457     
  0.997022090429925     
  0.996865325254627     
  0.996953770392063     
  0.997265582425284     
  0.997491354706885     
  0.997343318955477     
  0.996279725391143     
  0.979929064886976     
  0.942781844897955     
  0.923529152280882     
  0.931825232892683     
  0.966026887877545     
  0.993419298937312     
  0.997525631312606     
  0.997767386999339     
  0.997646283348717     
  0.994552848475991     
  0.948903179092837     
  0.865658363394050     
  0.791240826643447     
  0.781430525932095     
  0.854886472199055     
  0.931032301750801     
  0.988965347672679     
  0.997457356698534     
  0.997836292547772     
  0.998243168572516     
  0.998633419887109     
  0.998736424344768     
  0.998775735790518     
  0.998745833506632     
  0.998675269325320     
  0.998483391604728     
  0.998477719021902     
  0.998625994579782     
  0.998891553953722     
  0.998983912220995     
  0.998986637939655     
  0.999010670803562     
  0.999057473982879     
  0.999110581790012     
  0.999131809123615     
  0.999150456824301     
  0.999161959848477     
  0.999096613486022     
  0.999003909665291     
  0.998995921604864     
  0.999089166635902     
  0.999114566743759     
  0.999021972072188     
  0.999020594223272     
  0.999138298806460     
  0.999293736975457     
  0.999252182376061     
  0.998965594505651     
  0.998801126798240     
  0.998886303135338     
  0.999193129350319     
  0.999361051679673     
  0.999346884654866     
  0.999317611581026     
  0.999305821177194     
  0.999302702891017     
  0.999331480184222     
  0.999350337042085     
  0.999385456727793     
  0.999377841554632     
  0.999339033022356     
  0.999222089323230     
  0.997393574004940     
  0.987222504440117     
  0.978255500318623     
  0.978684550759807     
  0.982303335016626     
  0.973248815084870     
  0.964878447717259     
  0.971409580318707     
  0.989151421171885     
  0.998399161290898     
  0.999181362246618     
  0.999255161355632     
  0.997719091837835     
  0.979045061932908     
  0.952397706543029     
  0.944269700255755     
  0.961639614565825     
  0.988233955777370     
  0.997263766608074     
  0.999346925775996     
  0.999466454908557     
  0.999537824030928     
  0.999599195107234     
  0.999614129177646     
  0.999623815006920     
  0.999631868817210     
  0.999633331075942     
  0.999626236975270     
  0.999628882096270     
  0.999641457350961     
  0.999659168147330     
  0.999623221375311     
  0.999561444600921     
  0.999549167562871     
  0.999570518056355     
  0.999618565927258     
  0.999597347900674     
  0.999549827000551     
  0.999545721793124     
  0.999586497054447     
  0.999666102445646     
  0.999692771411837     
  0.999693452110133     
  0.999690475265519     
  0.999635400590746     
  0.999189301364288     
  0.998554523676717     
  0.998449961652785     
  0.998937158430091     
  0.999531170705653     
  0.999427104406878     
  0.998669984165844     
  0.998357508574952     
  0.998677445352625     
  0.999455020241102     
  0.999711687910691     
  0.999726228823712     
  0.999719835154288     
  0.999716120324842     
  0.999720711014467     
  0.999734278847751     
  0.999749026062638     
  0.999751345052400     
  0.999753018288564     
  0.999753676207276     
  0.999747592774612     
  0.999731860137277     
  0.999382730233998     
  0.996535604952955     
  0.994535551527424     
  0.994886644705436     
  0.997631744073165     
  0.999637904469555     
  0.999748333515637     
  0.999769699736881     
  0.999765823671850     
  0.999762520506997     
  0.999759478814049     
  0.999746741166195     
  0.999612412157405     
  0.999435941926261     
  0.999383290761597     
  0.999484137085029     
  0.999678612619416     
  0.999740779843489     
  0.999772088066101     
  0.999758410290965     
  0.999705667933589     
  0.999401995256669     
  0.995459196616380     
  0.989562013678803     
  0.980883992003623     
  0.973239200498339     
  0.976180694544579     
  0.985566700063547     
  0.996632062015756     
  0.999247253257876     
  0.997846059957165     
  0.997217543293088     
  0.997651464683369     
  0.999092546761269     
  0.999729066737786     
  0.999754391402197     
  0.999371787442030     
  0.990111290495275     
  0.969493251491856     
  0.962394230977625     
  0.972111121447866     
  0.992651721909013     
  0.999302110109700     
  0.999540832876517     
  0.999695070863350     
  0.999788987708930     
  0.999801236556938     
  0.999805709472311     
  0.999809084787177     
  0.999809876054530     
  0.999786958866429     
  0.999680295868659     
  0.999447541294024     
  0.999354777790471     
  0.999454719763899     
  0.999654468672962     
  0.999809314882531     
  0.999814006883143     
  0.999759179057422     
  0.999713188246487     
  0.999716194493261     
  0.999771500090839     
  0.999817147447154     
  0.999823026751645     
  0.999822393175051     
  0.999823146119345     
  0.999823603983318     
  0.999822565834581     
  0.999758853122051     
  0.999558996270339     
  0.999487269122022     
  0.999543868321591     
  0.999670805542428     
  0.999562785362060     
  0.999265676432506     
  0.999259333954591     
  0.999438702797265     
  0.999735225407845     
  0.998512077225792     
  0.995297989929111     
  0.994498807004284     
  0.996119078152567     
  0.999351742217955     
  0.999511062965857     
  0.999065013414400     
  0.998928681143989     
  0.999209459681753     
  0.999659591642251     
  0.999789442728451     
  0.999739585800378     
  0.998177594332696     
  0.993710746614673     
  0.991771811785069     
  0.993422851757245     
  0.997545428186999     
  0.995022619468577     
  0.990702809911934     
  0.990647830257556     
  0.994882910335904     
  0.999324119831386     
  0.999325103577734     
  0.998742922559707     
  0.998644712930744     
  0.999062067363724     
  0.999674635420416     
  0.999795743340780     
  0.999805488855474     
  0.999816743533835     
  0.999815563539211     
  0.999810257246258     
  0.999771358636278     
  0.999731671304559     
  0.999717047300251     
  0.999734866948727     
  0.999734201105620     
  0.999443718850071     
  0.994589010078409     
  0.973989607515010     
  0.950674000451584     
  0.949096571797731     
  0.969169655793543     
  0.984098408670301     
  0.980364070576459     
  0.979524779580076     
  0.986879624216786     
  0.996261414467362     
  0.998716689703948     
  0.998802546930946     
  0.998984836655562     
  0.998921075398860     
  0.981225856253316     
  0.946571597598651     
  0.937882943443103     
  0.955774129427834     
  0.991450354380065     
  0.999530156089897     
  0.999688700057648     
  0.999742966243228     
  0.999700886254910     
  0.999531841467315     
  0.999263027393820     
  0.998965441945193     
  0.998934067259184     
  0.997051220179327     
  0.972198851340171     
  0.934417484578045     
  0.926197245898344     
  0.949884956590570     
  0.969998059157354     
  0.947126219859773     
  0.935134087808014     
  0.952050301826087     
  0.979736426757739     
  0.984494668332844     
  0.982636562645752     
  0.983781119120833     
  0.976250767718111     
  0.963520107545507     
  0.963718384175524     
  0.979538665984903     
  0.995406097804164     
  0.999091255535706     
  0.997977430219723     
  0.988130107554515     
  0.965031267340597     
  0.947459446113398     
  0.952362423264754     
  0.975538149075558     
  0.993101391351974     
  0.993673768953488     
  0.992337257425061     
  0.993724756771563     
  0.995545423048489     
  0.994308340451242     
  0.990897660012470     
  0.982113298185919     
  0.978342531165468     
  0.981749801500613     
  0.992487794056374     
  0.998960859859476     
  0.999560915089124     
  0.999559465348031     
  0.999601562978436     
  0.999711221796499     
  0.999760080297949     
  0.999755998023612     
  0.999728184341492     
  0.999669817100139     
  0.999650697051605     
  0.999688459218848     
  0.999748420113685     
  0.999771023188101     
  0.999746199102987     
  0.999696677167956     
  0.999687474975441     
  0.999715022676455     
  0.999763824846462     
  0.999766124527158     
  0.999763871122663     
  0.999759047415580     
  0.999756285825241     
  0.999756032984411     
  0.999757297965652     
  0.999754432321590     
  0.999749748736838     
  0.999737100427984     
  0.999612113679877     
  0.998108902287288     
  0.995961248301549     
  0.995539333491999     
  0.992110171280912     
  0.982337656130904     
  0.978479319037597     
  0.982740592515466     
  0.995071033265882     
  0.999532148746067     
  0.998339722304787     
  0.988866205675099     
  0.976715912333824     
  0.974912733320686     
  0.984580175221532     
  0.996582004539923     
  0.999437326451937     
  0.999439744174648     
  0.999388505244699     
  0.999431108940643     
  0.998593231588528     
  0.997487271632092     
  0.996515557768514     
  0.995996801283122     
  0.997149389459226     
  0.997951858525937     
  0.999424753844853     
  0.999655682729834     
  0.999656351824503     
  0.999654972755141     
  0.999651608532448     
  0.999645932143772     
  0.999637550738942     
  0.999625912338902     
  0.999604521846851     
  0.999581989080667     
  0.999574876493062     
  0.999575270652398     
  0.999492291723588     
  0.999416550331610     
  0.999400659245693     
  0.999418355144453     
  0.999443214133373     
  0.999417059695489     
  0.999261225147534     
  0.997434534124568     
  0.991392489701735     
  0.988542417011124     
  0.990720666207042     
  0.996560057241947     
  0.998911741129458     
  0.997677603265629     
  0.996746411222003     
  0.996116574349407     
  0.988261245193531     
  0.974303047855257     
  0.928034378617259     
  0.905205788271035     
  0.918636711224304     
  0.965421734150642     
  0.997762178028939     
  0.999193004671756     
  0.999223783303798     
  0.999160744953243     
  0.998230113578215     
  0.985384439585909     
  0.961814759452368     
  0.955003030213752     
  0.968134234824413     
  0.989078121834745     
  0.993666522564809     
  0.994288941202692     
  0.996936315489813     
  0.998897365282494     
  0.999083820199987     
  0.999070453039336     
  0.999050538252160     
  0.999031260902918     
  0.999012111494450     
  0.998985251491714     
  0.998956708536223     
  0.998926594687820     
  0.998893572498243     
  0.998824573526353     
  0.998648746286127     
  0.998484209401257     
  0.998472121068253     
  0.998560294975909     
  0.998496678151599     
  0.998418124962897     
  0.998402729325373     
  0.998427384360550     
  0.998351242194721     
  0.998282304016041     
  0.998259028659112     
  0.997865336778831     
  0.995394568283780     
  0.992411560240841     
  0.982744979946905     
  0.971354161170844     
  0.970909882874659     
  0.979939182013590     
  0.987141023920676     
  0.986547270023064     
  0.986691134962094     
  0.989931882430376     
  0.991861446155019     
  0.993026446197078     
  0.995234565920711     
  0.996436627418327     
  0.996865507607165     
  0.996750017109874     
  0.996577054603296     
  0.996394835124726     
  0.996204700885484     
  0.996003732590309     
  0.995782533592250     
  0.995530505394527     
  0.994492012317303     
  0.991601730115323     
  0.990349200860712     
  0.990950940039272     
  0.993182307453727     
  0.993589826440732     
  0.993235586511937     
  0.992906328126381     
  0.992589861263572     
  0.992222904383629     
  0.991795497070253     
  0.991337320331996     
  0.990850159247892     
  0.990319929126254     
  0.989739275570307     
  0.989092458202155     
  0.988378645662748     
  0.987591582285857     
  0.986679703431625     
  0.984877938302362     
  0.981510693213602     
  0.978575958165683     
  0.977947502830589     
  0.979095090311508     
  0.979477639042825     
  0.978248776755857     
  0.976728766032679     
  0.975212652074700     
  0.973709870535651     
  0.972073866463554     
  0.970444757904651     
  0.968872429815175     
  0.967397290414546     
  0.965973650701364     
  0.964548112677026     
  0.963348018629464     
  0.962899754405871     
  0.963455887306969     
  0.964711260269606     
  0.966147756452833     
  0.967576948018129     
  0.968988274712518     
  0.970366042708817     
  0.971876224677942     
  0.973547558999668     
  0.975359769668953     
  0.977051011519561     
  0.978580104337777     
  0.980024934853047     
  0.981375867306581     
  0.982633825055655     
  0.983787664351143     
  0.984837808451294     
  0.985833041154834     
  0.986702048008078     
  0.987327466425444     
  0.987970275233278     
  0.988705519991552     
  0.989601095505446     
  0.989883140813695     
  0.987300126991904     
  0.984151887673812     
  0.984085756465490     
  0.987740369920880     
  0.991537518952158     
  0.992814747507277     
  0.993331487113878     
  0.993748808418626     
  0.994118864396731     
  0.994419267691601     
  0.994581228563877     
  0.992792761488047     
  0.985644251325238     
  0.980982413203142     
  0.983093983028060     
  0.990859529139956     
  0.995706386371905     
  0.996403650264129     
  0.996551034918616     
  0.995868498918115     
  0.994589233159361     
  0.994366036956517     
  0.995406716092743     
  0.996924967122675     
  0.997415099107167     
  0.997562730611800     
  0.997697240283156     
  0.997807903466706     
  0.997897179826556     
  0.997981197124559     
  0.998060163495162     
  0.998133342095169     
  0.998194128252776     
  0.998215515579221     
  0.998260259909285     
  0.998330349217316     
  0.998426617592384     
  0.998494114513979     
  0.998542405843435     
  0.998454617401408     
  0.998304452758294     
  0.998316721703255     
  0.998490769799201     
  0.998732901153006     
  0.998787285944467     
  0.998818669364429     
  0.998847131303469     
  0.998872649027549     
  0.998894949977162     
  0.998913296508376     
  0.998922923398435     
  0.998891184150273     
  0.998826794363235     
  0.998720710478191     
  0.998619260710635     
  0.998612118529752     
  0.998616085112426     
  0.998550553770870     
  0.998082707043202     
  0.993880664896869     
  0.943965435969157     
  0.800823040017493     
  0.718429760673988     
  0.764660076639668     
  0.906827560364563     
  0.988711552330555     
  0.992208385353849     
  0.991486620212625     
  0.993301015184879     
  0.996657080244950     
  0.998297251332013     
  0.998776083597167     
  0.997601073638507     
  0.996788442214158     
  0.997012572517980     
  0.998188805392545     
  0.999053054584795     
  0.999334594508501     
  0.999409973766034     
  0.999448656220567     
  0.999484730050032     
  0.999481715149663     
  0.999293100581399     
  0.998815353079753     
  0.998554900506403     
  0.998792602156522     
  0.999273042096754     
  0.999522665041235     
  0.999565052024657     
  0.999597349947882     
  0.999610560221025     
  0.999618753675128     
  0.999625757412516     
  0.999631540830627     
  0.999635301417584     
  0.999634274906752     
  0.999572856051283     
  0.998613511790353     
  0.997371712658701     
  0.997200876811737     
  0.997087488400806     
  0.994617579285033     
  0.992941472821322     
  0.993942820495495     
  0.997524845551900     
  0.999318627279826     
  0.999594414605435     
  0.999686906994521     
  0.999693703429741     
  0.999447461111885     
  0.997598310437832     
  0.996029920068008     
  0.996188321952098     
  0.998046141928871     
  0.999594790430961     
  0.999732016340496     
  0.999742743461278     
  0.999750068318127     
  0.999754937718105     
  0.999673189176794     
