  0.999467808914723     
  0.999465244332131     
  0.999456546291689     
  0.999461024667226     
  0.999359524845173     
  0.999417105352496     
  0.999310331989347     
  0.999426397307731     
  0.999416929548946     
  0.999210716060319     
  0.997054783912568     
  0.988480461906883     
  0.998943663097215     
  0.999238800389640     
  0.999245728859258     
  0.999050268916896     
  0.997913077705351     
  0.965280770382711     
  0.770284621575318     
  0.901260080227744     
  0.985577048668214     
  0.990121008345419     
  0.991258491468250     
  0.998744870680537     
  0.999057465874268     
  0.999291626601684     
  0.999314538849783     
  0.999322543154766     
  0.999325652305603     
  0.999324111474146     
  0.999273927023452     
  0.998981768165780     
  0.999285418963264     
  0.999304868404122     
  0.999298666476925     
  0.999291316594695     
  0.999283071695451     
  0.999275227700665     
  0.999259816772499     
  0.999243485852571     
  0.999246980634657     
  0.999222918038589     
  0.999148117910764     
  0.999213414682021     
  0.999191390524429     
  0.999190021796617     
  0.999174080730362     
  0.999154709388491     
  0.999098968621812     
  0.998934091760433     
  0.995568195841787     
  0.993365263006299     
  0.998744815000303     
  0.999014939887820     
  0.998753969340901     
  0.971483735055528     
  0.970674535201971     
  0.988314503648703     
  0.985192088282951     
  0.998042876054822     
  0.998678873657124     
  0.998916013910006     
  0.998925669531942     
  0.998912444340527     
  0.998893435593410     
  0.998873203734423     
  0.998852888674396     
  0.998830190930282     
  0.998807431047881     
  0.998784463871321     
  0.998704307686692     
  0.998731822814034     
  0.998699002573331     
  0.998680683783195     
  0.998643414233760     
  0.998440277697456     
  0.998387894604666     
  0.998376698376746     
  0.994261969849627     
  0.996090927985992     
  0.998347444206666     
  0.998392757424469     
  0.998367980011445     
  0.998246406026974     
  0.998279300113517     
  0.998233413613352     
  0.998120867013772     
  0.995955146804464     
  0.997113042700526     
  0.997546431893839     
  0.997566114365726     
  0.995442956482185     
  0.994650429149555     
  0.989998017334971     
  0.997147107939679     
  0.997638762190151     
  0.997640560312030     
  0.997568224333869     
  0.997248437167031     
  0.997006103244407     
  0.997323050920325     
  0.997258295559667     
  0.997166106481189     
  0.997067501107062     
  0.996957262646238     
  0.996806881343153     
  0.996681356455895     
  0.996291607979639     
  0.996363238172555     
  0.996353919762867     
  0.996216933324729     
  0.996063732635592     
  0.995899772022565     
  0.995723229252268     
  0.995537803022902     
  0.995288667266090     
  0.995078383891137     
  0.994793928458345     
  0.994444614598474     
  0.993945349069382     
  0.992890455713274     
  0.955446065993496     
  0.738355888774335     
  0.935569608895606     
  0.991259560005092     
  0.991865405731077     
  0.991193489033904     
  0.981220762350219     
  0.841458953864842     
  0.915184527544974     
  0.982202932155895     
  0.906154513995803     
  0.962511816714636     
  0.987018881636287     
  0.986404774710323     
  0.985351284045617     
  0.983826039976356     
  0.968146181070882     
  0.878552828765528     
  0.963525977987592     
  0.877595034980512     
  0.899776351537831     
  0.780092991292462     
  0.956731149986984     
  0.968077364836577     
  0.965256826943405     
  0.961256254842053     
  0.937931853235456     
  0.952313243595694     
  0.942060266830058     
  0.936391427496223     
  0.932506091494010     
  0.914250182264994     
  0.869246008456928     
  0.805691239208525     
  0.885134372109684     
  0.872041381101127     
  0.852215900705440     
  0.836714864904629     
  0.837385835752198     
  0.851993619066962     
  0.866735498374253     
  0.877520880859685     
  0.878956366323433     
  0.871593605614111     
  0.851530269291129     
  0.812444758196696     
  0.750410739985493     
  0.641799420400337     
  0.518260906860734     
  0.481333036688409     
  0.512898751106322     
  0.587244031790321     
  0.677774131821305     
  0.756270380314066     
  0.806764788316470     
  0.835165796540908     
  0.857698368466137     
  0.876878944318690     
  0.892518198060696     
  0.908445592122163     
  0.923881294044655     
  0.936959447567825     
  0.944357407044779     
  0.951002377144684     
  0.957328942138408     
  0.962501913888509     
  0.965554629903694     
  0.968398336957505     
  0.971012423232545     
  0.973451232559497     
  0.975598483383975     
  0.977585668977109     
  0.979428172777876     
  0.981184991666070     
  0.982877957246318     
  0.984380424068413     
  0.985886362578849     
  0.987179829214453     
  0.988265239433469     
  0.988697043416524     
  0.988182352901420     
  0.990651580969284     
  0.991264325847964     
  0.992066383346236     
  0.992460474840069     
  0.993042603042682     
  0.993437853940959     
  0.993781149104710     
  0.993833676880343     
  0.994099570968451     
  0.994676992642717     
  0.994978357909591     
  0.995021599398040     
  0.995472039669554     
  0.995695647757095     
  0.995897652079387     
  0.996029874865628     
  0.994440364841401     
  0.983765819656355     
  0.994456641622473     
  0.995536883138125     
  0.996597839348004     
  0.996966574469631     
  0.997083334645051     
  0.991905038093786     
  0.994381682098954     
  0.997394214581856     
  0.997462696005207     
  0.996161860381566     
  0.996954270627308     
  0.997623615950344     
  0.997613288315931     
  0.997356449731060     
  0.997095718601131     
  0.995634215994659     
  0.957556442236948     
  0.875206253809267     
  0.906133625572586     
  0.993057307552089     
  0.997148778469117     
  0.997625560822950     
  0.997862497153999     
  0.997840934526321     
  0.997316127198012     
  0.992850127274707     
  0.884639249264490     
  0.700362638817686     
  0.784703916267176     
  0.795566169764625     
  0.991614112564606     
  0.997356898530527     
  0.997420534265218     
  0.997711602700891     
  0.998543760733090     
  0.998680388024042     
  0.998745644643339     
  0.998793622436458     
  0.998822028556507     
  0.998599075048376     
  0.998740785496048     
  0.997828808679483     
  0.998848501713729     
  0.998992478011847     
  0.999021544028966     
  0.998970482241054     
  0.998999003363839     
  0.999092087449020     
  0.999113728414137     
  0.999132489109576     
  0.999151924378385     
  0.999169267325285     
  0.999179604454639     
  0.998939463371504     
  0.998875703583775     
  0.999177548307190     
  0.999232544297913     
  0.999111538429232     
  0.998757125674462     
  0.999279329835458     
  0.999306029625245     
  0.999317844307897     
  0.999261048757341     
  0.998147038047055     
  0.999011359463422     
  0.999357336953876     
  0.999372804095200     
  0.999377164926693     
  0.999320094221417     
  0.999265505147294     
  0.999390874109901     
  0.999185774013218     
  0.999400828732641     
  0.999398005430347     
  0.999385529035164     
  0.999356413255501     
  0.999293508944905     
  0.999136880654165     
  0.997522444215405     
  0.962804098598406     
  0.971809871150712     
  0.997795569011645     
  0.985742778868770     
  0.934894533326207     
  0.975463970596650     
  0.998505113291994     
  0.999036294114091     
  0.999263191584953     
  0.999313249176779     
  0.999224004288687     
  0.998070636123125     
  0.945057799930358     
  0.904983704404611     
  0.975890357219249     
  0.995818005976931     
  0.999356014097958     
  0.999433254812184     
  0.999432084049621     
  0.999588265780988     
  0.999604182651937     
  0.999615746899919     
  0.999624745925485     
  0.999632513012112     
  0.999639328949532     
  0.999637220072027     
  0.999587398874755     
  0.999656831691440     
  0.999662300972919     
  0.999663397553066     
  0.999615588952552     
  0.999467028404982     
  0.999665700132466     
  0.999522727851596     
  0.999652032922478     
  0.999621865427511     
  0.999275422839473     
  0.999671307876047     
  0.999694376279232     
  0.999700104673535     
  0.999684131387773     
  0.999698542354140     
  0.999687823866994     
  0.999577700939156     
  0.998364275896508     
  0.997570624453443     
  0.999414341691731     
  0.999673276500917     
  0.999653581107694     
  0.999365126957345     
  0.996281807784426     
  0.999350968703064     
  0.999692131413149     
  0.999727217625446     
  0.999713630194907     
  0.999738324003548     
  0.999719109335146     
  0.999720746547363     
  0.999746708454860     
  0.999749387003542     
  0.999751709823433     
  0.999753204647236     
  0.999754391308216     
  0.999755685811914     
  0.999730508877903     
  0.999719683281389     
  0.999651473680195     
  0.988975857733202     
  0.995211720606609     
  0.999727533911573     
  0.999727305329135     
  0.999767717137606     
  0.999771364437697     
  0.999773618905469     
  0.999746089563574     
  0.999764260915648     
  0.999760462220095     
  0.999741873479293     
  0.999461782955720     
  0.999009490981901     
  0.999648578542335     
  0.999639923267641     
  0.999779243757977     
  0.999781479954099     
  0.999778069099210     
  0.999741513330716     
  0.999562949000208     
  0.999729260785391     
  0.987687245913264     
  0.985741023584354     
  0.970087483464850     
  0.949388640909261     
  0.998446955668117     
  0.999669229697043     
  0.999497028121907     
  0.999063107901764     
  0.993328095475201     
  0.998816702986659     
  0.999632619077980     
  0.999772407181176     
  0.999768690718850     
  0.999728595283835     
  0.999402092174126     
  0.982278359472181     
  0.916260394909471     
  0.990207818103252     
  0.999442938728357     
  0.999166260656844     
  0.999602288482652     
  0.999782923993396     
  0.999797763059095     
  0.999799643158670     
  0.999807474543232     
  0.999809447589231     
  0.999811348344004     
  0.999806991644173     
  0.999766983516726     
  0.999453687519450     
  0.999015394424555     
  0.999461854530400     
  0.999817119134119     
  0.999818402887668     
  0.999818787939735     
  0.999814219480102     
  0.999628416141220     
  0.999716002896889     
  0.999811369336923     
  0.999821865275466     
  0.999823467707313     
  0.999823395695229     
  0.999823593445352     
  0.999820735455435     
  0.999825324497773     
  0.999825221139559     
  0.999762197867340     
  0.998898732999370     
  0.999763006669156     
  0.999811550234160     
  0.999532337361977     
  0.999595027171043     
  0.998094125306175     
  0.999814589273534     
  0.999811752485397     
  0.999672033990222     
  0.998657205945731     
  0.984135880752405     
  0.999267190208739     
  0.999740690556134     
  0.999731921303527     
  0.999155596387937     
  0.998145048122819     
  0.999519535924377     
  0.999785306891613     
  0.999803288673199     
  0.999787384563390     
  0.999748695097912     
  0.997397314959053     
  0.981204537110070     
  0.996607011221835     
  0.999726218434254     
  0.999696944763723     
  0.986373649114163     
  0.985900776801865     
  0.999513464193556     
  0.999797957107995     
  0.999787197025412     
  0.998679971061179     
  0.997475054494804     
  0.999695316851116     
  0.999800854143740     
  0.999774279937302     
  0.999819131223797     
  0.999817659465479     
  0.999816075632649     
  0.999813123850110     
  0.999807597716393     
  0.999672753639734     
  0.999700833737868     
  0.999747576781565     
  0.999758244848118     
  0.999669477488229     
  0.998743264633399     
  0.989185207129710     
  0.934421997232759     
  0.922860190346325     
  0.986809734006939     
  0.996760756072171     
  0.973755162039466     
  0.964820068649231     
  0.995374103864340     
  0.999231053245816     
  0.999105638437311     
  0.997534234813720     
  0.999488441429999     
  0.999600429250519     
  0.998611806023046     
  0.973722204488755     
  0.845511570319390     
  0.994769457894744     
  0.999278322404490     
  0.999573758445070     
  0.999737275041816     
  0.999750735286051     
  0.999749620774617     
  0.999680325645211     
  0.999099432331786     
  0.999047736125250     
  0.998520255697443     
  0.999287581213529     
  0.997942754879457     
  0.928274368012431     
  0.858931904458880     
  0.987624428893982     
  0.994656265623779     
  0.952018395224631     
  0.885890253664770     
  0.967597542213185     
  0.995892687488489     
  0.985983988635315     
  0.968584690838230     
  0.992839018146260     
  0.992712241404744     
  0.946064436539240     
  0.946027105556304     
  0.993106967906912     
  0.998939230162660     
  0.999341114258861     
  0.999190424687864     
  0.997140743360771     
  0.977566129536795     
  0.918956512707115     
  0.937681695891931     
  0.992631256353676     
  0.998309019628383     
  0.995639744405543     
  0.986065146225948     
  0.994644237351356     
  0.999374852785677     
  0.996737943563820     
  0.984689970700300     
  0.993616861778068     
  0.961903580124963     
  0.981848449843311     
  0.998033084157715     
  0.999619954439790     
  0.999701506511905     
  0.999286027728563     
  0.999683265084903     
  0.999772118708461     
  0.999733112881121     
  0.999775093842539     
  0.999745415729303     
  0.999687040688944     
  0.999559405679275     
  0.999701224484274     
  0.999769873755608     
  0.999773553070685     
  0.999772442031485     
  0.999749801732307     
  0.999563145202916     
  0.999768860024935     
  0.999764567381396     
  0.999766784938205     
  0.999766488625902     
  0.999763183693676     
  0.999744528135153     
  0.999759771410561     
  0.999757340081288     
  0.999753721437569     
  0.999749888880426     
  0.999743972737294     
  0.999725412803524     
  0.999467012141798     
  0.996406927656445     
  0.991216420385047     
  0.999370884663502     
  0.994254773350555     
  0.944546639498216     
  0.994172782532891     
  0.999631059265539     
  0.999660269004658     
  0.999433345760714     
  0.997163748415118     
  0.971306186578297     
  0.957834560586610     
  0.994264073753104     
  0.999151532440582     
  0.999615888983253     
  0.999466948342878     
  0.999177842662563     
  0.999471039719073     
  0.999650166382881     
  0.998516642634654     
  0.994169083645073     
  0.999053831250396     
  0.992736446118864     
  0.999635564922722     
  0.999646955309799     
  0.999654421191347     
  0.999658784409231     
  0.999655583270854     
  0.999650035976112     
  0.999644554808709     
  0.999638742748219     
  0.999626078419173     
  0.999610052087857     
  0.999589277552987     
  0.999531395563412     
  0.999599216543916     
  0.999591400310362     
  0.999395792687412     
  0.999422589184757     
  0.999549593727158     
  0.999398570247465     
  0.999373549360520     
  0.999470990933602     
  0.999102831762025     
  0.995400991229487     
  0.976525048350851     
  0.995076726651002     
  0.999252561504013     
  0.999352278113102     
  0.998619285798498     
  0.994593143029181     
  0.997064964046646     
  0.998230580710772     
  0.965027721048438     
  0.981729516634643     
  0.817374046739704     
  0.919091203016478     
  0.997501599218792     
  0.999070955546964     
  0.999233251169785     
  0.999238743596123     
  0.999203433968842     
  0.999069391962254     
  0.997980650951502     
  0.968120682422264     
  0.908912425772827     
  0.989010246000573     
  0.997768740143006     
  0.990544636887201     
  0.993287934694015     
  0.998716792355321     
  0.999069350409039     
  0.999088545089847     
  0.999073936737441     
  0.999031568057276     
  0.999032495659103     
  0.999009274408604     
  0.998983131748471     
  0.998948309129920     
  0.998924756740208     
  0.998892515718399     
  0.998848033516564     
  0.998732298499529     
  0.998325081603800     
  0.998395109185854     
  0.998663950634459     
  0.998659627653043     
  0.997879793796404     
  0.998560416485268     
  0.998526600877886     
  0.998349509651488     
  0.998132473206020     
  0.998344047843859     
  0.998254931159883     
  0.997878070726595     
  0.988563114244855     
  0.992702163751241     
  0.967500663486532     
  0.950409400600099     
  0.993219551411680     
  0.994064486469981     
  0.976542640069829     
  0.989284986728617     
  0.993451494063679     
  0.986595066849452     
  0.994460845040824     
  0.995495829284493     
  0.997026769036437     
  0.996892777762004     
  0.996741802112758     
  0.996576050520247     
  0.996356869373900     
  0.996200723879920     
  0.995997909155438     
  0.995767619412539     
  0.995522991450955     
  0.995276093110311     
  0.994250785136850     
  0.982762375485428     
  0.993587754542346     
  0.993992418847654     
  0.993590281859896     
  0.993120659125520     
  0.992901059784991     
  0.992592152539710     
  0.992203495962960     
  0.991771477020298     
  0.991300075069528     
  0.990828013685017     
  0.990297498378107     
  0.989691214691918     
  0.989106006817154     
  0.988329131445645     
  0.987552479615149     
  0.986707682657646     
  0.985710932386051     
  0.982652622205707     
  0.975698727737936     
  0.976721065340067     
  0.980657866374859     
  0.979748581403175     
  0.978348791897890     
  0.976363515048777     
  0.975262709939955     
  0.973564456919828     
  0.971977907072041     
  0.970263337280311     
  0.968625522965176     
  0.967177793443445     
  0.965847544000096     
  0.964402711639075     
  0.962905626176908     
  0.962172147603934     
  0.963068724634734     
  0.964588037086216     
  0.966007364649972     
  0.967381145840776     
  0.968852731810682     
  0.970287110910067     
  0.971397392618938     
  0.973490764253747     
  0.975390942251596     
  0.976931160006395     
  0.978555032977268     
  0.979934136060206     
  0.981332240011810     
  0.982611524490359     
  0.983727278862142     
  0.984832886683560     
  0.985739771282306     
  0.986719980119418     
  0.987615605665777     
  0.987230873587313     
  0.988923437215395     
  0.989612786774574     
  0.990356689212917     
  0.990156823701611     
  0.981180616167797     
  0.980647890193700     
  0.989382220955115     
  0.992543472646263     
  0.992755875792065     
  0.993382211947750     
  0.993726430126387     
  0.994104434637368     
  0.994438432642740     
  0.994654849458899     
  0.994680441278823     
  0.991416321122218     
  0.968293278252888     
  0.983132711380243     
  0.995120546487556     
  0.996123804612762     
  0.996421829434990     
  0.996614635913263     
  0.996636984523207     
  0.994744664331955     
  0.991808820407273     
  0.996548420580541     
  0.997252625601516     
  0.997413666076197     
  0.997582208807694     
  0.997705910016720     
  0.997799642136241     
  0.997888925537087     
  0.997973312958742     
  0.998052628454974     
  0.998126486265778     
  0.998195466586302     
  0.998259885993689     
  0.998072604101698     
  0.998374750078625     
  0.998437040581439     
  0.998489785148164     
  0.998533908081884     
  0.998584191701187     
  0.998466111828452     
  0.997994600807139     
  0.998703234675067     
  0.998747955120082     
  0.998782932136606     
  0.998814633021883     
  0.998843416290136     
  0.998869459585833     
  0.998891715510648     
  0.998910965052454     
  0.998924676691823     
  0.998925724025914     
  0.998826017508640     
  0.998706986863693     
  0.998698271949878     
  0.998396744382329     
  0.998778830597649     
  0.998636331144934     
  0.998328440523405     
  0.997481064752386     
  0.989782857856676     
  0.910536776743352     
  0.490173477615233     
  0.754822607380976     
  0.988338213302446     
  0.996947894978236     
  0.990321553954251     
  0.989155928017977     
  0.994153461155756     
  0.997330711075888     
  0.999158169936471     
  0.999101505375139     
  0.998721246907698     
  0.994242523541263     
  0.997098986129691     
  0.998696763640776     
  0.999261376372805     
  0.999388838021695     
  0.999397741867233     
  0.999464558983534     
  0.999491846017588     
  0.999499448084232     
  0.999445705355687     
  0.998959225514983     
  0.997998582294538     
  0.998911042450687     
  0.999492362848963     
  0.999459755268861     
  0.999588202928081     
  0.999600141238678     
  0.999609920051247     
  0.999618261132136     
  0.999625171946263     
  0.999630781989914     
  0.999635599557385     
  0.999636571170504     
  0.999630569676019     
  0.999585123060673     
  0.997078660266624     
  0.995333873825033     
  0.999480648405622     
  0.998197142625929     
  0.984234871352280     
  0.996294489443756     
  0.999093124866445     
  0.999459790685924     
  0.999660115994392     
  0.999694241377617     
  0.999699900696414     
  0.999702643119078     
  0.999568739209218     
  0.993143928563283     
  0.995225986473872     
  0.999684623695770     
  0.999727945270673     
  0.999737762113755     
  0.999733801740904     
  0.999752829971849     
  0.999756451005945     
  0.999760015643339     
