  0.999450670054598     
  0.999442944823076     
  0.999434286090632     
  0.999426295547738     
  0.999418707580655     
  0.999266834904287     
  0.998733016810582     
  0.998227856778191     
  0.997819192162355     
  0.997499010979469     
  0.997331232883509     
  0.997181760166001     
  0.995099243306798     
  0.985672723888114     
  0.974298734453176     
  0.965388843158850     
  0.958866079106385     
  0.954365617925546     
  0.952096444339384     
  0.952279000423895     
  0.954922640553683     
  0.960256789835860     
  0.968169919325872     
  0.978740068040617     
  0.990853896184275     
  0.996807098567253     
  0.998109875986455     
  0.998901951460093     
  0.999251517307075     
  0.999259853152380     
  0.999260968489164     
  0.999257693351176     
  0.999255078271274     
  0.999253261921369     
  0.999252877441419     
  0.999255410993513     
  0.999260488100276     
  0.999260487609186     
  0.999250140425392     
  0.999238278679687     
  0.999226887246529     
  0.999215705506819     
  0.999204490849205     
  0.999192190758747     
  0.999170861046793     
  0.999012716800153     
  0.998694666011585     
  0.998409149373207     
  0.998185631718417     
  0.997921781801984     
  0.996660583801367     
  0.994624085143047     
  0.992535885071415     
  0.990744331649211     
  0.989566829503563     
  0.989025946793708     
  0.989022605301081     
  0.989348117160609     
  0.989897305748352     
  0.991059484693858     
  0.992997442885435     
  0.995578327454956     
  0.997423870522495     
  0.998303992399075     
  0.998791460881145     
  0.998847171837065     
  0.998834980478895     
  0.998813936067026     
  0.998790050418971     
  0.998765333418520     
  0.998732754726128     
  0.998687708345897     
  0.998630313587719     
  0.998436872078873     
  0.998145486637091     
  0.997909955356277     
  0.997741123106691     
  0.997628129867465     
  0.997559994173026     
  0.997540753688226     
  0.997568961719502     
  0.997644159068739     
  0.997703733937660     
  0.997758034134281     
  0.997842435762883     
  0.997792006674171     
  0.997613050726535     
  0.997358616785160     
  0.996941237074207     
  0.996519143242815     
  0.996186046236021     
  0.995979647081866     
  0.995913206984568     
  0.996009145712116     
  0.996166175375017     
  0.996357880065229     
  0.996602366208661     
  0.996863849058635     
  0.997096984370186     
  0.997251759893054     
  0.997215941288200     
  0.997135379927757     
  0.997038796819749     
  0.996937650868924     
  0.996841757320127     
  0.996732881607775     
  0.996614835689386     
  0.996495575360773     
  0.996367673003615     
  0.996235220842653     
  0.996096464361786     
  0.995949741863274     
  0.995791277983564     
  0.995621665096426     
  0.995411040206397     
  0.995113067536217     
  0.992802642497885     
  0.982193975301366     
  0.969179388460049     
  0.959509115963611     
  0.953192603242537     
  0.949469150653821     
  0.947190432060877     
  0.942425093690588     
  0.936955605431367     
  0.935231542962847     
  0.936162486801860     
  0.941240357112178     
  0.947479855810050     
  0.947957184892994     
  0.948102519733748     
  0.950438601809235     
  0.954477860607610     
  0.958000192588743     
  0.961907920739255     
  0.959766444562844     
  0.952792913513347     
  0.941352551556836     
  0.929087007546195     
  0.920107900565106     
  0.915073119923051     
  0.913215710769392     
  0.914323425245150     
  0.918617984801887     
  0.924495926966623     
  0.929848952707402     
  0.937300545366071     
  0.942650579633497     
  0.942438619057704     
  0.932437460869458     
  0.921083867339308     
  0.910252115277924     
  0.899459711325576     
  0.888360787156925     
  0.877152355680332     
  0.867235686825381     
  0.859448259473185     
  0.854809952982151     
  0.854180469237468     
  0.856873757963586     
  0.859070344064772     
  0.858026572173450     
  0.854022881214570     
  0.843480930648516     
  0.822116386534808     
  0.789453968010112     
  0.749346613356216     
  0.708169047101332     
  0.672099509776031     
  0.646264735019898     
  0.633890116327841     
  0.634911698126730     
  0.648935855921274     
  0.676879725194182     
  0.715364042902225     
  0.759036371727029     
  0.800821075580490     
  0.836347401192443     
  0.864366628835159     
  0.885828080057802     
  0.902578559295473     
  0.916355411557259     
  0.928044494314916     
  0.937945440078028     
  0.946230098939999     
  0.953063146943606     
  0.958591272490514     
  0.963042837148972     
  0.966713810690251     
  0.969839443357845     
  0.972523137118470     
  0.974846636091401     
  0.976944362220560     
  0.978888414895065     
  0.980687563913501     
  0.982324399831750     
  0.983780238541176     
  0.985112898663262     
  0.986337386942499     
  0.987457417561678     
  0.988470449417662     
  0.989253901358441     
  0.990076426741144     
  0.990815846866172     
  0.991480453031590     
  0.992082692721909     
  0.992648564998185     
  0.993146735841361     
  0.993548049242049     
  0.993890624078537     
  0.994203311797418     
  0.994499929694169     
  0.994787648063937     
  0.994962176578801     
  0.994725452964040     
  0.994417356181740     
  0.994199609343349     
  0.994085960228716     
  0.994083173787782     
  0.994166170367594     
  0.994094416489511     
  0.994019361371963     
  0.994126009143427     
  0.994448326182930     
  0.994949389253184     
  0.995498390414868     
  0.995761981133710     
  0.995925488523468     
  0.996107368432125     
  0.996338699710600     
  0.996562592199790     
  0.995377598897532     
  0.989755157565198     
  0.982285507426833     
  0.976346161836427     
  0.972110512358207     
  0.969412628439022     
  0.968507009791176     
  0.968966749657766     
  0.970929765663616     
  0.974425338026721     
  0.974628234853874     
  0.966818926254654     
  0.952852877159639     
  0.933881750603768     
  0.917156005000178     
  0.906080473705198     
  0.900147350814964     
  0.900108503781310     
  0.904626054226719     
  0.914515005263617     
  0.930094050275800     
  0.951359330430933     
  0.973704189120205     
  0.989130445850647     
  0.997389277770022     
  0.998408932435959     
  0.998502999161883     
  0.998591044899776     
  0.998658571514589     
  0.998687018056930     
  0.998713477828312     
  0.998750073588749     
  0.998795173693511     
  0.998850992185365     
  0.998916752543992     
  0.998985205420694     
  0.999049156815737     
  0.999073280933793     
  0.999075918803389     
  0.999078657943517     
  0.999087939440692     
  0.999090648437289     
  0.999075839973391     
  0.999068147674355     
  0.999070025069637     
  0.999081357305094     
  0.999097823511134     
  0.999087684185770     
  0.999073506210981     
  0.999069248839705     
  0.999071296213632     
  0.999086714697146     
  0.999112920411715     
  0.999133792707192     
  0.999150341383386     
  0.999171812022411     
  0.999208885440719     
  0.999261604860350     
  0.999317457872620     
  0.999334724816541     
  0.999334109470745     
  0.999323232326789     
  0.999164429456288     
  0.997804007783413     
  0.995413027675612     
  0.993427890161929     
  0.991475353242316     
  0.987846157741034     
  0.983769736277884     
  0.981012637481393     
  0.979665427200627     
  0.979531636468662     
  0.980573292823750     
  0.982887975224858     
  0.985991400578433     
  0.986623841608513     
  0.984019298695165     
  0.982212233051433     
  0.981224092850462     
  0.979381202355507     
  0.977844150687453     
  0.977448489342347     
  0.978249053448599     
  0.980235549524903     
  0.983497978175472     
  0.988212737487254     
  0.994139786828982     
  0.998219218228791     
  0.999356692834556     
  0.999569888154054     
  0.999594849309766     
  0.999614167263384     
  0.999627261737401     
  0.999630878415038     
  0.999625798817513     
  0.999620254001552     
  0.999612912545609     
  0.999606959593239     
  0.999603464009741     
  0.999589710876809     
  0.999581800980429     
  0.999577763665397     
  0.999580701863144     
  0.999590035096016     
  0.999606363628233     
  0.999621585155629     
  0.999632548305771     
  0.999606648586057     
  0.999508616523832     
  0.999404009863433     
  0.999320276073758     
  0.999247405749510     
  0.999183019065318     
  0.999063348878836     
  0.998972162257079     
  0.998934996816672     
  0.998947931701763     
  0.999010825717975     
  0.999114066176963     
  0.999207378005517     
  0.999270889810718     
  0.999353667558852     
  0.999460243391711     
  0.999588714478537     
  0.999705609914755     
  0.999730751545651     
  0.999735326512918     
  0.999738149444938     
  0.999739757317663     
  0.999717081606834     
  0.999359743209951     
  0.998768262489718     
  0.998315132057839     
  0.998029209359763     
  0.997866590610973     
  0.997795489697060     
  0.997812371903143     
  0.997910492287120     
  0.998106118610518     
  0.998437893831832     
  0.998939533709644     
  0.999509343063396     
  0.999696292565113     
  0.999669694237068     
  0.999639959254974     
  0.999619601786177     
  0.999609065775150     
  0.999607110037710     
  0.999612896606788     
  0.999621322865184     
  0.999618972050694     
  0.999200942187039     
  0.998116891733727     
  0.996205354585316     
  0.993140188467598     
  0.990581811865262     
  0.988883829585854     
  0.987886989797599     
  0.987456942433350     
  0.987486028821295     
  0.988108922279716     
  0.989513072587610     
  0.991744388898216     
  0.994244123354994     
  0.996641231859026     
  0.998459775958630     
  0.997926127834637     
  0.994554587892922     
  0.991090197534282     
  0.988621679652377     
  0.987003980608828     
  0.985975472420319     
  0.985616988309864     
  0.986069525860037     
  0.987215282913185     
  0.989169771261034     
  0.991870706372334     
  0.995430169806952     
  0.998779228329103     
  0.999705825742870     
  0.999750304356220     
  0.999743808018821     
  0.999707349434621     
  0.999669375236847     
  0.999644486185513     
  0.999632621081463     
  0.999631348173426     
  0.999634107370927     
  0.999640957213286     
  0.999656505444535     
  0.999682342376171     
  0.999719597555210     
  0.999759025384230     
  0.999778897909814     
  0.999782559414326     
  0.999788533321694     
  0.999796548002254     
  0.999800823654511     
  0.999779695303843     
  0.999750166639056     
  0.999725622664073     
  0.999701644130479     
  0.999668740313406     
  0.999597447637461     
  0.999542882646389     
  0.999510966335916     
  0.999498990364769     
  0.999425873307586     
  0.998983220196356     
  0.998540830079491     
  0.998180086401317     
  0.997900416254321     
  0.997755835775321     
  0.997682387775616     
  0.997738507377613     
  0.997912245866332     
  0.998184344121006     
  0.998579853226566     
  0.999070773572655     
  0.999308356513806     
  0.998630476613843     
  0.997864816890131     
  0.997333505515278     
  0.996990694700262     
  0.996322871138922     
  0.995198656333020     
  0.994405662955610     
  0.994055633468799     
  0.994099580717241     
  0.994468250330125     
  0.995148032173295     
  0.995966646501095     
  0.996407842344759     
  0.996909530337412     
  0.997714860872321     
  0.998749319748765     
  0.999337137655741     
  0.999419496497411     
  0.999489013246269     
  0.999583502382182     
  0.999702152471744     
  0.999778934801184     
  0.999780702112399     
  0.999773022241657     
  0.999755229333783     
  0.999432298164351     
  0.997192050529413     
  0.992481332879727     
  0.987520244994067     
  0.983287115758515     
  0.979300021594850     
  0.975608197862048     
  0.973611805921371     
  0.973674489749682     
  0.975536002848716     
  0.978897773812201     
  0.983298974263517     
  0.988281415210668     
  0.991870785269023     
  0.990845230092724     
  0.986555414946720     
  0.983238934654976     
  0.980712544848105     
  0.978399301709597     
  0.976793102474637     
  0.976443109738408     
  0.977444943606108     
  0.979435014349040     
  0.982786433026931     
  0.987474092730561     
  0.993633418332484     
  0.998807980165193     
  0.999271139955207     
  0.996324182715151     
  0.988970405258591     
  0.981992206361615     
  0.976796228248293     
  0.971779179625272     
  0.964880412039429     
  0.958456700558360     
  0.954394370104038     
  0.952442162109399     
  0.952568103342328     
  0.956168372308505     
  0.963471111297338     
  0.968898211510607     
  0.969891031832063     
  0.971820568042716     
  0.975571957030135     
  0.978927469593928     
  0.980124261409356     
  0.981376814745266     
  0.982786167451436     
  0.982011864274863     
  0.979616846755521     
  0.978484615942785     
  0.978808252008827     
  0.978585643252995     
  0.977419329741638     
  0.977030733527792     
  0.978005408136296     
  0.980051508749605     
  0.983053832915551     
  0.986973604214577     
  0.990192348707127     
  0.991087897560179     
  0.990186706544909     
  0.989327617204591     
  0.989056745086341     
  0.989379985898394     
  0.990056109087542     
  0.991302474968934     
  0.993204021313476     
  0.995337315951711     
  0.997323994694434     
  0.999055675117311     
  0.999642397249831     
  0.999682223459397     
  0.999690693592304     
  0.999704344675581     
  0.999720307289503     
  0.999722531754989     
  0.999717088747729     
  0.999716477425351     
  0.999719304311102     
  0.999726086277935     
  0.999735471241029     
  0.999741358016265     
  0.999743364664034     
  0.999744487903869     
  0.999747455611712     
  0.999752527488454     
  0.999759843558092     
  0.999763749838974     
  0.999761233551171     
  0.999748953021952     
  0.999595293418333     
  0.999142603818935     
  0.998727408857933     
  0.997959742822765     
  0.995679412450249     
  0.993465743123659     
  0.991992986017889     
  0.991148964806159     
  0.990751442264661     
  0.990679016642152     
  0.990273307966099     
  0.989034318594736     
  0.988035843141525     
  0.987655769083108     
  0.988325176655503     
  0.989448970897135     
  0.989718092213244     
  0.990345192810780     
  0.991611511617825     
  0.993194122934731     
  0.995071103190017     
  0.996900525273466     
  0.998012612029462     
  0.998106575117757     
  0.997949604209291     
  0.997853557566403     
  0.997869040194788     
  0.997942657300450     
  0.998096418264056     
  0.998343063595943     
  0.998719203454162     
  0.999123370685692     
  0.999382462910195     
  0.999636410435416     
  0.999645403042465     
  0.999636608681366     
  0.999627854550217     
  0.999605787432751     
  0.999579940807684     
  0.999558445878775     
  0.999535637572255     
  0.999513665393388     
  0.999491888032457     
  0.999459866300513     
  0.999271774239897     
  0.998404486019776     
  0.997290056180751     
  0.996411045174828     
  0.995801003085901     
  0.995400120118870     
  0.995085033919299     
  0.994956705492701     
  0.995005228344916     
  0.994302088782446     
  0.992701867505819     
  0.985955226756570     
  0.976737405208542     
  0.969236437223717     
  0.963927566758909     
  0.961043321758105     
  0.960228513893360     
  0.961327725321002     
  0.964747652171992     
  0.970159081586500     
  0.976559228133653     
  0.981165630091626     
  0.985988642853723     
  0.985913536582779     
  0.983488024530335     
  0.981711646884066     
  0.980903200890344     
  0.981171193672309     
  0.982458655492430     
  0.984853565427046     
  0.988441719101526     
  0.993185206322548     
  0.996953760599532     
  0.997949478102788     
  0.998434994851187     
  0.998885442338463     
  0.999048001497977     
  0.999034980468033     
  0.999008916633027     
  0.998969153244098     
  0.998916006773890     
  0.998858697607105     
  0.998798751187455     
  0.998723827422717     
  0.998656952043962     
  0.998606444161072     
  0.998565521784193     
  0.998525259727932     
  0.998494151151741     
  0.998466276496463     
  0.998402494153544     
  0.998032795134595     
  0.997452331089098     
  0.995989427916255     
  0.993174190993425     
  0.990389481773817     
  0.988073464868146     
  0.985800753120556     
  0.983938124546636     
  0.982907481579316     
  0.982642797036625     
  0.983320770196396     
  0.984936482562400     
  0.987193885285280     
  0.989946709318455     
  0.991800432437410     
  0.992871432192928     
  0.993769193843243     
  0.994924237232632     
  0.995636959561935     
  0.996062932025040     
  0.996406026189528     
  0.996427398551033     
  0.996239304909646     
  0.995631477616905     
  0.994947917271066     
  0.994388903740221     
  0.993939282723054     
  0.993557268844684     
  0.993222565824920     
  0.992947418693350     
  0.992727280869782     
  0.992584765730398     
  0.992555314187928     
  0.992652848536631     
  0.992695021730764     
  0.992381435181002     
  0.991970903233257     
  0.991528474408081     
  0.991047338599930     
  0.990517810764525     
  0.989935261349840     
  0.989221259133800     
  0.988173465579851     
  0.986886821427497     
  0.985590869892804     
  0.984342114832746     
  0.983125209137322     
  0.981930987403844     
  0.980791384358756     
  0.979703534567170     
  0.978668099230055     
  0.977695772128817     
  0.976786962124580     
  0.975807944747438     
  0.974522643768946     
  0.973054217782857     
  0.971568223387262     
  0.970115101082481     
  0.968762307042846     
  0.967602314308888     
  0.966726449592621     
  0.966187758834614     
  0.966019591187089     
  0.966227339441134     
  0.966779340984053     
  0.967655931550025     
  0.968817917402176     
  0.970182201258778     
  0.971654417642102     
  0.973132808792135     
  0.974592806373779     
  0.976092377421884     
  0.977585000590221     
  0.979040610591582     
  0.980439714368419     
  0.981760081079058     
  0.982975720483918     
  0.984071364853720     
  0.985076256791412     
  0.986008445321267     
  0.986884039718578     
  0.987677035924859     
  0.988117643449228     
  0.988095080257266     
  0.987983920038943     
  0.987966036853815     
  0.988079903652089     
  0.988366494776154     
  0.988840030062316     
  0.989479414736755     
  0.990279933965106     
  0.991219261448694     
  0.992153671385567     
  0.993116228450533     
  0.992954711704448     
  0.991934699432860     
  0.991002592197563     
  0.990355211872847     
  0.990001670325171     
  0.989977608771833     
  0.990310762340177     
  0.990924449426075     
  0.991698569446399     
  0.992757528027136     
  0.994133889151703     
  0.995443803504192     
  0.995942503030844     
  0.996093059472528     
  0.996286376113978     
  0.996539822306622     
  0.996842601260462     
  0.997180954552207     
  0.997539480948161     
  0.997817508060575     
  0.997939796276518     
  0.998023174185084     
  0.998099251868886     
  0.998167214537322     
  0.998231055658641     
  0.998291658436223     
  0.998351350871445     
  0.998394900598958     
  0.998410311448899     
  0.998431229355082     
  0.998459987048588     
  0.998496385014103     
  0.998539118005659     
  0.998576551591656     
  0.998622232110343     
  0.998668539680051     
  0.998722399958811     
  0.998781278049776     
  0.998847080055272     
  0.998892048577090     
  0.998901512814550     
  0.998895897375057     
  0.998869668608218     
  0.998840093653881     
  0.998807403486431     
  0.998761031638975     
  0.998673930291369     
  0.998245355420575     
  0.993518208608473     
  0.972375448044121     
  0.943611826656857     
  0.920434724264665     
  0.903855844246376     
  0.892798706679319     
  0.887924362467842     
  0.889998960510769     
  0.897739409438433     
  0.912472998966539     
  0.933090665529581     
  0.958882197351341     
  0.984232862968418     
  0.995141641661581     
  0.995997372849759     
  0.996557106566991     
  0.997302700654812     
  0.997886583757553     
  0.998191753821598     
  0.998390743169147     
  0.998559891127206     
  0.998772955710808     
  0.999017542621669     
  0.999233040528497     
  0.999293157494499     
  0.999253706351401     
  0.999192886057709     
  0.999151554143215     
  0.999142689552611     
  0.999173296896506     
  0.999238422010022     
  0.999326700950643     
  0.999422671662620     
  0.999516220109956     
  0.999589593606651     
  0.999617817470033     
  0.999623957936995     
  0.999530098401795     
  0.999273199859557     
  0.999043078918886     
  0.998779011920334     
  0.998084721899967     
  0.997307606592932     
  0.996774151386295     
  0.996479692494484     
  0.996380887327292     
  0.996435360187220     
  0.996673452726551     
  0.997074101211355     
  0.997493340145114     
  0.997765686864631     
  0.998063771846116     
  0.998438058704786     
  0.998434468192914     
  0.998351365358341     
  0.998311057209600     
  0.998321732817022     
  0.998387981841634     
  0.998524028909226     
  0.998754644463313     
  0.999061986572837     
  0.999407360459725     
  0.999524485637169     
  0.999498186566673     
