  0.997628778637981     
  0.998130180450641     
  0.998436198827886     
  0.998790591125698     
  0.998502692837999     
  0.996418666316798     
  0.994061305553929     
  0.991401219298892     
  0.988765993195929     
  0.986809395333874     
  0.984298295852039     
  0.983086303614588     
  0.981584863367774     
  0.980558818884899     
  0.978468604628876     
  0.979094222368466     
  0.977691810074172     
  0.976604319869818     
  0.978692897526011     
  0.975582760000301     
  0.979727191530826     
  0.977204779763833     
  0.978889052005981     
  0.980389321527319     
  0.980176736171040     
  0.982960533636361     
  0.983706842986917     
  0.985676736639388     
  0.988085693692749     
  0.989986597844353     
  0.992547757875468     
  0.995478898868053     
  0.997968704244865     
  0.998878583325681     
  0.999088386593326     
  0.999208588603850     
  0.999249374804003     
  0.999225115739673     
  0.999159355933795     
  0.999095910869934     
  0.999035030659767     
  0.998961180377447     
  0.998698138947579     
  0.998215951371263     
  0.997706795921898     
  0.997080494616810     
  0.996592868711285     
  0.996059879966840     
  0.995385126938103     
  0.995545009951872     
  0.994846339377135     
  0.994772301004916     
  0.994931452390342     
  0.993906492782493     
  0.995020747707751     
  0.993997496318400     
  0.993988893891569     
  0.994940334974551     
  0.993925461075015     
  0.994822866156284     
  0.994553813930555     
  0.994751344998557     
  0.995260459369025     
  0.995320130059681     
  0.995669668453272     
  0.996177032751337     
  0.996555250107639     
  0.996942167446826     
  0.997429517543399     
  0.997946840673895     
  0.998193455643267     
  0.998289800826146     
  0.998351020375791     
  0.998259253077984     
  0.998215586157662     
  0.998198168983764     
  0.998021265185221     
  0.998082462262623     
  0.997964826588201     
  0.997802066518537     
  0.997826055786559     
  0.997613490762816     
  0.997540112202391     
  0.997424894960686     
  0.997341688387323     
  0.997243850750849     
  0.997141090785094     
  0.997078914067994     
  0.996984936357289     
  0.996907562309673     
  0.996994567174734     
  0.996846916974014     
  0.996942178326567     
  0.996995207042159     
  0.996635901320233     
  0.996874058216339     
  0.996763339670010     
  0.996719244826103     
  0.996825395662515     
  0.996687613142817     
  0.996751136885704     
  0.996771946482871     
  0.996694374044174     
  0.996649635696025     
  0.996644038516756     
  0.996569677531737     
  0.996528789917189     
  0.996425443592312     
  0.996046803952732     
  0.994221923345495     
  0.991259815151858     
  0.988441122856854     
  0.985717882831666     
  0.983328388740806     
  0.981508484368690     
  0.978375758057445     
  0.975189850564492     
  0.973116591497134     
  0.967941302837797     
  0.966871055829190     
  0.963186338894992     
  0.958985978858288     
  0.961045561902610     
  0.955259373887328     
  0.955346494914851     
  0.955170137518173     
  0.950422653440498     
  0.950824979816791     
  0.948787913402474     
  0.943263697241451     
  0.943764517205994     
  0.940452883945065     
  0.937550256555428     
  0.938869108592379     
  0.938187169373375     
  0.939513059856809     
  0.937962233239518     
  0.939820902113270     
  0.935773329295063     
  0.936575819132506     
  0.938079931388381     
  0.928488652622266     
  0.935577202161952     
  0.927711471921673     
  0.924072307767166     
  0.923868892673088     
  0.914548246598920     
  0.914941583581167     
  0.908146608686804     
  0.904474512332714     
  0.902145270101042     
  0.898270296011033     
  0.898086509428959     
  0.891917694742226     
  0.890810694268704     
  0.885633658612794     
  0.876356597434459     
  0.867203361883452     
  0.852351637116347     
  0.838733912105391     
  0.824725967954924     
  0.810352206289701     
  0.797983873051344     
  0.786918935796413     
  0.777305116394174     
  0.769593867805751     
  0.764032248308836     
  0.760191033308282     
  0.757425631248929     
  0.756833114095048     
  0.757674768523506     
  0.760204703293327     
  0.764383265411171     
  0.770037259140132     
  0.777886480556705     
  0.786663235123246     
  0.797404371953193     
  0.809889765961795     
  0.823803544425794     
  0.839349485717935     
  0.855884167203589     
  0.873246188753191     
  0.890720676050094     
  0.907158682830010     
  0.921539619711468     
  0.933413540647982     
  0.942905116097786     
  0.950441250417232     
  0.956588055939614     
  0.961734786236595     
  0.966104738775949     
  0.969812334922463     
  0.972979691225112     
  0.975708564290151     
  0.978036863302275     
  0.980003369493471     
  0.981786891795625     
  0.983320548305833     
  0.984672723960913     
  0.985964956136488     
  0.986995730578628     
  0.987954247298099     
  0.988828986296874     
  0.989673575594076     
  0.990492942892334     
  0.991125824313308     
  0.991693808240286     
  0.992113687056475     
  0.992501500247872     
  0.992827758469890     
  0.993136073335594     
  0.993451287760522     
  0.993616423659641     
  0.993815829513612     
  0.994052801687835     
  0.994053901017228     
  0.994391181579205     
  0.994427401788687     
  0.994316846637109     
  0.994913473223922     
  0.994640201332858     
  0.994934593675309     
  0.995098877105000     
  0.994570874560767     
  0.994079206037253     
  0.992171245108241     
  0.990766390706777     
  0.990039733195941     
  0.988307819821555     
  0.987365411258690     
  0.986960716778320     
  0.986064966054394     
  0.985401272878142     
  0.983959540151053     
  0.979962781575754     
  0.975264673156963     
  0.969679556870693     
  0.964275484578058     
  0.961661605151878     
  0.957364968668036     
  0.954594236519086     
  0.950515282124289     
  0.950493734754430     
  0.947601628295781     
  0.944991093500266     
  0.950914377108896     
  0.942556131041579     
  0.951962047125440     
  0.945898830847244     
  0.949625243056114     
  0.955790937316304     
  0.952416925468082     
  0.961840477427136     
  0.959039157299358     
  0.963528413339898     
  0.966711166138955     
  0.969019575064795     
  0.974093248108223     
  0.978136676041376     
  0.982745614876188     
  0.988195004527910     
  0.993401707651902     
  0.996745330182523     
  0.998567753052523     
  0.998839015999947     
  0.998865305192526     
  0.998924255733162     
  0.998950941182753     
  0.998968248216118     
  0.998999572758129     
  0.999008580131058     
  0.999023372555888     
  0.999037268158037     
  0.999056048357421     
  0.999069191229619     
  0.999080598942804     
  0.999102574169656     
  0.999090015669727     
  0.999120403770204     
  0.999121944781043     
  0.999132535817738     
  0.999142224761253     
  0.999151843637629     
  0.999181566897351     
  0.999164544889343     
  0.999183205897138     
  0.998974655097194     
  0.998497433355796     
  0.998003617739046     
  0.997452296437839     
  0.996581317501638     
  0.995435247456040     
  0.994303684654367     
  0.993468166059662     
  0.992484348710659     
  0.991801130060682     
  0.991567356031917     
  0.990560512132746     
  0.990560459590714     
  0.988933013902669     
  0.987477486385602     
  0.986675722767239     
  0.984835471887467     
  0.984373756393878     
  0.983446323602796     
  0.983335583242267     
  0.982282648583021     
  0.982815020461888     
  0.982935641180260     
  0.982218941723478     
  0.984870334381875     
  0.983335831851955     
  0.985531598129161     
  0.987286057838888     
  0.986486486011642     
  0.989500816806100     
  0.989448890809339     
  0.990729855344608     
  0.991953004180202     
  0.991983955892561     
  0.993081188339543     
  0.994064345656437     
  0.994952008452432     
  0.996112026846164     
  0.997391341392353     
  0.998687282130664     
  0.999394076689452     
  0.999574549507762     
  0.999604353635243     
  0.999600411503684     
  0.999616818039862     
  0.999591637878978     
  0.999582868772232     
  0.999561874086520     
  0.999535521780805     
  0.999539943829743     
  0.999481567676852     
  0.999459771098846     
  0.999416785995965     
  0.999381860890579     
  0.999369382234784     
  0.999341784127280     
  0.999326899192956     
  0.999288240492057     
  0.999331268690595     
  0.999274390831116     
  0.999306424906141     
  0.999323858014464     
  0.999272228100720     
  0.999403691621514     
  0.999319108633670     
  0.999383183991446     
  0.999426520532378     
  0.999352286123331     
  0.999321665856218     
  0.999206757624195     
  0.999145798005017     
  0.999127396738625     
  0.999031209581311     
  0.998943638700829     
  0.999027662091995     
  0.998929752794178     
  0.998868328643260     
  0.999072166595345     
  0.998740924402207     
  0.999015825729231     
  0.998945283370796     
  0.998650450595135     
  0.999081612640428     
  0.998760367234070     
  0.998922044097543     
  0.998984505217765     
  0.998868146112887     
  0.999056680229115     
  0.998982910682520     
  0.998792377135191     
  0.998548789606635     
  0.997965032904462     
  0.997335050704825     
  0.996645175622535     
  0.996169737758281     
  0.996084326068618     
  0.995423532514504     
  0.994651397146125     
  0.994839730902340     
  0.994307795248115     
  0.993930685611197     
  0.994402321789384     
  0.993353522568536     
  0.993624481449131     
  0.993706813682594     
  0.991240565018785     
  0.991991514519097     
  0.990884076105296     
  0.990257023681734     
  0.990894509465325     
  0.989593826240108     
  0.990091293618575     
  0.991004390250709     
  0.990084055099960     
  0.991090689497089     
  0.992034087606302     
  0.991388662050124     
  0.993844820217607     
  0.992711260007324     
  0.993353513618744     
  0.994048764997132     
  0.993383069456892     
  0.994610594435515     
  0.994277965556928     
  0.994950536939637     
  0.995475061721517     
  0.995792245580461     
  0.996494506788193     
  0.997221398112914     
  0.997947711261677     
  0.998807420557851     
  0.999510750242276     
  0.999692980756335     
  0.999735139248404     
  0.999717094125335     
  0.999731342976423     
  0.999727485102078     
  0.999719525277061     
  0.999720883941146     
  0.999719307310223     
  0.999703936770899     
  0.999693288035531     
  0.999685147260175     
  0.999680743504055     
  0.999660826436938     
  0.999607233867515     
  0.999494851045397     
  0.999370599671033     
  0.999316657846717     
  0.999156888010956     
  0.999227799694013     
  0.999090177194475     
  0.998789467021676     
  0.999123790552295     
  0.998733826688270     
  0.998817279850034     
  0.998944192521483     
  0.998109730296137     
  0.998755639177873     
  0.998255180349143     
  0.997892092144813     
  0.998127940201231     
  0.997473582663830     
  0.997414993178919     
  0.997221368498226     
  0.997020312361854     
  0.996742686458385     
  0.996895678662962     
  0.996817671959787     
  0.996388262132545     
  0.996939053616558     
  0.996633507488470     
  0.996515850174313     
  0.997136940109825     
  0.996461690254562     
  0.996792935689246     
  0.997189745515644     
  0.996705443573434     
  0.997421403465920     
  0.997237733941847     
  0.997474705152906     
  0.997906998876148     
  0.997941966343206     
  0.998058701589971     
  0.997633207969456     
  0.996925567837759     
  0.996216046319623     
  0.995405831367869     
  0.994462768543020     
  0.993342428400829     
  0.992191089437837     
  0.991176029994144     
  0.990263421599122     
  0.989414088253863     
  0.988781364497877     
  0.988206325395290     
  0.987052469411487     
  0.985792994182617     
  0.984033186130837     
  0.983376786410008     
  0.982785437508916     
  0.981892116515015     
  0.981496692003320     
  0.982689585385503     
  0.981248491234949     
  0.983140379740391     
  0.982429970074640     
  0.982967653724979     
  0.986507942192852     
  0.982439560448885     
  0.988779491133985     
  0.984855870634803     
  0.983788205286571     
  0.985523402848401     
  0.981573173242687     
  0.982816102621787     
  0.980227068616423     
  0.978675771629533     
  0.978184668940435     
  0.977248263486763     
  0.976103677762399     
  0.975106135099345     
  0.976056332744665     
  0.973881543494444     
  0.974463101082837     
  0.972714263182492     
  0.971378777460568     
  0.971562430327569     
  0.970621371339336     
  0.970708934935424     
  0.970846276149020     
  0.970275235782540     
  0.970870963693251     
  0.971294151719270     
  0.972271376991909     
  0.973805658040374     
  0.975349944966764     
  0.977495615016505     
  0.978899168939867     
  0.979914579867013     
  0.980814736976551     
  0.981645360321020     
  0.982435412854626     
  0.982813854388527     
  0.983196545812515     
  0.983953582839660     
  0.984363813386383     
  0.985347241391372     
  0.986042119822093     
  0.986920077326229     
  0.987873583250237     
  0.988255325841171     
  0.989200957998294     
  0.989895337047806     
  0.990972813536011     
  0.991975781568375     
  0.993377457332291     
  0.994457286571385     
  0.995280508961892     
  0.995795005533257     
  0.996145708798035     
  0.996764721214006     
  0.997227265225295     
  0.997653658375207     
  0.998142441579335     
  0.998599735304557     
  0.999017948607534     
  0.999385448698635     
  0.999657060830661     
  0.999736270813859     
  0.999751391106216     
  0.999742995024650     
  0.999761794187187     
  0.999748191297510     
  0.999660912325137     
  0.999580171343098     
  0.999440262704191     
  0.999001928544615     
  0.998459473612832     
  0.998002147094639     
  0.997506881170002     
  0.997011856319966     
  0.996995287743280     
  0.996312393465447     
  0.995417093539124     
  0.995649212385567     
  0.994083937588268     
  0.994169945693869     
  0.993914044570212     
  0.992404281147257     
  0.994013329996096     
  0.991690779604254     
  0.992610536185183     
  0.992347449926609     
  0.991308971859416     
  0.992493614336502     
  0.991497199544293     
  0.992020808550279     
  0.992496674986646     
  0.992530755094181     
  0.993307085101631     
  0.993816473797458     
  0.994522253389651     
  0.995032758111313     
  0.996037586435354     
  0.995938030494223     
  0.997010913075725     
  0.996824709071983     
  0.997513246541482     
  0.998091137085428     
  0.998053408480726     
  0.998868857091271     
  0.998631304882914     
  0.998762431215218     
  0.998898053425558     
  0.998859461467440     
  0.999016143693168     
  0.999067688240464     
  0.998947098754114     
  0.998839310557960     
  0.998765901201755     
  0.998618761371881     
  0.998590105783512     
  0.998372574023699     
  0.998018499641808     
  0.998060834057356     
  0.997640857162373     
  0.996894318088293     
  0.995846793170095     
  0.992966107414715     
  0.991163440950830     
  0.989131450344035     
  0.986747875905828     
  0.986443588881648     
  0.983371971322416     
  0.983444627576807     
  0.983431481859433     
  0.978926420745095     
  0.982943463710746     
  0.976897976256788     
  0.977160311232346     
  0.978770475228057     
  0.972479320776678     
  0.979721877996611     
  0.974620371231801     
  0.975697323604761     
  0.978281845779726     
  0.975785791065666     
  0.978574992772928     
  0.980083385192777     
  0.979516638454534     
  0.983249784106920     
  0.984215290046629     
  0.986377903382978     
  0.989346447295188     
  0.990327640975703     
  0.991944078794781     
  0.992058704316821     
  0.992510913286836     
  0.993369028201708     
  0.993981313792630     
  0.994832908355686     
  0.995763332509339     
  0.996809736613999     
  0.997933385100502     
  0.998628181816207     
  0.998751885218524     
  0.998802771311385     
  0.998789289423528     
  0.998642248366222     
  0.998357966287977     
  0.997771047799559     
  0.997175286801096     
  0.996601968472503     
  0.995787145788190     
  0.995187605260833     
  0.994498332520128     
  0.993630739391924     
  0.993114475113559     
  0.992381938786676     
  0.991850770035348     
  0.991437127657576     
  0.991024147993079     
  0.990633481144860     
  0.990709862394097     
  0.990369608137171     
  0.990394749945448     
  0.990654061089267     
  0.990620441014066     
  0.990944569429788     
  0.991250673283610     
  0.991516121717941     
  0.991840298397435     
  0.992279164704577     
  0.992591359317584     
  0.993323671784922     
  0.993771525633811     
  0.994173145330666     
  0.994643923403539     
  0.994803506388163     
  0.994665063887350     
  0.994905784712687     
  0.994767058952471     
  0.994493156567473     
  0.994683197273264     
  0.994074264836170     
  0.993943649415827     
  0.993707841691001     
  0.993211313192773     
  0.993035094461042     
  0.992510451303916     
  0.992043571249514     
  0.991610028565754     
  0.991053399801622     
  0.990516143089109     
  0.989983908459800     
  0.989414066193636     
  0.988787834319670     
  0.988121042403169     
  0.987315286391508     
  0.986449116657162     
  0.985569914104821     
  0.984578189830645     
  0.983599137620424     
  0.982571572680579     
  0.981470360993694     
  0.980389448832723     
  0.979255404009555     
  0.978179318632757     
  0.977130389815558     
  0.976101534404205     
  0.975182607859910     
  0.974339625152722     
  0.973618166416848     
  0.973023989010633     
  0.972573205949866     
  0.972288056214554     
  0.972133580072812     
  0.972087625171620     
  0.972179822244664     
  0.972443822351353     
  0.972864934142230     
  0.973433086837893     
  0.974138290765306     
  0.974961922308223     
  0.975866704846639     
  0.976829995400798     
  0.977886836872763     
  0.978987789095517     
  0.980120879252960     
  0.981220012896353     
  0.982206526318673     
  0.983151965353255     
  0.984047133695859     
  0.984858775187969     
  0.985669716414066     
  0.986425290899129     
  0.987130812630318     
  0.987766327192653     
  0.988415634417577     
  0.989030188779107     
  0.989416413377405     
  0.990007133071704     
  0.990025361322225     
  0.990289595651569     
  0.990652755165255     
  0.990553080898277     
  0.991045706133926     
  0.991027406335675     
  0.991373644035163     
  0.991663436279215     
  0.991673469873607     
  0.992196562332309     
  0.992238604167203     
  0.992599375016588     
  0.993051323102822     
  0.993074511551669     
  0.993745853779311     
  0.993878026197035     
  0.994155426887288     
  0.994522015666419     
  0.994733634366002     
  0.995043323054692     
  0.995439766664559     
  0.995723132109425     
  0.996086473488569     
  0.996512768971698     
  0.996851413317359     
  0.997280064468597     
  0.997611440055277     
  0.997789883527911     
  0.997920384685990     
  0.998021549854010     
  0.998131097477845     
  0.998220957509929     
  0.998327768324058     
  0.998441519556089     
  0.998485088647998     
  0.998568449092485     
  0.998601725316461     
  0.998624910032548     
  0.998708510478486     
  0.998686686197788     
  0.998756138185688     
  0.998790066414516     
  0.998770677696606     
  0.998825906575111     
  0.998814396962596     
  0.998818998997859     
  0.998776234735146     
  0.998095870922086     
  0.994435553526199     
  0.988395002179705     
  0.982472323671682     
  0.976714736015302     
  0.971437939145524     
  0.967546647160115     
  0.963413495089904     
  0.959671539138410     
  0.957060009548023     
  0.952937008185743     
  0.953040735380557     
  0.949813764358284     
  0.948745388698625     
  0.949350610755689     
  0.947594714688920     
  0.952056714790315     
  0.949787049596022     
  0.953098509455781     
  0.954780561782571     
  0.957217060201739     
  0.960823072798717     
  0.964177231531726     
  0.968959703542931     
  0.973829644580313     
  0.978761362639346     
  0.983975606568767     
  0.990163610165280     
  0.995604779592330     
  0.997969131155126     
  0.998379202937987     
  0.998572574264985     
  0.998812782657375     
  0.999007290696525     
  0.999091008295599     
  0.999173702981534     
  0.999235481239111     
  0.999275197925423     
  0.999313239972755     
  0.999315652700800     
  0.999300494790622     
  0.999181872037681     
  0.998980776427332     
  0.998827108152178     
  0.998693146976061     
  0.998520662385249     
  0.998482907801352     
  0.998337686649822     
  0.998243391855882     
  0.998395351309744     
  0.998002826554168     
  0.998152558890121     
  0.997976689452460     
  0.997705608597657     
  0.998048856994869     
  0.997549508018762     
  0.997777546396178     
  0.997822301622684     
  0.997650485037264     
  0.997882885262759     
  0.997915568397485     
  0.997868303926022     
  0.998197681829250     
  0.998215131138837     
  0.998297327742330     
  0.998665043809965     
  0.998638353816060     
  0.998924904851157     
  0.999064841311150     
  0.999031514123038     
  0.999169456849339     
  0.999153518958936     
