  0.994238842240602     
  0.996474104616975     
  0.997694969304751     
  0.996840963873657     
  0.994811344285933     
  0.993206478862744     
  0.990896707445249     
  0.989759633145384     
  0.987004459365203     
  0.986990556695276     
  0.983703916920893     
  0.984109748661694     
  0.982699714935184     
  0.980785960769305     
  0.982393653024031     
  0.978290189961204     
  0.982892621982259     
  0.976263038223814     
  0.983610912475168     
  0.975887958202812     
  0.983952043729429     
  0.977167292432336     
  0.983437937327206     
  0.979534799850186     
  0.983900604351777     
  0.982203636710252     
  0.984788767129202     
  0.985661679912772     
  0.986578501373897     
  0.988940457788033     
  0.989991020279231     
  0.992263364046612     
  0.994452825269353     
  0.996489059804443     
  0.998324406315364     
  0.998947880913699     
  0.999057794055197     
  0.999105522245092     
  0.999077965029836     
  0.999016979292929     
  0.998877426626260     
  0.998482215120937     
  0.998066293517819     
  0.997628945181549     
  0.996999409270572     
  0.996864958240207     
  0.996363851277795     
  0.995803694658158     
  0.995972469047929     
  0.995133906066428     
  0.995606355911007     
  0.994594287765105     
  0.995477594199373     
  0.994206420223921     
  0.995291035291512     
  0.994342450214553     
  0.994547627358173     
  0.994996429834991     
  0.994582984132843     
  0.994982283285842     
  0.994558224808857     
  0.995423561187061     
  0.994796265947394     
  0.995753558675438     
  0.995439681285675     
  0.995908889948838     
  0.996267932751361     
  0.996452148439635     
  0.996788078079707     
  0.997195913599178     
  0.997591371223639     
  0.998006086553861     
  0.998110219925170     
  0.998245907982319     
  0.998161984182584     
  0.998161559168153     
  0.998044680736351     
  0.998013731018719     
  0.997952992756093     
  0.997708320862821     
  0.997829509825136     
  0.997507516267267     
  0.997604798138858     
  0.997331009822635     
  0.997479651997341     
  0.997185890290412     
  0.997281307833040     
  0.997208671940262     
  0.997008710641992     
  0.997174260482733     
  0.996929531193061     
  0.997109959981691     
  0.996825175597466     
  0.997191169748245     
  0.996627413142378     
  0.997085881480896     
  0.996664107738275     
  0.996916707131254     
  0.996682993043809     
  0.996786189924695     
  0.996671431316994     
  0.996646470378087     
  0.996674006671241     
  0.996514964879698     
  0.996531697839079     
  0.996450723512379     
  0.996211505278899     
  0.995001237050947     
  0.992691805148540     
  0.990435959815833     
  0.988381977434079     
  0.986273688122781     
  0.984075348534025     
  0.982883942002869     
  0.978418174110825     
  0.977191575905199     
  0.973580327600712     
  0.970193183719119     
  0.969353493516707     
  0.963993350390517     
  0.966131911741448     
  0.958559530438858     
  0.964445314613505     
  0.954254240115411     
  0.960212660075276     
  0.951325200293768     
  0.954624595774127     
  0.946760170743724     
  0.947498604359179     
  0.941565631564427     
  0.941816519047886     
  0.940264706067428     
  0.936252823050441     
  0.938953314393150     
  0.935789488822401     
  0.936577204434567     
  0.938231713432332     
  0.934624139592986     
  0.941489159893647     
  0.928980040995526     
  0.940817471183061     
  0.920573804645041     
  0.936049357100768     
  0.919033216534678     
  0.926041319134482     
  0.915680679231818     
  0.915928839178378     
  0.909697291530937     
  0.907957522256136     
  0.903349330008580     
  0.900130143872806     
  0.896411384361725     
  0.895246419584951     
  0.887053714988422     
  0.885640785934865     
  0.875503189382949     
  0.867683893902109     
  0.856749670086687     
  0.844179437187793     
  0.832922207643304     
  0.819393557840296     
  0.810266891900303     
  0.798827752112654     
  0.791464201596564     
  0.783948134884008     
  0.778448555354466     
  0.774165611875284     
  0.772215570340448     
  0.770951003014794     
  0.771991666187859     
  0.773543791856855     
  0.776156470288442     
  0.779996017287965     
  0.785207582749077     
  0.791843521132008     
  0.798985609667489     
  0.807653392405617     
  0.816891102326144     
  0.827570603264932     
  0.839208918012846     
  0.851782104322720     
  0.865495538368505     
  0.879668585006641     
  0.894495374423306     
  0.908905345928705     
  0.922389527662830     
  0.934076853772622     
  0.943651247250054     
  0.951357062987173     
  0.957515579655021     
  0.962608336650370     
  0.966818068894429     
  0.970482958873729     
  0.973609925411821     
  0.976276433835375     
  0.978617680804554     
  0.980539383146920     
  0.982332118547747     
  0.983746254884513     
  0.985185286440931     
  0.986276947040477     
  0.987312422234545     
  0.988188279181473     
  0.989132902887302     
  0.989866728645593     
  0.990496403907475     
  0.991096304798208     
  0.991584050332492     
  0.992090196724563     
  0.992398815901956     
  0.992861579924689     
  0.992996217208250     
  0.993351655504143     
  0.993571454341599     
  0.993644223407282     
  0.994105929215133     
  0.994017349494232     
  0.994432713935884     
  0.994284759922812     
  0.994847057747251     
  0.994543233849705     
  0.994814472977564     
  0.993909333337016     
  0.992907454057133     
  0.991612418503922     
  0.990644353846403     
  0.989636342046209     
  0.989311143778143     
  0.987770135167634     
  0.987876217249960     
  0.986669270860844     
  0.986070611328782     
  0.982766207410732     
  0.979735379903970     
  0.974416033495489     
  0.970928264275071     
  0.966805266159060     
  0.963648401616690     
  0.961097148094030     
  0.959596017125425     
  0.953554305118334     
  0.959262567560627     
  0.948213360751845     
  0.958330208291130     
  0.945120622129144     
  0.958434443725146     
  0.944383787280445     
  0.957769168813334     
  0.946568556130902     
  0.957295370967158     
  0.953184047927279     
  0.958200217662179     
  0.959632001891802     
  0.961903290802175     
  0.966079425547010     
  0.965416908498893     
  0.971809279935009     
  0.970759166734983     
  0.976953972319681     
  0.978252598416788     
  0.982391096899853     
  0.986768679322914     
  0.990759188994323     
  0.994813672848492     
  0.997393998460400     
  0.998730705224104     
  0.998858426018322     
  0.998930812113739     
  0.998938699538465     
  0.998968687196812     
  0.998991550618482     
  0.998987246559063     
  0.999023143328513     
  0.999022675844389     
  0.999062144625986     
  0.999042808117404     
  0.999110021283494     
  0.999072610079685     
  0.999125307593960     
  0.999122389500342     
  0.999126278103718     
  0.999159120238723     
  0.999133194637235     
  0.999189760246615     
  0.998987818828348     
  0.998712170581052     
  0.998241183683625     
  0.997892990386203     
  0.997119116205735     
  0.996284793828269     
  0.995314327548955     
  0.994398369958150     
  0.994008257427484     
  0.992773597837276     
  0.992858976660572     
  0.991607627369236     
  0.991756868700548     
  0.990092191829865     
  0.989134613833170     
  0.988140916368733     
  0.986232439265799     
  0.987022526397505     
  0.983895076221020     
  0.985747974908589     
  0.983403503137315     
  0.984096188007333     
  0.983892763975636     
  0.982861484643338     
  0.984739117463501     
  0.982529043535531     
  0.985709367744636     
  0.983619837834636     
  0.986020588345610     
  0.986509726998790     
  0.986760778914633     
  0.989244873078961     
  0.988471000264797     
  0.991335859612132     
  0.990593586874047     
  0.993139497509589     
  0.992575921257497     
  0.993771124249357     
  0.994528944048609     
  0.994989837873005     
  0.996080020580122     
  0.997018956796220     
  0.998009319629582     
  0.998975141423888     
  0.999480958206318     
  0.999565808643011     
  0.999587772040089     
  0.999573401192291     
  0.999557088145093     
  0.999562349072857     
  0.999504359092141     
  0.999518852339963     
  0.999447660650325     
  0.999459337008816     
  0.999416916391893     
  0.999386845159375     
  0.999420912564640     
  0.999340921621600     
  0.999395385401233     
  0.999341592071957     
  0.999352693462775     
  0.999382054259114     
  0.999309605339181     
  0.999432462576044     
  0.999283714117448     
  0.999486556653689     
  0.999307901198430     
  0.999451004345431     
  0.999258284359414     
  0.999278843971744     
  0.999153499442051     
  0.999096783378074     
  0.999107453887932     
  0.999048001603063     
  0.998944474380957     
  0.999101296697541     
  0.998837595001397     
  0.999093702132109     
  0.998841467825379     
  0.999031711545339     
  0.998901544095771     
  0.998918519884319     
  0.999092715025705     
  0.998658349109849     
  0.999210795445279     
  0.998667661412169     
  0.999182685696771     
  0.998751595946794     
  0.999120469225717     
  0.998684622632406     
  0.998662429797565     
  0.998050411581224     
  0.997503767239870     
  0.997270444927356     
  0.996720928574225     
  0.995989936204354     
  0.996042492144693     
  0.995674349440064     
  0.995274333621169     
  0.995151612699697     
  0.995002692518186     
  0.994347409862747     
  0.994886827374923     
  0.993737861146051     
  0.993876827841216     
  0.992199703012733     
  0.993038386729742     
  0.990696021418201     
  0.991975737745114     
  0.990185069073582     
  0.991188159687334     
  0.990202495319349     
  0.990450328018199     
  0.990854837987824     
  0.989940691537471     
  0.992062116290470     
  0.989567021998147     
  0.993304176632919     
  0.990420027162408     
  0.994420343533084     
  0.991628692867622     
  0.994783981645944     
  0.993299658558238     
  0.994944565865148     
  0.993971189376595     
  0.995107102166991     
  0.994894103296526     
  0.995394193556674     
  0.995933402973187     
  0.995978500134356     
  0.996819808128262     
  0.997201352866525     
  0.997755783256076     
  0.998402437187151     
  0.999020623861579     
  0.999580916007740     
  0.999706443174238     
  0.999733828195028     
  0.999715154186792     
  0.999735087047220     
  0.999692606701664     
  0.999715499054975     
  0.999678057094442     
  0.999691700082831     
  0.999679528605016     
  0.999590756301131     
  0.999557400510449     
  0.999450389318902     
  0.999471671830642     
  0.999371894757198     
  0.999176565324875     
  0.999325332167729     
  0.999105213771536     
  0.999094248379078     
  0.999095701184405     
  0.998843442511386     
  0.999132222289350     
  0.998488676397113     
  0.998988262745257     
  0.997904555409427     
  0.998817770977179     
  0.997938397132091     
  0.998061340880479     
  0.997790466803878     
  0.997424692678715     
  0.997477737179077     
  0.997155932063296     
  0.997101969718998     
  0.996852919880637     
  0.996875277579823     
  0.996874187386599     
  0.996569397761803     
  0.996950704652545     
  0.996669404350647     
  0.996916710058196     
  0.996886260593231     
  0.997079341612016     
  0.996752107319418     
  0.997420289234489     
  0.996863576387654     
  0.997535173965280     
  0.997179563500058     
  0.997751168195455     
  0.997272393675081     
  0.997364696308494     
  0.996578400609316     
  0.996280843813468     
  0.995908022834744     
  0.995137247293138     
  0.994494224238106     
  0.993791296497318     
  0.993209175303155     
  0.992538266451270     
  0.992143102396069     
  0.991202695353270     
  0.991288719899638     
  0.989722053737718     
  0.989272428765446     
  0.987042675456951     
  0.986981118503925     
  0.984603332138694     
  0.985350041594923     
  0.984399671340924     
  0.983068804542721     
  0.984857618161387     
  0.981926141869210     
  0.985613971129548     
  0.981467677368961     
  0.986766180852462     
  0.981110370666370     
  0.988842234974815     
  0.979623421454615     
  0.988270126181641     
  0.980285872906927     
  0.985435617231700     
  0.981228785407185     
  0.982177027027994     
  0.980150880473245     
  0.979632346653651     
  0.978946171028497     
  0.977843099692638     
  0.976998233163274     
  0.977656903718064     
  0.973619389490778     
  0.977612031399828     
  0.972533110900035     
  0.976836020495014     
  0.972983524994132     
  0.976610008560831     
  0.973083482145745     
  0.975162528355125     
  0.972202812178632     
  0.973499297965856     
  0.972173943185696     
  0.973031720940653     
  0.972697136483162     
  0.973819597416339     
  0.974192814987971     
  0.975558439862208     
  0.976768209983079     
  0.978061754545744     
  0.980018549462482     
  0.980716045335027     
  0.981930654409808     
  0.982206627525498     
  0.983467360247475     
  0.984132344777943     
  0.984767812969593     
  0.985326933463784     
  0.985867485241988     
  0.986975368297195     
  0.987089838283333     
  0.988696821996364     
  0.988614800437691     
  0.990477168967847     
  0.990029043127643     
  0.991833392057314     
  0.991471526627346     
  0.993416704112478     
  0.993474286556769     
  0.995091009638555     
  0.995655273836557     
  0.996463157066443     
  0.996734817488119     
  0.997136160779993     
  0.997518911729008     
  0.997856456040492     
  0.998270243791211     
  0.998572357981177     
  0.998909528211613     
  0.999249368735325     
  0.999503288170949     
  0.999716549517331     
  0.999737690125527     
  0.999702539933040     
  0.999622876626755     
  0.999530897590201     
  0.999247527038131     
  0.998830353934837     
  0.998365732779091     
  0.998139753787081     
  0.997738922799809     
  0.997118530736499     
  0.997369262073105     
  0.996211320493245     
  0.996064966347868     
  0.995568139196226     
  0.994711436665806     
  0.995170902344844     
  0.993511957483684     
  0.994933633976308     
  0.992552751734823     
  0.994763351549925     
  0.992159700996631     
  0.993827623450563     
  0.992366932900296     
  0.992946285799461     
  0.992702574687870     
  0.992642226819180     
  0.993045960298519     
  0.992939483328932     
  0.993351035614665     
  0.993859443249433     
  0.993699728316211     
  0.995053911430041     
  0.994368181174572     
  0.996161538510989     
  0.995311828314469     
  0.997307539342686     
  0.996379000706526     
  0.997652147344033     
  0.997315815274485     
  0.997960477449827     
  0.998223752046833     
  0.998416591269381     
  0.998954369694570     
  0.998600519002308     
  0.999036474392663     
  0.998653065891692     
  0.998684276590456     
  0.998573938284964     
  0.998490311721098     
  0.998445363206700     
  0.998379525158149     
  0.998488139207362     
  0.998086822388586     
  0.998246246592332     
  0.997493327981893     
  0.996746956872310     
  0.994677237023750     
  0.992870015412842     
  0.991668346436722     
  0.989159503948117     
  0.988610333373864     
  0.987720712153906     
  0.984614619664601     
  0.986997638763476     
  0.982380244897587     
  0.984122770910264     
  0.980743346119482     
  0.979999694934042     
  0.980941368182598     
  0.975783750540148     
  0.981438452843405     
  0.972882942220435     
  0.983010494705088     
  0.972343583436884     
  0.982783766628511     
  0.973727755996719     
  0.982779046180984     
  0.976309175866778     
  0.982284737570135     
  0.979778750553170     
  0.983164328983595     
  0.982958054825018     
  0.985992996779348     
  0.986466536319249     
  0.988905213796279     
  0.990914470912193     
  0.991906071546070     
  0.993416237327867     
  0.992894700877508     
  0.994204519803460     
  0.994309525261300     
  0.995054444727879     
  0.995797730658020     
  0.996536482290459     
  0.997393620397677     
  0.998224979418378     
  0.998607295615109     
  0.998506781728713     
  0.998157865371109     
  0.997666950050032     
  0.997253782139161     
  0.996752956373766     
  0.996121064607673     
  0.995605319140353     
  0.995019446902677     
  0.994546665213313     
  0.993816583970012     
  0.993736345694190     
  0.992832167019361     
  0.992979530924792     
  0.992137428191553     
  0.992394035240524     
  0.991597732692075     
  0.992037868924090     
  0.991501907089796     
  0.991620209518035     
  0.991784006021562     
  0.991572742620705     
  0.991960901490392     
  0.991922981772908     
  0.992087731141016     
  0.992229045915870     
  0.992502905742123     
  0.992528394140141     
  0.993208810621864     
  0.993261795156854     
  0.993913010216656     
  0.994090672268561     
  0.994584841485173     
  0.994830538903427     
  0.994624542835996     
  0.995039192816213     
  0.994475951157844     
  0.995004262126098     
  0.994186970011319     
  0.994511162173528     
  0.993848981165131     
  0.993767331717852     
  0.993190224491628     
  0.992857639539837     
  0.992400961226722     
  0.991899946433562     
  0.991508696934953     
  0.990900443511324     
  0.990439749790295     
  0.989881742786482     
  0.989292150796389     
  0.988634004260910     
  0.988001469664592     
  0.987234294323748     
  0.986450922077079     
  0.985553499812023     
  0.984661008299748     
  0.983735008610520     
  0.982782460020310     
  0.981842197942334     
  0.980904064358542     
  0.980014645353410     
  0.979148041624123     
  0.978338202715381     
  0.977599187508306     
  0.976928853404786     
  0.976384489275935     
  0.975908162877921     
  0.975581323894477     
  0.975356259249012     
  0.975269349756010     
  0.975309853513456     
  0.975430193826626     
  0.975643105358451     
  0.975959347038348     
  0.976383158049760     
  0.976922254658208     
  0.977535945185580     
  0.978243117191378     
  0.978987602964470     
  0.979832269330156     
  0.980691882329916     
  0.981556284836729     
  0.982369643027180     
  0.983221961013333     
  0.984058877008568     
  0.984883882153065     
  0.985664809156672     
  0.986408044095675     
  0.987245840005474     
  0.987705361390219     
  0.988674060024745     
  0.988933459834507     
  0.989749530743715     
  0.989799727338827     
  0.990349651014162     
  0.990504581804017     
  0.990704822666666     
  0.991204298358819     
  0.991127669698152     
  0.991675956933417     
  0.991668006184166     
  0.992023879327823     
  0.992106486394477     
  0.992512058194742     
  0.992572688870806     
  0.993029839653949     
  0.993035516704854     
  0.993730572838256     
  0.993412687800703     
  0.994430086296255     
  0.994052449989815     
  0.994990264916348     
  0.994738302992389     
  0.995436213573334     
  0.995319886676722     
  0.995824463199616     
  0.995965247667618     
  0.996257050679639     
  0.996556260788604     
  0.996843067430156     
  0.997127031975723     
  0.997421542705309     
  0.997751030296298     
  0.997971308130302     
  0.998147711267911     
  0.998201756568619     
  0.998306686745536     
  0.998383995131328     
  0.998465359226391     
  0.998555213627414     
  0.998612557826602     
  0.998705168420978     
  0.998706268193057     
  0.998794021873003     
  0.998770742083850     
  0.998839282430897     
  0.998840192165118     
  0.998853462138555     
  0.998869251676942     
  0.998816547819343     
  0.998453703968815     
  0.995840335634327     
  0.991017430679840     
  0.986185213418168     
  0.982127400258486     
  0.978210339892935     
  0.973742854599063     
  0.970918745078006     
  0.966342244395577     
  0.965672643621250     
  0.960951725673407     
  0.960354396966379     
  0.957995156050585     
  0.955573180514225     
  0.957738980520105     
  0.951433615917920     
  0.958818156821122     
  0.950152526475966     
  0.960968212172794     
  0.951433705845595     
  0.961821718923400     
  0.955345972207985     
  0.963494131019756     
  0.960591878731229     
  0.966817899612476     
  0.967493093516855     
  0.971750425112318     
  0.974894147707865     
  0.978558227735345     
  0.983386973773255     
  0.987739336707598     
  0.992328700901203     
  0.996585269752243     
  0.998443128620736     
  0.998634522632880     
  0.998842312532488     
  0.999044575601747     
  0.999147482651198     
  0.999224417922390     
  0.999222549555609     
  0.999242804436042     
  0.999170825765395     
  0.999101975666972     
  0.998945835516513     
  0.998867189984105     
  0.998739575146787     
  0.998569172225128     
  0.998671145772602     
  0.998308213881624     
  0.998561537907376     
  0.998205149213803     
  0.998312513516694     
  0.998114557213846     
  0.997941713039420     
  0.998180583350959     
  0.997605876728634     
  0.998273980812524     
  0.997413608042136     
  0.998246827777839     
  0.997473764904656     
  0.998165445746600     
  0.997654950116162     
  0.998057976708298     
  0.997940356655417     
  0.998038723072749     
  0.998261384743414     
  0.998147286932406     
  0.998549596342560     
  0.998465977436213     
  0.998833828377583     
  0.998758477736393     
  0.999107377265567     
  0.999067442220463     
  0.999216730006691     
