  0.999476963722138     
  0.999469536422616     
  0.999459461032571     
  0.999450800389877     
  0.999443535801219     
  0.999413881121330     
  0.998932856720984     
  0.998238603555148     
  0.997650452313121     
  0.997177386125149     
  0.996889355165150     
  0.996793861950572     
  0.996344085317553     
  0.989591801012954     
  0.976468412365707     
  0.965687576020292     
  0.958332458366338     
  0.952933968313092     
  0.950168184482916     
  0.950199652049991     
  0.953052862332839     
  0.959121952831043     
  0.968806223108780     
  0.981995280182041     
  0.993663942793546     
  0.997169891001239     
  0.998397128662299     
  0.999175312502159     
  0.999289879266772     
  0.999293623101036     
  0.999292706575300     
  0.999289026723572     
  0.999286351895081     
  0.999284953887734     
  0.999285410425992     
  0.999290406432203     
  0.999299000762438     
  0.999296165928849     
  0.999284069198113     
  0.999272369949005     
  0.999261376001858     
  0.999250838001423     
  0.999240389062620     
  0.999229423012905     
  0.999215736618530     
  0.999140642589830     
  0.998828502373711     
  0.998471062234786     
  0.998187845745554     
  0.997969788656179     
  0.997302374479671     
  0.995268548615854     
  0.992962428985533     
  0.991212676644556     
  0.990113910892062     
  0.989737293078027     
  0.989789643037611     
  0.989925345913594     
  0.990301691965951     
  0.991444291008758     
  0.993752916682035     
  0.996433125031450     
  0.997782770199586     
  0.998609116841708     
  0.998900201216035     
  0.998904092540954     
  0.998889834207909     
  0.998868317641397     
  0.998844931212048     
  0.998821320327621     
  0.998795567009304     
  0.998751612253870     
  0.998699260627112     
  0.998572038571499     
  0.998254172053994     
  0.997974850594574     
  0.997793217034078     
  0.997684813864155     
  0.997628619474295     
  0.997615440409175     
  0.997648966321583     
  0.997729530132125     
  0.997843641290342     
  0.997949453243354     
  0.997987531259761     
  0.997856323224702     
  0.997683487579677     
  0.997431945423494     
  0.997024361199467     
  0.996436129280101     
  0.995910500832354     
  0.995565489447892     
  0.995473567240113     
  0.995624447499418     
  0.995903912026931     
  0.996270534739316     
  0.996660826836906     
  0.997018876352746     
  0.997297390809079     
  0.997394153875163     
  0.997329657101960     
  0.997258295532763     
  0.997177587059162     
  0.997077645966473     
  0.996983168597380     
  0.996868257387884     
  0.996752523036396     
  0.996640374122305     
  0.996522363633182     
  0.996401879243487     
  0.996275308494100     
  0.996138837391466     
  0.995993811196349     
  0.995839641594307     
  0.995639258590065     
  0.995394406013952     
  0.994603272404557     
  0.987066422390877     
  0.972082149298245     
  0.960533465445813     
  0.954192310000625     
  0.951049294089461     
  0.949655186535395     
  0.946804280358728     
  0.940007836040256     
  0.936934671123705     
  0.939880168299698     
  0.946373582522728     
  0.949163084603961     
  0.947454870966149     
  0.947630143177072     
  0.950451462566830     
  0.956316074707410     
  0.962755954817842     
  0.965325501388934     
  0.963006781411401     
  0.957515157870880     
  0.946162471141346     
  0.930983177251826     
  0.921033771740066     
  0.916392164674929     
  0.915468881822288     
  0.917717753025680     
  0.922672444517040     
  0.927503822177067     
  0.933387195891075     
  0.941971636119817     
  0.947948511076961     
  0.946780283645385     
  0.936420486530861     
  0.924334730553996     
  0.913589128918399     
  0.903441465797296     
  0.892574127884253     
  0.881118935096015     
  0.870236917280657     
  0.861142855006706     
  0.855886166225099     
  0.855828234354618     
  0.859405109829224     
  0.861150636991559     
  0.861500358908045     
  0.859641460518376     
  0.851665278715112     
  0.832064234089354     
  0.798456020771543     
  0.754349299076442     
  0.707043419990795     
  0.664507851050310     
  0.633632788816034     
  0.619017345814851     
  0.620828250739919     
  0.638290361545826     
  0.671915592724982     
  0.716587789269005     
  0.764291518718376     
  0.807536571386031     
  0.842736339564017     
  0.869735017268940     
  0.890201192277959     
  0.906339184283680     
  0.919817516842409     
  0.931255193757302     
  0.940877893188586     
  0.948861992296278     
  0.955352599979992     
  0.960542589134207     
  0.964716516939688     
  0.968195849620139     
  0.971150234543688     
  0.973679368021089     
  0.975882486319906     
  0.977896476905350     
  0.979765628134299     
  0.981496781529731     
  0.983089003480610     
  0.984494305297215     
  0.985761099871908     
  0.986928178026868     
  0.988003854803574     
  0.988978409902746     
  0.989729712155515     
  0.990511441772905     
  0.991212112221291     
  0.991850205608581     
  0.992437382941532     
  0.992986345028265     
  0.993439158691849     
  0.993818342535105     
  0.994138557964258     
  0.994438786622586     
  0.994723120973426     
  0.995003554009734     
  0.995244464115607     
  0.995129839340431     
  0.994709668556622     
  0.994414732782398     
  0.994267646301476     
  0.994252121028907     
  0.994333312471030     
  0.994376529669237     
  0.994222285746851     
  0.994269682827774     
  0.994638136013645     
  0.995283841906189     
  0.995766296672601     
  0.995910448030837     
  0.996056311129988     
  0.996241028335946     
  0.996502214862124     
  0.996857389155397     
  0.996716992831347     
  0.992275794088960     
  0.983688187809341     
  0.976140924127166     
  0.970792621777571     
  0.967377747582577     
  0.966148424437965     
  0.966723342602956     
  0.969279596315486     
  0.973855633458389     
  0.978626059833948     
  0.974667484835119     
  0.960364678881013     
  0.936277521128392     
  0.915227159452076     
  0.901928471352173     
  0.895232841472922     
  0.895011720641906     
  0.900365520824778     
  0.912232200929655     
  0.931345095597760     
  0.956959390594119     
  0.979156086146684     
  0.993557160526633     
  0.998279711111235     
  0.998508776114759     
  0.998588068671317     
  0.998672984636771     
  0.998714712846414     
  0.998741085083258     
  0.998764965487049     
  0.998800711576703     
  0.998845868179038     
  0.998903687388283     
  0.998971497762443     
  0.999043631557816     
  0.999097821494375     
  0.999118959790675     
  0.999121799233411     
  0.999118380836646     
  0.999124862551738     
  0.999127752396822     
  0.999112739529710     
  0.999096482418460     
  0.999092917302080     
  0.999101255912511     
  0.999121387666133     
  0.999131937417711     
  0.999112420429112     
  0.999097708156083     
  0.999098339999419     
  0.999119651383982     
  0.999149773241228     
  0.999162072234177     
  0.999179173227111     
  0.999204045417508     
  0.999246052598718     
  0.999310721198848     
  0.999358867563895     
  0.999365810973555     
  0.999366604633991     
  0.999362634370899     
  0.999321880676453     
  0.998584810654596     
  0.996184646872568     
  0.993887195906448     
  0.992363588054498     
  0.989748377276364     
  0.985488963839432     
  0.982332545025636     
  0.980972910782734     
  0.981000132789509     
  0.982281318308272     
  0.984870116978775     
  0.987549737990768     
  0.988605699139163     
  0.986743863673771     
  0.984469492277679     
  0.981948954320595     
  0.979091421291286     
  0.977374930059129     
  0.976940206194071     
  0.977798870882886     
  0.979976133879845     
  0.983750521901040     
  0.989589474495679     
  0.996017976312663     
  0.998822804069185     
  0.999520296682062     
  0.999594634478619     
  0.999615310147068     
  0.999634290344083     
  0.999642917960642     
  0.999648230114976     
  0.999643753744040     
  0.999634259481295     
  0.999624153109458     
  0.999613928192415     
  0.999608723780244     
  0.999598058627450     
  0.999583037954352     
  0.999577992236816     
  0.999580867624180     
  0.999593854900967     
  0.999612829638436     
  0.999628553815639     
  0.999646768420192     
  0.999645197307280     
  0.999558899902270     
  0.999420671465796     
  0.999288414177512     
  0.999172375654715     
  0.999095584124178     
  0.999004186194708     
  0.998907661037073     
  0.998877530147543     
  0.998904609948476     
  0.998987291240893     
  0.999092370075752     
  0.999165987969201     
  0.999245053399995     
  0.999357271175914     
  0.999494215265608     
  0.999648020273999     
  0.999732191680012     
  0.999740933685466     
  0.999744719757820     
  0.999748086555222     
  0.999750023569710     
  0.999748218017036     
  0.999578666687433     
  0.998939769566289     
  0.998381301092154     
  0.998097294374114     
  0.997982795992135     
  0.997945604245476     
  0.997955001721006     
  0.998011642513839     
  0.998165004892158     
  0.998523392644161     
  0.999148829732014     
  0.999681527938769     
  0.999721146989981     
  0.999681180111195     
  0.999642964078154     
  0.999618164750079     
  0.999607075331496     
  0.999606262113194     
  0.999615584695620     
  0.999629667711958     
  0.999645689044829     
  0.999505701556440     
  0.998570723256100     
  0.996918586054123     
  0.994061878543393     
  0.991032132901569     
  0.989241706017007     
  0.988279664922466     
  0.987855786300057     
  0.987837624625743     
  0.988350156332943     
  0.989824384043702     
  0.992207901807474     
  0.994793689015024     
  0.997253680777346     
  0.998640646952187     
  0.998528398086110     
  0.995914099662108     
  0.991720605156461     
  0.988727211338627     
  0.986842969128118     
  0.985705563577913     
  0.985329111359851     
  0.985780925984630     
  0.987021743481806     
  0.989230995367558     
  0.992553006402828     
  0.996834364775924     
  0.999442731884367     
  0.999738485725333     
  0.999771084630888     
  0.999770646556012     
  0.999714052273482     
  0.999658010117782     
  0.999624804322884     
  0.999612758381125     
  0.999617295412626     
  0.999631069869518     
  0.999644252536158     
  0.999662360207666     
  0.999692182899995     
  0.999733400439521     
  0.999770314117961     
  0.999778569697874     
  0.999782159527022     
  0.999789948809396     
  0.999800646444219     
  0.999812957311654     
  0.999800821209282     
  0.999761212632921     
  0.999732981574973     
  0.999714372532056     
  0.999691132239060     
  0.999626917518836     
  0.999556114533353     
  0.999514781728613     
  0.999500794164004     
  0.999508107345360     
  0.999182058427322     
  0.998566184045927     
  0.998018901520366     
  0.997599695844811     
  0.997342822911897     
  0.997268568740528     
  0.997354567511995     
  0.997612166424916     
  0.998028764024046     
  0.998590071821586     
  0.999196803791242     
  0.999365370569982     
  0.998889326529204     
  0.997995856109666     
  0.997392869431258     
  0.997067500535197     
  0.996693425505467     
  0.995590326026175     
  0.994571246395135     
  0.994151115546058     
  0.994256148048540     
  0.994796728889156     
  0.995645488316980     
  0.996233582918026     
  0.996480384745235     
  0.997015144732669     
  0.998028692697898     
  0.999093289909222     
  0.999366301414648     
  0.999419616735605     
  0.999496784030654     
  0.999616034344933     
  0.999749743362868     
  0.999790028978705     
  0.999783462147908     
  0.999776929876391     
  0.999764812638720     
  0.999673523692250     
  0.998386361966998     
  0.993763588169824     
  0.987094800692367     
  0.980879552404973     
  0.975522729121995     
  0.970798535323204     
  0.968261310903030     
  0.968912383066335     
  0.972195994746807     
  0.977355611842632     
  0.983422921547421     
  0.988948732923212     
  0.992006282753702     
  0.992771696678326     
  0.989051772712399     
  0.984641347693420     
  0.980801079283604     
  0.977665178909246     
  0.975854659747754     
  0.975454538689222     
  0.976501085975786     
  0.978859345201182     
  0.982764791069186     
  0.988676150081954     
  0.996118477426332     
  0.999407297329564     
  0.999400900179039     
  0.998121262346669     
  0.991457206285436     
  0.982828125946477     
  0.976597295393796     
  0.972091051852035     
  0.965846305635270     
  0.957779052289343     
  0.951432569229275     
  0.947846271466567     
  0.947269482334664     
  0.951498024704138     
  0.960312112646053     
  0.966303963611139     
  0.968784494416636     
  0.972069580277045     
  0.976291707307745     
  0.978167692438625     
  0.978591860645537     
  0.980313495906246     
  0.982857200592576     
  0.983211045894312     
  0.980876001066713     
  0.979332374296236     
  0.978671035872027     
  0.977082298658856     
  0.975412598155209     
  0.974967101066566     
  0.976282802386458     
  0.979220718042790     
  0.983410559978900     
  0.988584107265467     
  0.992113839040400     
  0.991721855145945     
  0.989883716509541     
  0.988407049738875     
  0.987574127011031     
  0.987422539368666     
  0.988061174691145     
  0.989925823839458     
  0.992672707745206     
  0.995403676751470     
  0.997942965054826     
  0.999440679850938     
  0.999673810717803     
  0.999684754041385     
  0.999689813093957     
  0.999703575846737     
  0.999712501362970     
  0.999711926222498     
  0.999709516755346     
  0.999709368737682     
  0.999715179440992     
  0.999725476227684     
  0.999735475305058     
  0.999739315953610     
  0.999739748456775     
  0.999740464146660     
  0.999743773759545     
  0.999750114065646     
  0.999758979214059     
  0.999759280388641     
  0.999756732102779     
  0.999750668704783     
  0.999694085558763     
  0.999293360684608     
  0.998788678997034     
  0.998364995225799     
  0.996587760858044     
  0.993912473955626     
  0.992167157794377     
  0.991325261197921     
  0.990979443991602     
  0.991012495363250     
  0.991119057054210     
  0.989994529715176     
  0.988035708652536     
  0.986969824631919     
  0.987198184112450     
  0.987182223716248     
  0.987048213595583     
  0.988117512799897     
  0.990202128765156     
  0.992816184582077     
  0.995498469579436     
  0.997690959097111     
  0.998273781879252     
  0.998066597324327     
  0.997925279651874     
  0.997859938342355     
  0.997874036879683     
  0.997943267532551     
  0.998086301711173     
  0.998325800434074     
  0.998809009726452     
  0.999115341290466     
  0.999470901458463     
  0.999638698669986     
  0.999630785165653     
  0.999619977365181     
  0.999610162525527     
  0.999595119028710     
  0.999564557309680     
  0.999541364304749     
  0.999520537430397     
  0.999497197465001     
  0.999473471836772     
  0.999449093894372     
  0.999364643609528     
  0.998785105474051     
  0.997429035308543     
  0.996285083030011     
  0.995518332828843     
  0.995043195832305     
  0.994777487740178     
  0.994652388653003     
  0.994763116851783     
  0.994726281469172     
  0.993540024816172     
  0.989488938153407     
  0.978645500227504     
  0.968988213432831     
  0.962775386881298     
  0.959383671102177     
  0.958371852366058     
  0.959681884226968     
  0.963548342115561     
  0.970119302932855     
  0.978721355427701     
  0.985653153847814     
  0.988780226581335     
  0.985907853100277     
  0.983218466858448     
  0.981237859950908     
  0.980198984243228     
  0.980349765223264     
  0.981690043409509     
  0.984400437423761     
  0.988791474454279     
  0.994299910233633     
  0.997145869122338     
  0.997894742047118     
  0.998535217324178     
  0.998950694137158     
  0.999000440338110     
  0.998977223790486     
  0.998950337415230     
  0.998913876214195     
  0.998855850580211     
  0.998783108887186     
  0.998703220055867     
  0.998614538926575     
  0.998528570922242     
  0.998474953716138     
  0.998447490132176     
  0.998425210362944     
  0.998404110293420     
  0.998382897115084     
  0.998347568471463     
  0.998108348496950     
  0.997534976324323     
  0.996547559810447     
  0.993837840627075     
  0.990185480553514     
  0.987094152160755     
  0.984408582399494     
  0.982034340500879     
  0.980835210310524     
  0.980829458517165     
  0.981993157788457     
  0.984152146661832     
  0.987131579718877     
  0.990221782085580     
  0.991715695069446     
  0.992814886740237     
  0.993958592943221     
  0.995049126440096     
  0.995555147907225     
  0.996022002248048     
  0.996243265625780     
  0.996199196314226     
  0.996005716879632     
  0.995515213744799     
  0.994723031896059     
  0.994086022997526     
  0.993643149120090     
  0.993282473285403     
  0.992936787874366     
  0.992610084499981     
  0.992313092578632     
  0.992109197164147     
  0.992102672175048     
  0.992258162127341     
  0.992139900847132     
  0.991728865189536     
  0.991276546506137     
  0.990792303594394     
  0.990262767721449     
  0.989675760981935     
  0.989035456366158     
  0.988310138565111     
  0.987280909975346     
  0.985885927116266     
  0.984375575037782     
  0.982918352508337     
  0.981512409735483     
  0.980141353859438     
  0.978836747115113     
  0.977609153836728     
  0.976457240549213     
  0.975394630764648     
  0.974387312182348     
  0.973117149577302     
  0.971462527417515     
  0.969692471239865     
  0.967916654724225     
  0.966159770747473     
  0.964468861762020     
  0.962988520579491     
  0.961847215484084     
  0.961136353734712     
  0.960912719918672     
  0.961194620932109     
  0.961939739599254     
  0.963085500066005     
  0.964564490459516     
  0.966252260268649     
  0.968026791749035     
  0.969791377188340     
  0.971528532772851     
  0.973300259513118     
  0.975050509404027     
  0.976742495112545     
  0.978358118559950     
  0.979859515073376     
  0.981242056408538     
  0.982506290543519     
  0.983647167704000     
  0.984701505434117     
  0.985690717853510     
  0.986608640866039     
  0.987311974210706     
  0.987385630736827     
  0.987108457023423     
  0.986877342183931     
  0.986840987100023     
  0.987057599911149     
  0.987558203758422     
  0.988344087615556     
  0.989370831997222     
  0.990595667629313     
  0.991796248742836     
  0.992968123395173     
  0.993021378210178     
  0.991817107864364     
  0.990444777175743     
  0.989469470814630     
  0.988885507038982     
  0.988763317411100     
  0.989163918254387     
  0.990042970755291     
  0.991175210479470     
  0.992589887510441     
  0.994268541957053     
  0.995306030175196     
  0.995480415542462     
  0.995602110848411     
  0.995845241939479     
  0.996193038602315     
  0.996605391025432     
  0.997053844505214     
  0.997466026758158     
  0.997687099784621     
  0.997795374442640     
  0.997888116928635     
  0.997967427571190     
  0.998039292745226     
  0.998108545059309     
  0.998174039151000     
  0.998238369304511     
  0.998297560152573     
  0.998318719129815     
  0.998335215815168     
  0.998365807785048     
  0.998406538482521     
  0.998451225504329     
  0.998492378988405     
  0.998539490041561     
  0.998591585657161     
  0.998650162545373     
  0.998719057711723     
  0.998795082312206     
  0.998831621047601     
  0.998844685529940     
  0.998845060389873     
  0.998821320071265     
  0.998787666650709     
  0.998757424151773     
  0.998722128799225     
  0.998660182851386     
  0.998463027797472     
  0.996663136380317     
  0.981687858580027     
  0.949047652317000     
  0.919416713468593     
  0.898520973907065     
  0.884988235524498     
  0.878850363945123     
  0.881330915434941     
  0.891648813502145     
  0.909849508465229     
  0.936371825135901     
  0.968134199118171     
  0.990966724768418     
  0.995741815623118     
  0.996100161110039     
  0.996676344716181     
  0.997409426207049     
  0.997803646107814     
  0.998055422490728     
  0.998226792392082     
  0.998452246659490     
  0.998735191819101     
  0.999057592697445     
  0.999286313215035     
  0.999289334903700     
  0.999191817092746     
  0.999072042305296     
  0.998979840303134     
  0.998951056530336     
  0.999001034789594     
  0.999117416272112     
  0.999265116000894     
  0.999405824612181     
  0.999519389821749     
  0.999583799501574     
  0.999601332151307     
  0.999611441147781     
  0.999583070946187     
  0.999351901561639     
  0.999076675512975     
  0.998871004843828     
  0.998376970894139     
  0.997521131998742     
  0.996938755344995     
  0.996699761975796     
  0.996668564452523     
  0.996758003296004     
  0.996984123846411     
  0.997290723002750     
  0.997576226497709     
  0.998014575432214     
  0.998444551765219     
  0.998627477534322     
  0.998535622750230     
  0.998501536195615     
  0.998497583691918     
  0.998504251660164     
  0.998523490410005     
  0.998604248297399     
  0.998831853093434     
  0.999230640613946     
  0.999536560400462     
  0.999538739991294     
  0.999511387958406     
