  0.999487441595428     
  0.999484452281673     
  0.999472804819991     
  0.999460014323025     
  0.999435812970954     
  0.999418960501901     
  0.999415029400985     
  0.999412403707033     
  0.998900635543395     
  0.996468531582585     
  0.994969777409291     
  0.994715356760464     
  0.995729475023486     
  0.997943855037306     
  0.999059134747445     
  0.992703781827237     
  0.959076244725717     
  0.924921998079177     
  0.912300041541992     
  0.915440424139388     
  0.938279629184632     
  0.976270670429556     
  0.991074242587589     
  0.994504332409547     
  0.997797867985976     
  0.999243658089960     
  0.999315284561645     
  0.999345030178594     
  0.999342318308520     
  0.999296750403565     
  0.999260722355047     
  0.999248921572406     
  0.999254721463577     
  0.999287068620375     
  0.999322695020238     
  0.999321044768226     
  0.999312390812746     
  0.999301269291749     
  0.999291607467215     
  0.999280412037276     
  0.999260919810174     
  0.999247095828279     
  0.999236206844928     
  0.999227253498922     
  0.999224786548666     
  0.999220175109270     
  0.999202909023753     
  0.999155242319047     
  0.998608613538304     
  0.997490565989046     
  0.996867315103310     
  0.996781253936693     
  0.997126054900083     
  0.994876569933471     
  0.988801965789154     
  0.985148638241767     
  0.982698944103384     
  0.983833938153176     
  0.989649620647485     
  0.994528718553494     
  0.997018656774082     
  0.998731451313595     
  0.998928720667082     
  0.998948817564005     
  0.998939024788879     
  0.998921064753139     
  0.998900929238868     
  0.998879840352827     
  0.998852225238738     
  0.998823476674066     
  0.998797211491130     
  0.998772584699036     
  0.998750457196024     
  0.998703735854016     
  0.998589836759114     
  0.998476397080162     
  0.997918981563020     
  0.997166101631968     
  0.996918807437237     
  0.996951756105784     
  0.997338363392051     
  0.998115712920118     
  0.998396835813124     
  0.998374420349219     
  0.998328598116557     
  0.998052322216573     
  0.997541293199145     
  0.997206429343083     
  0.997105243213831     
  0.996925878135515     
  0.996482213437813     
  0.995156648018671     
  0.994149067299644     
  0.994360863600681     
  0.995398625198904     
  0.996578588165213     
  0.997571572452420     
  0.997532958729110     
  0.997402590276385     
  0.997322888116146     
  0.997290368431052     
  0.997307151970741     
  0.997277809806413     
  0.997181519986610     
  0.997061873252139     
  0.996881575827470     
  0.996718878969205     
  0.996599409789114     
  0.996497966153423     
  0.996409217498458     
  0.996342555009650     
  0.996225495639869     
  0.996069431878107     
  0.995896027468907     
  0.995708083279993     
  0.995499019108051     
  0.995258802797205     
  0.994965942400077     
  0.994492611021073     
  0.987829830965540     
  0.951829006282759     
  0.919303249792538     
  0.910602343423453     
  0.916822235159218     
  0.945922035104390     
  0.981396475712620     
  0.970157840936405     
  0.944603518288081     
  0.933088790880714     
  0.924708192402968     
  0.929119244969539     
  0.951489606080697     
  0.962219207723504     
  0.970728512557555     
  0.983158174576720     
  0.983222279768578     
  0.967739823614059     
  0.953809513324371     
  0.937853267444360     
  0.917133070502456     
  0.892557802944269     
  0.886636483821771     
  0.891761813137520     
  0.913879616409165     
  0.941632830727263     
  0.960994094151787     
  0.958340599065068     
  0.953308340615789     
  0.948072115975096     
  0.944036994718711     
  0.938299419365666     
  0.923841903833687     
  0.899128656164145     
  0.881694190530943     
  0.869851563595163     
  0.861504903892263     
  0.860521396317025     
  0.857523391172882     
  0.849251234282901     
  0.848615637137373     
  0.855755426910153     
  0.866119384113994     
  0.873827393184312     
  0.874359495109472     
  0.864352556886242     
  0.840055501392577     
  0.794560216916044     
  0.722509494298643     
  0.637220041659369     
  0.565597420639764     
  0.532579313857696     
  0.545086479027190     
  0.595790208623299     
  0.668518356516023     
  0.738476893234343     
  0.793366916337081     
  0.831532536558698     
  0.857623567195530     
  0.877612023462833     
  0.894936172229954     
  0.910562300859269     
  0.924337804395799     
  0.935891371955249     
  0.945071281012828     
  0.952224430234701     
  0.957926062682113     
  0.962609343001687     
  0.966347357137630     
  0.969323192943822     
  0.971877526631906     
  0.974213889699234     
  0.976338887344816     
  0.978293722767929     
  0.980108725941191     
  0.981804486499215     
  0.983405108920385     
  0.984901485287440     
  0.986269621809085     
  0.987425533820486     
  0.988261829561873     
  0.989086044553584     
  0.989760391875161     
  0.990545999517546     
  0.991398915241337     
  0.992183069689369     
  0.992755190655222     
  0.993226434599016     
  0.993595317391896     
  0.993891490257229     
  0.994171604443551     
  0.994458967047671     
  0.994742657569559     
  0.995069906352680     
  0.995362286782064     
  0.995600011525416     
  0.995817913046415     
  0.995716095127907     
  0.994173734470104     
  0.992934986872049     
  0.992575539607391     
  0.992927789729533     
  0.994151170792865     
  0.996088236020197     
  0.996158784679771     
  0.995244285544888     
  0.994963420395749     
  0.995079463604923     
  0.995528883497839     
  0.996680140830529     
  0.997186929586837     
  0.997230248745090     
  0.997298711470616     
  0.997467018302799     
  0.997303904930473     
  0.991750309312583     
  0.970289962187378     
  0.947832555290582     
  0.940210761996918     
  0.943413982963108     
  0.959976381757732     
  0.984882169951167     
  0.996885184582938     
  0.997763228773061     
  0.997220494379000     
  0.980763003392720     
  0.928716687500639     
  0.870501726003394     
  0.822853367955300     
  0.819053229589670     
  0.859492590132111     
  0.920276461270588     
  0.969789871974170     
  0.996041752535159     
  0.997987720508582     
  0.998267109778406     
  0.998578870904623     
  0.998771875447629     
  0.998798504482425     
  0.998781224178775     
  0.998677477341719     
  0.998606519366897     
  0.998636831174501     
  0.998735609912008     
  0.998855798742644     
  0.998999661828640     
  0.999041364900012     
  0.999064765777258     
  0.999093729228127     
  0.999133703314832     
  0.999167607364891     
  0.999184740150501     
  0.999170161172762     
  0.999107700695264     
  0.999071042181300     
  0.999078098396391     
  0.999098587336402     
  0.999080927007293     
  0.999086325920144     
  0.999102368455547     
  0.999161131252201     
  0.999261674855268     
  0.999182989159035     
  0.999026063189879     
  0.998977946187233     
  0.999014604731765     
  0.999146405617199     
  0.999334653858333     
  0.999367971821198     
  0.999360319534608     
  0.999338806367798     
  0.999340687345611     
  0.999364455338546     
  0.999383374627765     
  0.999392640127958     
  0.999399549655575     
  0.999352019558839     
  0.998914757574041     
  0.994539473444032     
  0.987743261509625     
  0.984994042568402     
  0.983147167870944     
  0.977349485696752     
  0.975506418733407     
  0.976367665303746     
  0.978214361849185     
  0.985840841732157     
  0.996002517077152     
  0.999098074622662     
  0.999032627704678     
  0.992175813940397     
  0.974073962866629     
  0.961565013305610     
  0.958072912257224     
  0.964305703634066     
  0.981693143015547     
  0.995126830289434     
  0.998857059125728     
  0.999490123654073     
  0.999549731854110     
  0.999598572159632     
  0.999629571069127     
  0.999639264007228     
  0.999645424967225     
  0.999643533696664     
  0.999643851473661     
  0.999648475538328     
  0.999656527590141     
  0.999656724760459     
  0.999614766903474     
  0.999585043596109     
  0.999567774830630     
  0.999579762456689     
  0.999612336085862     
  0.999576289602310     
  0.999556798463176     
  0.999581275679541     
  0.999612170809998     
  0.999647677193503     
  0.999697369285866     
  0.999704795524550     
  0.999691506559977     
  0.999516068451451     
  0.999033106893332     
  0.998663409202957     
  0.998607590952284     
  0.998869809696081     
  0.999293887335402     
  0.999165087706161     
  0.998791298621462     
  0.998647659612677     
  0.998803289681700     
  0.999224161597218     
  0.999663775086848     
  0.999730891596328     
  0.999729107392607     
  0.999730750506406     
  0.999736224757109     
  0.999742065468608     
  0.999753486745487     
  0.999759808091171     
  0.999761375790045     
  0.999759352464983     
  0.999752563452887     
  0.999691445116215     
  0.998492404519875     
  0.996766303697234     
  0.996276556139265     
  0.996345571972590     
  0.997165134096507     
  0.999084409321787     
  0.999744011570916     
  0.999768239093544     
  0.999771048707723     
  0.999770662736611     
  0.999763128487613     
  0.999707449762628     
  0.999578335441816     
  0.999500647353828     
  0.999474913499271     
  0.999517490844032     
  0.999638777828444     
  0.999740255408263     
  0.999761225540509     
  0.999748680436283     
  0.999688454687540     
  0.998241023970669     
  0.994776371284438     
  0.989810909090996     
  0.981993441699757     
  0.978749087254612     
  0.981221688529112     
  0.986053821403296     
  0.992944366543383     
  0.998139198901096     
  0.998018141714545     
  0.997734168999568     
  0.997936911473402     
  0.998655831817111     
  0.999584560677008     
  0.999700517276470     
  0.996867728725066     
  0.984492134740040     
  0.975099887279090     
  0.972776834922506     
  0.975927530613107     
  0.986460748866564     
  0.997713063596302     
  0.999554491090048     
  0.999663927880244     
  0.999766581312052     
  0.999804242147297     
  0.999809966654239     
  0.999813153102899     
  0.999809057492959     
  0.999752681887725     
  0.999601473880436     
  0.999459457160328     
  0.999458031411414     
  0.999525817988373     
  0.999629938751962     
  0.999766111943527     
  0.999798353650898     
  0.999758393341927     
  0.999738586637594     
  0.999740463015135     
  0.999764677553260     
  0.999808734557551     
  0.999824652534974     
  0.999825992164710     
  0.999826900585345     
  0.999827143716073     
  0.999811816444198     
  0.999700437700510     
  0.999622231090672     
  0.999603244442575     
  0.999582327854075     
  0.999587069011432     
  0.999479019822173     
  0.999391802378527     
  0.999403298736916     
  0.999481282035546     
  0.999353488980780     
  0.997333416812564     
  0.995724229083182     
  0.995293899848019     
  0.996115081330114     
  0.998060096317802     
  0.999325713376659     
  0.999109865800056     
  0.999039998044147     
  0.999192471739690     
  0.999518527202168     
  0.999752587830850     
  0.999348120398182     
  0.996852578214391     
  0.994762614699619     
  0.994186395728276     
  0.994623890601877     
  0.994983012977346     
  0.994199331007337     
  0.993441273490118     
  0.993437739500468     
  0.994662209483921     
  0.997809330886103     
  0.999141886786610     
  0.998995697630839     
  0.998964986631174     
  0.999100418881699     
  0.999480370170230     
  0.999778593450672     
  0.999807785943986     
  0.999813463327555     
  0.999817106416162     
  0.999799831932517     
  0.999770137112988     
  0.999748660729878     
  0.999736803074494     
  0.999730044008327     
  0.999680163507149     
  0.998283764409871     
  0.988174608410478     
  0.968190698989968     
  0.954256307094135     
  0.953180831807697     
  0.962373242946780     
  0.975147595556683     
  0.982251332286903     
  0.983443853962642     
  0.986785658252779     
  0.993204401416927     
  0.998142840569532     
  0.999018547204295     
  0.999023178707084     
  0.993788989549330     
  0.971475948655872     
  0.957433500776158     
  0.954422927422474     
  0.960628268141456     
  0.979246593450491     
  0.997932066464104     
  0.999668833513951     
  0.999718189447771     
  0.999654567301312     
  0.999506568310565     
  0.999248823814794     
  0.999037674580037     
  0.998654608947484     
  0.989461837856663     
  0.964266529919615     
  0.948102782210273     
  0.944914239872791     
  0.947241313483318     
  0.948455332887059     
  0.946273057477229     
  0.942306660643820     
  0.949849712754622     
  0.967337252366719     
  0.982888235967409     
  0.985229455896200     
  0.979823560820985     
  0.972171563724537     
  0.969391997102879     
  0.970341731085142     
  0.977803773128779     
  0.990704433292541     
  0.997937648041523     
  0.995331915879538     
  0.981792292340058     
  0.965394788666942     
  0.957274570056536     
  0.959369537230230     
  0.971234967704174     
  0.986480409799264     
  0.993353912622155     
  0.993856424041687     
  0.994003870895229     
  0.993935045581070     
  0.994335086507641     
  0.989387536328239     
  0.981777333240885     
  0.979464139767368     
  0.982587764123399     
  0.989279671386028     
  0.997036331413855     
  0.999445292492791     
  0.999607797947763     
  0.999629272603741     
  0.999681219908342     
  0.999747416878093     
  0.999748618644182     
  0.999709551174519     
  0.999675449036157     
  0.999664491863792     
  0.999686976394403     
  0.999730774549358     
  0.999757010546543     
  0.999730762861093     
  0.999713789338688     
  0.999709356555944     
  0.999716753962744     
  0.999743431594501     
  0.999763062892589     
  0.999759405363609     
  0.999757060885154     
  0.999754800993546     
  0.999752802354612     
  0.999751914114699     
  0.999750050870475     
  0.999744096217899     
  0.999704686319264     
  0.999210088954128     
  0.997710999547593     
  0.997021623644301     
  0.995503194113712     
  0.988879368844794     
  0.985143355305473     
  0.985093723199608     
  0.986295666991895     
  0.991427497459769     
  0.998240356404252     
  0.995406203551230     
  0.985488735541564     
  0.978364580229439     
  0.977381365020761     
  0.982747536951393     
  0.992562377942534     
  0.998674706218705     
  0.999386580060643     
  0.999372265852486     
  0.999043964907627     
  0.998255473894622     
  0.997750185227099     
  0.996783510946236     
  0.996624177526596     
  0.997192503218914     
  0.998145564143832     
  0.998751566541958     
  0.999606433583075     
  0.999643933715550     
  0.999641945434217     
  0.999638412960146     
  0.999632233043757     
  0.999622394456853     
  0.999607527422747     
  0.999586028890893     
  0.999574434668381     
  0.999568721278469     
  0.999524186321309     
  0.999469338466661     
  0.999445887610015     
  0.999415662136230     
  0.999384618436108     
  0.999402928021374     
  0.999369559791519     
  0.998783502179204     
  0.995501520459716     
  0.992048918387652     
  0.991017103451703     
  0.991954065263584     
  0.994803785405847     
  0.997773376839024     
  0.997588696527239     
  0.996958805889502     
  0.993231243386177     
  0.986711674007953     
  0.962172386028130     
  0.934057613130403     
  0.925987994706907     
  0.934436531812185     
  0.954981392886556     
  0.988230121815621     
  0.999003039693833     
  0.999175621016385     
  0.998978881077046     
  0.994506991276520     
  0.979607362404460     
  0.968940229409677     
  0.966435521443381     
  0.970155820545207     
  0.981499004620451     
  0.992544670742348     
  0.994600481522006     
  0.996169948497077     
  0.998255943725205     
  0.999003025752845     
  0.999026157935171     
  0.999006464303630     
  0.998984250707406     
  0.998960333438441     
  0.998934140863110     
  0.998903850352123     
  0.998871128453955     
  0.998826874259001     
  0.998718586726749     
  0.998544120772218     
  0.998411473789450     
  0.998388224218802     
  0.998389706933222     
  0.998413859689871     
  0.998401139664454     
  0.998348295261893     
  0.998290866370385     
  0.998292675014359     
  0.998236187098660     
  0.998096970869533     
  0.996930321942473     
  0.995148364448209     
  0.990368288357555     
  0.979921810692479     
  0.973616348434222     
  0.974274869761958     
  0.977151521824089     
  0.983141397921839     
  0.987301380779553     
  0.987088926112122     
  0.989083007364479     
  0.992016935880081     
  0.993614802110476     
  0.994639971450633     
  0.996039125106988     
  0.996498177258580     
  0.996529251027421     
  0.996352463948843     
  0.996159455420746     
  0.995949634452109     
  0.995727965156714     
  0.995489891272249     
  0.995060309748650     
  0.993370454147584     
  0.992017051035179     
  0.991498050792016     
  0.991325898575824     
  0.991960213834960     
  0.992976337609108     
  0.992774989451694     
  0.992401117781223     
  0.992024255366406     
  0.991620288335871     
  0.991162097346684     
  0.990662363875738     
  0.990128102654687     
  0.989550143259901     
  0.988904091048881     
  0.988191494174321     
  0.987415914070710     
  0.986556522353943     
  0.985316694726536     
  0.983037572425318     
  0.980219887209923     
  0.978113732823937     
  0.976948884918692     
  0.976789512855795     
  0.976953177924881     
  0.976087861921712     
  0.974440720323116     
  0.972667070661312     
  0.970872108960246     
  0.969023440568255     
  0.967123494642328     
  0.965272520243214     
  0.963487202992105     
  0.961759315475966     
  0.960158999955800     
  0.958989253369320     
  0.958589058041089     
  0.959089692194203     
  0.960331091985734     
  0.961963100134410     
  0.963682458219258     
  0.965367601176293     
  0.967115423364321     
  0.968952436228031     
  0.970819201087938     
  0.972772321947230     
  0.974698237550640     
  0.976453725458122     
  0.978087285022190     
  0.979609025449993     
  0.981016995944020     
  0.982313007894065     
  0.983505915044178     
  0.984619469641211     
  0.985528330737096     
  0.986363576784844     
  0.987173784702642     
  0.987961825825506     
  0.988671102860837     
  0.988129497827171     
  0.985746967791735     
  0.984230791822861     
  0.984474878074985     
  0.986614600953545     
  0.990091238751693     
  0.992110190458884     
  0.992808621546847     
  0.993282549189114     
  0.993682501769465     
  0.993997904454909     
  0.993741333712533     
  0.990165831287807     
  0.985254382038583     
  0.983281336376714     
  0.984370615544029     
  0.988633798576594     
  0.994148156131642     
  0.996063385425830     
  0.996074856665780     
  0.995218885393067     
  0.994533338282184     
  0.994479626618571     
  0.995111948590212     
  0.996290361539116     
  0.997184635448147     
  0.997416527241048     
  0.997547833544331     
  0.997668111539782     
  0.997769025731527     
  0.997858993043629     
  0.997943586803170     
  0.998020719923256     
  0.998070918633103     
  0.998123052727403     
  0.998184114766003     
  0.998249345584481     
  0.998322257614192     
  0.998405309849903     
  0.998422496440649     
  0.998331597001669     
  0.998310931710436     
  0.998348777344787     
  0.998432722232402     
  0.998595387346057     
  0.998720233495290     
  0.998757600642248     
  0.998788584094248     
  0.998816542709109     
  0.998841061818763     
  0.998860767181667     
  0.998861903407203     
  0.998826174035093     
  0.998767966778611     
  0.998669737187958     
  0.998630501585631     
  0.998619348357695     
  0.998564918695586     
  0.998412510037836     
  0.997127936110941     
  0.981515576468398     
  0.903148324424028     
  0.813732331280605     
  0.781853521475061     
  0.799875452055560     
  0.870984570021912     
  0.962533255449317     
  0.992610052920598     
  0.993306329443230     
  0.994052058816419     
  0.996228121791351     
  0.997888838570333     
  0.998154369340333     
  0.997596876703381     
  0.997156364089826     
  0.997258540258204     
  0.997873270953198     
  0.998757095823745     
  0.999222901424453     
  0.999377952777069     
  0.999425346128149     
  0.999452696750083     
  0.999402629393335     
  0.999107730863349     
  0.998704196836191     
  0.998529187822294     
  0.998704550706651     
  0.999106214307850     
  0.999445089253334     
  0.999547332508063     
  0.999572691347868     
  0.999593683958461     
  0.999602939380822     
  0.999610454799746     
  0.999616516433820     
  0.999620172944475     
  0.999612050830993     
  0.999292698908451     
  0.998432950899466     
  0.997993722916409     
  0.997677675160562     
  0.996122025365342     
  0.995309082916066     
  0.995332137022760     
  0.995404510135969     
  0.996656572408082     
  0.998832565725532     
  0.999505852669268     
  0.999652171510355     
  0.999640615768658     
  0.998893222043222     
  0.997722253019083     
  0.997360582519014     
  0.997389023318048     
  0.997891852022821     
  0.999148705260575     
  0.999704750954787     
  0.999734000241007     
  0.999741227308048     
  0.999729307684493     
  0.999537413735582     
