  0.999491071009248     
  0.999487540272545     
  0.999478912465366     
  0.999483942238806     
  0.999387968071037     
  0.999441489672925     
  0.999340651941292     
  0.999450107989715     
  0.999431256524636     
  0.999074930001492     
  0.996409560600853     
  0.988021059218447     
  0.998652559987730     
  0.999236880888098     
  0.999273893216247     
  0.999052945522760     
  0.997454408907760     
  0.964452624850370     
  0.778649970716763     
  0.903078436303841     
  0.984795169924633     
  0.989196526898889     
  0.990488254891192     
  0.998431871011433     
  0.999057731828533     
  0.999316473386736     
  0.999342736636180     
  0.999351353075236     
  0.999354473567805     
  0.999352875666950     
  0.999304706382702     
  0.999028540174774     
  0.999315677592194     
  0.999334906930331     
  0.999329265676061     
  0.999322279812450     
  0.999314407812969     
  0.999306828796551     
  0.999292207814233     
  0.999276744951332     
  0.999279948778270     
  0.999257258343105     
  0.999186815762601     
  0.999247924235810     
  0.999227061716839     
  0.999225493923617     
  0.999210328633002     
  0.999191555973976     
  0.999130703838862     
  0.998909657535156     
  0.995624182526314     
  0.993550025463690     
  0.998705095898066     
  0.999065348788303     
  0.999010572258397     
  0.973882788063918     
  0.973162366447607     
  0.989354619296422     
  0.986270859624008     
  0.998208172181972     
  0.998746935846666     
  0.998963622489407     
  0.998973087905643     
  0.998960654182328     
  0.998942452885090     
  0.998923058024770     
  0.998903532825857     
  0.998881873630059     
  0.998860095339953     
  0.998837937460656     
  0.998761533701736     
  0.998787545704273     
  0.998756407191440     
  0.998738293996703     
  0.998695014137800     
  0.998477959640056     
  0.998426266125109     
  0.998432626528431     
  0.994542686335616     
  0.996274381576503     
  0.998414943560470     
  0.998463038452038     
  0.998439701707349     
  0.998323972848334     
  0.998354685037363     
  0.998306066151273     
  0.998156599320041     
  0.996033719310387     
  0.997141948667424     
  0.997597930778586     
  0.997441847148119     
  0.995035737986406     
  0.994066534980207     
  0.989678554420644     
  0.996936327447830     
  0.997688967828012     
  0.997740436663569     
  0.997667969114277     
  0.997348900279148     
  0.997117874033205     
  0.997431969221488     
  0.997377937933445     
  0.997290958410080     
  0.997195985121645     
  0.997084619926379     
  0.996928941379156     
  0.996802478526885     
  0.996429504878595     
  0.996512198487536     
  0.996512986152812     
  0.996384765731376     
  0.996239630650305     
  0.996083758577555     
  0.995915810848929     
  0.995739391315215     
  0.995502641928768     
  0.995302573840662     
  0.995032632087780     
  0.994702479310101     
  0.994238122019052     
  0.993351638626007     
  0.958698878249787     
  0.754290173582042     
  0.940016120975512     
  0.991823954361772     
  0.992246879391013     
  0.991412411745174     
  0.980947069413118     
  0.847895922532472     
  0.917796646032863     
  0.981913594838266     
  0.910154906954655     
  0.963662515130850     
  0.987404847648200     
  0.987012650096517     
  0.986010804768259     
  0.984394208692136     
  0.968924840563365     
  0.883811264996308     
  0.964256350183040     
  0.883029820434212     
  0.905175345904572     
  0.792778359967241     
  0.959328348327012     
  0.969508974776122     
  0.966565204971135     
  0.962064929952244     
  0.939045090084289     
  0.953567091080692     
  0.944477037893921     
  0.939040431226885     
  0.934893920256395     
  0.917296516840070     
  0.874834116497557     
  0.814251251789876     
  0.888660953727508     
  0.875005717061838     
  0.854953227871650     
  0.839222193259744     
  0.839787514294914     
  0.854451992878472     
  0.869228691206678     
  0.880055880787291     
  0.881429508196126     
  0.873981466066682     
  0.853730404844348     
  0.813947304781878     
  0.750156758557783     
  0.638974578267795     
  0.515893126116180     
  0.479666630475941     
  0.510629776869217     
  0.584517189244846     
  0.676312633174933     
  0.756949601207808     
  0.808757129414032     
  0.837682141564367     
  0.860599556551011     
  0.879938232433095     
  0.895436630616406     
  0.911126483786735     
  0.926251673463553     
  0.939047514671939     
  0.946219518121091     
  0.952682014653675     
  0.958806815877594     
  0.963809053261656     
  0.966772217175494     
  0.969528682086939     
  0.972059414789453     
  0.974419884095954     
  0.976502305700929     
  0.978427470174956     
  0.980210623661182     
  0.981905184247270     
  0.983530882691125     
  0.984973811156865     
  0.986418095046117     
  0.987658511440825     
  0.988702693799143     
  0.989137785728636     
  0.988679410524831     
  0.991008532283492     
  0.991597223974102     
  0.992363205181522     
  0.992747997734052     
  0.993309622859119     
  0.993688448850428     
  0.994014779316233     
  0.994069235110971     
  0.994326267264248     
  0.994877980064752     
  0.995173524235574     
  0.995221453863016     
  0.995651711464617     
  0.995866562118880     
  0.996059320077520     
  0.996179400717140     
  0.994656615147721     
  0.984545754825048     
  0.994648164565604     
  0.995689583851448     
  0.996709559800499     
  0.997081299912402     
  0.997186707980031     
  0.992248010922898     
  0.994603621941191     
  0.997490136388747     
  0.997577484301470     
  0.996376600960563     
  0.997115537168343     
  0.997724697239295     
  0.997705287957599     
  0.997453042534124     
  0.997148892092056     
  0.995068137093354     
  0.956690077998385     
  0.877097871473581     
  0.907085605676998     
  0.991814002283180     
  0.997086325606769     
  0.997715880964312     
  0.997950350595545     
  0.997925779070212     
  0.997250526486362     
  0.990985265853821     
  0.884445274324070     
  0.708487871590893     
  0.788374176158639     
  0.800579052402639     
  0.989178115812498     
  0.997104770148812     
  0.997505846985926     
  0.997796132756210     
  0.998594769738465     
  0.998734332801875     
  0.998798354589512     
  0.998843887836296     
  0.998867714374607     
  0.998654151552342     
  0.998790201650163     
  0.997958720927911     
  0.998901464305810     
  0.999035298050766     
  0.999062711269104     
  0.999012099066521     
  0.999039368318947     
  0.999130198924807     
  0.999151248159256     
  0.999169267944725     
  0.999187767769123     
  0.999203876979727     
  0.999209102459711     
  0.998973545731411     
  0.998914463568315     
  0.999207865638669     
  0.999258689656426     
  0.999127570746417     
  0.998789194873493     
  0.999299777236799     
  0.999334583176005     
  0.999345081304956     
  0.999283994256640     
  0.998230930216887     
  0.999049478268798     
  0.999382548267611     
  0.999399875954658     
  0.999404547894761     
  0.999352254966283     
  0.999302279867708     
  0.999417228922457     
  0.999217029686986     
  0.999427594792965     
  0.999426052707284     
  0.999415703162134     
  0.999389705208648     
  0.999334283770024     
  0.999225000548172     
  0.997991993950398     
  0.966230566509892     
  0.974532136535527     
  0.998304585291348     
  0.987582887069971     
  0.941149277941845     
  0.978289003954835     
  0.998855093574737     
  0.999114990121866     
  0.999306220790870     
  0.999349190078243     
  0.999226085023640     
  0.997770924111025     
  0.946948065488616     
  0.908902270509827     
  0.976429500147212     
  0.995834195204371     
  0.999344975350944     
  0.999448313584518     
  0.999454856834579     
  0.999606604763989     
  0.999621591669475     
  0.999632396362281     
  0.999640757810536     
  0.999647986873310     
  0.999653997539759     
  0.999650801640854     
  0.999603442748145     
  0.999670219101901     
  0.999675585323411     
  0.999673012506920     
  0.999613510502306     
  0.999467853962789     
  0.999670287470657     
  0.999540437578324     
  0.999649965728069     
  0.999613225179465     
  0.999286159775356     
  0.999681399476150     
  0.999705493357731     
  0.999711115472855     
  0.999696001746587     
  0.999709000392096     
  0.999692218269629     
  0.999536923987663     
  0.998260440000939     
  0.997475181721696     
  0.999342512541495     
  0.999667767497059     
  0.999649463829913     
  0.999305079219309     
  0.996388487536728     
  0.999292596561941     
  0.999687818671101     
  0.999735890223254     
  0.999723991910602     
  0.999747408332392     
  0.999729194791939     
  0.999731114933216     
  0.999755551779458     
  0.999758167188663     
  0.999760220627820     
  0.999761800415880     
  0.999762909907824     
  0.999764171137929     
  0.999739596098536     
  0.999736759739266     
  0.999734394483097     
  0.989821721398994     
  0.995653069535015     
  0.999776020778154     
  0.999739968630713     
  0.999775438025456     
  0.999778915965813     
  0.999780968954590     
  0.999754823480373     
  0.999763299842594     
  0.999761839106933     
  0.999740001663729     
  0.999471947691572     
  0.999045426659792     
  0.999651406654025     
  0.999647788477966     
  0.999786223977389     
  0.999788444448847     
  0.999784545399642     
  0.999747377440651     
  0.999585524419707     
  0.999819348285381     
  0.988722417266692     
  0.987008661758737     
  0.972102271927000     
  0.951940016804485     
  0.998372942743550     
  0.999651612674537     
  0.999503277321237     
  0.998989088631155     
  0.993443034721288     
  0.998675441237811     
  0.999602242648116     
  0.999775837893025     
  0.999775643957657     
  0.999726742830713     
  0.999266563971749     
  0.982598664764819     
  0.920062714060002     
  0.990163943593341     
  0.999342216851748     
  0.999184593338196     
  0.999604446242553     
  0.999784243881304     
  0.999801828089236     
  0.999804314077193     
  0.999812117343912     
  0.999814159104779     
  0.999815691071989     
  0.999806410522229     
  0.999739229413939     
  0.999405500362107     
  0.999044499043335     
  0.999491898225262     
  0.999824015131294     
  0.999822781461749     
  0.999822760374206     
  0.999814806381244     
  0.999633017498437     
  0.999716631451642     
  0.999813185207224     
  0.999825601072639     
  0.999827470434794     
  0.999827440394653     
  0.999826907790804     
  0.999822195029115     
  0.999829102181717     
  0.999830084924955     
  0.999776032264290     
  0.998969096044539     
  0.999775503624926     
  0.999810072801603     
  0.999540253793302     
  0.999600155532838     
  0.998179117553724     
  0.999814513455618     
  0.999808264764726     
  0.999566857596657     
  0.998077723573475     
  0.983850583533050     
  0.998882847806634     
  0.999695659513980     
  0.999706640290433     
  0.999079921671051     
  0.998078154255200     
  0.999457464330683     
  0.999774273859233     
  0.999805658071235     
  0.999791563503799     
  0.999751088461167     
  0.997522233360805     
  0.982215453588692     
  0.996775390705472     
  0.999732689012549     
  0.999748237524512     
  0.987374439190038     
  0.986931530543260     
  0.999575689217792     
  0.999804363088536     
  0.999784827649074     
  0.998722614732598     
  0.997580884389922     
  0.999692147805752     
  0.999801976848148     
  0.999777653448395     
  0.999821271420973     
  0.999819770066762     
  0.999818057584688     
  0.999814964736021     
  0.999808857209931     
  0.999679816407105     
  0.999705714187196     
  0.999750039624189     
  0.999758015225401     
  0.999630684855013     
  0.998067860256890     
  0.985532783053800     
  0.929272042686489     
  0.917945143749254     
  0.982581767579096     
  0.995462050522388     
  0.973760379789355     
  0.965330953740208     
  0.994711753605067     
  0.999088936568117     
  0.999139651271370     
  0.997674271553315     
  0.999505020157392     
  0.999570912061327     
  0.998177097576365     
  0.973184682895816     
  0.851714586693261     
  0.993576692564228     
  0.999068043225931     
  0.999568250178131     
  0.999738453941028     
  0.999754012300668     
  0.999752282834824     
  0.999682184529829     
  0.999115105603783     
  0.999008666030649     
  0.998478508720053     
  0.999204178924522     
  0.997401546289477     
  0.930297141059492     
  0.864419088317915     
  0.986752788889858     
  0.991626239157185     
  0.945581537681678     
  0.880821485605567     
  0.961432108439840     
  0.993727581406617     
  0.985722488957060     
  0.969105627818336     
  0.992380142499936     
  0.991759266362801     
  0.946325837988220     
  0.946306416119967     
  0.992256958703978     
  0.998778974097294     
  0.999343447365556     
  0.999142754248910     
  0.996636378386755     
  0.976440030714922     
  0.919406724260693     
  0.937462268292315     
  0.991491140365660     
  0.998100011713124     
  0.995544627194094     
  0.986414262720198     
  0.994578042677726     
  0.999322655461607     
  0.997043165362357     
  0.985431473226099     
  0.991932114324580     
  0.959851129997608     
  0.979596324367021     
  0.997167583072650     
  0.999530760190729     
  0.999697708820487     
  0.999307410715070     
  0.999685009390463     
  0.999771114214523     
  0.999732252186297     
  0.999774323250626     
  0.999742748930996     
  0.999676798060682     
  0.999549191603629     
  0.999693775649772     
  0.999766618825411     
  0.999771538620209     
  0.999770140569279     
  0.999747231683180     
  0.999570510889686     
  0.999765362827308     
  0.999761649533866     
  0.999763583692273     
  0.999762864996675     
  0.999759443027110     
  0.999741594117562     
  0.999755646094387     
  0.999752963026250     
  0.999749292278102     
  0.999745270218370     
  0.999738540674964     
  0.999716052132963     
  0.999480956282670     
  0.996701397137464     
  0.991855594265610     
  0.999448293767671     
  0.994663029608956     
  0.947988098929867     
  0.994578811253643     
  0.999633826656790     
  0.999647259992356     
  0.999258367623459     
  0.995753600526041     
  0.968561672629869     
  0.955260960851031     
  0.992215648373270     
  0.998768540041276     
  0.999569438226569     
  0.999404548873163     
  0.999102690724881     
  0.999408912982322     
  0.999624137615899     
  0.998524594154070     
  0.994246508277617     
  0.999051052757345     
  0.992836005461849     
  0.999622385446755     
  0.999635573295522     
  0.999642506449499     
  0.999646000273525     
  0.999642374135029     
  0.999636594780095     
  0.999630655195816     
  0.999623787340895     
  0.999609157933707     
  0.999592239409992     
  0.999573927780574     
  0.999520129889996     
  0.999582529427007     
  0.999573180392304     
  0.999386397642357     
  0.999409999148203     
  0.999525165160490     
  0.999370615195455     
  0.999344998800115     
  0.999435204079739     
  0.998974213652045     
  0.995065079393405     
  0.976849984290114     
  0.994832652782534     
  0.999145808417435     
  0.999292171558722     
  0.998447280385063     
  0.994431883912743     
  0.996852526425013     
  0.997946590835079     
  0.966085569707341     
  0.980238616644027     
  0.823681299275040     
  0.920104517666052     
  0.996487901768134     
  0.998973232887304     
  0.999205989290704     
  0.999211495693150     
  0.999174639253625     
  0.999014604372103     
  0.997670825608860     
  0.968655262667075     
  0.912448123157346     
  0.988595032990504     
  0.997232022587833     
  0.989941345515699     
  0.992681650869792     
  0.998434615216294     
  0.999000871652674     
  0.999041568701848     
  0.999027440498291     
  0.998984529892451     
  0.998982382698845     
  0.998957270740536     
  0.998929059920295     
  0.998892546403930     
  0.998866589409542     
  0.998831153803610     
  0.998777693992974     
  0.998627891576919     
  0.998182308764345     
  0.998258135360015     
  0.998565157093161     
  0.998578438633429     
  0.997836438823087     
  0.998476436203067     
  0.998441583578840     
  0.998271505088587     
  0.998061279983613     
  0.998249148014396     
  0.998145055364516     
  0.997705513935489     
  0.988639169964562     
  0.991322938343464     
  0.965416376466242     
  0.949555350941238     
  0.991954401619075     
  0.993296534762215     
  0.976131332440333     
  0.988623818618147     
  0.993342377669976     
  0.987142976391141     
  0.994532097548371     
  0.995452346477967     
  0.996841631914342     
  0.996685964410849     
  0.996521400409276     
  0.996342079829850     
  0.996110166641355     
  0.995936449290877     
  0.995716232445470     
  0.995464296914117     
  0.995202843071324     
  0.994951973190178     
  0.994039098154858     
  0.983274471489875     
  0.993327606068656     
  0.993564709050837     
  0.993114844423756     
  0.992622683473219     
  0.992366078915454     
  0.992021305755049     
  0.991594667826817     
  0.991117701037941     
  0.990600840584824     
  0.990088518246319     
  0.989510769819219     
  0.988839557602309     
  0.988182264463637     
  0.987349756564734     
  0.986506320945274     
  0.985564833017704     
  0.984439536192500     
  0.981257922674408     
  0.974236688860037     
  0.974915661225707     
  0.978711972296907     
  0.977735679191313     
  0.976165838532364     
  0.973978701077997     
  0.972636143951374     
  0.970682503015334     
  0.968831172850373     
  0.966812745757067     
  0.964862356145251     
  0.963106929017380     
  0.961490324969543     
  0.959802530436168     
  0.958126161476338     
  0.957334694910100     
  0.958304343136200     
  0.960012355362206     
  0.961678455496882     
  0.963348568669571     
  0.965126905984332     
  0.966867624440376     
  0.968318909446309     
  0.970630198040219     
  0.972776336053824     
  0.974542298060683     
  0.976386680171919     
  0.977954554578764     
  0.979530793034501     
  0.980970745879861     
  0.982227920242869     
  0.983467232995878     
  0.984508581527757     
  0.985598534794795     
  0.986599788724874     
  0.986373442100142     
  0.988068043033237     
  0.988803420248616     
  0.989547260722128     
  0.989117497060186     
  0.979885352337507     
  0.979382829996605     
  0.988519722939634     
  0.991937677498976     
  0.992245692463019     
  0.992884706612942     
  0.993258033875229     
  0.993667362496778     
  0.994029518735366     
  0.994265844743048     
  0.994192535649176     
  0.990454997463033     
  0.967627780399591     
  0.982164567760851     
  0.994516023846254     
  0.995828202104459     
  0.996175012337337     
  0.996374462366446     
  0.996317030787217     
  0.994240129994664     
  0.991328901695632     
  0.996136365409369     
  0.997039478962106     
  0.997251007439177     
  0.997428426760359     
  0.997558245213099     
  0.997659144876857     
  0.997755048375947     
  0.997845079502303     
  0.997930597317154     
  0.998009911029797     
  0.998083939115329     
  0.998152557459333     
  0.997983502113618     
  0.998276734466399     
  0.998343313089039     
  0.998399935244895     
  0.998444652764455     
  0.998500478095474     
  0.998389965803252     
  0.997949032155449     
  0.998628248173221     
  0.998678086493425     
  0.998716125505334     
  0.998750587028719     
  0.998782102553991     
  0.998810838150388     
  0.998835756410069     
  0.998857554434532     
  0.998873455099440     
  0.998873713051175     
  0.998771311751682     
  0.998658729330493     
  0.998669246142270     
  0.998395756370667     
  0.998753027502546     
  0.998616331697161     
  0.998319160326451     
  0.997379395221007     
  0.987706485947733     
  0.903449490616616     
  0.500334580652594     
  0.753667563805917     
  0.984008013459301     
  0.996727605177407     
  0.990953946203222     
  0.989863366740097     
  0.994494985100718     
  0.997462266631025     
  0.999149569101466     
  0.999063097326842     
  0.998575415344929     
  0.994287667390343     
  0.996917037752276     
  0.998535474364072     
  0.999174397903693     
  0.999348618712142     
  0.999370955629932     
  0.999440433439064     
  0.999469594014391     
  0.999474210102790     
  0.999383168905826     
  0.998773704695406     
  0.997756108429219     
  0.998730124866284     
  0.999432044538625     
  0.999442675172705     
  0.999569436468673     
  0.999582504494817     
  0.999592823080569     
  0.999601641816638     
  0.999609138112157     
  0.999615431051704     
  0.999620794900553     
  0.999622776659921     
  0.999618157635044     
  0.999577635291238     
  0.997274781387089     
  0.995661739905337     
  0.999532443931663     
  0.998565864727268     
  0.985800898812781     
  0.996745901664661     
  0.999037003970007     
  0.999375122620605     
  0.999632376648059     
  0.999683296590472     
  0.999691419822614     
  0.999706467597123     
  0.999670567886706     
  0.993873235119110     
  0.995783254565560     
  0.999753212250304     
  0.999727624197361     
  0.999729535967390     
  0.999725253786119     
  0.999743839911208     
  0.999748141081239     
  0.999755437864482     
