  0.999329455485953     
  0.999294168889122     
  0.999152512691587     
  0.998998376753228     
  0.998816393027739     
  0.998655513295005     
  0.998521533712099     
  0.998324782129566     
  0.996586954312115     
  0.992206523761139     
  0.987664956041948     
  0.983798526202379     
  0.980507174858772     
  0.977678648013144     
  0.975351313885157     
  0.973476341409536     
  0.971937994429449     
  0.970852069081524     
  0.970652695915353     
  0.971328926744474     
  0.972040151384481     
  0.972784725868272     
  0.974007993081002     
  0.976179195721067     
  0.978868807607431     
  0.981968086335092     
  0.985733846110829     
  0.990183087132937     
  0.995031008329228     
  0.998088320223172     
  0.998802235502279     
  0.999103165063425     
  0.999272258001179     
  0.999280017605629     
  0.999277136201624     
  0.999272704843688     
  0.999267391992936     
  0.999261661770220     
  0.999256005122032     
  0.999250294392280     
  0.999236423875853     
  0.999159173420167     
  0.999043026516237     
  0.998929920066488     
  0.998822239590667     
  0.998619882870991     
  0.997933165916858     
  0.997054232605763     
  0.996094360502414     
  0.995205466816633     
  0.994504854221991     
  0.994052776962029     
  0.993763000379101     
  0.993563524655392     
  0.993300032666142     
  0.993058635937502     
  0.993103645130966     
  0.993405160505876     
  0.993620842069000     
  0.993698180915866     
  0.993930669026556     
  0.994357391834352     
  0.994883825422567     
  0.995575027938406     
  0.996431368156113     
  0.997404144104357     
  0.998210527592600     
  0.998556965365323     
  0.998734649103683     
  0.998683322939920     
  0.998560978656492     
  0.998448411037377     
  0.998350776674174     
  0.998264982381324     
  0.998185553873432     
  0.998118826595373     
  0.998073788134002     
  0.998033297865918     
  0.997956623627569     
  0.997872696246814     
  0.997807899927730     
  0.997752868230416     
  0.997674144874880     
  0.997568837439695     
  0.997423944313007     
  0.997292191434200     
  0.997157751762108     
  0.997013798548188     
  0.996887951488409     
  0.996765901976123     
  0.996647950638080     
  0.996594958454749     
  0.996569053409507     
  0.996522865600557     
  0.996471225884350     
  0.996488287913955     
  0.996607485933714     
  0.996743629016944     
  0.996832993204202     
  0.996879089097019     
  0.996913832452068     
  0.996951094188618     
  0.996967094266352     
  0.996954914825433     
  0.996885918599393     
  0.996784666801727     
  0.996679403874545     
  0.996559375089130     
  0.996431525915031     
  0.996300637560641     
  0.996151105614228     
  0.995926988628238     
  0.994372315677807     
  0.989861453712055     
  0.984905881029730     
  0.980508970802256     
  0.977014259555241     
  0.974368521333229     
  0.971827544953521     
  0.967763427533138     
  0.963444632349050     
  0.959568950809990     
  0.955470825770642     
  0.951998517331839     
  0.949356316183184     
  0.947535629966080     
  0.946566007822476     
  0.946469927890820     
  0.946840031528602     
  0.947472233480436     
  0.949223322026752     
  0.950477397699303     
  0.950401963061763     
  0.946712305639090     
  0.942361552947735     
  0.939031380738657     
  0.937244316131825     
  0.937275755684177     
  0.938661342247827     
  0.938709449667399     
  0.936414422693072     
  0.934536213543763     
  0.933365216243847     
  0.931913253096342     
  0.928826364579344     
  0.924931089145585     
  0.921735161815863     
  0.919256419710845     
  0.916662411886585     
  0.913478525195984     
  0.910510533878927     
  0.907354070018023     
  0.902892074143392     
  0.896609953852510     
  0.890202425792857     
  0.884288553824493     
  0.878348742594793     
  0.872286185413341     
  0.865532011096416     
  0.856726771183541     
  0.844719575762185     
  0.829631293865389     
  0.812586664536843     
  0.794937608342865     
  0.777637500756046     
  0.760934812920529     
  0.746400404480793     
  0.734671259170373     
  0.725851344770960     
  0.720124311681691     
  0.717826595763401     
  0.718784179963344     
  0.723230661841609     
  0.731966797493975     
  0.744856035727632     
  0.761739122320389     
  0.782197217255243     
  0.805561617502627     
  0.830843043991687     
  0.856359744520720     
  0.879809997293451     
  0.899678102358965     
  0.915615491194230     
  0.928109889110208     
  0.937970162716594     
  0.946018362230305     
  0.952769003875646     
  0.958477867327850     
  0.963304961240732     
  0.967382006031529     
  0.970806272580436     
  0.973655963790576     
  0.976084382514628     
  0.978208986934683     
  0.980086579516625     
  0.981760728339698     
  0.983274338703124     
  0.984658849146090     
  0.985918922169549     
  0.987059281739494     
  0.988094482742480     
  0.988912711054472     
  0.989763208308119     
  0.990528327801596     
  0.991224521311104     
  0.991852976932524     
  0.992416062591428     
  0.992920625612404     
  0.993368972528469     
  0.993678970835760     
  0.993840656699712     
  0.993979708642843     
  0.994103900599906     
  0.994230008950635     
  0.994359414573643     
  0.994471354201695     
  0.994468257125745     
  0.994480391805287     
  0.994549765149101     
  0.994636300889760     
  0.994672019070139     
  0.994714593109325     
  0.994885471550012     
  0.995085211017712     
  0.995207688952509     
  0.995268068979090     
  0.995345409586170     
  0.994511415818527     
  0.992278148667092     
  0.989845424230681     
  0.987619325219420     
  0.985754820672173     
  0.984070990261249     
  0.982833374295164     
  0.981942950332084     
  0.981037179688679     
  0.979419200769828     
  0.975382667815371     
  0.971399046016660     
  0.963282619062513     
  0.954566758844421     
  0.947602708085203     
  0.942492248022998     
  0.939011851144991     
  0.937037716358606     
  0.936236846475691     
  0.936651550781811     
  0.938237325341414     
  0.939509588433055     
  0.941310188234903     
  0.943700977715763     
  0.946570525803456     
  0.950182587124062     
  0.955153719248360     
  0.961418880295722     
  0.968746209800932     
  0.977161696559875     
  0.986191644210948     
  0.993094627336784     
  0.997325714370718     
  0.998652996900913     
  0.998753554220487     
  0.998816376224783     
  0.998872062711593     
  0.998906186347840     
  0.998931556096657     
  0.998957871335002     
  0.998987445096046     
  0.999012590982732     
  0.999034754247903     
  0.999058478069328     
  0.999084197633755     
  0.999103627583204     
  0.999110253342874     
  0.999103509284275     
  0.999097238306374     
  0.999093625996718     
  0.999093284634646     
  0.999101974115171     
  0.999113493118420     
  0.999123184514224     
  0.999135129238639     
  0.999150232300434     
  0.999167421341276     
  0.999184950437631     
  0.999204123963854     
  0.999225219810453     
  0.999243130714298     
  0.999251157398106     
  0.999135874832678     
  0.998506105491105     
  0.997639163183041     
  0.996836129777738     
  0.995796610039934     
  0.994128056792617     
  0.992397395939059     
  0.990949793449399     
  0.989878393379910     
  0.989147498304307     
  0.988659343099502     
  0.988347659432801     
  0.988029698002695     
  0.986836058378342     
  0.984894761207416     
  0.983153659442872     
  0.981832478247933     
  0.980978224829994     
  0.980644237036152     
  0.980918933529986     
  0.981719895984966     
  0.982582423492526     
  0.983520676513973     
  0.984955707261632     
  0.986480855952307     
  0.987303762546849     
  0.987856830344729     
  0.988727235971817     
  0.989861400639506     
  0.991206680755201     
  0.992841883770262     
  0.994789377326557     
  0.996995147503049     
  0.998836248059389     
  0.999460469484356     
  0.999602077678109     
  0.999614007200459     
  0.999614259081367     
  0.999612174346507     
  0.999606793749779     
  0.999603405774049     
  0.999604870283055     
  0.999608808504231     
  0.999610763264387     
  0.999611552410289     
  0.999600676263842     
  0.999571536330493     
  0.999533841437868     
  0.999496503979849     
  0.999466268636778     
  0.999426555038878     
  0.999360681486447     
  0.999297511026807     
  0.999244477859390     
  0.999202545199719     
  0.999176099517409     
  0.999161372902419     
  0.999148709504579     
  0.999154604741401     
  0.999189665649001     
  0.999233442073736     
  0.999268777878052     
  0.999309588450887     
  0.999372679381706     
  0.999447734997311     
  0.999512665241522     
  0.999554395842293     
  0.999567149327262     
  0.999442704170364     
  0.999277313251440     
  0.999130410739347     
  0.998992366771484     
  0.998880823631932     
  0.998802175711886     
  0.998766553186347     
  0.998770689291053     
  0.998759906794773     
  0.998698105630365     
  0.998654175995973     
  0.998683539485405     
  0.998741345689714     
  0.998773431085136     
  0.998800117606881     
  0.998863242428908     
  0.998974017155903     
  0.999134813443738     
  0.999325049680238     
  0.999525152652579     
  0.999626198322857     
  0.999416410984238     
  0.998952834806089     
  0.998068780260387     
  0.996766892311247     
  0.995656906810149     
  0.994826488863910     
  0.994228581501182     
  0.993701361550152     
  0.993048514845774     
  0.992468414002897     
  0.992425173702864     
  0.992894839258891     
  0.993095615343750     
  0.992611043211189     
  0.992268129247247     
  0.992020334376353     
  0.991384458374785     
  0.990774030265169     
  0.990340004317528     
  0.990373197025535     
  0.990759893512503     
  0.991201909564971     
  0.991551079962960     
  0.991528248163744     
  0.991453938179684     
  0.991563598988173     
  0.991705778017068     
  0.991902771524297     
  0.992290682666922     
  0.992802074928081     
  0.993386482408415     
  0.994103969137949     
  0.995016265723436     
  0.996143921060332     
  0.997441568401591     
  0.998872918447452     
  0.999620274749657     
  0.999686522649513     
  0.999696404384524     
  0.999696113094619     
  0.999690913620476     
  0.999696942174845     
  0.999706625933180     
  0.999714512431530     
  0.999721784307947     
  0.999729691108043     
  0.999736417261999     
  0.999740083241435     
  0.999746868258524     
  0.999752832563064     
  0.999752506133942     
  0.999734891826924     
  0.999706124717317     
  0.999683375050821     
  0.999667702574262     
  0.999659735867178     
  0.999585356846540     
  0.999403089186095     
  0.999221524633632     
  0.999052834671135     
  0.998931009890739     
  0.998816562592238     
  0.998651461514855     
  0.998430590683729     
  0.998263369536160     
  0.998310374961736     
  0.998460266435143     
  0.998496544461613     
  0.998323549056913     
  0.997990206239673     
  0.997802056294227     
  0.997729542945591     
  0.997670309932256     
  0.997423950760167     
  0.997101131337197     
  0.996837070872531     
  0.996659433099080     
  0.996491544424342     
  0.996345453816475     
  0.996226671073335     
  0.996164235532415     
  0.996122126008267     
  0.996098255722410     
  0.996208353196528     
  0.996467213710450     
  0.996737895773992     
  0.997011153220770     
  0.997384407866675     
  0.997866522750548     
  0.998230959911899     
  0.998524979193120     
  0.998873300338782     
  0.999257329445163     
  0.999544604737861     
  0.999399369880353     
  0.998460062917175     
  0.996865397307284     
  0.995139737123796     
  0.993340199991697     
  0.991206084423676     
  0.988878637345212     
  0.986730134184918     
  0.984899684497354     
  0.983480488695087     
  0.982522948432879     
  0.982038072838654     
  0.982050523601883     
  0.982249039276606     
  0.981247431417526     
  0.980367085652859     
  0.979964845522880     
  0.979979347870618     
  0.980470480824639     
  0.981435599264687     
  0.982620114746513     
  0.983483265125860     
  0.983677263331270     
  0.984234439421684     
  0.985600878799485     
  0.986556564064133     
  0.986609554721617     
  0.986807205558953     
  0.986207664015773     
  0.984717985859810     
  0.983451831680492     
  0.982673249153283     
  0.981852014601893     
  0.980650001906014     
  0.979624923291607     
  0.977352038949307     
  0.974482627330334     
  0.971560346360681     
  0.969013159825847     
  0.966906274662139     
  0.964945380943638     
  0.963422231330154     
  0.962703834007917     
  0.962939659390845     
  0.964236792637567     
  0.966593623794342     
  0.969822535788330     
  0.973223208643884     
  0.975791788559295     
  0.976708432985772     
  0.977264999287909     
  0.978170883324166     
  0.979152114025371     
  0.979493741069869     
  0.979610964112011     
  0.980040582640845     
  0.980691381846676     
  0.981505215594015     
  0.982352287615330     
  0.983107012309112     
  0.983770980821461     
  0.984125460555211     
  0.984512459881974     
  0.985100772409240     
  0.985951607387209     
  0.987208926767049     
  0.988850954481643     
  0.990627398657293     
  0.991946117010945     
  0.992556407288175     
  0.993086573156343     
  0.993783498124314     
  0.994602961081449     
  0.995441756263345     
  0.996285069074673     
  0.997165236771148     
  0.998047493519075     
  0.998759773701110     
  0.999368217831915     
  0.999672241324231     
  0.999710842141880     
  0.999720036752321     
  0.999727663131375     
  0.999734469012732     
  0.999737022921040     
  0.999739972826851     
  0.999746928748395     
  0.999752610696928     
  0.999755133116298     
  0.999755568418776     
  0.999750094974739     
  0.999666796274929     
  0.999502018121772     
  0.999333908115340     
  0.998888919321842     
  0.997998685904696     
  0.997144771960710     
  0.996409514616599     
  0.995843438177900     
  0.995410525324160     
  0.994988895237670     
  0.994213022789409     
  0.993332264985584     
  0.992632553386153     
  0.991954574874837     
  0.991102491503307     
  0.990324548096713     
  0.989890467056091     
  0.989743729283793     
  0.989777053723393     
  0.989932148990448     
  0.990429232010665     
  0.991115099001361     
  0.992006400269260     
  0.993106594784291     
  0.993962258731036     
  0.994640023598262     
  0.995296649351953     
  0.995950759673591     
  0.996630408416475     
  0.997431030383198     
  0.998237320795050     
  0.998607176455047     
  0.998617403355463     
  0.998559556913045     
  0.998567434514350     
  0.998670963974889     
  0.998802762593167     
  0.998935913675464     
  0.999103261811144     
  0.999305364288981     
  0.999431236503163     
  0.999559601220576     
  0.999575176491661     
  0.999547687422049     
  0.999391981386493     
  0.999000122789812     
  0.998588770795622     
  0.998211157796011     
  0.997898474204240     
  0.997598566439289     
  0.997296400655400     
  0.997049710669215     
  0.996846105321493     
  0.996164258160933     
  0.994760974549448     
  0.991130604203459     
  0.987404052464182     
  0.984264625821257     
  0.981622491998142     
  0.979532573344620     
  0.977915884991638     
  0.976711593224501     
  0.976038405059152     
  0.975926663521058     
  0.975039125553847     
  0.973479726508720     
  0.972732329279536     
  0.972726666637043     
  0.972905442451188     
  0.973559093269549     
  0.974966816255336     
  0.977035915977015     
  0.979778900157071     
  0.982918273948319     
  0.986175338701546     
  0.988091283701025     
  0.988366966616530     
  0.988787746846216     
  0.989477375004732     
  0.990373187006992     
  0.991467750674717     
  0.992787336321834     
  0.994371292384273     
  0.996226052114986     
  0.997948509066269     
  0.998564291466385     
  0.998720057963411     
  0.998836196997643     
  0.998878990087993     
  0.998841776602828     
  0.998793247201507     
  0.998743151930730     
  0.998693236631962     
  0.998646523530866     
  0.998570488206474     
  0.998387196989115     
  0.998096394723912     
  0.997356438093807     
  0.996284552654241     
  0.995209857022643     
  0.994090179263021     
  0.992870625720174     
  0.991705549157947     
  0.990563794411788     
  0.989452421917624     
  0.988522994031170     
  0.987902034505943     
  0.987567183838875     
  0.987438647482671     
  0.987535160684283     
  0.987889242683249     
  0.988459352434444     
  0.989248737553129     
  0.990137764880728     
  0.991194577874795     
  0.992109213007950     
  0.993228573548141     
  0.994222576479613     
  0.994631806949273     
  0.994783643804422     
  0.994952378993826     
  0.995038518953230     
  0.994985103174948     
  0.994898028795869     
  0.994694911156730     
  0.994455387387035     
  0.994220578426959     
  0.993957600292758     
  0.993627490999744     
  0.993271776041840     
  0.992949524824362     
  0.992643900469658     
  0.992324271559966     
  0.991999854307825     
  0.991676362973826     
  0.991352646558816     
  0.990958744490847     
  0.990441791922336     
  0.989754818449368     
  0.988964031057305     
  0.988137421310434     
  0.987249220208629     
  0.986307713818584     
  0.985315655919050     
  0.984270859403034     
  0.983174265362605     
  0.982035016887001     
  0.980852082586592     
  0.979615896029375     
  0.978333293230583     
  0.977023966170535     
  0.975700416454091     
  0.974367130117185     
  0.973047385745963     
  0.971791590498952     
  0.970645508859286     
  0.969612433488764     
  0.968645697769854     
  0.967789927392115     
  0.967140427593351     
  0.966744381752520     
  0.966618757324166     
  0.966763021095503     
  0.967177120338733     
  0.967844956948007     
  0.968740307457814     
  0.969828834353126     
  0.971073496195153     
  0.972410813975707     
  0.973799619132141     
  0.975265092089699     
  0.976736700958427     
  0.978159497204107     
  0.979527230796911     
  0.980836820266541     
  0.982088375045474     
  0.983257332422696     
  0.984227148609331     
  0.985012298439212     
  0.985683408165702     
  0.986290794585092     
  0.986848692112490     
  0.987364080742240     
  0.987856829769760     
  0.988341511211887     
  0.988820180056257     
  0.989309425882439     
  0.989818666945203     
  0.990211118322847     
  0.990306784826551     
  0.990334892090570     
  0.990410676929263     
  0.990540924343346     
  0.990714223356389     
  0.990938405283246     
  0.991220528364963     
  0.991537002203959     
  0.991807481396058     
  0.991969854855023     
  0.992140682725171     
  0.992389264763714     
  0.992712164934507     
  0.993090910032219     
  0.993523698220397     
  0.994019586335229     
  0.994574611014378     
  0.995210362338738     
  0.995872156507257     
  0.996498210983338     
  0.996908585664107     
  0.997116165636192     
  0.997300731250578     
  0.997483209706299     
  0.997660382085612     
  0.997833786302452     
  0.997999398083156     
  0.998132749022571     
  0.998208696505064     
  0.998266560651217     
  0.998319554444286     
  0.998366488340979     
  0.998413075010312     
  0.998463148473600     
  0.998508501021192     
  0.998543624506578     
  0.998577351765256     
  0.998623526991660     
  0.998675106640680     
  0.998714067048207     
  0.998741815811943     
  0.998761257901831     
  0.998776816425678     
  0.998790550675508     
  0.998799864212548     
  0.998800403844659     
  0.998773367050155     
  0.998464911532610     
  0.995347086072724     
  0.986224754345919     
  0.975663316556254     
  0.966167819216296     
  0.958010808132971     
  0.951105948231143     
  0.945277954145157     
  0.939965883830003     
  0.935106759856164     
  0.931687191997182     
  0.931247402356085     
  0.933433304010354     
  0.935930008455334     
  0.938000270484909     
  0.941152734585218     
  0.946216461237757     
  0.952959321657063     
  0.960856178958094     
  0.969892466572979     
  0.979995026160428     
  0.990397235142145     
  0.996564189950929     
  0.997551745183709     
  0.997868713984708     
  0.998218367853091     
  0.998556176455472     
  0.998749259131216     
  0.998869629692293     
  0.998939856271756     
  0.999012498431867     
  0.999093657291209     
  0.999181974008284     
  0.999245105719439     
  0.999280075687334     
  0.999317388925839     
  0.999359020521889     
  0.999397067579308     
  0.999385177719849     
  0.999334804381557     
  0.999284904306860     
  0.999170701750898     
  0.998891219358841     
  0.998605855458433     
  0.998361010677836     
  0.998168051128359     
  0.998017297551076     
  0.997905802165979     
  0.997844651925883     
  0.997841237008700     
  0.997848273366333     
  0.997734998902912     
  0.997569576686310     
  0.997464248381721     
  0.997450824191028     
  0.997514675899244     
  0.997635311184024     
  0.997826665330051     
  0.998071043302128     
  0.998309306586049     
  0.998562495215242     
  0.998814271539412     
  0.998919087751282     
  0.998935871487175     
  0.998940132093440     
  0.998954849337588     
  0.998998746134715     
  0.999079668709283     
  0.999200292477219     
