  0.998443711458917     
  0.998829101426490     
  0.998903760237544     
  0.998801309348834     
  0.998752247167947     
  0.998708138263759     
  0.997487277358573     
  0.994302969071321     
  0.991272100286069     
  0.988141333514483     
  0.984777455691259     
  0.982734407184521     
  0.981119018760058     
  0.978817179655375     
  0.977431859820438     
  0.976719455300960     
  0.975290901275056     
  0.975046688869804     
  0.974951791905583     
  0.974674963652874     
  0.976109288366962     
  0.975936092154363     
  0.976657286729376     
  0.978918462033017     
  0.979723405270153     
  0.981610103337404     
  0.984285194669654     
  0.986759879219924     
  0.989561562231000     
  0.992927933303963     
  0.996455905711163     
  0.998516518866716     
  0.998950308292255     
  0.999148122557150     
  0.999262571508059     
  0.999264067033201     
  0.999259058572520     
  0.999253644626895     
  0.999241131618515     
  0.999186742104968     
  0.999103544950964     
  0.999022728887165     
  0.998947356583510     
  0.998807350910563     
  0.998323017190808     
  0.997701452417081     
  0.997005013746439     
  0.996258370161887     
  0.995641358874311     
  0.995104198548522     
  0.994735684808677     
  0.994653296675393     
  0.994108259013417     
  0.994000223311327     
  0.994361553303230     
  0.993681678219434     
  0.993600846646427     
  0.994358856845257     
  0.993951675467724     
  0.994017345088234     
  0.994554143942199     
  0.994695317709004     
  0.994883896755890     
  0.995371409556581     
  0.995904692499346     
  0.996458757014496     
  0.997083518640842     
  0.997732029521480     
  0.998209589185161     
  0.998379892560727     
  0.998450402436096     
  0.998403161007925     
  0.998323186718839     
  0.998274916302304     
  0.998243089650554     
  0.998145220762463     
  0.998070434175367     
  0.998074880595479     
  0.997960284379746     
  0.997847101992268     
  0.997838947435535     
  0.997722523410603     
  0.997565805202230     
  0.997488662391161     
  0.997341296474035     
  0.997204341020871     
  0.997170817969012     
  0.997023586437738     
  0.996831634249158     
  0.996927859347292     
  0.996902383320507     
  0.996692651088952     
  0.996843553595660     
  0.996834514815835     
  0.996571334104152     
  0.996656764232495     
  0.996770738460838     
  0.996692222124525     
  0.996721734214610     
  0.996817364373803     
  0.996825852715246     
  0.996794263032528     
  0.996787621580311     
  0.996792365208451     
  0.996761781647000     
  0.996701450299727     
  0.996631029454604     
  0.996496809550009     
  0.996346936724284     
  0.996192675462971     
  0.995162590773152     
  0.991960955866872     
  0.988296650334224     
  0.984886239671016     
  0.981864374410190     
  0.979477084514238     
  0.977185201106998     
  0.973478916610914     
  0.970091644351419     
  0.967263424840634     
  0.962612822104549     
  0.959612106458945     
  0.957793617424888     
  0.954154995089990     
  0.952969546866444     
  0.952511743948885     
  0.950056892967407     
  0.949501949496307     
  0.948720024972964     
  0.946072703390586     
  0.945410919964498     
  0.943423785004001     
  0.941030482096477     
  0.941024547807306     
  0.940931756310703     
  0.939920044095360     
  0.939379152829319     
  0.937080961200755     
  0.936012972104067     
  0.939170740471473     
  0.937486730566246     
  0.933640157827960     
  0.935051783525305     
  0.932119827335394     
  0.925647325283136     
  0.923016665577103     
  0.919558045823361     
  0.914829909091694     
  0.911018849189940     
  0.907434583733099     
  0.904153276489866     
  0.901967366816597     
  0.899286512195269     
  0.895270511638498     
  0.892812963336228     
  0.887716057159279     
  0.879554319244569     
  0.871568012656829     
  0.860964508661040     
  0.847020925255564     
  0.831840380069067     
  0.816085904457272     
  0.800698520939887     
  0.786797429004711     
  0.774516449463693     
  0.764227452376664     
  0.756065245609878     
  0.749115948585397     
  0.744198138765070     
  0.741945243644654     
  0.742080516497562     
  0.744055589145531     
  0.748112343575546     
  0.754734653810793     
  0.763883227702600     
  0.775267761060583     
  0.789250141357545     
  0.805623374221241     
  0.823791990841751     
  0.843537614386962     
  0.864144547952663     
  0.884343432412545     
  0.902596514896921     
  0.918023639785602     
  0.930446141349797     
  0.940231161103446     
  0.948039258908251     
  0.954499027715164     
  0.959957844698117     
  0.964576780938464     
  0.968497477457078     
  0.971816001995035     
  0.974625562729393     
  0.977021856055480     
  0.979096784253428     
  0.980929880639242     
  0.982549919990788     
  0.983987685038799     
  0.985309489055772     
  0.986488747603312     
  0.987531065747822     
  0.988419395819968     
  0.989291297262466     
  0.990077351132464     
  0.990849703329927     
  0.991516906442503     
  0.992094799864942     
  0.992577797168715     
  0.992910351980234     
  0.993164749790693     
  0.993406137184711     
  0.993640948856128     
  0.993880526063218     
  0.994092077916286     
  0.994156795807504     
  0.994272180912972     
  0.994427408241057     
  0.994425676597791     
  0.994538154561725     
  0.994704997235973     
  0.994674469906088     
  0.994943627308593     
  0.994959873741861     
  0.995012344844680     
  0.995354059741722     
  0.994485420258896     
  0.992656926500613     
  0.991170076751308     
  0.989497691030221     
  0.987850781666851     
  0.986612971951644     
  0.985952724816131     
  0.985212003938673     
  0.983941027827386     
  0.982789502271304     
  0.980475924172662     
  0.974966574763993     
  0.967779252392017     
  0.964463551616499     
  0.957973831712001     
  0.952526050750246     
  0.949690184969599     
  0.946277401109659     
  0.943012989304763     
  0.943598295212689     
  0.942375296553249     
  0.941142612352927     
  0.945433400875048     
  0.944292315488017     
  0.946906128921309     
  0.952512132082779     
  0.951706379798459     
  0.954720424956987     
  0.958859093751449     
  0.961311443053444     
  0.965887822403991     
  0.971193874056659     
  0.976638105285827     
  0.982833626055361     
  0.989423530596511     
  0.994672339396763     
  0.997857095753319     
  0.998740738258609     
  0.998815880574698     
  0.998885799414852     
  0.998911396414195     
  0.998936763894243     
  0.998972058498310     
  0.998985052456036     
  0.999005907821126     
  0.999033258080266     
  0.999052667223756     
  0.999071519190464     
  0.999081241343613     
  0.999077614175018     
  0.999093322573988     
  0.999102666269982     
  0.999088894843071     
  0.999109369720891     
  0.999135123954262     
  0.999125946879537     
  0.999127818504387     
  0.999161725697284     
  0.999175171764203     
  0.999172924750992     
  0.999201759654525     
  0.999220566743169     
  0.999145349867591     
  0.998716371725473     
  0.998083543410439     
  0.997473172037780     
  0.996689374254845     
  0.995417125807501     
  0.994037214224374     
  0.992844587422726     
  0.991898489252396     
  0.991015156760993     
  0.990424803856754     
  0.990159206093119     
  0.989556580096052     
  0.988610209585594     
  0.987291182252135     
  0.985544096225483     
  0.984067777113677     
  0.983130543342004     
  0.982408538381263     
  0.981945335885573     
  0.981705310153984     
  0.981582471936580     
  0.982493251260606     
  0.983425134983997     
  0.983594948953820     
  0.985395757412933     
  0.986914734877843     
  0.987152255472026     
  0.988796913324302     
  0.990093480271947     
  0.990361806244905     
  0.991185360432262     
  0.992312408279915     
  0.993398710911468     
  0.994675059279736     
  0.996164538779296     
  0.997803171315753     
  0.999094742853890     
  0.999507827846568     
  0.999592885422617     
  0.999605695067993     
  0.999612782148359     
  0.999603872592864     
  0.999605788020951     
  0.999621279224577     
  0.999608941617513     
  0.999570757669640     
  0.999559434955422     
  0.999548497411679     
  0.999506137904890     
  0.999477022337922     
  0.999444800882687     
  0.999389442831736     
  0.999338735888392     
  0.999318811966751     
  0.999299015599991     
  0.999261181579436     
  0.999236516086567     
  0.999244687857948     
  0.999257275448750     
  0.999230130303574     
  0.999257227740390     
  0.999325269153746     
  0.999304254725570     
  0.999328212388133     
  0.999408053887308     
  0.999432248500306     
  0.999451757226852     
  0.999400620611033     
  0.999298309959172     
  0.999188139093667     
  0.999093049316419     
  0.999014872614262     
  0.998938803485685     
  0.998928831816351     
  0.998968468469737     
  0.998848343216143     
  0.998776881162834     
  0.998962207085321     
  0.998839212783467     
  0.998668179266777     
  0.998883826892808     
  0.998872133075362     
  0.998769654702490     
  0.998887192575778     
  0.998954631934875     
  0.998966845222742     
  0.999036066709775     
  0.999138212739505     
  0.999103816588756     
  0.998909145069354     
  0.998468585736095     
  0.997613213521611     
  0.996701939850056     
  0.995942742996312     
  0.995513207284710     
  0.995137463740320     
  0.994237447114624     
  0.993704289610779     
  0.994198828761957     
  0.993661331071661     
  0.992599688364012     
  0.993684166043875     
  0.994134301148401     
  0.992224453730435     
  0.991826166379258     
  0.991632742001925     
  0.990290711008966     
  0.989995980549720     
  0.990165121302357     
  0.990173552070283     
  0.990115812946168     
  0.990500790192122     
  0.991561984801735     
  0.991735906140320     
  0.992047167773708     
  0.993022401663722     
  0.992626972002484     
  0.992553426690598     
  0.993391775654372     
  0.993442842532642     
  0.993719765339919     
  0.994384139855639     
  0.994841084215638     
  0.995434407541938     
  0.996223491852875     
  0.997129786317548     
  0.998111536800349     
  0.999138907829494     
  0.999672703472043     
  0.999702271551134     
  0.999695894900686     
  0.999726654575707     
  0.999720435449322     
  0.999716812336100     
  0.999734101208211     
  0.999727382807539     
  0.999718649946606     
  0.999724740592714     
  0.999725642988192     
  0.999721255382870     
  0.999711096205492     
  0.999695648574118     
  0.999688129128491     
  0.999683620953101     
  0.999625639097188     
  0.999505535433796     
  0.999369309799138     
  0.999228889530639     
  0.999144751139685     
  0.999070390083604     
  0.998971141209586     
  0.998797295551812     
  0.998669567930491     
  0.998798067216694     
  0.998571918069961     
  0.998349075415288     
  0.998740601043703     
  0.998456992161338     
  0.997890060942912     
  0.997971566701387     
  0.997904790572932     
  0.997520399543327     
  0.997272987720769     
  0.997062527476945     
  0.996927331607754     
  0.996819837259676     
  0.996534974493401     
  0.996620167283217     
  0.996814303729433     
  0.996361976857082     
  0.996422570343659     
  0.996793446197428     
  0.996386456876466     
  0.996445754696853     
  0.996956686939679     
  0.996854930292042     
  0.996977685720842     
  0.997368637568329     
  0.997602940109337     
  0.997905294829199     
  0.998313991856906     
  0.998632404754567     
  0.998743990624992     
  0.998339462784331     
  0.997499300574298     
  0.996516883169259     
  0.995336568799764     
  0.993921844816882     
  0.992340876014022     
  0.990797791882194     
  0.989388245501911     
  0.988176628499749     
  0.987112514547253     
  0.986210383689915     
  0.985708577139889     
  0.985288651679988     
  0.983792938092661     
  0.982393174434393     
  0.981448458781466     
  0.980915185306960     
  0.980544800924484     
  0.980341503678198     
  0.981356036901389     
  0.981710992157433     
  0.981555103641435     
  0.984343034617723     
  0.984401319918105     
  0.983998333549768     
  0.987884288933203     
  0.987354540037955     
  0.985104364692244     
  0.985958219124286     
  0.984461139861583     
  0.982418148170382     
  0.981704217388601     
  0.980280343380770     
  0.978730343199424     
  0.977702596363319     
  0.976639510983412     
  0.976261909435722     
  0.975971964714125     
  0.974002030137524     
  0.972283650306380     
  0.970411913789856     
  0.968528793204608     
  0.967854383637720     
  0.967456786904389     
  0.967395116027337     
  0.968213237926826     
  0.969129202084467     
  0.969834259928935     
  0.970896896725704     
  0.972542588783684     
  0.974651012723323     
  0.976674228653648     
  0.977765939886480     
  0.978591807322532     
  0.979730043493443     
  0.980878760343239     
  0.981467756874346     
  0.981775829825743     
  0.982149643708539     
  0.982704522210465     
  0.983256185258084     
  0.983960137267475     
  0.984937244475336     
  0.985643748975639     
  0.986283376358316     
  0.986935178911555     
  0.987495244105455     
  0.988584587880598     
  0.989904168221956     
  0.991114510073721     
  0.992569865734149     
  0.993892695836235     
  0.994447557842614     
  0.994885692644602     
  0.995561937370087     
  0.996212415222643     
  0.996797043042358     
  0.997393607071809     
  0.998005300691418     
  0.998592572102287     
  0.999075950092296     
  0.999503289046130     
  0.999704566859803     
  0.999724925378887     
  0.999739742223490     
  0.999745273839318     
  0.999743326146610     
  0.999755811416878     
  0.999760931276848     
  0.999750669744552     
  0.999701295019273     
  0.999589706483083     
  0.999466412546829     
  0.999162140672060     
  0.998508543162044     
  0.997872751078060     
  0.997308664800905     
  0.996764743437025     
  0.996379331909672     
  0.996170019195888     
  0.995334756234135     
  0.994411407525271     
  0.994343635271372     
  0.993277644106401     
  0.992534288437289     
  0.992902891255385     
  0.991708399377200     
  0.991270884644031     
  0.991504433211942     
  0.991048452241782     
  0.990923589539252     
  0.991003278661378     
  0.991326901602170     
  0.991732512936806     
  0.992134789324320     
  0.993005136153812     
  0.993945229694940     
  0.994609625512946     
  0.995418044448400     
  0.995830082600605     
  0.996210300090614     
  0.996926571611054     
  0.997344215877349     
  0.997941626183178     
  0.998537539982484     
  0.998558578118898     
  0.998680529536163     
  0.998763619271891     
  0.998737831955049     
  0.998866675167169     
  0.999005846635791     
  0.999095748433616     
  0.999210980157108     
  0.999355713287928     
  0.999352255156099     
  0.999162996132080     
  0.998892019224074     
  0.998654724228184     
  0.998408450299337     
  0.998168023618812     
  0.997874905258891     
  0.997647255553379     
  0.997572696651009     
  0.996905652890135     
  0.995817069767149     
  0.993689407285115     
  0.990709927295664     
  0.987672291660933     
  0.985738003383406     
  0.984173420469669     
  0.982224279741651     
  0.980452707648517     
  0.980524875735928     
  0.980016045121712     
  0.976847030146840     
  0.977425482852373     
  0.976572858505753     
  0.973405216677722     
  0.975364643720802     
  0.975423319951989     
  0.974023605568177     
  0.975207118974356     
  0.976312259598939     
  0.977409839524788     
  0.978835084956104     
  0.980688165682990     
  0.983701630380718     
  0.986072395947541     
  0.988318062990867     
  0.990191256985815     
  0.990581644541690     
  0.991001491269538     
  0.991731383079504     
  0.992507251885000     
  0.993418918645758     
  0.994478328670836     
  0.995691387846171     
  0.997071438091851     
  0.998283077985951     
  0.998671948737477     
  0.998760139134782     
  0.998830609424761     
  0.998846592031796     
  0.998805400021322     
  0.998745116642377     
  0.998599482538486     
  0.998364333807435     
  0.997853393758900     
  0.997105337479299     
  0.996323372932097     
  0.995497761559964     
  0.994597419368411     
  0.993786573834663     
  0.992858965400540     
  0.991863714433260     
  0.991281797623732     
  0.990621637931216     
  0.989781144861487     
  0.989580081121669     
  0.989582217415615     
  0.989107911355684     
  0.989120251871819     
  0.989662916947635     
  0.989744407515572     
  0.989950632982065     
  0.990797377906973     
  0.991240051876932     
  0.991686081038091     
  0.992530170226319     
  0.993123537674014     
  0.993707770203662     
  0.994364096699977     
  0.994653446944380     
  0.994728381641636     
  0.994803193273598     
  0.994890832019222     
  0.994860702183034     
  0.994604533009924     
  0.994449632975936     
  0.994360374658678     
  0.993905176601618     
  0.993562061306181     
  0.993395088614606     
  0.993008036853264     
  0.992618974728252     
  0.992326573121487     
  0.991922785452795     
  0.991411134558314     
  0.990884405262045     
  0.990347989717652     
  0.989787054230968     
  0.989191366675435     
  0.988495464610618     
  0.987680631279640     
  0.986801601658203     
  0.985896279798726     
  0.984942699154560     
  0.983902839802885     
  0.982831244770513     
  0.981736228381098     
  0.980580656644644     
  0.979372428787429     
  0.978139030608985     
  0.976924630387168     
  0.975718280534065     
  0.974538048545329     
  0.973453615115435     
  0.972480469119204     
  0.971617110714752     
  0.970899496528474     
  0.970346512912932     
  0.969909488287175     
  0.969611874166245     
  0.969514990678905     
  0.969634958408293     
  0.969963963960343     
  0.970483859004522     
  0.971185738312848     
  0.972054097456331     
  0.973059320891621     
  0.974153781644356     
  0.975312236217135     
  0.976552416659300     
  0.977829183253038     
  0.979110237828266     
  0.980372797715872     
  0.981582349600078     
  0.982651134728780     
  0.983579599634062     
  0.984440937102830     
  0.985242267348554     
  0.985958933448208     
  0.986658022164972     
  0.987332558326790     
  0.987889537317036     
  0.988404655814622     
  0.989026533135246     
  0.989552324625508     
  0.989827352199784     
  0.990125407312243     
  0.990341196939755     
  0.990319101660282     
  0.990504481281512     
  0.990745561397549     
  0.990862483964194     
  0.991110184249841     
  0.991430382804811     
  0.991638631840072     
  0.991823115527189     
  0.992247121107184     
  0.992591910103794     
  0.992787166852702     
  0.993161225040943     
  0.993450861993770     
  0.993650453184058     
  0.994034038987547     
  0.994415889847314     
  0.994754285375499     
  0.995208837185117     
  0.995671587844093     
  0.996121878307518     
  0.996627176382234     
  0.997100383016991     
  0.997404048866730     
  0.997573032548958     
  0.997719989844193     
  0.997851669740460     
  0.997977582293000     
  0.998098421518824     
  0.998209918291319     
  0.998315372437382     
  0.998387890232704     
  0.998442054225145     
  0.998486788228747     
  0.998523251501143     
  0.998585023563284     
  0.998625994085760     
  0.998633476903999     
  0.998693147697949     
  0.998743496677899     
  0.998744348501767     
  0.998768758339422     
  0.998800377374838     
  0.998805359141718     
  0.998802317388519     
  0.998789396663199     
  0.998595256590012     
  0.996547010979978     
  0.990105456695256     
  0.982415625274493     
  0.975190124626096     
  0.968576042904621     
  0.963106851606196     
  0.958741459219502     
  0.953823101242345     
  0.949484762918527     
  0.947260628903178     
  0.944754390207515     
  0.942613173931328     
  0.941652699607433     
  0.943170205579742     
  0.945303568658262     
  0.945094987915630     
  0.947814520372808     
  0.951879205083184     
  0.954466950815366     
  0.959330146971259     
  0.965524419462299     
  0.971511615527847     
  0.977976187849583     
  0.985507512406759     
  0.992716684673814     
  0.997091428952836     
  0.998000052558000     
  0.998242299905879     
  0.998510584402875     
  0.998783348277141     
  0.998929538519825     
  0.999017588142106     
  0.999083826494598     
  0.999160920617745     
  0.999227624177288     
  0.999303231710731     
  0.999377000673367     
  0.999376399728637     
  0.999328938403636     
  0.999297362856761     
  0.999224673265101     
  0.999017391569680     
  0.998797651910723     
  0.998624042896491     
  0.998465310628172     
  0.998316567171943     
  0.998250983983082     
  0.998171137783445     
  0.998078786831828     
  0.998090896238390     
  0.997930517862050     
  0.997817377357392     
  0.997818084153515     
  0.997615637457086     
  0.997586465626809     
  0.997670826849006     
  0.997645695972430     
  0.997733881722118     
  0.997838887670684     
  0.997977696408940     
  0.998218056069057     
  0.998320965999251     
  0.998455343478979     
  0.998761094197428     
  0.998927168840578     
  0.998957231697764     
  0.999030408064376     
  0.999075996041051     
  0.999092532660932     
  0.999144450610182     
