  0.993726146320679     
  0.996083282526695     
  0.997287285974000     
  0.996424444180592     
  0.994340876445878     
  0.992932120711944     
  0.990568602655954     
  0.989684288248958     
  0.986876164005815     
  0.986959302876818     
  0.984028625785304     
  0.983697110213242     
  0.983407149476472     
  0.980456629399698     
  0.983144055839148     
  0.978166510985378     
  0.983560981739718     
  0.976283755434330     
  0.984162092997696     
  0.975978812254358     
  0.984365619627340     
  0.977153774973698     
  0.983848363031756     
  0.979559011356017     
  0.984216891976714     
  0.981979937516326     
  0.985297740262654     
  0.985321363582887     
  0.986797811698498     
  0.988776910365329     
  0.989750279195122     
  0.992173226489071     
  0.994037317760646     
  0.995989951045558     
  0.998060342144089     
  0.998917842627881     
  0.999030364015033     
  0.999080380700224     
  0.999072000250286     
  0.998996770403582     
  0.998806585529891     
  0.998422525984067     
  0.997983618295491     
  0.997619049769264     
  0.996945238563716     
  0.996727861001716     
  0.996470079016275     
  0.995759110476332     
  0.995972107904231     
  0.995206616667568     
  0.995569358545275     
  0.994675484549027     
  0.995441578575688     
  0.994313761882624     
  0.995264302100357     
  0.994412584105184     
  0.994597734509858     
  0.994983770847262     
  0.994709260549435     
  0.994901102230089     
  0.994700851091476     
  0.995342762789560     
  0.994853427192678     
  0.995770070880984     
  0.995344607895354     
  0.995998391444775     
  0.996189179212557     
  0.996370006146559     
  0.996764157704633     
  0.997172070561459     
  0.997493872974952     
  0.997923650846528     
  0.998077299312069     
  0.998210698308459     
  0.998170181838623     
  0.998150272107751     
  0.998051624191935     
  0.997988623176844     
  0.997959145615015     
  0.997691429209944     
  0.997817043149536     
  0.997523841187458     
  0.997620815941480     
  0.997315467599214     
  0.997488825694590     
  0.997214213815865     
  0.997275392276593     
  0.997231097789673     
  0.996992840664062     
  0.997210947434371     
  0.996903885522450     
  0.997141362847751     
  0.996815361545804     
  0.997207679521392     
  0.996627912419801     
  0.997115008734595     
  0.996653475697057     
  0.996939250559675     
  0.996665087270330     
  0.996795830371107     
  0.996633317775773     
  0.996675221653369     
  0.996638877258689     
  0.996513725681367     
  0.996530289863504     
  0.996418100288075     
  0.996028087306249     
  0.994549762455349     
  0.992260650875287     
  0.990046104369142     
  0.988069416532962     
  0.986258997510579     
  0.983722619059998     
  0.982602629675837     
  0.978329835346228     
  0.976424360709704     
  0.973956480998748     
  0.969465225645279     
  0.969787440045337     
  0.963676484448937     
  0.966704376859999     
  0.958086521377739     
  0.965225450380321     
  0.953635253731018     
  0.960934955047084     
  0.950670472464544     
  0.955103013357030     
  0.946126524566014     
  0.948187676591194     
  0.940960617583581     
  0.941653266756130     
  0.940474157545683     
  0.936297607508086     
  0.938204675890021     
  0.936938930947621     
  0.935051133158691     
  0.939482750294146     
  0.933054952712975     
  0.942000156380995     
  0.928198806432160     
  0.940920477480574     
  0.919880762298288     
  0.936087625455988     
  0.917720028412890     
  0.926733925746608     
  0.914031202661737     
  0.916912557911455     
  0.908203196779305     
  0.908919574067009     
  0.902238446843376     
  0.900482824234229     
  0.896244377791988     
  0.894202824975604     
  0.886454817893335     
  0.884702555756708     
  0.874018321042445     
  0.866501524420580     
  0.855047896960365     
  0.843624618696784     
  0.832136045219229     
  0.819350552092643     
  0.810339616764401     
  0.799125405547580     
  0.792521976856270     
  0.784703762730733     
  0.779661365691299     
  0.775643249603540     
  0.773741488828662     
  0.772571221407238     
  0.773708918814090     
  0.775372413301053     
  0.778057723912545     
  0.781766279518274     
  0.786969410563046     
  0.793396891109200     
  0.800470704085451     
  0.808864586938103     
  0.817890228961844     
  0.828221587783846     
  0.839426759094228     
  0.851614487894238     
  0.864869250461259     
  0.878643857270296     
  0.893127531787879     
  0.907323615355594     
  0.920853326418344     
  0.932718749157160     
  0.942576672846980     
  0.950526164776953     
  0.956871537571258     
  0.962095217367120     
  0.966390128803233     
  0.970110999929203     
  0.973303946623387     
  0.976005058162594     
  0.978401012976839     
  0.980358577541785     
  0.982179417015804     
  0.983615519319024     
  0.985066695576001     
  0.986177988334608     
  0.987218958253233     
  0.988100857592754     
  0.989050654961485     
  0.989763858571999     
  0.990421403483918     
  0.991003394130873     
  0.991518390099110     
  0.992044495235349     
  0.992342557297530     
  0.992796607918630     
  0.992967609516499     
  0.993283876493162     
  0.993611873242417     
  0.993577034761722     
  0.994069228569603     
  0.993997107898086     
  0.994449036595045     
  0.994230692428905     
  0.994906036268489     
  0.994454841707406     
  0.994742109443790     
  0.993598782104594     
  0.992764227255028     
  0.991482208510391     
  0.990578880043712     
  0.989331967658761     
  0.989353938512082     
  0.987800885887515     
  0.987880791774651     
  0.986666039788273     
  0.985741124615017     
  0.982079926695617     
  0.978989593696415     
  0.973727537453470     
  0.970780837817383     
  0.966160726630718     
  0.964483366523345     
  0.960305307772096     
  0.961172029643286     
  0.953109669629384     
  0.959999345917387     
  0.948457374540796     
  0.958369280273500     
  0.945762537748694     
  0.958456573386955     
  0.945032868008597     
  0.958254499632894     
  0.946633922976706     
  0.958746065790940     
  0.952507920353237     
  0.959791178500821     
  0.958561510548735     
  0.963556840794858     
  0.964983565082690     
  0.966654593051149     
  0.970918483783999     
  0.970839278506280     
  0.976894251772867     
  0.977656298812855     
  0.982344410691456     
  0.986164401583867     
  0.989961536873780     
  0.994160291648874     
  0.996948185022829     
  0.998585755281538     
  0.998847328559395     
  0.998927886650231     
  0.998930178220802     
  0.998965256195537     
  0.998987185543621     
  0.998984347734776     
  0.999025623948861     
  0.999015776928895     
  0.999060958912222     
  0.999043016288168     
  0.999104720164565     
  0.999073911755477     
  0.999122571350887     
  0.999124952817409     
  0.999124443574709     
  0.999159845809137     
  0.999130509850696     
  0.999180607977807     
  0.998917437019203     
  0.998625881898298     
  0.998157971918460     
  0.997812309316375     
  0.996958359038767     
  0.996110449119936     
  0.995259898868649     
  0.994245392186783     
  0.993979833160501     
  0.992761706352409     
  0.992806527514911     
  0.991682629163776     
  0.991542641570625     
  0.990071839830950     
  0.988868168878301     
  0.988198738506649     
  0.986016968942953     
  0.987140638841356     
  0.983965522237047     
  0.985608789330958     
  0.983668720766134     
  0.984110501953666     
  0.983952305107911     
  0.983122515050136     
  0.984632168788419     
  0.982817730861123     
  0.985646510855155     
  0.983731303991984     
  0.986094725435370     
  0.986387778857777     
  0.986893718382886     
  0.988986438141963     
  0.988650690559433     
  0.991135087208466     
  0.990561587843914     
  0.993143370971207     
  0.992414859913180     
  0.993992880300396     
  0.994319612398621     
  0.994920867297812     
  0.996032986308475     
  0.996820761338776     
  0.997787666490708     
  0.998785595954151     
  0.999419436073711     
  0.999552510983818     
  0.999581921086598     
  0.999572382972978     
  0.999552382707737     
  0.999561392538409     
  0.999501587553867     
  0.999511840372802     
  0.999447416303362     
  0.999457099017733     
  0.999425119958190     
  0.999386050346605     
  0.999418871357826     
  0.999357065785258     
  0.999386225273347     
  0.999362131747955     
  0.999348671229948     
  0.999393165261213     
  0.999313093988787     
  0.999441591860060     
  0.999286304943062     
  0.999492926310852     
  0.999306904907446     
  0.999443261427630     
  0.999234026575261     
  0.999281087393506     
  0.999146860573930     
  0.999101625851183     
  0.999059426696120     
  0.999092085798438     
  0.998917046832818     
  0.999095128396262     
  0.998867969213913     
  0.999063795820527     
  0.998879260028941     
  0.998993090802844     
  0.998936235718363     
  0.998894627281302     
  0.999112188659999     
  0.998661246161304     
  0.999218610052492     
  0.998675907004581     
  0.999190450625369     
  0.998749440207752     
  0.999112185343673     
  0.998614186658169     
  0.998625961308531     
  0.997898395048503     
  0.997374908302198     
  0.997082519330597     
  0.996810974859579     
  0.996012423796512     
  0.995885698476882     
  0.995704051148630     
  0.995346186103365     
  0.995051079888386     
  0.995140695097226     
  0.994204654628883     
  0.994980849941771     
  0.993572776975265     
  0.993831693083857     
  0.992051137579083     
  0.993014318033185     
  0.990548301235221     
  0.992069507188793     
  0.990135395184116     
  0.991102934679868     
  0.990355227537249     
  0.990292357313685     
  0.991010417720899     
  0.989926757730256     
  0.992097458051419     
  0.989528975619344     
  0.993577702535528     
  0.990122758692684     
  0.994445336503242     
  0.991427626812219     
  0.994950362123045     
  0.993126916965441     
  0.995203926521263     
  0.993800040198784     
  0.995374888601577     
  0.994677148186544     
  0.995625658281234     
  0.995751465821936     
  0.996019930107053     
  0.996825433229642     
  0.997083054214040     
  0.997683638002163     
  0.998303756932046     
  0.998885330621721     
  0.999484241920558     
  0.999699539271992     
  0.999730902702730     
  0.999715449647282     
  0.999734261847672     
  0.999689870331802     
  0.999711978096951     
  0.999672689293507     
  0.999686492809007     
  0.999679463219009     
  0.999568584718958     
  0.999533344756085     
  0.999419123201298     
  0.999416985325189     
  0.999412722591979     
  0.999183462624501     
  0.999282558562293     
  0.999165909925764     
  0.999019806386055     
  0.999144356327890     
  0.998804363576332     
  0.999155595360747     
  0.998449522577890     
  0.998983377410684     
  0.997888997256702     
  0.998815105229438     
  0.997912808599768     
  0.998042645039217     
  0.997719386006483     
  0.997520877993623     
  0.997323360472392     
  0.997265923861631     
  0.997087959376873     
  0.996875304534745     
  0.996908030463690     
  0.996846389071464     
  0.996574765498863     
  0.997060122815455     
  0.996609291660409     
  0.997004609443014     
  0.996819031159800     
  0.997165659456880     
  0.996730361998542     
  0.997469032695630     
  0.996858365484139     
  0.997555851723785     
  0.997201962167717     
  0.997702064245556     
  0.997217401415396     
  0.997225938123707     
  0.996377857691583     
  0.996227714580026     
  0.995729107648275     
  0.995016894539459     
  0.994449315305294     
  0.993757721543912     
  0.993259345625813     
  0.992545281882895     
  0.992325525239168     
  0.991307936015415     
  0.991508463537523     
  0.989680408598246     
  0.989292650128458     
  0.987100106630960     
  0.987327775034859     
  0.984773577640740     
  0.985172004803656     
  0.985048980650748     
  0.983088806059356     
  0.985140605754174     
  0.982206645248713     
  0.985676084049081     
  0.981671016056632     
  0.987034858201853     
  0.981131709991175     
  0.988825840216098     
  0.979267483005809     
  0.988260516559198     
  0.979784880829487     
  0.985638825368955     
  0.980397262352897     
  0.982798763028439     
  0.979226209613562     
  0.980455420877217     
  0.978166950911769     
  0.978373864163617     
  0.976858963620289     
  0.977532490031932     
  0.973812898266414     
  0.977879223724481     
  0.972275422235009     
  0.977273532161003     
  0.972730718843189     
  0.977371452828373     
  0.972991479626186     
  0.975926738142825     
  0.972071949155449     
  0.974150896075419     
  0.972180128677843     
  0.973452592080762     
  0.972887512654359     
  0.974093376615878     
  0.974291253450052     
  0.975722386467003     
  0.976711363900068     
  0.978039674941160     
  0.979881702142112     
  0.980711184593602     
  0.981972143486867     
  0.982282749184527     
  0.983446207112495     
  0.984223078632131     
  0.984854569838801     
  0.985530631689163     
  0.985874206626361     
  0.987177702431279     
  0.987057673945213     
  0.988882670361070     
  0.988555549546657     
  0.990647924398266     
  0.990036581168184     
  0.991990185023349     
  0.991431318193843     
  0.993483694009591     
  0.993326973148396     
  0.995095210748269     
  0.995508729636721     
  0.996525475159541     
  0.996726043069942     
  0.997164956956342     
  0.997477835731766     
  0.997865514447686     
  0.998244837239710     
  0.998514877551392     
  0.998860305465837     
  0.999203587974878     
  0.999450168285704     
  0.999689423405200     
  0.999728050109646     
  0.999688574566323     
  0.999610967413895     
  0.999489091010977     
  0.999148570039673     
  0.998776163024843     
  0.998295708618673     
  0.998042270541152     
  0.997855748602480     
  0.997044877996031     
  0.997251968229147     
  0.996310243869916     
  0.995850951920036     
  0.995728221722737     
  0.994577192181063     
  0.995268999694209     
  0.993513481417530     
  0.995008656647887     
  0.992600010998845     
  0.994838390608731     
  0.992212343404079     
  0.993971773215223     
  0.992403268237397     
  0.993178271648828     
  0.992629181835112     
  0.992955930959687     
  0.992901294266450     
  0.993237409508266     
  0.993374986780287     
  0.993848454078086     
  0.993955032527513     
  0.994932673237624     
  0.994464902216820     
  0.996111120305720     
  0.995321663957492     
  0.997279976775063     
  0.996322982716726     
  0.997715778314842     
  0.997183746945375     
  0.998008418531945     
  0.998052774451058     
  0.998466286487312     
  0.998832666512067     
  0.998664471530679     
  0.999010986697246     
  0.998573327296000     
  0.998683228265947     
  0.998491332675105     
  0.998514661789156     
  0.998478578632643     
  0.998272536735002     
  0.998478234761593     
  0.998088735358895     
  0.998149861787261     
  0.997488084901629     
  0.996362638341050     
  0.994471041763969     
  0.992465798440336     
  0.991595154386934     
  0.989279121918146     
  0.988034946679564     
  0.988267758489501     
  0.984663283002382     
  0.986604764698384     
  0.983109503391565     
  0.983188826128315     
  0.981748441351408     
  0.979236385543236     
  0.981784171063338     
  0.975449820474930     
  0.981903811101830     
  0.972939097470493     
  0.983285089775145     
  0.972299594808470     
  0.983240498305554     
  0.973427050148005     
  0.983590649971347     
  0.975628215877197     
  0.983459321398405     
  0.979095364702588     
  0.983500589495499     
  0.982930609855995     
  0.985879873994341     
  0.986110272977648     
  0.989012242692864     
  0.990457439749328     
  0.991974382255771     
  0.993297811515339     
  0.992952596666257     
  0.994270174345043     
  0.994176000142896     
  0.995079059465418     
  0.995688162535708     
  0.996411052563826     
  0.997230804023107     
  0.998034054781171     
  0.998543511883482     
  0.998424768542914     
  0.998080160391389     
  0.997613748899951     
  0.997170375868640     
  0.996707278587289     
  0.996116622061157     
  0.995575911547420     
  0.995013538309625     
  0.994600546503191     
  0.993842668928602     
  0.993790000667335     
  0.992934471741978     
  0.993080400551594     
  0.992234645769817     
  0.992543120648610     
  0.991727678623324     
  0.992186372270224     
  0.991639304638635     
  0.991772920491384     
  0.991904688865650     
  0.991702229320172     
  0.992056755626789     
  0.992045529297589     
  0.992108546780417     
  0.992368656621733     
  0.992489193535627     
  0.992572410541713     
  0.993225165213237     
  0.993261477892123     
  0.993823105906719     
  0.994106333291656     
  0.994495851524040     
  0.994825104031659     
  0.994625621117822     
  0.995074882660597     
  0.994455784997721     
  0.995047391738916     
  0.994195754206917     
  0.994580172275804     
  0.993857234822956     
  0.993842647404614     
  0.993188129586946     
  0.992948862921966     
  0.992407477590190     
  0.991991745281794     
  0.991553558757967     
  0.990960663230494     
  0.990534289631258     
  0.989937198763156     
  0.989368694755405     
  0.988717467716269     
  0.988090448613124     
  0.987340568078716     
  0.986577141982397     
  0.985690389119805     
  0.984816236866923     
  0.983901131234431     
  0.982976380319920     
  0.982050751663807     
  0.981143981713364     
  0.980272078681435     
  0.979435350934294     
  0.978650194900369     
  0.977932027573670     
  0.977293617628341     
  0.976763366656246     
  0.976305865389992     
  0.975991663404947     
  0.975774588802147     
  0.975693131856251     
  0.975729192816765     
  0.975858445754985     
  0.976072706161413     
  0.976378919513065     
  0.976782232600581     
  0.977301084352919     
  0.977890549072156     
  0.978572665467333     
  0.979292419222239     
  0.980110959301819     
  0.980923072099594     
  0.981759239683025     
  0.982552034649513     
  0.983378715436310     
  0.984203784196026     
  0.985017174147467     
  0.985810709740501     
  0.986488547254020     
  0.987388216232263     
  0.987798866406898     
  0.988777891944657     
  0.989036764946526     
  0.989792748461644     
  0.989872860463413     
  0.990392207492851     
  0.990580354293108     
  0.990795653612645     
  0.991254511950363     
  0.991228683234971     
  0.991771812855894     
  0.991749131429768     
  0.992137494410128     
  0.992152543948430     
  0.992649426152683     
  0.992588709406198     
  0.993188712172498     
  0.993043893712726     
  0.993852578649852     
  0.993465189849605     
  0.994509537416249     
  0.994081448217635     
  0.995071743573485     
  0.994767903046174     
  0.995536982277634     
  0.995334899113015     
  0.995921469313916     
  0.995962779957457     
  0.996315098683084     
  0.996569395248070     
  0.996852758256510     
  0.997117888610034     
  0.997421474176557     
  0.997725994969474     
  0.997961164878304     
  0.998166680138643     
  0.998213462895048     
  0.998316336485949     
  0.998399270275182     
  0.998471512892711     
  0.998563990252031     
  0.998619763115327     
  0.998716513996218     
  0.998720944298975     
  0.998803998470761     
  0.998782849444235     
  0.998848866602638     
  0.998848522916884     
  0.998863784810384     
  0.998871070195311     
  0.998803160304977     
  0.998135794883870     
  0.994957872255688     
  0.990152524409332     
  0.985293142761587     
  0.981177285076828     
  0.977929365112439     
  0.973464454555175     
  0.970924809135380     
  0.966408086687774     
  0.965549102394671     
  0.961786602484934     
  0.960017158370513     
  0.959314181192841     
  0.955336112157910     
  0.959190851281181     
  0.951432437582013     
  0.960168311158114     
  0.950300102141800     
  0.961954105062863     
  0.951653394072748     
  0.962640538670643     
  0.955510995681558     
  0.964064914964707     
  0.960507454475864     
  0.967357078150671     
  0.967169780739114     
  0.972029207268993     
  0.974400641481345     
  0.978430023373610     
  0.982876962797979     
  0.986683311134688     
  0.991190235343634     
  0.995794138395567     
  0.998320651788663     
  0.998606867232080     
  0.998837527717131     
  0.999020295053451     
  0.999136180940756     
  0.999221480948980     
  0.999216447487222     
  0.999231455832102     
  0.999132500521632     
  0.999073541977640     
  0.998931285983170     
  0.998843498977976     
  0.998765116516552     
  0.998534145262346     
  0.998683088230610     
  0.998329841447989     
  0.998528219767960     
  0.998246865603726     
  0.998253440814069     
  0.998160569667731     
  0.997908178769224     
  0.998206090224664     
  0.997586246623667     
  0.998315230100996     
  0.997394926417233     
  0.998282973732906     
  0.997458546045486     
  0.998201445198425     
  0.997624342869076     
  0.998110286022985     
  0.997906657441021     
  0.998058713281864     
  0.998251600843914     
  0.998132538346272     
  0.998551446546744     
  0.998450098911320     
  0.998815010359372     
  0.998729539696004     
  0.999097033509231     
  0.999036633548120     
  0.999239214279436     
