  0.995721302259591     
  0.997532265635667     
  0.998195190385587     
  0.997879577461516     
  0.996583502494413     
  0.994344029225718     
  0.991951299285749     
  0.990048583767705     
  0.987594914384290     
  0.986747958434517     
  0.983837002550598     
  0.984295364886878     
  0.981343967368188     
  0.981630429608277     
  0.980316335480072     
  0.978765745150336     
  0.980813390532638     
  0.976286495388899     
  0.981806218907111     
  0.975839491806245     
  0.982384350574605     
  0.977259475190674     
  0.981876344256666     
  0.979816074227946     
  0.982178580881430     
  0.983011855798309     
  0.983541709851139     
  0.986109898339575     
  0.986803229967124     
  0.989130228616136     
  0.991182209361079     
  0.993043703114792     
  0.995539296527874     
  0.997896250520816     
  0.998884135768135     
  0.999078137592662     
  0.999166863630429     
  0.999159108548494     
  0.999109012290888     
  0.999054406512095     
  0.998978934323224     
  0.998701596794707     
  0.998316263165901     
  0.997808385245159     
  0.997332737895251     
  0.996912436140620     
  0.996163983771387     
  0.996137582565079     
  0.995702312795614     
  0.995170601555914     
  0.995476355871861     
  0.994528188890885     
  0.995417685187716     
  0.993998007597027     
  0.995282864151151     
  0.994175192013358     
  0.994362390371985     
  0.995023539073180     
  0.994237917098988     
  0.995118418365409     
  0.994330559818469     
  0.995365466629916     
  0.994946067115514     
  0.995447972367396     
  0.995777821473391     
  0.995861514122697     
  0.996251807682335     
  0.996694333910778     
  0.997032680179887     
  0.997405703187910     
  0.997884591025233     
  0.998129696643515     
  0.998217502558269     
  0.998295065147928     
  0.998158759375081     
  0.998201445003887     
  0.998035631510941     
  0.998044934732773     
  0.997938750833285     
  0.997762927385416     
  0.997813521975754     
  0.997500494284312     
  0.997620403861350     
  0.997386415457969     
  0.997380275553172     
  0.997213324901737     
  0.997230114381237     
  0.997113106221176     
  0.997059161305412     
  0.997041939243421     
  0.996986183208253     
  0.997015278176554     
  0.996870502932464     
  0.997132661373694     
  0.996640481927886     
  0.996992840575000     
  0.996719246956490     
  0.996853772981158     
  0.996741921622578     
  0.996731340053992     
  0.996774296470067     
  0.996609271239120     
  0.996699273408519     
  0.996607406730021     
  0.996545798050706     
  0.996470239173931     
  0.996414691217088     
  0.996026471529654     
  0.994188550653568     
  0.991684441230248     
  0.989145665693500     
  0.986805153377874     
  0.984959010417542     
  0.982781570305096     
  0.979761257503685     
  0.978180179458277     
  0.973182787255229     
  0.972231376896437     
  0.968086833124858     
  0.964979281702114     
  0.965069808482219     
  0.958935480916175     
  0.962580480097915     
  0.955716490867857     
  0.958028411922409     
  0.953221062299463     
  0.952745989051918     
  0.949042354113628     
  0.947388897403810     
  0.943269191369094     
  0.942132096992169     
  0.938913374277412     
  0.937880764286968     
  0.939124873486902     
  0.934273490273938     
  0.940079353760363     
  0.935937723279587     
  0.938300685157672     
  0.939488466399946     
  0.931660343857837     
  0.939926973728229     
  0.923559752213742     
  0.935731866813843     
  0.922572750147981     
  0.924810478671943     
  0.920348600675364     
  0.913510147169443     
  0.913945643569527     
  0.905730722134221     
  0.905063278215620     
  0.901287569580316     
  0.895525127494892     
  0.897098169629861     
  0.889316021932076     
  0.887998219522815     
  0.879981879005503     
  0.871248392193161     
  0.861534442455659     
  0.846430081863153     
  0.835172309009630     
  0.820463587667621     
  0.809616889609444     
  0.798631569440744     
  0.788854937321115     
  0.781213455809310     
  0.775068564652212     
  0.770161780311540     
  0.767649601085070     
  0.766049513394353     
  0.766566493971599     
  0.767787073701945     
  0.770359576381788     
  0.774413161962746     
  0.779790649702588     
  0.786989977274838     
  0.794408535771010     
  0.803835319278725     
  0.814137162376905     
  0.825758517117728     
  0.838799605154544     
  0.852717060633208     
  0.867842825442518     
  0.883247466501177     
  0.898900788731304     
  0.913785904388432     
  0.926876321487762     
  0.937793900645059     
  0.946560690911645     
  0.953578375250636     
  0.959250047705031     
  0.964017469702732     
  0.968047778651568     
  0.971517362774497     
  0.974450039736282     
  0.977023518507798     
  0.979199954563273     
  0.981052311888148     
  0.982741943319623     
  0.984118172145408     
  0.985509246300902     
  0.986558392318644     
  0.987572462544955     
  0.988438773795202     
  0.989354979642331     
  0.990150156558678     
  0.990728916349563     
  0.991344179787778     
  0.991755481247810     
  0.992234715655904     
  0.992611173641203     
  0.992943571937570     
  0.993179367641786     
  0.993501980031056     
  0.993582022617335     
  0.993926906332399     
  0.994072958004510     
  0.994069350505786     
  0.994509772559411     
  0.994336526046877     
  0.994767904867730     
  0.994668318891656     
  0.994886140627117     
  0.994662531068006     
  0.993526662337825     
  0.992505518051035     
  0.991266539252499     
  0.990047176188726     
  0.989076876144627     
  0.988055239424208     
  0.987874596429727     
  0.986475728590234     
  0.986559197501570     
  0.984301994130169     
  0.981259745159575     
  0.976458428553155     
  0.972048469063558     
  0.967646930495942     
  0.963166147403259     
  0.962157815651471     
  0.956835854691204     
  0.955659460034726     
  0.954365809808938     
  0.948863828435265     
  0.955702125352006     
  0.944280048146781     
  0.957241240820699     
  0.943056249240152     
  0.955686455328359     
  0.946806211138589     
  0.953649018209849     
  0.954497896195653     
  0.954424227115821     
  0.962385242832249     
  0.958979616252819     
  0.967860600122980     
  0.964573580571093     
  0.971368474120705     
  0.972197230600900     
  0.975964304631804     
  0.980479007821273     
  0.984084089999846     
  0.988842513367475     
  0.993461176012675     
  0.996687812280142     
  0.998464924458797     
  0.998849935738613     
  0.998889449176522     
  0.998928782971478     
  0.998963049903620     
  0.998979604668686     
  0.998990490188827     
  0.999008531669392     
  0.999023874241620     
  0.999034186788176     
  0.999064159697754     
  0.999055331361455     
  0.999112499861188     
  0.999074901739386     
  0.999128903190564     
  0.999116822272723     
  0.999132854148973     
  0.999155474385318     
  0.999137452072518     
  0.999192628767505     
  0.999118391539540     
  0.998955646171524     
  0.998487294122069     
  0.998082424807938     
  0.997569412425552     
  0.996770008378942     
  0.995673382040889     
  0.994828309996899     
  0.993910443688656     
  0.993005277870116     
  0.992803247959476     
  0.991581272679163     
  0.991933726721902     
  0.990345395560630     
  0.989878207901002     
  0.988261423295185     
  0.986742204396692     
  0.986635770370520     
  0.984295857023739     
  0.985567389027793     
  0.982861202988484     
  0.984153540355618     
  0.983295638313695     
  0.982465258093857     
  0.984542838706675     
  0.982093979329763     
  0.985611780735803     
  0.983440239129679     
  0.985819441312446     
  0.986849776436863     
  0.986461425162970     
  0.989732407305938     
  0.988466972434225     
  0.991524372297107     
  0.991144121966474     
  0.992489260034646     
  0.993213021516528     
  0.993455458713786     
  0.994667825546826     
  0.995486639207678     
  0.996391840145917     
  0.997512411531282     
  0.998648196169416     
  0.999360959949363     
  0.999582844266442     
  0.999582549490665     
  0.999604518094982     
  0.999578054439835     
  0.999567280489885     
  0.999560733532031     
  0.999518301223811     
  0.999531481652251     
  0.999448947081506     
  0.999457338348346     
  0.999413443203176     
  0.999399093797120     
  0.999394967415873     
  0.999322480908588     
  0.999401544706591     
  0.999296571383625     
  0.999357085650897     
  0.999343386547844     
  0.999309348492622     
  0.999395262305438     
  0.999274420640892     
  0.999461565089910     
  0.999311310757196     
  0.999442935919227     
  0.999343094570878     
  0.999280694704896     
  0.999225085404712     
  0.999141508593534     
  0.999131028370430     
  0.998987644063368     
  0.999052777564550     
  0.999034076876111     
  0.998866366954159     
  0.999091685995263     
  0.998776766898543     
  0.999104093774076     
  0.998815250294102     
  0.998974655434545     
  0.999033242424938     
  0.998647073993865     
  0.999178369669491     
  0.998677073936197     
  0.999114815785355     
  0.998821436275528     
  0.999041433496563     
  0.998923902476717     
  0.998726557991687     
  0.998501994278566     
  0.997894479219344     
  0.997255958159190     
  0.996731375538992     
  0.996554889760426     
  0.996236979769837     
  0.995472731370348     
  0.995411548074991     
  0.995105690024163     
  0.994636648927785     
  0.994648265147881     
  0.994457570731519     
  0.994148196346286     
  0.993913083138416     
  0.992725871734498     
  0.993256795890618     
  0.990921668798419     
  0.991800799947771     
  0.990612795522335     
  0.991001873465908     
  0.990179534218822     
  0.990589307708663     
  0.990469495917086     
  0.990016289996827     
  0.991405668846562     
  0.990449940962530     
  0.992496929429144     
  0.990714956229853     
  0.994165165664777     
  0.992153216296219     
  0.994308071666475     
  0.993719884018220     
  0.994136327522848     
  0.994494894447958     
  0.994404875050126     
  0.995357147722037     
  0.995058222769189     
  0.996021236995662     
  0.996241766883798     
  0.996781169241610     
  0.997441827108494     
  0.998109196218349     
  0.998792255194895     
  0.999430683240922     
  0.999719266096103     
  0.999710410109295     
  0.999737497054146     
  0.999713713239413     
  0.999732877014571     
  0.999709962621733     
  0.999709029790943     
  0.999688788132147     
  0.999686172998810     
  0.999665067255616     
  0.999670469772114     
  0.999594478492536     
  0.999482456759716     
  0.999452083483089     
  0.999283290009438     
  0.999356406887515     
  0.999274856970713     
  0.998987531171192     
  0.999245793083310     
  0.998914613786191     
  0.999027250725017     
  0.999006587199708     
  0.998637378839002     
  0.999005771558917     
  0.997938126088563     
  0.998789366908623     
  0.998061644415124     
  0.998098835502019     
  0.997913042527996     
  0.997330579137290     
  0.997683692972649     
  0.996841781355774     
  0.997150385642287     
  0.996966872211182     
  0.996643764545600     
  0.996937915055792     
  0.996615075454941     
  0.996833414296536     
  0.996732732130414     
  0.996688707824295     
  0.997061081844322     
  0.996801556923597     
  0.996833841235702     
  0.997266454085056     
  0.996854447359177     
  0.997512887700124     
  0.997083879080670     
  0.997793763473116     
  0.997538365808013     
  0.997590928209836     
  0.997258822831936     
  0.996591187741244     
  0.996253687828818     
  0.995595240255293     
  0.994760520277609     
  0.993934165986624     
  0.993185096486991     
  0.992450610375503     
  0.991675782962670     
  0.990911152897939     
  0.990505774141465     
  0.989631149438584     
  0.989039996003071     
  0.986873471842083     
  0.986445435899033     
  0.984750284491306     
  0.984662894716948     
  0.982817960972848     
  0.983631577847621     
  0.982876870807843     
  0.982190038990178     
  0.984313042710008     
  0.981692448388852     
  0.985419246590489     
  0.981471422770450     
  0.988335362659586     
  0.980815152752485     
  0.988300995719907     
  0.981960485779484     
  0.984791836161832     
  0.983334935407155     
  0.981041059984182     
  0.982373539597702     
  0.978241534818881     
  0.980175739270451     
  0.977498947575045     
  0.976217499236120     
  0.977808601037930     
  0.974285143064536     
  0.976534456546292     
  0.973005217353185     
  0.975748168526559     
  0.973451961226885     
  0.974323810469176     
  0.973033764640788     
  0.973129769883269     
  0.972290868848251     
  0.972122484211402     
  0.971560546580789     
  0.972147266147469     
  0.972031880730841     
  0.973082687826007     
  0.973984879683173     
  0.975129431555192     
  0.976981314326627     
  0.978426394263637     
  0.980244445214353     
  0.980749515976818     
  0.981699111949024     
  0.982236204684191     
  0.983427189785030     
  0.983763037608022     
  0.984458189464520     
  0.984876971918537     
  0.985760564872006     
  0.986452286333920     
  0.987111005066858     
  0.988319398499425     
  0.988646932623250     
  0.989960681779155     
  0.989981475886117     
  0.991437848386610     
  0.991623241012337     
  0.993226622621854     
  0.993919756700234     
  0.995160804662922     
  0.995892320870408     
  0.996308123810771     
  0.996743542605838     
  0.997097777027682     
  0.997633588941872     
  0.997940129271595     
  0.998318227907602     
  0.998731231224778     
  0.999087663194815     
  0.999399077190451     
  0.999650160565844     
  0.999750740608832     
  0.999744477867368     
  0.999743178565096     
  0.999671296953565     
  0.999593754251020     
  0.999453496145125     
  0.999024081004969     
  0.998600738416125     
  0.998185176949709     
  0.997649520686368     
  0.997546252705973     
  0.997196505476783     
  0.996303009859227     
  0.996523057096790     
  0.995166863118466     
  0.995221051661754     
  0.994708917878346     
  0.993674687384923     
  0.994655553122770     
  0.992381061293641     
  0.994583982331172     
  0.991935654657069     
  0.993431650103390     
  0.992402185608645     
  0.992311278467313     
  0.992911149793051     
  0.991765779876165     
  0.993147841635201     
  0.992458555990536     
  0.993037377177369     
  0.993898663183423     
  0.993418642724792     
  0.994997974820892     
  0.994426135498027     
  0.996225028475788     
  0.995530925990104     
  0.997190113159430     
  0.996578595921642     
  0.997528557143425     
  0.997644963374064     
  0.997862532480107     
  0.998638543085735     
  0.998375214886929     
  0.999035451151412     
  0.998650646945666     
  0.998916155501225     
  0.998908982848837     
  0.998749731986627     
  0.998741165764737     
  0.998570493762788     
  0.998547550742984     
  0.998563022747081     
  0.998367340193491     
  0.998296237321887     
  0.998268711611864     
  0.997603225384211     
  0.997492732363117     
  0.995568227651319     
  0.993954072499470     
  0.991728798301796     
  0.989830472032055     
  0.989441643191619     
  0.985989483590511     
  0.985927275856996     
  0.985958769114799     
  0.981691301875758     
  0.985765249947275     
  0.978772733165069     
  0.982036702500594     
  0.978710950162327     
  0.976423192340953     
  0.980549849931267     
  0.972409327777630     
  0.981991990750210     
  0.973101824618190     
  0.980358810022865     
  0.975754532592662     
  0.979030699020391     
  0.978604920094684     
  0.979947643519040     
  0.980335067706051     
  0.983435424751186     
  0.982796919183834     
  0.985969069221925     
  0.987815624024209     
  0.989093589616745     
  0.992118413118048     
  0.991769392183754     
  0.993246076830437     
  0.993134150651031     
  0.993852137288419     
  0.994610273724451     
  0.995218253461354     
  0.996086490027768     
  0.996959232282803     
  0.997926921410295     
  0.998634357751839     
  0.998697716808768     
  0.998659914998430     
  0.998396262171953     
  0.997922817407220     
  0.997446454927586     
  0.996821331256239     
  0.996281599588118     
  0.995700795918524     
  0.995010249496066     
  0.994460529428908     
  0.993805702196400     
  0.993411293388424     
  0.992619046789169     
  0.992628398119771     
  0.991863868930393     
  0.991868938074311     
  0.991284511814580     
  0.991542818040329     
  0.991093649188637     
  0.991180853774605     
  0.991365574476379     
  0.991245287498905     
  0.991608773735380     
  0.991621544596916     
  0.991958874181850     
  0.991894104438187     
  0.992471068933600     
  0.992598117752968     
  0.993101103849518     
  0.993360084053572     
  0.994097672830215     
  0.994217052388443     
  0.994726144546037     
  0.994788571539585     
  0.994742349512834     
  0.994925130805461     
  0.994484877513497     
  0.994883203610733     
  0.994158964584787     
  0.994295769551169     
  0.993815637192636     
  0.993535412110337     
  0.993191472461311     
  0.992628653750926     
  0.992331507106355     
  0.991715296458794     
  0.991300001978679     
  0.990796951438898     
  0.990209199174578     
  0.989666453980935     
  0.989074513976349     
  0.988424214661042     
  0.987745438767497     
  0.986914300541137     
  0.986099718814675     
  0.985164334020771     
  0.984231734632831     
  0.983265905517001     
  0.982243973654215     
  0.981256800155434     
  0.980228696761535     
  0.979279253336584     
  0.978335940077100     
  0.977441495664181     
  0.976643153677909     
  0.975892146002355     
  0.975288446098498     
  0.974765072657741     
  0.974395774935440     
  0.974155158396715     
  0.974043647692505     
  0.974070119651669     
  0.974175875938250     
  0.974400474117651     
  0.974746991871248     
  0.975226918475606     
  0.975828846672831     
  0.976517479150257     
  0.977296447243752     
  0.978120576241083     
  0.979049845595194     
  0.980016581543133     
  0.980978301690597     
  0.981888546206509     
  0.982800573227138     
  0.983662128554242     
  0.984521757434550     
  0.985334111415748     
  0.986136154025961     
  0.986835056356653     
  0.987511240602815     
  0.988314860655482     
  0.988682456566843     
  0.989553421298371     
  0.989626106166553     
  0.990211989111881     
  0.990284834592389     
  0.990509660203507     
  0.991027340495710     
  0.990823659294818     
  0.991446241935262     
  0.991399580544822     
  0.991740861272480     
  0.991984856817150     
  0.992095490758989     
  0.992530528522478     
  0.992629514149034     
  0.992907983795870     
  0.993456043394400     
  0.993266642821310     
  0.994153257183175     
  0.994006233867847     
  0.994690553447039     
  0.994677069921472     
  0.995113442436583     
  0.995285002430855     
  0.995590676545217     
  0.995898911684420     
  0.996180943290206     
  0.996503774812980     
  0.996810609337882     
  0.997179802331662     
  0.997466081620467     
  0.997811954571115     
  0.997976103819132     
  0.998074168399191     
  0.998177189785127     
  0.998280804029293     
  0.998344102455714     
  0.998458550784855     
  0.998527795563590     
  0.998598340214179     
  0.998667389910430     
  0.998668961332965     
  0.998764153641021     
  0.998735242005052     
  0.998809128154185     
  0.998818430461492     
  0.998817433398381     
  0.998857821925689     
  0.998818163215440     
  0.998787427829686     
  0.997912677011693     
  0.994295056167119     
  0.989018849625768     
  0.983750173669106     
  0.978704944592691     
  0.974664713570018     
  0.971126525885806     
  0.966977483986529     
  0.964625767835660     
  0.959813473935572     
  0.960237698605628     
  0.955209368774354     
  0.955658668171921     
  0.954150818518815     
  0.950966962372784     
  0.955009236496156     
  0.949511076348633     
  0.957666083232719     
  0.950904160109125     
  0.958557123757003     
  0.955319128925059     
  0.960959824075471     
  0.961224968620032     
  0.965016548741655     
  0.968026679554237     
  0.971678161919437     
  0.976684566937191     
  0.980437600689098     
  0.984996142284552     
  0.990155984238296     
  0.995355217791231     
  0.998010532982696     
  0.998490083876058     
  0.998713584909380     
  0.998892947897951     
  0.999083163088316     
  0.999182828897142     
  0.999234643569423     
  0.999232685983608     
  0.999268719756055     
  0.999250576988126     
  0.999173903269184     
  0.999022425481462     
  0.998912905927554     
  0.998735189311366     
  0.998665166452027     
  0.998551019996698     
  0.998370476359718     
  0.998541951858708     
  0.998136541906903     
  0.998444186940134     
  0.998013060579012     
  0.998050976134438     
  0.998104944098831     
  0.997623340212982     
  0.998183360305121     
  0.997496075202141     
  0.998060194860314     
  0.997606197889472     
  0.997954969373930     
  0.997801709555249     
  0.997936063133867     
  0.997962452314284     
  0.998077502637180     
  0.998211471924764     
  0.998229531229530     
  0.998601899818751     
  0.998493691376551     
  0.998868731124347     
  0.998880952472669     
  0.999094322296944     
  0.999155026690958     
  0.999139489728275     
