  0.984049525425474     
  0.985294011065868     
  0.985262884625021     
  0.986249506729797     
  0.986952100647148     
  0.988053338059748     
  0.988255723847142     
  0.987345398733245     
  0.988023046203343     
  0.985715114887350     
  0.987405730341028     
  0.984091257191019     
  0.987092135631241     
  0.982489505289883     
  0.987010749304681     
  0.981201428512668     
  0.987376439945361     
  0.980127769756881     
  0.987570574519822     
  0.980293388150035     
  0.986918875315873     
  0.981361303422591     
  0.985930062611559     
  0.983314450399399     
  0.985487145304551     
  0.984456023575128     
  0.986449510041133     
  0.985683530203009     
  0.987856258581577     
  0.987164680676225     
  0.989433416169522     
  0.989323431818774     
  0.990821742716447     
  0.991754578575233     
  0.992664322111154     
  0.994156162634391     
  0.995156388446587     
  0.996263975050745     
  0.997404571278993     
  0.997953210444423     
  0.997715691336387     
  0.997527134268720     
  0.997487120535848     
  0.996998927359883     
  0.996986791889539     
  0.996711675999286     
  0.996462117528589     
  0.996536858851866     
  0.996023080356489     
  0.996391863198794     
  0.995826530680246     
  0.996053900500223     
  0.995899858195611     
  0.995787662827753     
  0.995942795096994     
  0.995700372783056     
  0.995696811849304     
  0.995842462796304     
  0.995988233309020     
  0.995457352129710     
  0.996008145119370     
  0.995506211324040     
  0.996042486623556     
  0.995664607672248     
  0.996078787774604     
  0.996006037294917     
  0.996095362467615     
  0.996419948455275     
  0.996312385017777     
  0.996708523265422     
  0.996831395536275     
  0.996937618845143     
  0.997233205031399     
  0.997375825490300     
  0.997649789430916     
  0.997726042129664     
  0.997957947345750     
  0.997895875873809     
  0.997969011594239     
  0.997757934415791     
  0.997858270451878     
  0.997663762828031     
  0.997646446982611     
  0.997583212681883     
  0.997455356918122     
  0.997489013804355     
  0.997301850854462     
  0.997411356540473     
  0.997133012077730     
  0.997309758528499     
  0.997034682760770     
  0.997205592663208     
  0.996922751886184     
  0.997197857811562     
  0.996768369547975     
  0.997095644364395     
  0.996793317932180     
  0.997005506901428     
  0.996761720051888     
  0.996913507594892     
  0.996678061646679     
  0.996743075628027     
  0.996158200359138     
  0.995030879491819     
  0.993438871886540     
  0.992123554540359     
  0.990785948235824     
  0.989787024179174     
  0.988058894311740     
  0.986796153856705     
  0.984553329273879     
  0.982203386438272     
  0.981536315103330     
  0.977363664400719     
  0.978219255687981     
  0.973260191898864     
  0.975370963298937     
  0.969063685403246     
  0.973596792563573     
  0.964462701024928     
  0.971455471353770     
  0.959448835638245     
  0.968062289189421     
  0.954281090383041     
  0.961884214875729     
  0.949676332895123     
  0.955478497087150     
  0.946670939328786     
  0.950774646418563     
  0.942331611540916     
  0.948028105787768     
  0.938755959090042     
  0.945182671283355     
  0.935633518093200     
  0.942475594574457     
  0.931889937784045     
  0.939837114157819     
  0.927300996907522     
  0.938031124495711     
  0.922512775982752     
  0.936424283286310     
  0.917256782785186     
  0.932654343346923     
  0.914530020416841     
  0.924845904064889     
  0.910730857514488     
  0.917616567465173     
  0.906583803134567     
  0.911116700100755     
  0.899721896509275     
  0.901095149893977     
  0.887596356488077     
  0.886569415429678     
  0.871972534902567     
  0.868661927189877     
  0.857244019932401     
  0.851334506736677     
  0.842205367069730     
  0.837601798126774     
  0.829315994796456     
  0.825265001735735     
  0.818662639453107     
  0.814928045253156     
  0.809777975928572     
  0.805947762693294     
  0.803311552232905     
  0.800540212524273     
  0.800437442623966     
  0.799524774252814     
  0.800706616998212     
  0.802297152015626     
  0.804923033641388     
  0.807795303144958     
  0.812380712214066     
  0.817026113246693     
  0.822472819702131     
  0.828145340223579     
  0.834758206172129     
  0.841580317512440     
  0.849068629707142     
  0.856790470445057     
  0.864944378405241     
  0.873549884030171     
  0.882519275418054     
  0.891931943092316     
  0.901744200908048     
  0.911772630256290     
  0.922055209057638     
  0.932054202886301     
  0.941667797736939     
  0.950081940221196     
  0.957183266071662     
  0.962889220630387     
  0.967538158023009     
  0.971291901655313     
  0.974465298458584     
  0.977160950050382     
  0.979506980641561     
  0.981484395812401     
  0.983234073443808     
  0.984614258379364     
  0.985762111728481     
  0.986752965802152     
  0.987816414973792     
  0.988646699809782     
  0.989447286879936     
  0.990067850129087     
  0.990765001719043     
  0.991140454029836     
  0.991843740194926     
  0.991974574995218     
  0.992612087522962     
  0.992766323960665     
  0.993337699049838     
  0.993319430238290     
  0.994031523835806     
  0.993637467910226     
  0.994201380109947     
  0.992699913853644     
  0.993091728450530     
  0.991537153083148     
  0.991847149897159     
  0.990535039475127     
  0.990915703787344     
  0.989789830937149     
  0.989895999870551     
  0.988736081339117     
  0.987929595513862     
  0.984844548647845     
  0.982812906156363     
  0.979146816018042     
  0.977758665638951     
  0.973909801691111     
  0.973965538158828     
  0.968455973482148     
  0.970234195641005     
  0.965393830427785     
  0.965725378805654     
  0.962513766493216     
  0.963453596091866     
  0.960695125453717     
  0.961271532849563     
  0.959312381798402     
  0.960770195202320     
  0.957448319322149     
  0.962574137809224     
  0.955791166718269     
  0.964496994060476     
  0.954940498852032     
  0.967086598629671     
  0.956801404204852     
  0.968695619757949     
  0.959404519100206     
  0.971242085529931     
  0.962897105318762     
  0.973485018275487     
  0.967520821579579     
  0.976648627899717     
  0.972679634083730     
  0.979360097477524     
  0.977521719286462     
  0.980989810142678     
  0.982939549925831     
  0.984542690805925     
  0.987680366385862     
  0.989935793797165     
  0.992474089362162     
  0.995202994623968     
  0.997259325593540     
  0.998513616778652     
  0.998951155004089     
  0.998987156044194     
  0.999015902031815     
  0.999040708641505     
  0.999058260088905     
  0.999073362413149     
  0.999097707285986     
  0.999104999795113     
  0.999114881409852     
  0.999126248712373     
  0.998939942496084     
  0.998739096885255     
  0.998450874406464     
  0.998197554850778     
  0.997589031044715     
  0.997044368555742     
  0.996490417313808     
  0.995856540793052     
  0.995520299158572     
  0.994974085506549     
  0.994557055830041     
  0.994291109684106     
  0.993448117507649     
  0.993056662822965     
  0.991590108706027     
  0.991525924683245     
  0.989830950837078     
  0.990294719343626     
  0.988453776423672     
  0.989004331278090     
  0.987593284080500     
  0.988108188396452     
  0.986756602187649     
  0.987537579079298     
  0.986193556836633     
  0.987110973616919     
  0.986047556238773     
  0.986696201463347     
  0.986359689541028     
  0.986435481567859     
  0.987064737521408     
  0.986539381668834     
  0.987606198597229     
  0.987439466871132     
  0.988330999715999     
  0.988397899210231     
  0.989640327234707     
  0.989637563706816     
  0.991085973271040     
  0.991278512748015     
  0.992467508805219     
  0.993004433697282     
  0.993598933282026     
  0.994750044698738     
  0.994679886950737     
  0.995766873075353     
  0.995864345588604     
  0.996425932912301     
  0.997093990681509     
  0.997612147588702     
  0.998204599423277     
  0.998870982532064     
  0.999325749217863     
  0.999484839655369     
  0.999483583964520     
  0.999488249534540     
  0.999461341078738     
  0.999481045626282     
  0.999432965545565     
  0.999474779212030     
  0.999413844271661     
  0.999466772985046     
  0.999405962460924     
  0.999464470754565     
  0.999395730714888     
  0.999479460143404     
  0.999376914377273     
  0.999453408126509     
  0.999273708123698     
  0.999374992005600     
  0.999197453262503     
  0.999269982274143     
  0.999113424333286     
  0.999247163843493     
  0.999047604627431     
  0.999182014462463     
  0.999059008626286     
  0.999096592240720     
  0.999089036928588     
  0.999020199393912     
  0.999120508257294     
  0.998970532311737     
  0.999152413427058     
  0.998957377432143     
  0.999180344261031     
  0.998957007875335     
  0.999263943965245     
  0.998877942018707     
  0.999234685811541     
  0.998777736993780     
  0.998806726984519     
  0.998217284633446     
  0.997934570951663     
  0.997462181896540     
  0.997478813795490     
  0.996942202713031     
  0.996646001824924     
  0.996500544669691     
  0.996347383215180     
  0.995838614747151     
  0.996159884366072     
  0.995357157148875     
  0.995971895965865     
  0.994829785741582     
  0.995337061556699     
  0.993750450487879     
  0.994554369091199     
  0.992738606603108     
  0.993789756436664     
  0.991852340006782     
  0.993288989832848     
  0.991318970344349     
  0.992550799399058     
  0.991543874372550     
  0.991975132490733     
  0.991910344578703     
  0.991510930755399     
  0.992282771791399     
  0.991204639401704     
  0.992817484093069     
  0.990966322738643     
  0.993598449333776     
  0.990906180511929     
  0.994504231475900     
  0.991310969390543     
  0.995185706631781     
  0.992419437690515     
  0.995408041671283     
  0.993666460195973     
  0.995973979049656     
  0.994841916167756     
  0.996351996806447     
  0.995521634372443     
  0.996662505856116     
  0.996055630279036     
  0.997027327084174     
  0.996819226080019     
  0.997305480301328     
  0.997621714539763     
  0.997847455053529     
  0.998248047716288     
  0.998621153137635     
  0.999007300995285     
  0.999408523864107     
  0.999663026881490     
  0.999623700288145     
  0.999595084674031     
  0.999542751865870     
  0.999495378107585     
  0.999535965028684     
  0.999409696003110     
  0.999381821521061     
  0.999416251816173     
  0.999227176871419     
  0.999383741866558     
  0.999164600017376     
  0.999290083574122     
  0.998993476300822     
  0.999033336041708     
  0.998705100506028     
  0.998854839220279     
  0.998340125436729     
  0.998573203415117     
  0.997781425166639     
  0.998383667345702     
  0.997502423740844     
  0.998029291849325     
  0.997336209436898     
  0.997724986090763     
  0.997143970199239     
  0.997628452224599     
  0.996922963373841     
  0.997650367927157     
  0.996754275505728     
  0.997699351349551     
  0.996720678509873     
  0.997714298946102     
  0.996842585540359     
  0.997609357740971     
  0.997042570842338     
  0.997702579469032     
  0.997134666928832     
  0.997771865146853     
  0.997083448454845     
  0.997234029480972     
  0.996607779203423     
  0.996519675417749     
  0.996001624317604     
  0.995638219611272     
  0.995183683696126     
  0.994777915780286     
  0.994424132622632     
  0.994103206356910     
  0.993745194814077     
  0.993476095855984     
  0.993312862589991     
  0.992336535936196     
  0.991722312197752     
  0.990614581715019     
  0.990282256740194     
  0.988965173902753     
  0.988609205913389     
  0.988413527175117     
  0.987361890310288     
  0.986989157468676     
  0.987323698756460     
  0.985648019086927     
  0.987462501351216     
  0.985238855542845     
  0.987023498185276     
  0.985149860481726     
  0.984423190862220     
  0.986288455368735     
  0.981510945714589     
  0.986620426538622     
  0.978630505606012     
  0.986161020394202     
  0.977395501479945     
  0.984450087314660     
  0.977003181679019     
  0.983101794916494     
  0.976781095144179     
  0.982036451032430     
  0.976329253232814     
  0.980964931699685     
  0.975465715513520     
  0.980108480104116     
  0.974782329976720     
  0.979490509901884     
  0.974471430213531     
  0.978591591671286     
  0.973658560710264     
  0.978658952193243     
  0.973189724759973     
  0.978614196523551     
  0.973885383053291     
  0.978847295503478     
  0.974803806305671     
  0.978206188100566     
  0.975372582478069     
  0.977809629896840     
  0.976331248932162     
  0.977839160405906     
  0.977622741883858     
  0.978738016562679     
  0.979160137056110     
  0.980338020760428     
  0.981117117538887     
  0.982489772642132     
  0.983331260643974     
  0.985071316793948     
  0.985397038707464     
  0.986826962470026     
  0.986736449855739     
  0.988636131258093     
  0.987928415214842     
  0.990053322684526     
  0.988928632528387     
  0.991246853944566     
  0.990271798081300     
  0.992444737512758     
  0.991686697143140     
  0.993651805792103     
  0.993105586066462     
  0.994540195295819     
  0.994321529127462     
  0.995518101012932     
  0.995584831807998     
  0.996639128263535     
  0.996937500088748     
  0.997666618500165     
  0.997820387218516     
  0.998156581513816     
  0.998311210858430     
  0.998570662515054     
  0.998740071763112     
  0.998820292724430     
  0.998787306531086     
  0.998774912725648     
  0.998631509026071     
  0.998565625295078     
  0.998534847345876     
  0.998052190055187     
  0.997978049133636     
  0.997649222608306     
  0.997072911689900     
  0.997216249058816     
  0.996342448396217     
  0.996718678582219     
  0.995813743697361     
  0.996245938326045     
  0.995273748711548     
  0.995930812904577     
  0.994424136955988     
  0.995811040704514     
  0.993526272254045     
  0.995603502176370     
  0.993138043834499     
  0.995005341932726     
  0.993249540284409     
  0.994578995014886     
  0.993498296475328     
  0.994218597462840     
  0.993869409197031     
  0.994147380081427     
  0.994199996940563     
  0.994337585759720     
  0.994649662690033     
  0.994906775739421     
  0.994770927094083     
  0.995657434538054     
  0.995262305853867     
  0.996389208926628     
  0.995660658301135     
  0.997227116573813     
  0.996230266216226     
  0.997911599199901     
  0.996850718257860     
  0.998166901764992     
  0.997144853739575     
  0.998193576026385     
  0.997523849859415     
  0.998309123716260     
  0.997835140467212     
  0.998176749909660     
  0.998063356112976     
  0.997611226518627     
  0.997577857339387     
  0.996156365415699     
  0.995557673771664     
  0.993936108235918     
  0.993592083249590     
  0.992345252876657     
  0.991265781988542     
  0.991433575413241     
  0.989715746943976     
  0.988993916489125     
  0.989379751363764     
  0.985620835482557     
  0.988341325931184     
  0.982806145097182     
  0.987094985823716     
  0.980676154875527     
  0.986157482040041     
  0.978676246473364     
  0.986230662930808     
  0.976862720825711     
  0.985558452942637     
  0.976516469996278     
  0.985202716725655     
  0.977278400052455     
  0.983995450362385     
  0.978463274339119     
  0.984000830771099     
  0.979019320243384     
  0.985274262065696     
  0.979587856792784     
  0.986891242612218     
  0.981133215411191     
  0.987673397216311     
  0.984008842005544     
  0.987808931182733     
  0.987071573461063     
  0.989533973132446     
  0.989325299999801     
  0.991978954989483     
  0.992214963174322     
  0.994106620272734     
  0.994451267178416     
  0.994770901781841     
  0.995156195468025     
  0.995039909163162     
  0.995380555116489     
  0.995477601814817     
  0.995702041247430     
  0.995958171882233     
  0.996121207561317     
  0.996353348253519     
  0.996094761962031     
  0.995832392060249     
  0.995437135526749     
  0.995293411701876     
  0.994840557809917     
  0.994698059737770     
  0.994366678954623     
  0.994167086202215     
  0.994011972641163     
  0.993734694075717     
  0.993733919807733     
  0.993397984392404     
  0.993557875530661     
  0.993156526077957     
  0.993287489593309     
  0.993067361657650     
  0.993173788046016     
  0.993011181178199     
  0.993409344222636     
  0.992832979783236     
  0.993510740777913     
  0.992890285763196     
  0.993566667821479     
  0.993121879664705     
  0.993752414521410     
  0.993408728316840     
  0.993943306671083     
  0.993780105536507     
  0.994273685372219     
  0.994037249106457     
  0.994640125436622     
  0.994234733629740     
  0.994807553529579     
  0.994104020157152     
  0.994471068142043     
  0.993775071079048     
  0.993915988935374     
  0.993253310216609     
  0.993203215761317     
  0.992554245967230     
  0.992327056620031     
  0.991681841303025     
  0.991329424913137     
  0.990686174177568     
  0.990215176687449     
  0.989604117173555     
  0.988945031326965     
  0.988370246401641     
  0.987592400012953     
  0.986962469732731     
  0.986179469085465     
  0.985527937072893     
  0.984750943950005     
  0.984068291492494     
  0.983277000349629     
  0.982602233849443     
  0.981888609927493     
  0.981271995344456     
  0.980658578687399     
  0.980131218056271     
  0.979657130998138     
  0.979251461642248     
  0.978933361062611     
  0.978673340565774     
  0.978523780569446     
  0.978438055399618     
  0.978442562011084     
  0.978541630836122     
  0.978703746572825     
  0.978978756780245     
  0.979306332124613     
  0.979726691430354     
  0.980133901979597     
  0.980594166139456     
  0.981055300783699     
  0.981600257086466     
  0.982191757766878     
  0.982821437364224     
  0.983493170111998     
  0.984122145552315     
  0.984931252152524     
  0.985521080491153     
  0.986344131949159     
  0.986942261200234     
  0.987604424412022     
  0.988125084829717     
  0.988691757675239     
  0.989179206794306     
  0.989673348657122     
  0.990081494821873     
  0.990555058458031     
  0.990931668021227     
  0.991186713261189     
  0.991759742819067     
  0.991728282991027     
  0.992406242409188     
  0.992362501859032     
  0.992866386491499     
  0.992846452822562     
  0.993430960299127     
  0.993282163804005     
  0.993983088552222     
  0.993678759551868     
  0.994567793591844     
  0.994077540137810     
  0.995035393905425     
  0.994654639282563     
  0.995395079479797     
  0.995240018180934     
  0.995836397054045     
  0.995733725283082     
  0.996298218104099     
  0.996241644083661     
  0.996690557244269     
  0.996654693818012     
  0.997031138938678     
  0.997067400762242     
  0.997356266973542     
  0.997489119003011     
  0.997717259237956     
  0.997871400742599     
  0.998087975986189     
  0.998253286316827     
  0.998423588858925     
  0.998554244118161     
  0.998603977337258     
  0.998667179084991     
  0.998725062351608     
  0.998756586513903     
  0.998822386645734     
  0.998822606038458     
  0.998797882821300     
  0.998002314143525     
  0.995552990815375     
  0.992395706754358     
  0.989260875787815     
  0.986432188009344     
  0.984280914550895     
  0.981336852248631     
  0.979292347414677     
  0.976797974028903     
  0.974714481407631     
  0.973733045640817     
  0.970154811914348     
  0.971736023963354     
  0.966253612915977     
  0.970498528937936     
  0.963048622701127     
  0.969835284385378     
  0.960517127091191     
  0.969787763351718     
  0.958570901965229     
  0.969495110113214     
  0.958433906847154     
  0.968970458237150     
  0.959953706341082     
  0.967936333529808     
  0.963170509009736     
  0.967173820614317     
  0.966372613450780     
  0.969284223792909     
  0.969288191448464     
  0.972475939199568     
  0.972658392924313     
  0.975933333990128     
  0.976846697840584     
  0.979802858080425     
  0.981628340485192     
  0.984734417216327     
  0.987256940968556     
  0.990019728165236     
  0.993101873720142     
  0.996303691739779     
  0.998315425147152     
  0.998674438271271     
  0.998717542806084     
  0.998747569434946     
  0.998793634524861     
  0.998719879550572     
  0.998788170125919     
  0.998689246274357     
  0.998672039647343     
  0.998692476647058     
  0.998515871538976     
  0.998631189636599     
  0.998362092642845     
  0.998533627464945     
  0.998228916768409     
  0.998508677159609     
  0.998054872624269     
  0.998555864478794     
  0.997920255428076     
  0.998574661280409     
  0.997899107779191     
  0.998481691368599     
  0.997993375891992     
  0.998400427401866     
  0.998068180056622     
  0.998396953492694     
  0.998139532240690     
  0.998432137088153     
  0.998282913296142     
  0.998430671048543     
  0.998501882173679     
  0.998484129145158     
  0.998691711093762     
  0.998581776874797     
  0.998787210569220     
  0.998711833785674     
  0.998882193852704     
