  0.998151745284736     
  0.998521383696036     
  0.998815725774705     
  0.998828236922937     
  0.998697692863822     
  0.997958526162359     
  0.995485970668934     
  0.992552260400122     
  0.989799099793997     
  0.987131387388299     
  0.984805265234915     
  0.983029473360909     
  0.981458254719561     
  0.979954799959785     
  0.978855563918364     
  0.978198481787975     
  0.977496172279364     
  0.976807143134198     
  0.976606203904534     
  0.977152109323093     
  0.977541423853473     
  0.977650306700503     
  0.978290974747600     
  0.979708668330914     
  0.981029446421947     
  0.982261223463918     
  0.983912129978006     
  0.986028483774338     
  0.988514369230987     
  0.991267940122271     
  0.994317396204110     
  0.997345133872890     
  0.998792108816475     
  0.999085853009785     
  0.999239055241418     
  0.999303072360610     
  0.999300844096318     
  0.999293298400116     
  0.999255880311437     
  0.999185821693237     
  0.999115258349837     
  0.999046681205432     
  0.998953764583948     
  0.998616396889921     
  0.998080489848908     
  0.997462513340915     
  0.996799559032588     
  0.996237721683137     
  0.995834983216747     
  0.995550736663273     
  0.995298157965758     
  0.995113307701421     
  0.995102423351026     
  0.995188785548102     
  0.995101701644380     
  0.994870132406291     
  0.994907700442301     
  0.995191956756016     
  0.995221723431834     
  0.995087695897307     
  0.995151231020599     
  0.995356127619775     
  0.995542731593299     
  0.995735779050613     
  0.996012942584577     
  0.996409704702564     
  0.996883777013629     
  0.997400924526227     
  0.997950083199071     
  0.998295831787306     
  0.998420349107679     
  0.998460953431311     
  0.998426333276572     
  0.998381939752894     
  0.998326796076128     
  0.998264419132893     
  0.998217674846351     
  0.998170245208050     
  0.998089623127110     
  0.998000026559810     
  0.997930150634436     
  0.997831782375664     
  0.997696581236071     
  0.997540715305940     
  0.997387081741686     
  0.997254537083184     
  0.997119309762701     
  0.996971282376527     
  0.996852747949424     
  0.996778556593248     
  0.996712738147514     
  0.996698144936375     
  0.996723335858341     
  0.996686505986467     
  0.996609674663026     
  0.996600502701847     
  0.996681287689356     
  0.996747238489633     
  0.996779890243282     
  0.996821417929530     
  0.996883236965067     
  0.996922844956359     
  0.996924849145150     
  0.996905432854918     
  0.996879230068937     
  0.996847158706798     
  0.996791201522847     
  0.996672082252940     
  0.996522250620517     
  0.995938915814810     
  0.993486918613651     
  0.990228558370075     
  0.987175193671557     
  0.984442269113754     
  0.982233092177723     
  0.980372654226084     
  0.977824332991660     
  0.974905155628900     
  0.972301806797831     
  0.969276489645774     
  0.966195176461354     
  0.963735436374957     
  0.961634161906675     
  0.959784024470572     
  0.958337012683501     
  0.957040454017351     
  0.955189951726739     
  0.953410599976847     
  0.951270179234568     
  0.948776271214595     
  0.945852426259934     
  0.943377859002295     
  0.941808772384480     
  0.941626557970247     
  0.942749124440706     
  0.943440741821068     
  0.942118766680910     
  0.941095288355089     
  0.941676599447104     
  0.942173881547950     
  0.940718109940816     
  0.939077828042601     
  0.937568725214468     
  0.935390101976045     
  0.931353285715863     
  0.926373961131055     
  0.922022004110863     
  0.918360068524758     
  0.913943262994184     
  0.909818751032357     
  0.906878201884503     
  0.904650779199440     
  0.901793327509028     
  0.898956426286831     
  0.896048938950608     
  0.891624071536524     
  0.883855965677150     
  0.873460787827091     
  0.860999033942787     
  0.846707683164548     
  0.831322009150228     
  0.815872479756740     
  0.801346956945946     
  0.788332964232505     
  0.777064613832994     
  0.767752386204089     
  0.760514606773152     
  0.754880679361414     
  0.750701833182336     
  0.748816725715706     
  0.749355968852350     
  0.751671364318614     
  0.755836930257148     
  0.762261012771947     
  0.770835395103888     
  0.781498002539886     
  0.794246195718430     
  0.808917496606919     
  0.825368970985230     
  0.843268152992621     
  0.862116483557580     
  0.881222205290881     
  0.899480937661856     
  0.915641752206872     
  0.929025844947837     
  0.939679871317618     
  0.948058725464563     
  0.954773089921944     
  0.960325284998540     
  0.965011573918470     
  0.968979411499992     
  0.972328393107264     
  0.975182903421271     
  0.977616819407528     
  0.979700139167542     
  0.981511798555580     
  0.983117687928250     
  0.984546298649114     
  0.985816718773789     
  0.986952283586418     
  0.987989100571377     
  0.988817019682793     
  0.989674933953833     
  0.990450412634540     
  0.991167233828910     
  0.991817537565075     
  0.992359394999419     
  0.992741460199040     
  0.993062098294230     
  0.993339969320104     
  0.993597644100951     
  0.993847101482019     
  0.994095625597489     
  0.994266908393876     
  0.994405783228914     
  0.994531052734570     
  0.994625681402315     
  0.994718243192649     
  0.994871574929397     
  0.995040686466926     
  0.995125017145009     
  0.995132003092171     
  0.995290878262235     
  0.995491258295848     
  0.995081515404746     
  0.993539414576871     
  0.991808291225513     
  0.990428962451018     
  0.989171378400838     
  0.987971347384991     
  0.986997656194753     
  0.986131719612478     
  0.985224960158720     
  0.984408037303807     
  0.982343130394075     
  0.978170166160530     
  0.971772127315153     
  0.965761953226544     
  0.962493238518704     
  0.957874820137161     
  0.953573174202707     
  0.950604203818524     
  0.948511019602300     
  0.946968838434103     
  0.945886508222660     
  0.945493869358386     
  0.945871044140695     
  0.946997009889144     
  0.947897150317240     
  0.950357346299585     
  0.953635659123495     
  0.955770301268350     
  0.957491861119912     
  0.960225760345771     
  0.963342504385681     
  0.966657761897414     
  0.970524466407076     
  0.975150613993685     
  0.980334886204481     
  0.985956577741035     
  0.991781634145196     
  0.995966350864039     
  0.998363465756390     
  0.998865104362799     
  0.998922328700150     
  0.998961880509732     
  0.998993555366694     
  0.999019196075974     
  0.999039724076113     
  0.999055661564115     
  0.999074489225660     
  0.999088931180933     
  0.999099748081007     
  0.999109614717439     
  0.999121831507876     
  0.999131359174830     
  0.999135735268581     
  0.999141367251155     
  0.999155718455721     
  0.999168016979902     
  0.999173270986803     
  0.999183077591941     
  0.999201516540229     
  0.999216023217265     
  0.999225214802662     
  0.999239306373389     
  0.999223337980122     
  0.998927084693629     
  0.998378623285120     
  0.997845256460515     
  0.997233269847521     
  0.996226288259808     
  0.995084688865641     
  0.994103277914513     
  0.993309069263145     
  0.992711702452734     
  0.992295101410073     
  0.992033361983803     
  0.991866385144958     
  0.991358373396846     
  0.990160234238435     
  0.988760094618702     
  0.987345587624516     
  0.986147572068868     
  0.985345375248084     
  0.984725908901087     
  0.984150456465854     
  0.983750047442627     
  0.983765664368482     
  0.984099636138473     
  0.984479013209994     
  0.985128405659622     
  0.986330086233904     
  0.987431286987194     
  0.988217403751624     
  0.989252177551624     
  0.990465241214831     
  0.991228283518179     
  0.991764684904846     
  0.992427229981958     
  0.993276991640440     
  0.994322678930436     
  0.995531523945756     
  0.996877774869629     
  0.998319269194712     
  0.999288427624709     
  0.999562816344518     
  0.999613825605290     
  0.999615795754129     
  0.999618087964201     
  0.999625310840744     
  0.999624474965254     
  0.999603336741530     
  0.999578172729174     
  0.999563386976725     
  0.999545814292990     
  0.999512430194989     
  0.999460751205065     
  0.999416261007001     
  0.999376157538422     
  0.999336538037689     
  0.999300509613828     
  0.999268977023295     
  0.999244519919702     
  0.999234352361909     
  0.999231982723102     
  0.999222835585573     
  0.999225671376738     
  0.999261335847590     
  0.999299875852975     
  0.999317903999375     
  0.999340634579265     
  0.999389369834048     
  0.999437778585633     
  0.999402110662657     
  0.999313141608502     
  0.999233398552666     
  0.999158094567137     
  0.999093273170353     
  0.999060471161648     
  0.999055869521508     
  0.999059757276264     
  0.999047915863851     
  0.999034840131975     
  0.999075766020355     
  0.999104887434296     
  0.999039465494407     
  0.998976055574157     
  0.999011863415546     
  0.999056383834185     
  0.999032538890634     
  0.999005963163037     
  0.999021940635580     
  0.999058700799012     
  0.999096552079563     
  0.999047787791696     
  0.998887244527489     
  0.998534065255459     
  0.997848255244550     
  0.997160268531972     
  0.996538886268352     
  0.995993845919929     
  0.995545050337782     
  0.995178670715160     
  0.995037423973372     
  0.995075624349026     
  0.994828835793874     
  0.994221282262970     
  0.994084063703496     
  0.994721810347004     
  0.994689229912563     
  0.993126373862805     
  0.991892581604707     
  0.991601961893557     
  0.991284883009351     
  0.990642246120441     
  0.990229094589825     
  0.990247905555137     
  0.990575500154880     
  0.991077956900493     
  0.991574020252359     
  0.992047135807253     
  0.992706622566538     
  0.993384497624028     
  0.993516493932346     
  0.993510466339060     
  0.993753119680755     
  0.994081403062957     
  0.994316399217589     
  0.994612399628793     
  0.995021435310191     
  0.995492872282528     
  0.996056493662204     
  0.996771232414267     
  0.997581119724236     
  0.998487423661507     
  0.999370195958832     
  0.999692830195845     
  0.999707685428538     
  0.999720927762843     
  0.999730990823618     
  0.999732269856387     
  0.999729596100309     
  0.999727971002480     
  0.999727386238723     
  0.999727596763342     
  0.999725010380703     
  0.999711945618797     
  0.999702748856738     
  0.999699557068762     
  0.999699710850521     
  0.999672540390653     
  0.999571789773410     
  0.999467151800489     
  0.999370179005581     
  0.999260380601767     
  0.999125405318165     
  0.998967757985667     
  0.998850433576534     
  0.998799795197442     
  0.998745285973773     
  0.998591812141760     
  0.998417153573831     
  0.998400424573933     
  0.998362712019568     
  0.998149438569920     
  0.997846656869371     
  0.997686660143170     
  0.997599620392186     
  0.997415939312313     
  0.997216018062505     
  0.997067159018244     
  0.996978572638641     
  0.996906370936694     
  0.996881588480913     
  0.996942844981958     
  0.996996971371387     
  0.997006210690970     
  0.997033287034353     
  0.997060239340602     
  0.997006828970754     
  0.997043290646885     
  0.997214337573224     
  0.997307579662899     
  0.997337754935657     
  0.997472026513230     
  0.997707736336007     
  0.997962971111995     
  0.998247765213818     
  0.998518418882666     
  0.998361062658854     
  0.997717850391167     
  0.996911797960669     
  0.995997788797279     
  0.994738838560058     
  0.993104629807701     
  0.991406228125765     
  0.989760324408345     
  0.988243003166473     
  0.986874346036016     
  0.985696376819601     
  0.984796404823054     
  0.984150726910605     
  0.982866563683981     
  0.981350472106934     
  0.980290103026742     
  0.979721589665433     
  0.979596909115047     
  0.979846933985211     
  0.980386283811782     
  0.980957415445198     
  0.981633944521228     
  0.983013364212123     
  0.984088705037978     
  0.984473557282978     
  0.985646213574240     
  0.987613029593808     
  0.987546584318506     
  0.985571124949129     
  0.984512563031383     
  0.984166611574367     
  0.983094184501062     
  0.981391750848188     
  0.979933419801153     
  0.978742776229590     
  0.977564724866508     
  0.976452187908342     
  0.975583464266217     
  0.974911445739335     
  0.973832577305170     
  0.971727071408597     
  0.969720111505454     
  0.968165964045435     
  0.967158904263885     
  0.966668075092137     
  0.966628379564668     
  0.967007602085699     
  0.967496914201149     
  0.968177066375401     
  0.969279752813964     
  0.970907717195712     
  0.972983713185780     
  0.975308840457286     
  0.977319632043593     
  0.978480579623264     
  0.979479019866183     
  0.980533958668341     
  0.981403905934656     
  0.981755632249597     
  0.982103244442519     
  0.982638578608240     
  0.983251741034347     
  0.983880077453663     
  0.984625297337929     
  0.985475738155731     
  0.986194310425155     
  0.986673759838311     
  0.987255957647384     
  0.988133665785627     
  0.989202442903008     
  0.990342675802905     
  0.991614393441696     
  0.992960942003188     
  0.993962322438312     
  0.994543030771878     
  0.995103658975814     
  0.995761884684777     
  0.996477222780426     
  0.997148521893040     
  0.997761256559394     
  0.998358596127146     
  0.998882791460147     
  0.999286479491408     
  0.999606411996804     
  0.999721629855411     
  0.999733453430290     
  0.999736660342738     
  0.999742159092208     
  0.999752403225932     
  0.999755875201943     
  0.999725526087683     
  0.999629552023935     
  0.999527835623984     
  0.999337773933191     
  0.998824679666426     
  0.998263076663295     
  0.997738624261472     
  0.997266006909924     
  0.996913147378621     
  0.996650470115456     
  0.996257449249450     
  0.995708688981511     
  0.995180876984039     
  0.994583180261232     
  0.993885589392520     
  0.993412098596197     
  0.993000801722875     
  0.992264658433754     
  0.991596754627441     
  0.991206441994073     
  0.990921092601877     
  0.990557170093423     
  0.990334438480695     
  0.990472530593859     
  0.990877548368509     
  0.991458217925416     
  0.992199246411571     
  0.992995257624660     
  0.993850879693825     
  0.994857937514048     
  0.995587114922352     
  0.996060459475358     
  0.996629568051032     
  0.997278257390252     
  0.997860422979912     
  0.998261176211016     
  0.998522444441747     
  0.998653905086176     
  0.998774805171803     
  0.998823892704402     
  0.998821537913600     
  0.998842388047077     
  0.998916446629232     
  0.999020807341025     
  0.999106694150506     
  0.999042222845755     
  0.998881928818816     
  0.998747214833614     
  0.998530073166292     
  0.998306065205094     
  0.998098195060128     
  0.997926728866851     
  0.997715646632846     
  0.997194096722104     
  0.996431353379442     
  0.994562368466957     
  0.992041292974205     
  0.989560226856445     
  0.987333564077948     
  0.985648548561900     
  0.984278531255987     
  0.982971438003899     
  0.981968386006110     
  0.981240414390726     
  0.980119403761830     
  0.978602087724168     
  0.977854284400641     
  0.976840482659949     
  0.975869005206596     
  0.975894263301846     
  0.976330902711626     
  0.976229345024462     
  0.976363506358714     
  0.977145183825830     
  0.978243591196925     
  0.979410810312751     
  0.980916756847345     
  0.982955909297294     
  0.985273342234586     
  0.987511691126056     
  0.989791162158253     
  0.990910273849965     
  0.991331832281553     
  0.991821631052099     
  0.992429114674982     
  0.993162335800277     
  0.994013581235427     
  0.994984593265397     
  0.996104916087741     
  0.997386478221355     
  0.998378050001475     
  0.998619930415258     
  0.998681089082325     
  0.998723905754922     
  0.998704498574615     
  0.998575371957187     
  0.998395189494053     
  0.998019212534708     
  0.997393824875398     
  0.996709832080046     
  0.995968506467222     
  0.995129795693468     
  0.994269868518585     
  0.993348315387136     
  0.992394070269313     
  0.991571877788103     
  0.990862970235290     
  0.990146074841302     
  0.989553971057166     
  0.989242785648107     
  0.989090837420414     
  0.988965277358818     
  0.988995070799068     
  0.989230253294193     
  0.989528204698001     
  0.989930477808457     
  0.990468885605175     
  0.991030125957742     
  0.991427803874178     
  0.992036050496034     
  0.992696451565025     
  0.993268632132767     
  0.993790724448044     
  0.994222511784051     
  0.994394108648325     
  0.994489493387357     
  0.994550096122944     
  0.994469924945361     
  0.994327218116278     
  0.994204707908795     
  0.993984547698372     
  0.993631796761906     
  0.993241439721720     
  0.992899811221651     
  0.992545448192363     
  0.992128457800996     
  0.991656379947995     
  0.991118896036791     
  0.990541897257982     
  0.989947313761062     
  0.989338692119604     
  0.988700445440377     
  0.988024494218665     
  0.987293209824237     
  0.986418905871188     
  0.985456249360635     
  0.984431722355634     
  0.983336039242798     
  0.982170956623046     
  0.980953739797513     
  0.979685278203952     
  0.978342976586277     
  0.976934571451125     
  0.975495341695754     
  0.974060378106137     
  0.972635500004248     
  0.971239885901249     
  0.969917143315094     
  0.968714030021707     
  0.967653299280775     
  0.966763490145416     
  0.966074852802868     
  0.965581307649805     
  0.965259522690279     
  0.965152001341359     
  0.965292610993015     
  0.965682119945432     
  0.966306463332995     
  0.967144627086040     
  0.968174434135907     
  0.969366395604476     
  0.970661891037296     
  0.972019417332514     
  0.973470636518834     
  0.974962387136345     
  0.976453366634566     
  0.977916116612120     
  0.979278966098112     
  0.980499450252522     
  0.981608802700689     
  0.982626787249440     
  0.983565002351757     
  0.984439971595259     
  0.985257043959676     
  0.986005624481087     
  0.986690762001782     
  0.987336824842364     
  0.987950031625692     
  0.988474040079590     
  0.988831472571927     
  0.989114901788178     
  0.989345828791823     
  0.989511776021745     
  0.989717256442245     
  0.989966229580344     
  0.990235132486548     
  0.990498904370102     
  0.990759802907825     
  0.991027728331819     
  0.991338082645623     
  0.991684671239745     
  0.992013810949389     
  0.992339396779008     
  0.992676050917660     
  0.993000039949878     
  0.993314741119224     
  0.993643697787780     
  0.994007243505941     
  0.994400436931732     
  0.994830816525814     
  0.995277611287552     
  0.995743801690498     
  0.996215999328835     
  0.996683742658872     
  0.997098521049405     
  0.997360120325018     
  0.997523451669246     
  0.997668927066222     
  0.997807093535188     
  0.997934746396546     
  0.998055021166437     
  0.998171763757610     
  0.998266150946628     
  0.998322963461012     
  0.998373504561282     
  0.998435285831736     
  0.998491661562581     
  0.998528052678728     
  0.998556348501227     
  0.998602957683525     
  0.998650624617575     
  0.998675538237388     
  0.998688478315122     
  0.998706722831378     
  0.998722468760736     
  0.998720900219561     
  0.998599471490892     
  0.997367831741595     
  0.992401491214946     
  0.985577972424185     
  0.979238744734329     
  0.973368256204688     
  0.968031440971509     
  0.963053663629057     
  0.958361830405261     
  0.954480142553128     
  0.951806263172267     
  0.949654924117273     
  0.947029716902040     
  0.944511181249014     
  0.944336911228666     
  0.946145422089075     
  0.947575116502085     
  0.947885233889834     
  0.949553027514258     
  0.952990098308944     
  0.956744498051177     
  0.960278930941548     
  0.964448973131174     
  0.969474270991502     
  0.975246398021489     
  0.981544519157572     
  0.987982914551272     
  0.994233713028562     
  0.997538334607537     
  0.998084319341226     
  0.998324780469806     
  0.998567092333923     
  0.998775168465622     
  0.998900155713190     
  0.998988796394939     
  0.999050805778411     
  0.999109742150613     
  0.999181460119355     
  0.999247773654166     
  0.999257970320042     
  0.999240171805696     
  0.999199987267936     
  0.999061056244191     
  0.998890862140978     
  0.998738914277394     
  0.998606412777031     
  0.998510605672530     
  0.998462253300052     
  0.998451503164197     
  0.998440612102801     
  0.998409723337414     
  0.998333227342583     
  0.998248531918399     
  0.998195062524221     
  0.998118807234449     
  0.998018381120158     
  0.997977755320604     
  0.998008963336503     
  0.998040405190776     
  0.998057316340852     
  0.998114426280238     
  0.998220724445272     
  0.998339230946452     
  0.998459859009572     
  0.998609060878584     
  0.998791318125437     
  0.998986233891509     
  0.999128476040103     
  0.999161362537171     
  0.999172999971651     
  0.999192709087341     
  0.999224989714696     
