  0.999496814705211     
  0.999492259615269     
  0.999487414998913     
  0.999482103389506     
  0.999385210202145     
  0.998997027259711     
  0.998512821292542     
  0.998063096017721     
  0.997650501806900     
  0.997308297738271     
  0.997067942899080     
  0.995245341771154     
  0.988060392523557     
  0.979483330666747     
  0.972862664480160     
  0.968089521967886     
  0.964617964449580     
  0.962318663601295     
  0.961141782120315     
  0.960975528913957     
  0.962089255946900     
  0.964669343469518     
  0.968718494961544     
  0.974566021927657     
  0.983118602122718     
  0.992695999766829     
  0.997365508847523     
  0.998481455534443     
  0.999095218971826     
  0.999325843772014     
  0.999334789138464     
  0.999336691574501     
  0.999334229147125     
  0.999330343066498     
  0.999326826033555     
  0.999324113350219     
  0.999322309041857     
  0.999322936844915     
  0.999322178365973     
  0.999314201239430     
  0.999304908817127     
  0.999295201212013     
  0.999284283447336     
  0.999266714326622     
  0.999155350042830     
  0.998926571753242     
  0.998697944837932     
  0.998504250049328     
  0.998261873211156     
  0.997267186267463     
  0.995702106617758     
  0.994265537133060     
  0.993155985029102     
  0.992620584373475     
  0.992518936438889     
  0.992635225337150     
  0.992805751151715     
  0.992948735754703     
  0.992997011958402     
  0.993073624256012     
  0.993587242953624     
  0.994895031062219     
  0.996682246843112     
  0.997955473732844     
  0.998580888564109     
  0.998909538533527     
  0.998941142932496     
  0.998928881867746     
  0.998909863681925     
  0.998883840040532     
  0.998846596839992     
  0.998795502355355     
  0.998634492482400     
  0.998403240873172     
  0.998225728913071     
  0.998107567882815     
  0.998031896188471     
  0.997982763145606     
  0.997949498735438     
  0.997931415532231     
  0.997924015354044     
  0.997897132327924     
  0.997839809552224     
  0.997796033428540     
  0.997819476761837     
  0.997848845920780     
  0.997702567941571     
  0.997313354286953     
  0.996814473311076     
  0.996318022281526     
  0.995904441488993     
  0.995624286008749     
  0.995517655139337     
  0.995612513811448     
  0.995883069702080     
  0.996236987238415     
  0.996598336718237     
  0.996907343204272     
  0.997164820037031     
  0.997359270050188     
  0.997451397162186     
  0.997386877037797     
  0.997291825404726     
  0.997201955686210     
  0.997112311088666     
  0.997020492093691     
  0.996925203391177     
  0.996821586071258     
  0.996709096995057     
  0.996591826346648     
  0.996468242948610     
  0.996334223936518     
  0.996184630133923     
  0.996014658978457     
  0.995800069052005     
  0.994124029280780     
  0.986316877612765     
  0.976575566508689     
  0.969836494332983     
  0.966528947204614     
  0.965087023017980     
  0.963956038903087     
  0.959536954700554     
  0.953101714319737     
  0.947766716915480     
  0.942881846439382     
  0.940066415255205     
  0.942064953987710     
  0.948782730088572     
  0.955692672217423     
  0.957491980617460     
  0.957699108522143     
  0.956614340002396     
  0.956634087916142     
  0.957005158687753     
  0.955964283884167     
  0.948784767693027     
  0.941654507721242     
  0.937922505851461     
  0.935200573661663     
  0.933321720687464     
  0.931916344713373     
  0.931103526761212     
  0.931058944941195     
  0.932149049666038     
  0.933937467367941     
  0.935460061986815     
  0.937647602909852     
  0.936979723818529     
  0.933531353757283     
  0.926174327068287     
  0.917903682288449     
  0.908903751232982     
  0.899243469723455     
  0.889472878171287     
  0.880225048694593     
  0.872352044500991     
  0.866322365020661     
  0.862880427897433     
  0.862336675719966     
  0.862970949994678     
  0.860757234104783     
  0.851944714589219     
  0.835363085397052     
  0.810427316295826     
  0.779006740569689     
  0.744665299989033     
  0.711663613441322     
  0.683814634114859     
  0.664065279034064     
  0.654438993514212     
  0.655017576858427     
  0.665616856064099     
  0.687161078292078     
  0.717773558636757     
  0.755129477233340     
  0.794897873116769     
  0.831777470733361     
  0.862578735726946     
  0.886701409203980     
  0.905082196771506     
  0.919333334529225     
  0.930878948084553     
  0.940504080434390     
  0.948520901629172     
  0.955172194752495     
  0.960651520623422     
  0.965113348617184     
  0.968751349253514     
  0.971794511105373     
  0.974415195350290     
  0.976679464592191     
  0.978679720421941     
  0.980490571861638     
  0.982139056349153     
  0.983617884382139     
  0.984967695347940     
  0.986216789660571     
  0.987371794438036     
  0.988427049172222     
  0.989381854831947     
  0.990116157890017     
  0.990878717436541     
  0.991548711220473     
  0.992135682160291     
  0.992665473461439     
  0.993165873782860     
  0.993634618285384     
  0.994047097926850     
  0.994379867276849     
  0.994679211714015     
  0.994954601067733     
  0.995146213216557     
  0.995007852022643     
  0.994833446081523     
  0.994758662100050     
  0.994776806341263     
  0.994849073042957     
  0.994940280397640     
  0.994836361610192     
  0.994713729824259     
  0.994696571087405     
  0.994783367567023     
  0.994954340508418     
  0.995240487420211     
  0.995683299046615     
  0.996217333835623     
  0.996471326118745     
  0.996594162704277     
  0.996644456608897     
  0.995337820399740     
  0.991382387919124     
  0.985914555996240     
  0.981295980774152     
  0.977583524468776     
  0.974813774772233     
  0.973036598684052     
  0.972426193901043     
  0.972728131012090     
  0.973924427855740     
  0.972637964985670     
  0.965049104032057     
  0.953108743840320     
  0.941031650436866     
  0.932952244632970     
  0.926241181142153     
  0.920471572317973     
  0.917299725483901     
  0.917378609436955     
  0.919960583264009     
  0.925532867597405     
  0.934050436802145     
  0.946356366168546     
  0.962593768151887     
  0.979705922611200     
  0.991440409856877     
  0.997731497439172     
  0.998588894766319     
  0.998683044094376     
  0.998765247666754     
  0.998832383184184     
  0.998868538144076     
  0.998901431507924     
  0.998934792018484     
  0.998971495512736     
  0.999013651733512     
  0.999062876898378     
  0.999107325650511     
  0.999139337713070     
  0.999149746690968     
  0.999155784366876     
  0.999159069472897     
  0.999156129893321     
  0.999153111975853     
  0.999151178234388     
  0.999154618106583     
  0.999159833812170     
  0.999144111140548     
  0.999125772184002     
  0.999126734958668     
  0.999143146767346     
  0.999165291843242     
  0.999184732198385     
  0.999207016214884     
  0.999231655818897     
  0.999245532010630     
  0.999259892413862     
  0.999281960644555     
  0.999312131916000     
  0.999352392853680     
  0.999393240214433     
  0.999397297682867     
  0.999282584130233     
  0.998304011851398     
  0.996623611245407     
  0.995331020583692     
  0.994252311998178     
  0.992085865368832     
  0.989539303355103     
  0.987888080272469     
  0.987239047512659     
  0.987135495920687     
  0.987244684839971     
  0.987524532568753     
  0.988137786775573     
  0.987958497298525     
  0.985716512435152     
  0.982827616329173     
  0.981248474243280     
  0.981691206732878     
  0.982703787828638     
  0.982738243058592     
  0.982631334413103     
  0.982996742268451     
  0.983869991812340     
  0.985353148468095     
  0.987666511887380     
  0.991187635391461     
  0.995581924556447     
  0.998608559026206     
  0.999459465973456     
  0.999621834424953     
  0.999640317649131     
  0.999654098476663     
  0.999657328077393     
  0.999651741660463     
  0.999643425841605     
  0.999636164173716     
  0.999629292604048     
  0.999612422106113     
  0.999600637217682     
  0.999596649397771     
  0.999596382410121     
  0.999600329854402     
  0.999609136265386     
  0.999624282961906     
  0.999640461948959     
  0.999631766709467     
  0.999567609184680     
  0.999471205049442     
  0.999368282257054     
  0.999274659235824     
  0.999192077828478     
  0.999066781919537     
  0.998968186754197     
  0.998918050197617     
  0.998909775591752     
  0.998937758517403     
  0.998999889428826     
  0.999095268169029     
  0.999208359826890     
  0.999304765908741     
  0.999384870265642     
  0.999471026098843     
  0.999562102844234     
  0.999657013055557     
  0.999738720409657     
  0.999756011270565     
  0.999757268555016     
  0.999742062945856     
  0.999491383215156     
  0.999061241127725     
  0.998739055585953     
  0.998609327862326     
  0.998589797787946     
  0.998608546208033     
  0.998623784052662     
  0.998621964714825     
  0.998602744397068     
  0.998591789773399     
  0.998636651551865     
  0.998807115422078     
  0.999147763452159     
  0.999538124236107     
  0.999670359845010     
  0.999661766743550     
  0.999654370579622     
  0.999650398224138     
  0.999650081695140     
  0.999649742041429     
  0.999642156208655     
  0.999342901892615     
  0.998555007495884     
  0.997159807298863     
  0.994904337317873     
  0.993237713532748     
  0.992360962493849     
  0.991917765411054     
  0.991644240160738     
  0.991343502432150     
  0.991076153686717     
  0.990971367953741     
  0.991220945744868     
  0.992061494516592     
  0.993559671918423     
  0.995298674772241     
  0.996400732722671     
  0.995297253852835     
  0.992953961263649     
  0.991136301135721     
  0.990061022687019     
  0.989456016230506     
  0.989165267094544     
  0.989048387002256     
  0.989230168650949     
  0.989700185216059     
  0.990547523416098     
  0.991809188319262     
  0.993746430029341     
  0.996410322306961     
  0.998955205118148     
  0.999699162473946     
  0.999700901928139     
  0.999681827647021     
  0.999664970222822     
  0.999653192982079     
  0.999651006799229     
  0.999652644828714     
  0.999657494788845     
  0.999667427735993     
  0.999681826726613     
  0.999697867251257     
  0.999718621756582     
  0.999746472954239     
  0.999776289874799     
  0.999793014125696     
  0.999798534181847     
  0.999800490395635     
  0.999784564851026     
  0.999767718001046     
  0.999759358151677     
  0.999751117708456     
  0.999729578613677     
  0.999673689132691     
  0.999631664534312     
  0.999603166141785     
  0.999585317183489     
  0.999522709000547     
  0.999188259523744     
  0.998758108817418     
  0.998361576238153     
  0.998003365162003     
  0.997684185594220     
  0.997459075481733     
  0.997362439003978     
  0.997432882072603     
  0.997649589658577     
  0.997942033361640     
  0.998302098809271     
  0.998616081378290     
  0.998471297260882     
  0.998156448024324     
  0.997839042978925     
  0.997676531209174     
  0.997302013641570     
  0.996569415465760     
  0.995938261268634     
  0.995629942058771     
  0.995559095739898     
  0.995597614160674     
  0.995710963817361     
  0.996006525578054     
  0.996533917921138     
  0.997136598965206     
  0.997387415834890     
  0.997688048205528     
  0.998303646271845     
  0.999057803046594     
  0.999473983768631     
  0.999525752009624     
  0.999564635830099     
  0.999627921527447     
  0.999718287746024     
  0.999779201955180     
  0.999774403657189     
  0.999577028981607     
  0.998089749392626     
  0.994433348133450     
  0.989630900991715     
  0.984687856177983     
  0.979534070865881     
  0.974507572363203     
  0.970952459498294     
  0.969491652240142     
  0.970166935034993     
  0.972721381402234     
  0.976658764419639     
  0.981108138888877     
  0.985888624933264     
  0.988040123984851     
  0.986475669541854     
  0.984258845241722     
  0.982750672371564     
  0.982034632948263     
  0.981726663773193     
  0.981212640292717     
  0.981051250205121     
  0.981581691995538     
  0.982658689250128     
  0.984395325127598     
  0.986833238180450     
  0.990373957344051     
  0.994870605624013     
  0.996595138299267     
  0.991665970510250     
  0.986358658478243     
  0.982508488682467     
  0.978948418940660     
  0.973627453749700     
  0.967283051646989     
  0.961322480345768     
  0.956081032092612     
  0.951597755196008     
  0.949234419301689     
  0.950063858633616     
  0.953931467854597     
  0.959863541331040     
  0.965571196660298     
  0.969389295783251     
  0.973554656723639     
  0.977931394221416     
  0.981011835294620     
  0.981856043477979     
  0.981055182223449     
  0.979479016913672     
  0.978139677992196     
  0.977517427585149     
  0.977899481124137     
  0.978600710380518     
  0.978841345052196     
  0.978854228467568     
  0.979439781936126     
  0.980660734221161     
  0.982583419184720     
  0.984766985566756     
  0.987221133798180     
  0.989305087030085     
  0.989745183160126     
  0.988859662366703     
  0.988110949605617     
  0.988057615946151     
  0.988718190947581     
  0.989915539228887     
  0.991740384535418     
  0.994001629067578     
  0.996223735783137     
  0.998048082725592     
  0.999295649924947     
  0.999662947690417     
  0.999686859974888     
  0.999691726058952     
  0.999700182925656     
  0.999706712834258     
  0.999706933232786     
  0.999709475773773     
  0.999716768712535     
  0.999724364549879     
  0.999733562915958     
  0.999740670456255     
  0.999744471243471     
  0.999744899334593     
  0.999744881059466     
  0.999745796536180     
  0.999748234387821     
  0.999752203119690     
  0.999747842160814     
  0.999640390805535     
  0.999312737508445     
  0.999000542975124     
  0.998504309080684     
  0.996961239874174     
  0.995338046521785     
  0.994326526223651     
  0.993889008428136     
  0.993711199462286     
  0.993589635643994     
  0.992957847662315     
  0.991448907137835     
  0.989512930808559     
  0.987726626705344     
  0.986270485517101     
  0.985612175695787     
  0.986183149138439     
  0.987433999954994     
  0.988454055675591     
  0.989737796588034     
  0.991507182631128     
  0.993442487805340     
  0.995173991739295     
  0.996849643651444     
  0.997983947283463     
  0.998205996647739     
  0.998213514266906     
  0.998246232890143     
  0.998276682605096     
  0.998326163303304     
  0.998401383437830     
  0.998505883843043     
  0.998774725081683     
  0.999108860908774     
  0.999314534783821     
  0.999590643771487     
  0.999604900235136     
  0.999584988859806     
  0.999563560416126     
  0.999546868492008     
  0.999529442468996     
  0.999509343279885     
  0.999489736132475     
  0.999457291946444     
  0.999315293478242     
  0.998634529721726     
  0.997733204206240     
  0.996991846200505     
  0.996441584076341     
  0.996033624197954     
  0.995696283654841     
  0.995413059781093     
  0.995234315137731     
  0.994427656419562     
  0.992906469981577     
  0.987556982599782     
  0.980575987848068     
  0.975356082550940     
  0.971952290468662     
  0.969341988507718     
  0.967799260635562     
  0.967369696534754     
  0.968001582208684     
  0.969844000107868     
  0.971733687086968     
  0.972758658855611     
  0.975519358496287     
  0.980066740856207     
  0.985029779255963     
  0.985886817809393     
  0.984810160346301     
  0.984174746656172     
  0.984064838556155     
  0.984522522469823     
  0.985631842136261     
  0.987461973246412     
  0.990196336209391     
  0.993937259089095     
  0.997106662546433     
  0.998052455096332     
  0.998507113628293     
  0.998829269005521     
  0.998917866565628     
  0.998885394014836     
  0.998834017740067     
  0.998771322664896     
  0.998696438608754     
  0.998602676498800     
  0.998516244293980     
  0.998448870018082     
  0.998398425266727     
  0.998360958168043     
  0.998336674866609     
  0.998321638447405     
  0.998274722915079     
  0.997991146971769     
  0.997561219928211     
  0.996518117217774     
  0.994335771541769     
  0.991794903335398     
  0.989419728594378     
  0.987008561373975     
  0.984713623337691     
  0.982990994434986     
  0.981972610066591     
  0.981807127617971     
  0.982589439943930     
  0.984214478035134     
  0.986421500602668     
  0.988887842152566     
  0.990959488660394     
  0.992735149986939     
  0.993522479079112     
  0.994326745151672     
  0.995036206950553     
  0.995399573712687     
  0.995614846881341     
  0.995728563288717     
  0.995356436235926     
  0.994814176179423     
  0.994346312070784     
  0.994006379767492     
  0.993709514072204     
  0.993406382687194     
  0.993071673510907     
  0.992700998866428     
  0.992297906262090     
  0.991892763946329     
  0.991533691113608     
  0.991300523222520     
  0.991180020990859     
  0.991002634087999     
  0.990552562362566     
  0.990004864879610     
  0.989409302430977     
  0.988760529548773     
  0.987984227707105     
  0.986960163686661     
  0.985715746737826     
  0.984386338728846     
  0.983041861075081     
  0.981668258625388     
  0.980241654118641     
  0.978785702785779     
  0.977313015202007     
  0.975822156944646     
  0.974313406502859     
  0.972789353606487     
  0.971261509283524     
  0.969758688966396     
  0.968135196309549     
  0.966220574529714     
  0.964165915861598     
  0.962158880254448     
  0.960323489382107     
  0.958763333031428     
  0.957564272661036     
  0.956819912999239     
  0.956580989451678     
  0.956856154172819     
  0.957632205304505     
  0.958859712175595     
  0.960454492407625     
  0.962319449097806     
  0.964345928088989     
  0.966391162866561     
  0.968387262079386     
  0.970393331452839     
  0.972356989436103     
  0.974243694157275     
  0.976038571106670     
  0.977732262079107     
  0.979293675563992     
  0.980721939274354     
  0.982042159142699     
  0.983274231374005     
  0.984401020439186     
  0.985244002012783     
  0.985642486026553     
  0.985777102899293     
  0.985894630887631     
  0.986045216765425     
  0.986280617255269     
  0.986667592811406     
  0.987241347490117     
  0.987994828497831     
  0.988878795069260     
  0.989853608810024     
  0.990662577341701     
  0.991110576270316     
  0.990954271925827     
  0.990458291453519     
  0.989950102432131     
  0.989544200724517     
  0.989331295321967     
  0.989385619246296     
  0.989701937717090     
  0.990197211902269     
  0.990873279802219     
  0.991728010527145     
  0.992792130387096     
  0.994032449573362     
  0.995027426014509     
  0.995461401665567     
  0.995707654349179     
  0.996006758743173     
  0.996354599811462     
  0.996717309492179     
  0.997079300512022     
  0.997408673359430     
  0.997629861148464     
  0.997741955072314     
  0.997834502145466     
  0.997919797683555     
  0.997997599049992     
  0.998070742377778     
  0.998129398880883     
  0.998163932608813     
  0.998203265051076     
  0.998248218792126     
  0.998296375845305     
  0.998346295088852     
  0.998398645939006     
  0.998449919577355     
  0.998498023042103     
  0.998542484766601     
  0.998589406744710     
  0.998638027899840     
  0.998687970315706     
  0.998737777490733     
  0.998766229736286     
  0.998757444706129     
  0.998742678228410     
  0.998726641797814     
  0.998700939213754     
  0.998642088985338     
  0.998271055697558     
  0.994647647772622     
  0.978991768875161     
  0.956873182855216     
  0.938162994157591     
  0.923875062885852     
  0.912749502260946     
  0.905045100654576     
  0.901578924939010     
  0.903010611563684     
  0.908559118552198     
  0.918395743798440     
  0.931408945154656     
  0.947678614604735     
  0.967887973844309     
  0.987844319654036     
  0.995942708058289     
  0.996521212450538     
  0.996906595615929     
  0.997462277919322     
  0.997923332371758     
  0.998217475714077     
  0.998447626179576     
  0.998638298815345     
  0.998814618500987     
  0.998967479106671     
  0.999078632547061     
  0.999071187095743     
  0.998991044250444     
  0.998926388031468     
  0.998911868095058     
  0.998955973047948     
  0.999051726285403     
  0.999182511469155     
  0.999318153203075     
  0.999430587840340     
  0.999513230551065     
  0.999566918992953     
  0.999521628711853     
  0.999355130346970     
  0.999198940451002     
  0.999025989021229     
  0.998548035499937     
  0.998030591297177     
  0.997732089424550     
  0.997652522895939     
  0.997678262030724     
  0.997725118058017     
  0.997752476423529     
  0.997782189470482     
  0.997834033084537     
  0.997792791919778     
  0.997652937111096     
  0.997747068822968     
  0.998211720785122     
  0.998769742518061     
  0.998976509232789     
  0.999033072190832     
  0.999038774515914     
  0.999007524394779     
  0.998959194512851     
  0.998907905319827     
  0.998941878978502     
  0.999142024322397     
  0.999442306641670     
  0.999581418237857     
