  0.987372748342770     
  0.987431674680204     
  0.988092119113481     
  0.989048798855162     
  0.989487079531162     
  0.989779703682189     
  0.988512904287217     
  0.988577730504866     
  0.986542311459800     
  0.987139606299919     
  0.985321877723932     
  0.984922220707072     
  0.985179444433459     
  0.982993488118791     
  0.985063328401968     
  0.981588984465611     
  0.985452437849231     
  0.980273166726050     
  0.985993333370975     
  0.980006377446222     
  0.986222490245137     
  0.980689396006022     
  0.985768581364437     
  0.982243518603062     
  0.985801825455332     
  0.983790249106001     
  0.986444491835064     
  0.985745194875726     
  0.987166100652189     
  0.988133258549584     
  0.988620125811437     
  0.990300423684305     
  0.991036382389828     
  0.992458227460823     
  0.993928735195193     
  0.995207149017262     
  0.996713484939398     
  0.998070528118916     
  0.998493013208353     
  0.998303636648096     
  0.998068945715837     
  0.997768279852056     
  0.997367510469814     
  0.997301266713400     
  0.996917614327863     
  0.996625393223381     
  0.996681766464463     
  0.996166233958684     
  0.996407183620971     
  0.995895582968609     
  0.996237892090901     
  0.995587168161722     
  0.996231803536219     
  0.995370293494325     
  0.996158888242793     
  0.995480024573408     
  0.995623778961053     
  0.995940762953214     
  0.995652370101544     
  0.995832793799335     
  0.995584694775662     
  0.995986764670767     
  0.995548136644558     
  0.996152784855928     
  0.995687993980555     
  0.996241993664553     
  0.996120404405873     
  0.996315633378075     
  0.996596491824636     
  0.996742991484427     
  0.996894927464602     
  0.997236164280328     
  0.997418340962564     
  0.997702519879395     
  0.997890983719266     
  0.998054067738693     
  0.998033463912494     
  0.997996283663428     
  0.997996560745757     
  0.997788595668186     
  0.997855313966339     
  0.997609285545572     
  0.997725497692203     
  0.997435362272791     
  0.997567315925706     
  0.997335973846484     
  0.997374046136469     
  0.997293892100701     
  0.997137452988516     
  0.997235189559735     
  0.997011969709567     
  0.997146320566041     
  0.996909323723747     
  0.997144446677341     
  0.996716085417977     
  0.997064586941935     
  0.996766216119516     
  0.996963252491209     
  0.996779145800881     
  0.996837673772828     
  0.996720900704378     
  0.996719596239405     
  0.996631164357681     
  0.996300239286071     
  0.995102352228385     
  0.993428137599925     
  0.991933077645502     
  0.990547930935996     
  0.989211346546475     
  0.987651987693085     
  0.985776805532617     
  0.984313153742405     
  0.981111967076029     
  0.980305661661884     
  0.977040288679655     
  0.975380684824209     
  0.973973257145131     
  0.971190693928645     
  0.971219433826457     
  0.967531307454067     
  0.969219816687957     
  0.962353396628293     
  0.966951483647543     
  0.957420773578966     
  0.961303599529357     
  0.952648126693585     
  0.954530300884914     
  0.947709303918639     
  0.949945936580636     
  0.944723014152120     
  0.943985835003119     
  0.943820141753191     
  0.939893179110665     
  0.941109209818352     
  0.939379687719301     
  0.936763015566937     
  0.939006031763181     
  0.932227557195114     
  0.937924806026545     
  0.927821529658529     
  0.937410713856539     
  0.921953385179434     
  0.933098899118549     
  0.917592256217679     
  0.924531198860757     
  0.914171946480694     
  0.917205312362558     
  0.910099845585837     
  0.911128267241820     
  0.904206566670836     
  0.901951322440818     
  0.894801106297598     
  0.888736436588060     
  0.879495274586998     
  0.872654344305128     
  0.861915946609990     
  0.854894691889846     
  0.846151648586471     
  0.838108848873349     
  0.831222029802946     
  0.823296948101094     
  0.817951424098275     
  0.809892930585934     
  0.805732738743384     
  0.799698862620416     
  0.796873147197120     
  0.794217989138607     
  0.792804299112617     
  0.792335013560474     
  0.793445075341945     
  0.795177701260244     
  0.797890405984950     
  0.801473767989866     
  0.805973176745143     
  0.811186826216816     
  0.816779701485913     
  0.823473532234685     
  0.830528049606880     
  0.838347627279959     
  0.846413767713658     
  0.855173857708616     
  0.864450873603953     
  0.874118156844513     
  0.884486727669365     
  0.895142926592244     
  0.906265383318501     
  0.917383317833054     
  0.928373175324115     
  0.938719834626786     
  0.947711309246450     
  0.955241323436870     
  0.961235835792620     
  0.966070460976008     
  0.970030150461623     
  0.973328134277131     
  0.976215092346422     
  0.978614465712034     
  0.980779141107986     
  0.982536458831584     
  0.984182653054806     
  0.985451900215564     
  0.986500734631810     
  0.987431214311879     
  0.988366261203142     
  0.989157553114957     
  0.989907248181829     
  0.990561240222128     
  0.991073785145550     
  0.991664136938870     
  0.991984001977782     
  0.992484557735586     
  0.992746340944815     
  0.993050440306781     
  0.993502424220131     
  0.993620436908801     
  0.993995484458681     
  0.994098247510679     
  0.994475651124273     
  0.994048271864510     
  0.993811556493945     
  0.992639554505664     
  0.992409561289207     
  0.991418972578964     
  0.990848255526522     
  0.990351588965894     
  0.990051084200266     
  0.988949615789142     
  0.989091813693327     
  0.987068036639649     
  0.985218687009930     
  0.981640493078332     
  0.979270095026953     
  0.975754128839199     
  0.973440048246945     
  0.970519419071139     
  0.968751554740708     
  0.965215358074761     
  0.966375914929993     
  0.961800722658708     
  0.964607573958218     
  0.957584748404180     
  0.963870137445215     
  0.954943827647492     
  0.963044773203875     
  0.953382503031267     
  0.963467084077016     
  0.952992225760121     
  0.963032543319470     
  0.954339887095483     
  0.962878622563442     
  0.958231205755800     
  0.963179795673999     
  0.962400976447804     
  0.965370171344227     
  0.966425345728759     
  0.968490977912468     
  0.971698368018967     
  0.972090251446762     
  0.976497944685766     
  0.975839749207682     
  0.980208789581643     
  0.981133172757466     
  0.983781341720909     
  0.986898658443464     
  0.989433161055845     
  0.992415270801193     
  0.995355927478087     
  0.997463766359394     
  0.998655091894076     
  0.998956278579669     
  0.998985245847643     
  0.999005803821264     
  0.999049523266394     
  0.999038171931152     
  0.999079501100782     
  0.999071080400660     
  0.999114131259548     
  0.999101763219428     
  0.999144483964847     
  0.999147270430247     
  0.999144141384511     
  0.999024885307395     
  0.998729694316593     
  0.998503678274777     
  0.998124587886437     
  0.997650300681227     
  0.996889090440622     
  0.996377876581735     
  0.995683102327825     
  0.995186931646282     
  0.994876944562248     
  0.994148544310010     
  0.994194223506836     
  0.993181915438214     
  0.992886013341137     
  0.991429841414202     
  0.991006091612862     
  0.989865856543989     
  0.989254942100999     
  0.989028730269435     
  0.987366577298647     
  0.988476704985615     
  0.986503127409427     
  0.987408210820497     
  0.986438926033242     
  0.986542115457513     
  0.986575504638211     
  0.985873878442290     
  0.986948957232440     
  0.985522400993938     
  0.987524194420282     
  0.985884078198759     
  0.987520482017384     
  0.987587695260717     
  0.987633630184976     
  0.989198857813337     
  0.988825054091499     
  0.990828562459598     
  0.990397740003666     
  0.992522288220153     
  0.992034411672828     
  0.993868908387609     
  0.993915719493461     
  0.994667792473386     
  0.995350557307904     
  0.995553969023471     
  0.996303899803060     
  0.996924045673303     
  0.997545300302803     
  0.998234043835563     
  0.998963832773424     
  0.999411214920516     
  0.999500905270318     
  0.999526765828417     
  0.999481465843100     
  0.999505122058130     
  0.999449388495000     
  0.999459113380022     
  0.999447455620490     
  0.999420395736767     
  0.999433309159322     
  0.999407064880215     
  0.999416415104661     
  0.999408857551979     
  0.999395142659258     
  0.999427965266624     
  0.999378004686351     
  0.999457874228692     
  0.999314629948920     
  0.999405701319392     
  0.999215136967017     
  0.999293416127281     
  0.999151270112059     
  0.999169823388027     
  0.999131867103344     
  0.999130580072109     
  0.999040209288682     
  0.999150736590976     
  0.998991862546717     
  0.999148388441043     
  0.998995843633807     
  0.999139099570291     
  0.999010068552533     
  0.999130274488202     
  0.999057102383801     
  0.999065579888250     
  0.999214620336267     
  0.998898488668213     
  0.999324663973519     
  0.998860919645724     
  0.999115920206991     
  0.998545705401821     
  0.998441228716029     
  0.997709686556255     
  0.997534214091882     
  0.997167317463182     
  0.997011670782161     
  0.996370655201104     
  0.996388810867467     
  0.996189299281908     
  0.995795603284322     
  0.995885411357416     
  0.995714736463648     
  0.995454944417014     
  0.995657204036782     
  0.994471829535765     
  0.994821369891523     
  0.993333416696514     
  0.993680662087690     
  0.992314632901517     
  0.993465207901730     
  0.991163999706101     
  0.992818620626049     
  0.991201863326337     
  0.992002077863466     
  0.991494263756668     
  0.991415221596560     
  0.991960802014802     
  0.991121677367191     
  0.992616856978393     
  0.990880052433046     
  0.993633241890340     
  0.990721707842348     
  0.994362031845859     
  0.991983728421418     
  0.994415153055406     
  0.993249381777349     
  0.995081674960244     
  0.994348833933024     
  0.995788250730748     
  0.995165568728168     
  0.996008497089792     
  0.995816357597092     
  0.996168506372653     
  0.996640560047220     
  0.996601578155588     
  0.997192489575087     
  0.997453686907728     
  0.997756058646246     
  0.998200118786214     
  0.998601810560753     
  0.999054187536656     
  0.999474820431005     
  0.999695233941741     
  0.999681653731870     
  0.999701153254342     
  0.999632926565693     
  0.999577709635472     
  0.999546972021132     
  0.999472673844427     
  0.999500456790545     
  0.999422830386621     
  0.999290976335025     
  0.999387330496820     
  0.999238382313248     
  0.999248007793068     
  0.999210536306203     
  0.999070821209063     
  0.999048418168225     
  0.998722129601573     
  0.998824394984818     
  0.998362431335250     
  0.998683496417031     
  0.997806750385783     
  0.998353844314382     
  0.997803408903137     
  0.997743565997125     
  0.997632607860922     
  0.997554048885551     
  0.997353183500899     
  0.997340757119176     
  0.997286273873760     
  0.997149284159585     
  0.997221241965352     
  0.997167095384841     
  0.997046183591476     
  0.997415177351860     
  0.996987680104254     
  0.997409396684268     
  0.997246914731447     
  0.997521814209537     
  0.997180430341797     
  0.997826326356753     
  0.997273947400044     
  0.997662025168103     
  0.996923232060606     
  0.996899177361470     
  0.996303621500542     
  0.996123340545905     
  0.995366516063079     
  0.995110874757513     
  0.994471053756472     
  0.994053118276262     
  0.993719658936563     
  0.993218894491727     
  0.993007266149123     
  0.992421929313351     
  0.991903295909588     
  0.990399476164379     
  0.990003585491517     
  0.988539050683935     
  0.988323961543238     
  0.986493122110037     
  0.987319801411693     
  0.985902805175707     
  0.985351403807148     
  0.986362373924281     
  0.984317304768119     
  0.986418610133122     
  0.983943761797695     
  0.986851622851995     
  0.983171197439600     
  0.986644684354782     
  0.981307002779928     
  0.986760881358686     
  0.979387440795122     
  0.985837926806000     
  0.979171992963040     
  0.983063913651385     
  0.979365963328330     
  0.981575043187954     
  0.979003277737868     
  0.980553791127479     
  0.978394167328337     
  0.978839868785099     
  0.977219877417986     
  0.977670399119902     
  0.975696982458959     
  0.977718004539435     
  0.973777875952955     
  0.977649783636656     
  0.973705622807701     
  0.976447209617421     
  0.973744471900186     
  0.976303637369674     
  0.974406302801166     
  0.975852095542632     
  0.974525532168475     
  0.975222128277527     
  0.975008248016435     
  0.975488703989826     
  0.975794900064416     
  0.976406276462438     
  0.976978817638986     
  0.977707091979888     
  0.978914093299785     
  0.979690995917216     
  0.981289772476396     
  0.982322030689383     
  0.983769543545037     
  0.984510566707325     
  0.985288873889161     
  0.986165069317935     
  0.986791683518688     
  0.987798862613579     
  0.987813225024827     
  0.989100130750391     
  0.988980825949703     
  0.990479111275292     
  0.990368958918377     
  0.991925045098150     
  0.991792543477968     
  0.993196466187121     
  0.993077831521205     
  0.994235911406097     
  0.994502752812914     
  0.995425187431735     
  0.996024950261766     
  0.996761192133197     
  0.997277229891021     
  0.997598120139586     
  0.997889985116145     
  0.998156156399012     
  0.998490689026907     
  0.998718814247595     
  0.998887858878201     
  0.999099232096117     
  0.999209943252696     
  0.999148663880552     
  0.999018297110278     
  0.998788266124831     
  0.998499640002985     
  0.998391692041910     
  0.998051886609806     
  0.997640429257179     
  0.997652729198329     
  0.996834994584537     
  0.996874672052711     
  0.996378704205886     
  0.996004083448548     
  0.996043673516594     
  0.995249707263669     
  0.995674615331204     
  0.994485278982210     
  0.995392358338161     
  0.993614683103974     
  0.995141817699957     
  0.993140890758069     
  0.994283850411422     
  0.993273187842727     
  0.993731070311148     
  0.993319473283863     
  0.993670411382875     
  0.993223397024374     
  0.993941919777087     
  0.993445172697162     
  0.994193484293593     
  0.993991603508529     
  0.994751547798742     
  0.994258348643072     
  0.995695784414554     
  0.994755373134167     
  0.996593862949849     
  0.995734036735222     
  0.997302397633334     
  0.996852694844125     
  0.997737999692602     
  0.997652773336800     
  0.997941220595033     
  0.998099087818178     
  0.997969166490102     
  0.998415552813341     
  0.998052796932269     
  0.998476955776941     
  0.998018676644550     
  0.998084864396212     
  0.998132291698569     
  0.997679100543412     
  0.997703463487043     
  0.996462115684358     
  0.995462041661500     
  0.994097136220813     
  0.993152241542463     
  0.992318026000425     
  0.990699315129479     
  0.990302991741993     
  0.989693776844420     
  0.987630314081905     
  0.988819379521648     
  0.985186668911169     
  0.986282073014343     
  0.983386337061628     
  0.983607412278357     
  0.982516177054834     
  0.981146096203997     
  0.982735306523006     
  0.978400187069107     
  0.983363888473409     
  0.976378077846408     
  0.984614117913829     
  0.976015048295106     
  0.984576951282228     
  0.976627291728707     
  0.984716328779164     
  0.978038484164077     
  0.984916796930932     
  0.980371376898324     
  0.984509099054722     
  0.983480679911220     
  0.984946678602161     
  0.985726372298819     
  0.987184940129940     
  0.987999064716895     
  0.989345355402117     
  0.991177611205159     
  0.991945402601823     
  0.993964347244283     
  0.993937462210260     
  0.994818254903412     
  0.994900375480426     
  0.995281844952149     
  0.995654718917038     
  0.995844433379257     
  0.996131924688818     
  0.996385613161080     
  0.996720230271707     
  0.996854773254873     
  0.996511936062230     
  0.996160791599291     
  0.995780005292660     
  0.995388381813969     
  0.994920450633944     
  0.994740576629232     
  0.994170160665329     
  0.994138241940565     
  0.993527444512337     
  0.993686461791172     
  0.993038830192169     
  0.993281093069575     
  0.992685131970382     
  0.993018513709994     
  0.992577099354492     
  0.992624142252659     
  0.992645853390076     
  0.992426083619370     
  0.992644158509773     
  0.992631495892100     
  0.992650775587151     
  0.992741580705814     
  0.992864708140023     
  0.992846473888156     
  0.993252605704656     
  0.993135022964783     
  0.993547147351097     
  0.993654563316922     
  0.993858936608748     
  0.994120476911586     
  0.994198018182228     
  0.994603595847921     
  0.994265441657934     
  0.994729192715743     
  0.994048102189820     
  0.994248759839722     
  0.993674012620377     
  0.993589519944049     
  0.993055602472269     
  0.992786952143854     
  0.992247221319089     
  0.991822476741754     
  0.991319457076459     
  0.990743808888094     
  0.990266889480388     
  0.989576715102089     
  0.989031607106904     
  0.988325847926151     
  0.987630739390291     
  0.986841357783308     
  0.986112516894466     
  0.985269812496645     
  0.984472374951977     
  0.983594101948118     
  0.982728342441549     
  0.981849739911568     
  0.981006022380428     
  0.980187866131975     
  0.979413760568941     
  0.978689313062402     
  0.978027385242309     
  0.977451075673518     
  0.976952506718142     
  0.976536766851717     
  0.976239357201457     
  0.976020184397671     
  0.975927900685508     
  0.975930454689561     
  0.976048280427524     
  0.976270690258370     
  0.976589729637774     
  0.976991202044870     
  0.977470170206142     
  0.978000743609216     
  0.978584512844181     
  0.979181745286266     
  0.979865831378879     
  0.980557918047027     
  0.981332572425302     
  0.982108010350714     
  0.982919067615881     
  0.983704969821156     
  0.984536364653672     
  0.985377992053381     
  0.986048287074948     
  0.986972345590967     
  0.987400969386189     
  0.988217177480403     
  0.988505077888909     
  0.989217093782518     
  0.989493677005480     
  0.990050479424350     
  0.990374268253952     
  0.990721236748135     
  0.991177031200487     
  0.991264028883014     
  0.991811619355866     
  0.991857442846523     
  0.992287267116170     
  0.992377008834623     
  0.992823606779494     
  0.992879576708263     
  0.993376568265797     
  0.993333311914559     
  0.993991129525873     
  0.993787564719581     
  0.994529437141806     
  0.994341864095260     
  0.995042865861897     
  0.994913377201646     
  0.995541775760228     
  0.995511223883208     
  0.996015211567776     
  0.996063198218227     
  0.996368961447859     
  0.996554553706075     
  0.996749055796720     
  0.996988873154446     
  0.997200975195432     
  0.997434388624281     
  0.997629351394259     
  0.997885880847599     
  0.998062270920230     
  0.998271004519762     
  0.998387155846645     
  0.998455238966397     
  0.998538256468100     
  0.998584492383648     
  0.998667781439319     
  0.998691629925227     
  0.998781471842203     
  0.998780560973922     
  0.998830449320949     
  0.998774858578822     
  0.998202746216735     
  0.995805284478761     
  0.992324673214623     
  0.988868496725040     
  0.985641308359017     
  0.983055960790715     
  0.980248945063184     
  0.977435230552244     
  0.975358718456942     
  0.972170714931649     
  0.971683932798876     
  0.967986590710397     
  0.968001852275334     
  0.965234113989869     
  0.964522371985875     
  0.963767664600286     
  0.961569512413495     
  0.963984759462083     
  0.958790585523308     
  0.964862274040109     
  0.957935510676774     
  0.966388535955265     
  0.958669013206411     
  0.966784801602430     
  0.961089310403023     
  0.967627544389689     
  0.964150167176130     
  0.969647737689688     
  0.968268844686700     
  0.972244604257471     
  0.973239974299412     
  0.975799019480449     
  0.977870947895322     
  0.980528689558311     
  0.983749625206736     
  0.986487456862041     
  0.989678484905264     
  0.993159308532213     
  0.996645859430698     
  0.998481661860372     
  0.998770693843550     
  0.998846577825113     
  0.998843398138933     
  0.998885882068779     
  0.998820603627076     
  0.998816928965900     
  0.998733011721081     
  0.998695289205650     
  0.998762628271858     
  0.998582064526983     
  0.998741261707413     
  0.998463329604510     
  0.998569894851270     
  0.998375497605868     
  0.998394662883880     
  0.998343736140676     
  0.998205214154789     
  0.998432662418868     
  0.997973318483463     
  0.998583152911369     
  0.997866059364362     
  0.998549749631825     
  0.997914399868258     
  0.998473378951711     
  0.998012012062629     
  0.998401594957120     
  0.998180652497143     
  0.998332662424259     
  0.998421095989803     
  0.998297479983974     
  0.998627777378190     
  0.998453329506616     
  0.998751336734731     
  0.998688166433132     
  0.998922406413246     
  0.998819944662852     
  0.999000242998318     
