  0.999515963441809     
  0.999508767415277     
  0.999500078442605     
  0.999484555839973     
  0.999469563931835     
  0.999460927634111     
  0.999453712723392     
  0.999346172508569     
  0.997926818764032     
  0.996284435825965     
  0.995281923343441     
  0.995092273932344     
  0.995795190022318     
  0.997081842042207     
  0.996949239871811     
  0.979826908499076     
  0.952707041297457     
  0.937702793788893     
  0.931868293109244     
  0.931495121540701     
  0.939813636473183     
  0.962751624476405     
  0.986562716707015     
  0.993827408993155     
  0.996601802309738     
  0.998897008807730     
  0.999337438882041     
  0.999369475338545     
  0.999358678444923     
  0.999330633641337     
  0.999318324261762     
  0.999312984433924     
  0.999311472726063     
  0.999319082213519     
  0.999344687271716     
  0.999358524041183     
  0.999350570700487     
  0.999341893052272     
  0.999333118626072     
  0.999318732930056     
  0.999303859682505     
  0.999293552391278     
  0.999285100458106     
  0.999275515296232     
  0.999267086321388     
  0.999260888230556     
  0.999242012040270     
  0.999038980164162     
  0.998290353304147     
  0.997647987646169     
  0.997314418499891     
  0.997232528814682     
  0.996321381540773     
  0.992423548252539     
  0.990297803664178     
  0.988979588768783     
  0.987840483903121     
  0.987628778474040     
  0.989527475927688     
  0.994201309756453     
  0.996549935219918     
  0.998193086145900     
  0.998953359474949     
  0.998994585492477     
  0.998998247546437     
  0.998983653196602     
  0.998964941270170     
  0.998942713365094     
  0.998917032339111     
  0.998893456189729     
  0.998870052982356     
  0.998847043535248     
  0.998817393893666     
  0.998737912675619     
  0.998653182573363     
  0.998367170602679     
  0.997777378088917     
  0.997480589620080     
  0.997420511374287     
  0.997454540866848     
  0.997544756767652     
  0.997891987575101     
  0.998386329145297     
  0.998466134067602     
  0.998359807125881     
  0.997990773655566     
  0.997645172680869     
  0.997439112509165     
  0.997237452503873     
  0.996774995766041     
  0.995877528974059     
  0.994678988253687     
  0.994085747069425     
  0.994368409917223     
  0.995315831018442     
  0.996374595641594     
  0.997242601309253     
  0.997643328953823     
  0.997568817036179     
  0.997498122431053     
  0.997451926550441     
  0.997427870251644     
  0.997411605772852     
  0.997334654913084     
  0.997191652756433     
  0.997024625361697     
  0.996901162217254     
  0.996800105183547     
  0.996706894528338     
  0.996614988542796     
  0.996515839590169     
  0.996434738371697     
  0.996295423580503     
  0.996134078836873     
  0.995956667076250     
  0.995757242354760     
  0.995523775734234     
  0.995215287869555     
  0.993268371881171     
  0.974858454621023     
  0.948286794260532     
  0.938703426555947     
  0.937338203768799     
  0.937752749987273     
  0.944723947625058     
  0.960552517199185     
  0.961635712016823     
  0.952445789163486     
  0.943481788119989     
  0.934707518935948     
  0.935720117965347     
  0.949296408845340     
  0.965703483026337     
  0.971525807657706     
  0.978136607229636     
  0.977314914485226     
  0.966954526214526     
  0.956693887379264     
  0.940353950961675     
  0.917704630974697     
  0.901971690849441     
  0.906302947173736     
  0.913914008421196     
  0.921000690597664     
  0.935886231724509     
  0.952761929410988     
  0.959201628612225     
  0.954881962338405     
  0.950528507917092     
  0.945897889907530     
  0.938373303277290     
  0.920688090004683     
  0.904632270806759     
  0.894304525723294     
  0.882901140140494     
  0.870028020778150     
  0.860305637329787     
  0.859011036583294     
  0.856530837692711     
  0.855591677699541     
  0.860328638170549     
  0.867964588484919     
  0.873802608703864     
  0.872927073027841     
  0.861222920582226     
  0.833629766298513     
  0.783502860579484     
  0.713829354464905     
  0.640090434724317     
  0.581908453622257     
  0.554795940782465     
  0.562255620548843     
  0.601886232120141     
  0.665066067790210     
  0.731311799199391     
  0.787563648394482     
  0.829436631739944     
  0.858667064458050     
  0.880138332536623     
  0.897884376253829     
  0.913248793700560     
  0.926411117223809     
  0.937503051109983     
  0.946618270579525     
  0.953807945212387     
  0.959386388894963     
  0.963883245090022     
  0.967583614670764     
  0.970601723695296     
  0.973120695332970     
  0.975366450509556     
  0.977413651721966     
  0.979300325821189     
  0.981044715007267     
  0.982671969751262     
  0.984193204935722     
  0.985601582316180     
  0.986868421123996     
  0.987874308936375     
  0.988799570241114     
  0.989677750848357     
  0.990368043090081     
  0.991076323963828     
  0.991754210711854     
  0.992484298009086     
  0.993072840019895     
  0.993529266679924     
  0.993870140518281     
  0.994189041606670     
  0.994480209832988     
  0.994745928701066     
  0.995010302011778     
  0.995298019993207     
  0.995589323350604     
  0.995826818747341     
  0.995943486190760     
  0.995210809093216     
  0.994233611726906     
  0.993871258713860     
  0.993807507377178     
  0.993959506057254     
  0.994408879701740     
  0.995306662027958     
  0.995683915722816     
  0.995655309115579     
  0.995739212382862     
  0.995785982484198     
  0.995841838255847     
  0.996354023777659     
  0.997323046400078     
  0.997487435559470     
  0.997462327875935     
  0.997452579693959     
  0.995826169458499     
  0.984111394696915     
  0.966088168430036     
  0.954935928902601     
  0.951195965726911     
  0.952798067845810     
  0.960724575126816     
  0.976707398445319     
  0.992710128047875     
  0.997553321815346     
  0.992172605631036     
  0.961574239085217     
  0.919704097528687     
  0.876408400830399     
  0.854486350343444     
  0.853537838559716     
  0.870756350677699     
  0.911822544762470     
  0.954128949228331     
  0.986421130825134     
  0.997815483420734     
  0.998356797082211     
  0.998562099993880     
  0.998772192972367     
  0.998840234692540     
  0.998803726608016     
  0.998745495304103     
  0.998746668091924     
  0.998784857352126     
  0.998839755596760     
  0.998902966973929     
  0.999003705195131     
  0.999096422051637     
  0.999124348354679     
  0.999147085881553     
  0.999171856791495     
  0.999206749732797     
  0.999220255599908     
  0.999185840664919     
  0.999150927396872     
  0.999140931360337     
  0.999146895039127     
  0.999115809871529     
  0.999103862312663     
  0.999134451325555     
  0.999168733218440     
  0.999208063638680     
  0.999207439977149     
  0.999162802666765     
  0.999123240732691     
  0.999113832081584     
  0.999134498643624     
  0.999185564998447     
  0.999285839223950     
  0.999392838373489     
  0.999393669234755     
  0.999388989918200     
  0.999391109153314     
  0.999402119825631     
  0.999419553546776     
  0.999422073918274     
  0.999412748832505     
  0.999303945665017     
  0.997456044674021     
  0.992887347735201     
  0.990540616034034     
  0.989712194580521     
  0.985049061130600     
  0.978830318270697     
  0.979616660621023     
  0.984099013852114     
  0.985275822138541     
  0.986757170342074     
  0.992708620707868     
  0.998215094167066     
  0.996861996810319     
  0.985744467732451     
  0.975001609490551     
  0.969446714547505     
  0.968179266948436     
  0.970436460492283     
  0.978044860594551     
  0.990956543193222     
  0.997619029427064     
  0.999370900914018     
  0.999570235100645     
  0.999607261960745     
  0.999642590317772     
  0.999658785563935     
  0.999661087414618     
  0.999662030514662     
  0.999665027072662     
  0.999669911737098     
  0.999674056694402     
  0.999650383291525     
  0.999622986845239     
  0.999599963268011     
  0.999589207146733     
  0.999597591890362     
  0.999583760456744     
  0.999578882133401     
  0.999574790657985     
  0.999600457163773     
  0.999635615171784     
  0.999659330158280     
  0.999684939046650     
  0.999715096174695     
  0.999657167546177     
  0.999363608107679     
  0.998979334594215     
  0.998728173873704     
  0.998686498306226     
  0.998855563028720     
  0.998990864449203     
  0.999013831274385     
  0.998904231550838     
  0.998824371815583     
  0.998924184153588     
  0.999171661205088     
  0.999515318466044     
  0.999724864174145     
  0.999743482645665     
  0.999747270602426     
  0.999751236444224     
  0.999755650715524     
  0.999760765542793     
  0.999769460607926     
  0.999770738789416     
  0.999767762219176     
  0.999754229213438     
  0.999297899380708     
  0.998016439288934     
  0.997532361889487     
  0.997548454207442     
  0.997535793360241     
  0.997589946529786     
  0.998382899180181     
  0.999570358977469     
  0.999766996463450     
  0.999778967564228     
  0.999778587637368     
  0.999754065846824     
  0.999664436817437     
  0.999588241482466     
  0.999547299093819     
  0.999546831993039     
  0.999571268430539     
  0.999626774278901     
  0.999718884318110     
  0.999749727969837     
  0.999739743830323     
  0.999265286684284     
  0.997141883159541     
  0.994317083984146     
  0.989321024877544     
  0.985515498425351     
  0.984382649714931     
  0.985056495975646     
  0.987723204693663     
  0.991188113785330     
  0.995331983093383     
  0.998097057319135     
  0.998054606908264     
  0.998169227642513     
  0.998565351829308     
  0.999234073318160     
  0.998881518450361     
  0.992097653522887     
  0.984003540222605     
  0.980554505692204     
  0.979727416470643     
  0.980766558353695     
  0.984785875393201     
  0.993408018774748     
  0.999051107719341     
  0.999661157442752     
  0.999736540445119     
  0.999799303179677     
  0.999815268076312     
  0.999817554118076     
  0.999794804386132     
  0.999699039996932     
  0.999552379423196     
  0.999495828227952     
  0.999524976655322     
  0.999583151868109     
  0.999648101932803     
  0.999715938067032     
  0.999772422579142     
  0.999767790137909     
  0.999757294331533     
  0.999758949303795     
  0.999772460728363     
  0.999798171194266     
  0.999823542300264     
  0.999830907022909     
  0.999831883190104     
  0.999828774412600     
  0.999773364477120     
  0.999702462291481     
  0.999688800644130     
  0.999676088841080     
  0.999629180545679     
  0.999501863936073     
  0.999467470413711     
  0.999495326216534     
  0.999507947059234     
  0.999495243153722     
  0.998448477540136     
  0.996913072740471     
  0.995950393054370     
  0.995635562514609     
  0.996201356364505     
  0.997266044873961     
  0.998737095895538     
  0.999131933647610     
  0.999091208760007     
  0.999199133036040     
  0.999421801990793     
  0.999556328871413     
  0.998323973878156     
  0.996625457547348     
  0.995977030099575     
  0.995843046923892     
  0.995417934938657     
  0.993752270540452     
  0.994074220702643     
  0.995362363052388     
  0.995524681930898     
  0.995614889235706     
  0.996575498243106     
  0.998626595044113     
  0.999179444893884     
  0.999184604829289     
  0.999230102054077     
  0.999380593949753     
  0.999670851558361     
  0.999806972449186     
  0.999813489060021     
  0.999811692883086     
  0.999793528011094     
  0.999775614816302     
  0.999762804743153     
  0.999750849973947     
  0.999726851678015     
  0.999360780189314     
  0.994991798411155     
  0.981331941186413     
  0.965324815442101     
  0.955457329182574     
  0.953616909051063     
  0.957955178622599     
  0.968664793536445     
  0.980602480260005     
  0.985496421938254     
  0.987766542474967     
  0.991552454621358     
  0.996432025646780     
  0.998860786807477     
  0.997664289610899     
  0.984543886853544     
  0.971762055035998     
  0.966347792169065     
  0.965094145953074     
  0.967645611347143     
  0.975204202759492     
  0.990542298704947     
  0.999363502889234     
  0.999672649987011     
  0.999619849887403     
  0.999466304274447     
  0.999258511099622     
  0.999042992820818     
  0.995654674166978     
  0.980332861396522     
  0.965549458497811     
  0.959344539999693     
  0.956014478424499     
  0.946475715105964     
  0.936821931389143     
  0.940004514941263     
  0.943657609070951     
  0.947983805429705     
  0.960002885344190     
  0.977433956752810     
  0.983971843708231     
  0.977423222263196     
  0.972217000312726     
  0.972622612058314     
  0.974919183693792     
  0.978936920905997     
  0.986840818556965     
  0.994351362803380     
  0.990627763728032     
  0.977974975191444     
  0.968371897160767     
  0.964142422412320     
  0.965004656186458     
  0.970517972110881     
  0.980856098587934     
  0.991104863103407     
  0.994406891798071     
  0.993940149409183     
  0.993852051297536     
  0.992764168544867     
  0.987924594718393     
  0.982419826664424     
  0.979879273259960     
  0.982340929423501     
  0.987643090901767     
  0.994222609609659     
  0.998789060004346     
  0.999601966564203     
  0.999658340345751     
  0.999679876265113     
  0.999717978282275     
  0.999733587585642     
  0.999701937382266     
  0.999677512547628     
  0.999672887245673     
  0.999687225498865     
  0.999717110927248     
  0.999730278652417     
  0.999729543062383     
  0.999726031299797     
  0.999723128541945     
  0.999724294380074     
  0.999732395483963     
  0.999751531240132     
  0.999756401589042     
  0.999754209704401     
  0.999752222451437     
  0.999749526551499     
  0.999746874312434     
  0.999744184726760     
  0.999729775723052     
  0.999567616834412     
  0.998652403707811     
  0.997984641871944     
  0.997537357183034     
  0.993624418507329     
  0.989428164230557     
  0.988523783832297     
  0.989309059733913     
  0.989911585310452     
  0.991162041485562     
  0.994345911503498     
  0.991600660919662     
  0.983966917752494     
  0.978903878673696     
  0.978154352012413     
  0.982068918931517     
  0.989151692841201     
  0.996488048734867     
  0.999162300849864     
  0.999140988896269     
  0.998484772639342     
  0.998263171826378     
  0.997536322862216     
  0.997307119471234     
  0.997269296416301     
  0.997404248334558     
  0.998028505692552     
  0.998588992162761     
  0.999123841409975     
  0.999623550479950     
  0.999626380858030     
  0.999622097652899     
  0.999615322136510     
  0.999603539830318     
  0.999584663135131     
  0.999569740686794     
  0.999561986056840     
  0.999540412951582     
  0.999489542005595     
  0.999464595463782     
  0.999448010384923     
  0.999412229383467     
  0.999375831277299     
  0.999349232888062     
  0.999186704160827     
  0.997591040265212     
  0.994617394093196     
  0.993042167616266     
  0.992593810756174     
  0.993071014752798     
  0.994214614619228     
  0.996011420696569     
  0.997384609531032     
  0.995785338329613     
  0.991308944900711     
  0.979532349607494     
  0.956695461144027     
  0.944947196316988     
  0.941472883227361     
  0.945272411895445     
  0.956812554487811     
  0.975435664710389     
  0.995858791576818     
  0.999064733556263     
  0.997541481993756     
  0.988761632367749     
  0.979516678975823     
  0.975213010097332     
  0.973778515300564     
  0.974185715076639     
  0.978383469346187     
  0.987947370566381     
  0.994228241475801     
  0.995808702349905     
  0.997441781694266     
  0.998732282848256     
  0.998965128252995     
  0.998951388262418     
  0.998926200662270     
  0.998899250214937     
  0.998870802617543     
  0.998838715938480     
  0.998801640383254     
  0.998732660498400     
  0.998595877311729     
  0.998431291232943     
  0.998307043832658     
  0.998246733906026     
  0.998254973914259     
  0.998309282838919     
  0.998328212796981     
  0.998266674086876     
  0.998203992499265     
  0.998179544796059     
  0.998141425110446     
  0.997569797108508     
  0.996353174392337     
  0.994104631851170     
  0.987203821906947     
  0.979389616162998     
  0.975424100533222     
  0.974847512998630     
  0.976370864395037     
  0.980494590875514     
  0.985557457408639     
  0.987785565111854     
  0.989216315627485     
  0.991571352334148     
  0.993932123336839     
  0.994566779620201     
  0.995414862600890     
  0.996061230028486     
  0.996208422912634     
  0.996077317148610     
  0.995866865985901     
  0.995637891847816     
  0.995394060155039     
  0.995098783266613     
  0.994140525793294     
  0.992912152179859     
  0.992426703489111     
  0.992115662089260     
  0.991673178332680     
  0.991397225662523     
  0.991885304194456     
  0.992162100163527     
  0.991776990280616     
  0.991342604485451     
  0.990878261884541     
  0.990379988012506     
  0.989830730795336     
  0.989239125426813     
  0.988594443222841     
  0.987871513791370     
  0.987085346493508     
  0.986223066552574     
  0.985186254042923     
  0.983486053579493     
  0.981134095031959     
  0.978847524995572     
  0.976979437235819     
  0.975496088875966     
  0.974443950383608     
  0.973922107410244     
  0.973211079943838     
  0.971554510847500     
  0.969509744771581     
  0.967375192452670     
  0.965208775507773     
  0.962991331342762     
  0.960777185358532     
  0.958609040061907     
  0.956535134305680     
  0.954748915779907     
  0.953551121795829     
  0.953160557199586     
  0.953651556305166     
  0.954932010519023     
  0.956764375649018     
  0.958808221121120     
  0.960899679287389     
  0.963067899427061     
  0.965252942697574     
  0.967413107538917     
  0.969605925252050     
  0.971766745578111     
  0.973808240245013     
  0.975680165967700     
  0.977414216336756     
  0.979013886598151     
  0.980486664956068     
  0.981859174701263     
  0.983071869639183     
  0.984152854039171     
  0.985172680386741     
  0.986131348144099     
  0.986986640817633     
  0.987299119398037     
  0.986089196152573     
  0.984585587809000     
  0.983868177013977     
  0.984303284305023     
  0.985903140790658     
  0.988484164295961     
  0.991066934627903     
  0.992080206265982     
  0.992715473139277     
  0.993137365127392     
  0.993382549289497     
  0.991989217280200     
  0.988266505343936     
  0.985510484509252     
  0.984494463857602     
  0.985277036824622     
  0.987792165336305     
  0.991992130161176     
  0.995215678088029     
  0.995394792236184     
  0.994756427773759     
  0.994344565052855     
  0.994351884372698     
  0.994867865336845     
  0.995750373209353     
  0.996736222266391     
  0.997218297937608     
  0.997370237347843     
  0.997495984055687     
  0.997610859261409     
  0.997709601319820     
  0.997800918118724     
  0.997873408804008     
  0.997938385899368     
  0.998008589488628     
  0.998078610251779     
  0.998144701830213     
  0.998214027758829     
  0.998278522370425     
  0.998260117970391     
  0.998252338789324     
  0.998281964558291     
  0.998328188670446     
  0.998388240469193     
  0.998474629515068     
  0.998610229788079     
  0.998682390512310     
  0.998716964743931     
  0.998747804958256     
  0.998774868493678     
  0.998793212277149     
  0.998784557374553     
  0.998754452830656     
  0.998685579749406     
  0.998637731522815     
  0.998623129846368     
  0.998594468857245     
  0.998500489957373     
  0.998008912856787     
  0.992834447726464     
  0.953323673986411     
  0.882517596580900     
  0.838714466466836     
  0.822933006626169     
  0.831339324126188     
  0.864486103093116     
  0.928618373392565     
  0.983728692853436     
  0.994629852334923     
  0.995198575845483     
  0.996022854944967     
  0.997317719020828     
  0.997617544801410     
  0.997578043712729     
  0.997351365426030     
  0.997406623429483     
  0.997781303017711     
  0.998413858879247     
  0.999023357512979     
  0.999309260258095     
  0.999393390740982     
  0.999401730771179     
  0.999265600156353     
  0.998932718105113     
  0.998585389021569     
  0.998433549523137     
  0.998595986726482     
  0.998961233867766     
  0.999312208154449     
  0.999507539283317     
  0.999549682202167     
  0.999569079676797     
  0.999583589957913     
  0.999591720917345     
  0.999598089462065     
  0.999600463670531     
  0.999505516422534     
  0.998995392254588     
  0.998595225706144     
  0.998414749926504     
  0.997498613280542     
  0.996337538361945     
  0.996400203083809     
  0.996938842213920     
  0.996855724417503     
  0.996850460310489     
  0.997989906240445     
  0.999294274075300     
  0.999582318658388     
  0.999364033976121     
  0.998571139339456     
  0.998293890533818     
  0.998383398883989     
  0.998371491626337     
  0.998314739004978     
  0.998726954125983     
  0.999522042475989     
  0.999719836758078     
  0.999727057688068     
  0.999647075486029     
  0.999488237958826     
