  0.999520680090278     
  0.999515936995469     
  0.999507401729778     
  0.999513130890653     
  0.999423663240178     
  0.999472613231392     
  0.999379012892475     
  0.999480322708345     
  0.999449254720120     
  0.998896855946216     
  0.995577166924034     
  0.987490579795099     
  0.998271583137243     
  0.999233059961266     
  0.999309503668985     
  0.999056629501562     
  0.996882692913274     
  0.963401368956524     
  0.789048707654652     
  0.905275865885152     
  0.983797932026757     
  0.988037122257707     
  0.989531663508455     
  0.998022371463560     
  0.999057781663711     
  0.999348075566073     
  0.999378691581129     
  0.999388075447081     
  0.999391279133938     
  0.999389652246489     
  0.999344042210830     
  0.999087600959496     
  0.999354336583605     
  0.999373322468717     
  0.999368374754431     
  0.999361850275361     
  0.999354461061238     
  0.999347251951082     
  0.999333593267265     
  0.999319178428034     
  0.999322119722047     
  0.999301167404851     
  0.999236313679625     
  0.999292033340410     
  0.999272534657108     
  0.999270871542942     
  0.999256681806541     
  0.999238655355894     
  0.999171366094170     
  0.998879643373421     
  0.995691976962380     
  0.993778687925578     
  0.998655816769881     
  0.999130767917797     
  0.999344320258723     
  0.976976797219110     
  0.976376223937995     
  0.990699991127277     
  0.987658860419566     
  0.998425026282204     
  0.998833657564979     
  0.999024431286007     
  0.999033718650381     
  0.999022268124433     
  0.999005140557274     
  0.998986796730987     
  0.998968289865246     
  0.998947963480609     
  0.998927434729312     
  0.998906369538648     
  0.998834416869246     
  0.998858843658465     
  0.998829824935409     
  0.998811936553394     
  0.998760807648941     
  0.998526611385042     
  0.998475981213026     
  0.998504025668516     
  0.994885811483267     
  0.996501229887022     
  0.998501095034418     
  0.998552879944124     
  0.998531467698457     
  0.998422519175230     
  0.998451086519628     
  0.998399034832870     
  0.998202598806156     
  0.996142467409448     
  0.997180652863303     
  0.997662776854073     
  0.997282765479555     
  0.994512647058609     
  0.993305419333279     
  0.989314753784383     
  0.996660666948683     
  0.997752052545937     
  0.997868227498148     
  0.997795639839408     
  0.997478430238321     
  0.997261194055281     
  0.997571233224946     
  0.997530921416144     
  0.997450696936537     
  0.997359684367428     
  0.997247139231902     
  0.997084860744553     
  0.996957118761766     
  0.996602792995745     
  0.996701456662648     
  0.996716411129362     
  0.996599368615619     
  0.996464531520124     
  0.996319016095732     
  0.996162066105349     
  0.995997159305181     
  0.995776018442230     
  0.995589125868729     
  0.995337703300059     
  0.995031945826795     
  0.994612942773561     
  0.993955631410576     
  0.962908896577600     
  0.774607547765702     
  0.945742824807019     
  0.992562984728202     
  0.992735392020753     
  0.991696150654045     
  0.980610198129489     
  0.855870656191241     
  0.921009170402368     
  0.981564160837993     
  0.915156820657862     
  0.965110726036879     
  0.987903721501144     
  0.987789075167525     
  0.986852965616242     
  0.985122966625789     
  0.969903598857217     
  0.890301517528063     
  0.965179098805292     
  0.889561112767400     
  0.912041333495175     
  0.808939622596912     
  0.962692108491166     
  0.971344262637288     
  0.968233509721863     
  0.963077768398201     
  0.940623860594072     
  0.955146237379831     
  0.947574267726391     
  0.942438117538807     
  0.937946168561176     
  0.921182196899319     
  0.882003819510848     
  0.825191440411399     
  0.893201073585813     
  0.878825962787003     
  0.858496366778225     
  0.842478013646296     
  0.842904417317301     
  0.857635449224341     
  0.872446555367733     
  0.883318728935570     
  0.884603941076671     
  0.877049722600923     
  0.856580146830365     
  0.815938868206754     
  0.749915862108807     
  0.635434466742413     
  0.512871677861802     
  0.477519063399678     
  0.507733937822249     
  0.581060850308418     
  0.674503464376593     
  0.757901150273193     
  0.811385504831037     
  0.840963287159245     
  0.864361108347870     
  0.883892283726954     
  0.899196029011062     
  0.914570604500953     
  0.929291917101534     
  0.941722320071575     
  0.948605318382906     
  0.954833408113297     
  0.960700630473766     
  0.965485055361191     
  0.968333759756415     
  0.970978610519058     
  0.973402480564889     
  0.975662579544988     
  0.977661732828503     
  0.979507235338288     
  0.981214155627104     
  0.982828929851818     
  0.984368781100015     
  0.985735287648919     
  0.987101397989340     
  0.988274072550960     
  0.989263920212073     
  0.989705674286468     
  0.989319229195941     
  0.991469113226037     
  0.992026080806414     
  0.992745214869826     
  0.993117358540266     
  0.993652972600672     
  0.994010428191662     
  0.994315072445287     
  0.994370922571794     
  0.994616131274504     
  0.995136617383938     
  0.995424003626136     
  0.995476978742154     
  0.995882443723594     
  0.996086008130432     
  0.996266904156218     
  0.996371685704995     
  0.994929882878717     
  0.985494568022285     
  0.994889862275345     
  0.995883926954937     
  0.996853162342252     
  0.997228703756337     
  0.997320029163636     
  0.992659926730077     
  0.994874346417229     
  0.997613867690001     
  0.997725179581907     
  0.996652845066180     
  0.997323270322790     
  0.997854532729988     
  0.997823177289755     
  0.997575561907489     
  0.997219271289994     
  0.994358515297337     
  0.955566369386795     
  0.879363318278193     
  0.908184236660517     
  0.990251211636353     
  0.997010136151810     
  0.997831148639079     
  0.998062685840030     
  0.998034501461686     
  0.997170173857302     
  0.988636047656215     
  0.884236433479495     
  0.718849092619263     
  0.793046759667734     
  0.806947366099931     
  0.986112338707525     
  0.996789164701527     
  0.997612256214874     
  0.997902311124960     
  0.998660460469966     
  0.998803400566765     
  0.998865838267596     
  0.998908240518823     
  0.998926262704119     
  0.998724475369246     
  0.998853399416005     
  0.998124252424627     
  0.998969085788453     
  0.999090029650380     
  0.999115258573986     
  0.999064749612296     
  0.999090483684612     
  0.999178978524491     
  0.999199269814754     
  0.999216312550291     
  0.999233645433308     
  0.999248158905062     
  0.999246895708970     
  0.999018092267378     
  0.998963431334902     
  0.999246612481355     
  0.999292176149135     
  0.999148692247165     
  0.998832173559387     
  0.999326022432208     
  0.999371116515339     
  0.999380032424364     
  0.999313527864615     
  0.998334865804227     
  0.999097662204710     
  0.999414880702182     
  0.999434514110724     
  0.999439558977960     
  0.999393332619015     
  0.999349226765137     
  0.999450963910185     
  0.999254834845369     
  0.999461946016737     
  0.999461890491839     
  0.999454187654383     
  0.999432092466190     
  0.999386244574322     
  0.999339528424437     
  0.998606874026919     
  0.970539007693056     
  0.977964346980006     
  0.998976778254151     
  0.989950758024796     
  0.949066101362714     
  0.981897667189087     
  0.999317551298078     
  0.999216284737627     
  0.999360811280762     
  0.999394696556640     
  0.999229416583383     
  0.997398771347188     
  0.949309267245212     
  0.913805421091587     
  0.977092146443113     
  0.995855282639186     
  0.999331970951743     
  0.999466999329842     
  0.999482938230065     
  0.999630125192086     
  0.999644055199183     
  0.999653855416820     
  0.999661381521065     
  0.999667888939960     
  0.999672853006931     
  0.999668269977654     
  0.999623706744219     
  0.999687432366934     
  0.999692679715485     
  0.999685277879339     
  0.999610888337158     
  0.999470045173413     
  0.999676104138657     
  0.999562161146600     
  0.999646957357516     
  0.999601650382625     
  0.999297048585604     
  0.999694348969771     
  0.999719761887396     
  0.999725292047293     
  0.999711170838955     
  0.999722477791712     
  0.999697986923760     
  0.999484923356038     
  0.998135000689296     
  0.997365450127934     
  0.999251489945699     
  0.999660629875911     
  0.999644709604263     
  0.999231422098546     
  0.996529370135529     
  0.999220894378745     
  0.999682959723498     
  0.999747120279544     
  0.999737291300366     
  0.999759117419028     
  0.999742026298955     
  0.999744303927752     
  0.999766927403816     
  0.999769435931303     
  0.999771204668269     
  0.999772823252194     
  0.999773879284822     
  0.999775100467282     
  0.999750987598248     
  0.999758993338180     
  0.999843575173702     
  0.990907833412428     
  0.996222999972648     
  0.999839642545080     
  0.999756215436991     
  0.999785391393472     
  0.999788629559974     
  0.999790452487874     
  0.999765883440478     
  0.999762401831817     
  0.999763721502108     
  0.999737996455994     
  0.999484148332534     
  0.999089817768213     
  0.999653666348617     
  0.999654960723888     
  0.999795212240795     
  0.999797450310084     
  0.999792968900755     
  0.999755054810288     
  0.999614529770706     
  0.999938612552066     
  0.990057187011621     
  0.988650119745737     
  0.974698353022272     
  0.954973135082540     
  0.998283027123247     
  0.999630619269279     
  0.999511828637458     
  0.998895774119527     
  0.993613146032608     
  0.998499784209874     
  0.999563245588520     
  0.999780312963506     
  0.999784677641679     
  0.999724856211771     
  0.999098432489424     
  0.983002089048467     
  0.924804149985462     
  0.990113056125268     
  0.999217157166426     
  0.999207957305451     
  0.999607342604599     
  0.999786029041307     
  0.999807059471366     
  0.999810222674246     
  0.999818149689314     
  0.999820291337681     
  0.999821335791000     
  0.999805373091137     
  0.999701450518955     
  0.999347555373216     
  0.999079516369728     
  0.999530312304546     
  0.999833069700967     
  0.999828589475543     
  0.999827922019373     
  0.999815662316256     
  0.999639603938036     
  0.999717536563609     
  0.999815612367090     
  0.999830478210934     
  0.999832671492302     
  0.999832713968532     
  0.999831386303268     
  0.999824642805343     
  0.999834072412757     
  0.999836473252995     
  0.999794147069326     
  0.999059246687145     
  0.999791893956140     
  0.999808450769473     
  0.999551574409669     
  0.999605708961377     
  0.998277016292194     
  0.999814716710405     
  0.999803872924404     
  0.999429638059322     
  0.997323972167367     
  0.983581716718220     
  0.998381205483261     
  0.999637043839467     
  0.999674400405010     
  0.998986688232473     
  0.998002771850583     
  0.999379256570895     
  0.999760396419976     
  0.999808843832001     
  0.999796738911509     
  0.999754823505378     
  0.997675359703526     
  0.983419525863580     
  0.996980802581724     
  0.999742269495802     
  0.999818884861067     
  0.988667855321815     
  0.988262857754003     
  0.999659325881819     
  0.999813301953753     
  0.999782210503482     
  0.998772770456171     
  0.997707748860153     
  0.999688092762604     
  0.999803513297908     
  0.999781598478722     
  0.999824202328869     
  0.999822653837921     
  0.999820764282953     
  0.999817509234031     
  0.999810718969592     
  0.999688561406302     
  0.999711754233360     
  0.999753032331612     
  0.999757996365597     
  0.999580762303161     
  0.997190938614456     
  0.980820489494500     
  0.922877519972552     
  0.911903382979577     
  0.977128927331480     
  0.993793377883893     
  0.973745523534786     
  0.965941535802178     
  0.993876914430767     
  0.998910606279613     
  0.999184667036656     
  0.997855977521225     
  0.999527476552679     
  0.999534077343072     
  0.997630998870797     
  0.972498986693209     
  0.859425881251845     
  0.992078536772630     
  0.998804472270774     
  0.999562190845197     
  0.999740282556724     
  0.999758465385922     
  0.999756019033207     
  0.999684879386163     
  0.999133688149445     
  0.998960348671929     
  0.998432492180526     
  0.999100345756454     
  0.996728579558554     
  0.932839813010278     
  0.871333812599148     
  0.985656791678017     
  0.987698140713061     
  0.937427198631489     
  0.874676283799213     
  0.953545160053056     
  0.990921683850764     
  0.985449202952496     
  0.969919729094375     
  0.991825700537336     
  0.990573648868975     
  0.946904098694459     
  0.946905013367028     
  0.991201326449213     
  0.998577645149459     
  0.999347455878639     
  0.999083668916980     
  0.996003820865699     
  0.975089275802990     
  0.920320063064205     
  0.937456219274732     
  0.990064962007639     
  0.997838113451164     
  0.995424503302626     
  0.986842951186508     
  0.994493386398137     
  0.999260035997831     
  0.997440032328237     
  0.986376399060723     
  0.989762719674344     
  0.957375927287996     
  0.976756622883644     
  0.996042673066264     
  0.999415720152709     
  0.999693442499715     
  0.999333514011830     
  0.999687662790422     
  0.999770451117118     
  0.999731010857634     
  0.999773897114568     
  0.999739815518217     
  0.999664679244457     
  0.999538060830517     
  0.999684781652553     
  0.999763084947810     
  0.999769578532016     
  0.999767799312860     
  0.999744532428097     
  0.999579724354009     
  0.999761557529933     
  0.999758547671866     
  0.999760105761327     
  0.999758887296016     
  0.999755334331829     
  0.999738409864997     
  0.999751022814056     
  0.999748039481220     
  0.999744313041497     
  0.999740059045504     
  0.999732314653400     
  0.999704720638921     
  0.999502424953013     
  0.997082976256606     
  0.992677271664536     
  0.999555224219326     
  0.995210785081072     
  0.952436672652705     
  0.995124463264016     
  0.999642647764264     
  0.999631632825837     
  0.999032008417954     
  0.993923709764296     
  0.965135313165378     
  0.952123485232225     
  0.989569479935644     
  0.998272207070121     
  0.999510597379878     
  0.999325784838598     
  0.999007179163439     
  0.999330536072459     
  0.999591741304288     
  0.998522118851451     
  0.994273123937861     
  0.999041804513022     
  0.992871147965586     
  0.999606372990507     
  0.999621959529088     
  0.999628281764481     
  0.999630755402424     
  0.999626634479914     
  0.999620544901471     
  0.999614069407567     
  0.999605858484921     
  0.999588707264007     
  0.999570863778659     
  0.999555502895436     
  0.999506991078485     
  0.999562553036562     
  0.999551261043762     
  0.999374524802308     
  0.999394351728188     
  0.999495396236676     
  0.999337289695393     
  0.999310997891976     
  0.999391273059616     
  0.998812020732656     
  0.994664342467328     
  0.977304640530969     
  0.994529573932862     
  0.999012510905839     
  0.999216945104269     
  0.998229830412408     
  0.994252282640217     
  0.996587350048688     
  0.997586682872346     
  0.967373631513308     
  0.978355315396188     
  0.831553959728945     
  0.921344047009578     
  0.995215505145149     
  0.998852009617627     
  0.999173298325007     
  0.999178741251766     
  0.999139860570119     
  0.998947384741862     
  0.997285193139956     
  0.969212525947503     
  0.916542956452599     
  0.988050539906530     
  0.996547325008080     
  0.989207890787223     
  0.991928158062630     
  0.998071607021551     
  0.998915841484152     
  0.998984621066865     
  0.998971280384764     
  0.998927635632565     
  0.998921386983256     
  0.998894400270606     
  0.998863728886866     
  0.998825145001473     
  0.998796263244900     
  0.998756993569741     
  0.998692355750288     
  0.998498812907959     
  0.998003701130613     
  0.998087496590313     
  0.998443798844647     
  0.998479890142207     
  0.997782966919886     
  0.998374679780714     
  0.998338775501288     
  0.998178049498310     
  0.997976720507262     
  0.998134470105147     
  0.998011629380268     
  0.997493103780619     
  0.988725884151451     
  0.989541475350219     
  0.962860445713482     
  0.948552507622266     
  0.990327637823481     
  0.992344591199777     
  0.975780159404001     
  0.987850815857620     
  0.993219871065411     
  0.987857995360658     
  0.994638107796079     
  0.995410544737888     
  0.996618262959284     
  0.996435116489370     
  0.996253870744355     
  0.996057987286157     
  0.995810397167047     
  0.995615457294865     
  0.995374043710211     
  0.995095646144178     
  0.994813823074811     
  0.994559703415699     
  0.993795129480073     
  0.983954731307868     
  0.993024728289964     
  0.993046212509313     
  0.992536374990924     
  0.992015498958193     
  0.991714070385444     
  0.991325297911328     
  0.990851546543954     
  0.990318543083594     
  0.989745549607683     
  0.989183689494487     
  0.988548016996589     
  0.987795701542190     
  0.987044980339330     
  0.986147337369484     
  0.985222972452529     
  0.984162016609436     
  0.982877024950614     
  0.979535904966599     
  0.972436194482032     
  0.972726471096711     
  0.976307875529820     
  0.975253967086191     
  0.973473735164640     
  0.971034207869314     
  0.969391208249444     
  0.967118093793921     
  0.964933409219707     
  0.962531159782945     
  0.960183577920832     
  0.958033121772833     
  0.956044865938877     
  0.954039920725615     
  0.952133649679497     
  0.951270243771618     
  0.952330822696475     
  0.954281566916728     
  0.956269840514123     
  0.958323879233423     
  0.960495491710376     
  0.962624908838978     
  0.964503126988911     
  0.967091776872873     
  0.969546256946287     
  0.971594125027537     
  0.973712837904630     
  0.975515596476938     
  0.977312625840212     
  0.978951575786415     
  0.980384021775950     
  0.981788806796346     
  0.982996741148128     
  0.984221992316849     
  0.985355096783569     
  0.985327308929281     
  0.987022416830345     
  0.987813673762206     
  0.988554155170674     
  0.987821718459208     
  0.978335719615854     
  0.977881676272441     
  0.987428691601635     
  0.991194839682377     
  0.991624250421911     
  0.992279040365517     
  0.992688185407488     
  0.993135754413193     
  0.993532334339672     
  0.993792649358403     
  0.993592966860418     
  0.989273218105944     
  0.967006167666041     
  0.981041206767955     
  0.993765596156532     
  0.995467724595956     
  0.995875361760321     
  0.996082087279602     
  0.995919510373295     
  0.993612536373926     
  0.990752167373538     
  0.995618138607916     
  0.996776730059632     
  0.997053161943518     
  0.997241772899538     
  0.997379129425688     
  0.997488733845548     
  0.997592632555172     
  0.997689538787733     
  0.997782603839155     
  0.997868544719672     
  0.997948693968453     
  0.998022394161745     
  0.997874586912124     
  0.998157834195308     
  0.998229690825155     
  0.998291068334505     
  0.998336825907403     
  0.998398965712707     
  0.998297462451338     
  0.997892668571978     
  0.998537264606491     
  0.998593392773412     
  0.998635201501864     
  0.998673001085298     
  0.998707826868444     
  0.998739842963771     
  0.998767952196606     
  0.998792820829732     
  0.998811341766478     
  0.998810377398462     
  0.998704873277381     
  0.998600875011749     
  0.998634891972510     
  0.998396798843503     
  0.998721749198513     
  0.998591679215587     
  0.998306973164840     
  0.997250895699971     
  0.985094044366607     
  0.894362449321118     
  0.513246591249066     
  0.752094398733162     
  0.978605533661394     
  0.996455053427015     
  0.991768973968838     
  0.990778273730504     
  0.994939189368834     
  0.997634278596940     
  0.999140554102643     
  0.999016279655966     
  0.998395012847126     
  0.994354548758815     
  0.996682886495203     
  0.998332647526912     
  0.999062941538168     
  0.999298185425284     
  0.999338403328534     
  0.999411070123142     
  0.999442124102522     
  0.999443440124746     
  0.999304568784785     
  0.998537910631802     
  0.997441768418388     
  0.998499913210919     
  0.999356197755898     
  0.999421669755994     
  0.999546719963247     
  0.999561177560170     
  0.999572150588455     
  0.999581584004462     
  0.999589791733559     
  0.999596904822739     
  0.999602954204240     
  0.999606167285219     
  0.999603331067299     
  0.999569028931844     
  0.997525356627454     
  0.996081780315215     
  0.999600365775975     
  0.999038108410371     
  0.987752903674137     
  0.997317566699498     
  0.998965479157126     
  0.999265819081225     
  0.999596639285596     
  0.999670020220321     
  0.999681325998849     
  0.999712345549849     
  0.999802775602499     
  0.994784852602060     
  0.996483200045451     
  0.999842737561773     
  0.999728023190778     
  0.999719696756882     
  0.999715078512719     
  0.999733054826347     
  0.999738228600477     
  0.999750316625783     
