  0.999375149354191     
  0.999361371479404     
  0.999222022151471     
  0.999040789981976     
  0.998828537269357     
  0.998618055977686     
  0.998399914020736     
  0.998151948878377     
  0.996704323021150     
  0.992526431481488     
  0.987936553409367     
  0.983863437654492     
  0.980510130464121     
  0.977786191620802     
  0.975570739763061     
  0.973838604889466     
  0.972585086661635     
  0.971766225263292     
  0.971441057355240     
  0.971630899269098     
  0.972218610610331     
  0.973221677519406     
  0.974590948026741     
  0.976415882343468     
  0.978826063827931     
  0.981943596217745     
  0.985891713713432     
  0.990545351733692     
  0.995491799792821     
  0.998286362859233     
  0.998900247400975     
  0.999185105494352     
  0.999321012037322     
  0.999324567638417     
  0.999321700213042     
  0.999316564419637     
  0.999311039409290     
  0.999305702705598     
  0.999300843603779     
  0.999296087258498     
  0.999286261872859     
  0.999220607680446     
  0.999106563473446     
  0.998992198634686     
  0.998881762270715     
  0.998711947644749     
  0.998093378313822     
  0.997215061734672     
  0.996245514676286     
  0.995394095864382     
  0.994825984504378     
  0.994472917250557     
  0.994280251700733     
  0.994215241276310     
  0.994218659835562     
  0.994261651730426     
  0.994323060793520     
  0.994379901777050     
  0.994445813906322     
  0.994529637757470     
  0.994663078589960     
  0.994871718895648     
  0.995197545247618     
  0.995804400318020     
  0.996650813028893     
  0.997619009994137     
  0.998353768417726     
  0.998670344102670     
  0.998826736633227     
  0.998763119446301     
  0.998636805382236     
  0.998523489622688     
  0.998427739509819     
  0.998350133020165     
  0.998285129830540     
  0.998230077175512     
  0.998184925639208     
  0.998146820144299     
  0.998092637279874     
  0.998024536272101     
  0.997953180921615     
  0.997883154745900     
  0.997801159043790     
  0.997698506946070     
  0.997540265801999     
  0.997359888258891     
  0.997159503071235     
  0.996970052032449     
  0.996813481039402     
  0.996637324409960     
  0.996455567147067     
  0.996322717122538     
  0.996247879885150     
  0.996254718331545     
  0.996319947657633     
  0.996425143929556     
  0.996577295624155     
  0.996750550436595     
  0.996894725869058     
  0.996995035877915     
  0.997061797333522     
  0.997119805345248     
  0.997148097269031     
  0.997136518085837     
  0.997062685561405     
  0.996963423472021     
  0.996863686269051     
  0.996760969359092     
  0.996646791410102     
  0.996522236734808     
  0.996379415046143     
  0.996191252801434     
  0.994968730726448     
  0.990677171572169     
  0.985617902817853     
  0.981180696835926     
  0.977909579309530     
  0.975807420658456     
  0.974051318149424     
  0.970870026927483     
  0.967142915627498     
  0.963648531031907     
  0.959723500535671     
  0.956214560757827     
  0.953367064722893     
  0.951222596521127     
  0.949880915390547     
  0.949394719384596     
  0.949464437778875     
  0.949839915138563     
  0.951520087571365     
  0.952976115590738     
  0.953117491113037     
  0.949095618699227     
  0.944567274747500     
  0.941512685073773     
  0.940403449815727     
  0.940849764224734     
  0.942105387676900     
  0.942401626522495     
  0.941638319578702     
  0.940837703212989     
  0.939172311601192     
  0.936767472744550     
  0.933340426706779     
  0.929160507954826     
  0.925414545951857     
  0.922534796170218     
  0.920089718541385     
  0.917365821761525     
  0.914979289411845     
  0.912010005221345     
  0.907768423115425     
  0.901493961692557     
  0.894831936464504     
  0.888599940809249     
  0.882595249963640     
  0.876497807125401     
  0.869630486826040     
  0.860849903746731     
  0.848933148511019     
  0.833932116636873     
  0.816747210493517     
  0.798567834657388     
  0.780226383637383     
  0.762240970638556     
  0.746445544163857     
  0.733542170606114     
  0.723725733180259     
  0.717239392641199     
  0.714446986218242     
  0.715327627219957     
  0.720118738068544     
  0.729609855249637     
  0.743550434587329     
  0.761685045498116     
  0.783441041568363     
  0.808002548341432     
  0.834259000449530     
  0.860365224136502     
  0.883952645049619     
  0.903663918134695     
  0.919290889653124     
  0.931439238217247     
  0.940965733082683     
  0.948720623336863     
  0.955209099992167     
  0.960666950499614     
  0.965258198795309     
  0.969122596172172     
  0.972361727181583     
  0.975058772033531     
  0.977356641602711     
  0.979368471008009     
  0.981146436060873     
  0.982735493888095     
  0.984173751429159     
  0.985490503893107     
  0.986693185630067     
  0.987785798466555     
  0.988771077212330     
  0.989535580192546     
  0.990340241491143     
  0.991067224280130     
  0.991721530008565     
  0.992305549480769     
  0.992828647807708     
  0.993299775518109     
  0.993725194694984     
  0.994031366059876     
  0.994173213793854     
  0.994287977817763     
  0.994396208711904     
  0.994517564440607     
  0.994652954007571     
  0.994788068213762     
  0.994806587201602     
  0.994818107031790     
  0.994860636093739     
  0.994926419592112     
  0.994998723587822     
  0.995064189030565     
  0.995155179225333     
  0.995272830662884     
  0.995411465128878     
  0.995574292411630     
  0.995715785468212     
  0.994951269086917     
  0.992687536873061     
  0.990183645743199     
  0.987914331751635     
  0.986009712046217     
  0.984195127785082     
  0.982653044613981     
  0.981434952025043     
  0.980574070802187     
  0.979606432498551     
  0.976203410400141     
  0.971525397023085     
  0.963659387773963     
  0.955147644828354     
  0.948243143126145     
  0.943158970031311     
  0.939736384138865     
  0.937642176613617     
  0.936852576654364     
  0.937450650996109     
  0.939246828560786     
  0.941051083386551     
  0.942305114277729     
  0.944191848112424     
  0.947063922008954     
  0.950951431248279     
  0.955880936873388     
  0.961976156657145     
  0.969440368193531     
  0.978055419537797     
  0.987172658315468     
  0.993788237305109     
  0.997739771991442     
  0.998744677557521     
  0.998826668992091     
  0.998890266449265     
  0.998945194341609     
  0.998975197012582     
  0.998997170171849     
  0.999019268545589     
  0.999043420197173     
  0.999066633470768     
  0.999089210403370     
  0.999111440457425     
  0.999132830623790     
  0.999146812910578     
  0.999151953915394     
  0.999144380828144     
  0.999137401395868     
  0.999136237061090     
  0.999136660887447     
  0.999141502780162     
  0.999150743259401     
  0.999162839166800     
  0.999177397044853     
  0.999192373543061     
  0.999211745690727     
  0.999233269963917     
  0.999252982385448     
  0.999271684248309     
  0.999289298748251     
  0.999300132892625     
  0.999220867099650     
  0.998653484901113     
  0.997790845822288     
  0.997011479497021     
  0.996119147962754     
  0.994667433242800     
  0.993131647504050     
  0.991908907779946     
  0.991098120325175     
  0.990684939112231     
  0.990509859003563     
  0.990446500616135     
  0.990386969576529     
  0.989479746379044     
  0.987491090683779     
  0.985412848362054     
  0.983676269949443     
  0.982561033638263     
  0.982091518261890     
  0.982200535041679     
  0.982821281672785     
  0.983579180535369     
  0.984511498640592     
  0.985835607131187     
  0.987216230439556     
  0.987991443797064     
  0.988519859769464     
  0.989223016542339     
  0.990159641185455     
  0.991383698890502     
  0.993005287597573     
  0.994998102714415     
  0.997250257924384     
  0.998978005565644     
  0.999511331744227     
  0.999623483710796     
  0.999630169555179     
  0.999627132312299     
  0.999624517727222     
  0.999620849872717     
  0.999617782787100     
  0.999615228028252     
  0.999615926925929     
  0.999618526692940     
  0.999621758537218     
  0.999613886699578     
  0.999587273564201     
  0.999551081253998     
  0.999510480486492     
  0.999469921737523     
  0.999419632364132     
  0.999341762555523     
  0.999267125038558     
  0.999204673766347     
  0.999154042252892     
  0.999119472315894     
  0.999104111283040     
  0.999099913917921     
  0.999112178224612     
  0.999142732356014     
  0.999188070906009     
  0.999245575359116     
  0.999312604710355     
  0.999386282083087     
  0.999460537530027     
  0.999524656153235     
  0.999570675191416     
  0.999596603501023     
  0.999491961028568     
  0.999323967903445     
  0.999170756834972     
  0.999037792369925     
  0.998962084970548     
  0.998929479182222     
  0.998920168224850     
  0.998920939540217     
  0.998924067035573     
  0.998925691251126     
  0.998926178650347     
  0.998916463508974     
  0.998899451719262     
  0.998886960073760     
  0.998889367781074     
  0.998923469096268     
  0.999010316855465     
  0.999167744054229     
  0.999363908905304     
  0.999566759591916     
  0.999656911306079     
  0.999473395076335     
  0.999044428315051     
  0.998221798208481     
  0.996895181699468     
  0.995790444403407     
  0.995019937587465     
  0.994530388892889     
  0.994216181819819     
  0.993969029555031     
  0.993785146200785     
  0.993655014468861     
  0.993566275975479     
  0.993508567243813     
  0.993441195349458     
  0.993380958986129     
  0.992894263284530     
  0.991763899052031     
  0.990919023259766     
  0.990500403696640     
  0.990586822141641     
  0.990985216480789     
  0.991483974201662     
  0.991967050612383     
  0.992013424021939     
  0.991932471760142     
  0.991967526505184     
  0.992138403110335     
  0.992387698594628     
  0.992691619215704     
  0.993073202209837     
  0.993579652459421     
  0.994241805342655     
  0.995120784720441     
  0.996259585638950     
  0.997580000107979     
  0.999010871363254     
  0.999644271529217     
  0.999683450400962     
  0.999690438499705     
  0.999694886546961     
  0.999696907634261     
  0.999700784571981     
  0.999706797428475     
  0.999714934196886     
  0.999724905830029     
  0.999735780934738     
  0.999745077518239     
  0.999748767079795     
  0.999753690807050     
  0.999759300941375     
  0.999759962812472     
  0.999745989723353     
  0.999717764621569     
  0.999697339008612     
  0.999683542971332     
  0.999674128388221     
  0.999620475996976     
  0.999455581940677     
  0.999267091418496     
  0.999066431039334     
  0.998878988615043     
  0.998683024707871     
  0.998488791338951     
  0.998326462945365     
  0.998211431868718     
  0.998152837038195     
  0.998106937490040     
  0.998094598912786     
  0.998069109996250     
  0.997859791417044     
  0.997694658421037     
  0.997634558778025     
  0.997627121805091     
  0.997501785927097     
  0.997267422518239     
  0.997057298676036     
  0.996897766745355     
  0.996748129994417     
  0.996647647549058     
  0.996584160991070     
  0.996558586088324     
  0.996561073694514     
  0.996586264093323     
  0.996652793920692     
  0.996772285128643     
  0.996955486222039     
  0.997220604612365     
  0.997581711264093     
  0.998012563840037     
  0.998304563050196     
  0.998588687748668     
  0.998945916153991     
  0.999325553882237     
  0.999573538647730     
  0.999480462632311     
  0.998714044745757     
  0.997172313318202     
  0.995258685313200     
  0.993077704140313     
  0.990477965963346     
  0.987546697518990     
  0.984752708021976     
  0.982341561328493     
  0.980451208411956     
  0.979164230003340     
  0.978582779372762     
  0.978738700185570     
  0.979393014714012     
  0.979029464605222     
  0.978665270521365     
  0.978853031930442     
  0.979473997108289     
  0.980527248403949     
  0.981690993990976     
  0.982909833367585     
  0.984044323984358     
  0.984631027617618     
  0.985025193059614     
  0.985658578908361     
  0.986485373696206     
  0.987063750975722     
  0.987515577103417     
  0.986877054817414     
  0.985148946754261     
  0.983748720924708     
  0.982990476565391     
  0.982494706888317     
  0.981660080114477     
  0.980536229306198     
  0.977674969046936     
  0.974286624333309     
  0.970807236219470     
  0.967579213559938     
  0.964852640046243     
  0.962368121076071     
  0.960358554452685     
  0.959276177587928     
  0.959408969735829     
  0.960896282800499     
  0.963734535154892     
  0.967717508109871     
  0.972040837420883     
  0.975248565648592     
  0.976463625887266     
  0.977234708041089     
  0.978145162708100     
  0.978935347048260     
  0.979055392811804     
  0.979144518864085     
  0.979604305834016     
  0.980236581662968     
  0.981007943300420     
  0.981959492887616     
  0.982839313589184     
  0.983501156699567     
  0.983785359113690     
  0.984116250974103     
  0.984673031207440     
  0.985523834386820     
  0.986765402892704     
  0.988298548013486     
  0.989892635701676     
  0.991019191307971     
  0.991571282587030     
  0.992139695995849     
  0.992928368568096     
  0.993913961858417     
  0.994974580960745     
  0.996054117544514     
  0.997132937260507     
  0.998135053667444     
  0.998883636801884     
  0.999450631144872     
  0.999680786464975     
  0.999704697220455     
  0.999711937958243     
  0.999720251315809     
  0.999729763739226     
  0.999735022046157     
  0.999738869043473     
  0.999742713372992     
  0.999746344572696     
  0.999750074065485     
  0.999752702108066     
  0.999749611898175     
  0.999682544648004     
  0.999519260464755     
  0.999351514977560     
  0.998985446382929     
  0.998144338489540     
  0.997289198323353     
  0.996546027433634     
  0.996046502767373     
  0.995750230997016     
  0.995511587755063     
  0.994992447606620     
  0.994231740195933     
  0.993337173665177     
  0.992351240494382     
  0.991368836087872     
  0.990353985096299     
  0.989459640382238     
  0.988828999836564     
  0.988534656843525     
  0.988489598241374     
  0.988901563389730     
  0.989650020026124     
  0.990736092756083     
  0.992080964052919     
  0.993161429124797     
  0.994031179002625     
  0.994935212046379     
  0.995918941364792     
  0.996864172136067     
  0.997696427581835     
  0.998329592638274     
  0.998541610321169     
  0.998583043730879     
  0.998613374046585     
  0.998650675238661     
  0.998702120096886     
  0.998765168259804     
  0.998857586158488     
  0.999023071014583     
  0.999248697943158     
  0.999384182171082     
  0.999544055906384     
  0.999557600166422     
  0.999530509033446     
  0.999402749979075     
  0.999019866950695     
  0.998596231497500     
  0.998192069763972     
  0.997850016440561     
  0.997554561633920     
  0.997261031771989     
  0.996976349444097     
  0.996684904240940     
  0.995981747076703     
  0.994817895213281     
  0.991515252633937     
  0.987646838027485     
  0.984323929651164     
  0.981671859769498     
  0.979637048357469     
  0.978070984943150     
  0.976995548091892     
  0.976420083402495     
  0.976273337885705     
  0.975726805003153     
  0.974235164399971     
  0.973203423546567     
  0.972923746023472     
  0.973213724895938     
  0.974025765571672     
  0.975405482082721     
  0.977452975853084     
  0.980327878647413     
  0.983433225433463     
  0.986600596994539     
  0.988163732546860     
  0.988380031185088     
  0.988755007445486     
  0.989354516813182     
  0.990191290244199     
  0.991259364272677     
  0.992585688824806     
  0.994216967444582     
  0.996191399361495     
  0.997949275428165     
  0.998511854155588     
  0.998671110693606     
  0.998770327429943     
  0.998781892162897     
  0.998729344955046     
  0.998672147091398     
  0.998616525473282     
  0.998565060898241     
  0.998518800433029     
  0.998449558055046     
  0.998265827791288     
  0.998009986064494     
  0.997382243583827     
  0.996332053006666     
  0.995175159969528     
  0.993935033616066     
  0.992568323374907     
  0.991174443057257     
  0.989800824075466     
  0.988534508306887     
  0.987482717226825     
  0.986710199572501     
  0.986280212155528     
  0.986206587483101     
  0.986450633521190     
  0.986988298903999     
  0.987789416638942     
  0.988789206297759     
  0.989751560737410     
  0.990987307744169     
  0.992072978257484     
  0.993211249695803     
  0.994121107886381     
  0.994461101213558     
  0.994587747895357     
  0.994703977069650     
  0.994732638180335     
  0.994678530497774     
  0.994605195000039     
  0.994416774998153     
  0.994164556433841     
  0.993870186984263     
  0.993550379785083     
  0.993208542760122     
  0.992841184261671     
  0.992452235062048     
  0.992045983690626     
  0.991632875279192     
  0.991230858048702     
  0.990844319539152     
  0.990469983929568     
  0.990028064813646     
  0.989447840584355     
  0.988672120302511     
  0.987792120507020     
  0.986863983944476     
  0.985863651787029     
  0.984794950543177     
  0.983663740346823     
  0.982470941564961     
  0.981211438250572     
  0.979884925294324     
  0.978493041725311     
  0.977037452022645     
  0.975525552509875     
  0.973963381359824     
  0.972355228594642     
  0.970719030717278     
  0.969084349873134     
  0.967505491298218     
  0.966028555852714     
  0.964656683861138     
  0.963364449099517     
  0.962244122368829     
  0.961398133958022     
  0.960882299761362     
  0.960719370806863     
  0.960910899673560     
  0.961454820220276     
  0.962326676587873     
  0.963486893260619     
  0.964885549389485     
  0.966469844983561     
  0.968153077026011     
  0.969876915414762     
  0.971666606159876     
  0.973443482959808     
  0.975150993357264     
  0.976782693949216     
  0.978335326665029     
  0.979809761287308     
  0.981190665987298     
  0.982378127335116     
  0.983341102180289     
  0.984128471440590     
  0.984810649032346     
  0.985432402298384     
  0.985997437935348     
  0.986525711070947     
  0.987040348268814     
  0.987556389545275     
  0.988083016386196     
  0.988632709582234     
  0.989132221529133     
  0.989386752201483     
  0.989510986692207     
  0.989592961084106     
  0.989733957036063     
  0.989938145057124     
  0.990193584900881     
  0.990490443605181     
  0.990785014032270     
  0.991008002595552     
  0.991172442449998     
  0.991378144211019     
  0.991651332380713     
  0.991998704447707     
  0.992424234905874     
  0.992924729494046     
  0.993491359226596     
  0.994121660064515     
  0.994832519707615     
  0.995549619794472     
  0.996185293018409     
  0.996582115763122     
  0.996816157320432     
  0.997037354002203     
  0.997256334096874     
  0.997467251351023     
  0.997665763325670     
  0.997843729757894     
  0.997977317821631     
  0.998051839192016     
  0.998113495461111     
  0.998173645525993     
  0.998229451765958     
  0.998282306621966     
  0.998333913190120     
  0.998384230312440     
  0.998432634916916     
  0.998478151092379     
  0.998522114732628     
  0.998567602683580     
  0.998609400761739     
  0.998646773748588     
  0.998674188503455     
  0.998692586101180     
  0.998708129782477     
  0.998719803626273     
  0.998723628944514     
  0.998705849451626     
  0.998446264965547     
  0.995886797571948     
  0.987207214809754     
  0.976431683826035     
  0.966528190168655     
  0.957883437324950     
  0.950489957022058     
  0.943964994999176     
  0.938504227041618     
  0.934378190690750     
  0.931601197790008     
  0.930614908503140     
  0.931312749745844     
  0.933098316239964     
  0.936512489804664     
  0.941171609674000     
  0.946750644466700     
  0.953266203050757     
  0.961139041936985     
  0.970494008201066     
  0.981012923871195     
  0.991364162552515     
  0.996740347898865     
  0.997477585998670     
  0.997808081098542     
  0.998164593512585     
  0.998487633901271     
  0.998670071013337     
  0.998782160897789     
  0.998843285681582     
  0.998903090928200     
  0.998971827768372     
  0.999053218080425     
  0.999113648090285     
  0.999151696923858     
  0.999194827664583     
  0.999249977915185     
  0.999312346988543     
  0.999338049275706     
  0.999314551359884     
  0.999280950197602     
  0.999192489682044     
  0.998935200077865     
  0.998658367504188     
  0.998429378971595     
  0.998278067595651     
  0.998208797603818     
  0.998186633844131     
  0.998189610043594     
  0.998200154358197     
  0.998198219814170     
  0.998097005348643     
  0.997942411112544     
  0.997815957176642     
  0.997746776099436     
  0.997762168703859     
  0.997857727411446     
  0.998031282027559     
  0.998259019094361     
  0.998516843161853     
  0.998812757907312     
  0.999066330247546     
  0.999123293966249     
  0.999096155967505     
  0.999068499683633     
  0.999056964741309     
  0.999074088726882     
  0.999134419055148     
  0.999245814365556     
