  0.994686298868291     
  0.996871412487980     
  0.997860949849240     
  0.997173416181746     
  0.995283298749001     
  0.993349047155392     
  0.991486851161573     
  0.989372116373707     
  0.987710746143499     
  0.986340345765157     
  0.984704088391120     
  0.983725431642223     
  0.983029404457079     
  0.981708541690237     
  0.981032729395093     
  0.981199370921688     
  0.979797081791122     
  0.979941423256422     
  0.980319006639698     
  0.979252086016376     
  0.981003485863370     
  0.980326019520553     
  0.980608061681452     
  0.982174780659719     
  0.982035737239255     
  0.983450158855318     
  0.984629932299720     
  0.985530140911718     
  0.987199676437779     
  0.988865523799044     
  0.990478731617928     
  0.992443756610478     
  0.994640067485103     
  0.996955129863012     
  0.998631906979470     
  0.999054591420672     
  0.999147956628455     
  0.999180772694280     
  0.999139309653579     
  0.999090314050347     
  0.998963411665757     
  0.998620692870392     
  0.998213833887223     
  0.997765269941369     
  0.997293781064089     
  0.996859027239225     
  0.996496249391563     
  0.996127571110915     
  0.995995995991288     
  0.995942240257345     
  0.995494281440015     
  0.995761403918995     
  0.995535160695512     
  0.995252923775920     
  0.995811532819959     
  0.995226070180930     
  0.995154869638445     
  0.995811720753380     
  0.995252630121574     
  0.995491393926372     
  0.995670325332749     
  0.995497323409294     
  0.995735263256739     
  0.995919363182852     
  0.995917690766048     
  0.996086217412339     
  0.996395101625137     
  0.996695617024899     
  0.997012968187002     
  0.997376789714410     
  0.997774864543605     
  0.998145665639174     
  0.998287455247636     
  0.998310509033960     
  0.998328306728964     
  0.998260204623833     
  0.998156530259960     
  0.998172466943431     
  0.998039597847107     
  0.997888999761105     
  0.997886931997262     
  0.997730747557523     
  0.997594113270954     
  0.997558050743573     
  0.997411414220998     
  0.997239496957207     
  0.997194740787038     
  0.997131077493397     
  0.996942259988393     
  0.996929602907311     
  0.996942992306504     
  0.996777093535908     
  0.996908355892333     
  0.996915083435177     
  0.996717227697445     
  0.996832741895056     
  0.996841715416075     
  0.996734250081808     
  0.996806206550780     
  0.996800142589527     
  0.996771721694330     
  0.996811216665506     
  0.996791448248575     
  0.996757863934426     
  0.996711873615721     
  0.996631051439892     
  0.996530371043953     
  0.995578448217821     
  0.993359719972661     
  0.991066673559094     
  0.988834642333500     
  0.986747242493804     
  0.984962300804917     
  0.983192953189785     
  0.980598395760460     
  0.977988395617789     
  0.976034829310997     
  0.973064531471714     
  0.970316109635634     
  0.969416090768548     
  0.966245307356316     
  0.964569104272606     
  0.964795818809530     
  0.960916490646023     
  0.959915925726082     
  0.959338395016396     
  0.954576807423802     
  0.952927550646710     
  0.950131836446536     
  0.945436870771697     
  0.944704272535101     
  0.942235152515341     
  0.939485075445755     
  0.940759077340213     
  0.940402327017983     
  0.939145468791403     
  0.941242168314935     
  0.942297943118408     
  0.939570081944818     
  0.940791564795945     
  0.937924247416803     
  0.932076728469432     
  0.934383073376371     
  0.930698039136617     
  0.925732338955818     
  0.924952277777799     
  0.919651518129756     
  0.915599695776140     
  0.912663222925990     
  0.908455198477241     
  0.903935305210657     
  0.901119184355271     
  0.898579437659843     
  0.893244633552915     
  0.889255853144988     
  0.882323303632545     
  0.872212312322958     
  0.862418053007353     
  0.849590748086063     
  0.836010929357144     
  0.824146862792512     
  0.812333346661386     
  0.801502065941672     
  0.792444164065338     
  0.784639418968344     
  0.778285872572557     
  0.773840015608050     
  0.770947066934307     
  0.769600443821656     
  0.770176156274848     
  0.771581202792957     
  0.774067809606189     
  0.778021328007713     
  0.783508172669368     
  0.790390751683153     
  0.798183212668870     
  0.807186705094074     
  0.817414871234218     
  0.828607559507525     
  0.840980246198930     
  0.854391479507088     
  0.868583439672352     
  0.883346916432926     
  0.898380563118832     
  0.912988838495525     
  0.926290454703363     
  0.937624174816201     
  0.946831947464538     
  0.954151976635059     
  0.959995906173860     
  0.964797340025396     
  0.968821969052334     
  0.972253454665992     
  0.975201575840636     
  0.977721763266564     
  0.979881224078570     
  0.981754339503049     
  0.983344352166540     
  0.984771845659389     
  0.986046032999083     
  0.987129814384533     
  0.988045699666642     
  0.988948532326157     
  0.989768552473424     
  0.990509320464199     
  0.991082893682757     
  0.991603943782344     
  0.992091721666258     
  0.992513436732602     
  0.992879200739815     
  0.993226977992607     
  0.993452473670098     
  0.993666813566753     
  0.993959044826664     
  0.994139206420840     
  0.994289654525207     
  0.994569970095790     
  0.994574636507797     
  0.994761090533253     
  0.995127646625299     
  0.994928459872887     
  0.995157308912531     
  0.994520716507824     
  0.993112093544792     
  0.992338467109414     
  0.991063825318993     
  0.989972331340768     
  0.989349917996576     
  0.988225743929787     
  0.987751702653254     
  0.987388022948966     
  0.985850531051086     
  0.983731570434745     
  0.980062893161330     
  0.974932748145530     
  0.971178852722186     
  0.967224375855795     
  0.963073890062197     
  0.961784253476511     
  0.958727623247209     
  0.955959368420024     
  0.954944503476430     
  0.954074575887515     
  0.951190410767295     
  0.952419442739921     
  0.952464692563728     
  0.949773125401535     
  0.954923330712695     
  0.952108484792526     
  0.953587588414257     
  0.958567817279681     
  0.956821638350516     
  0.961642343555675     
  0.963871366414792     
  0.965062320471890     
  0.968594489929912     
  0.970157086548823     
  0.972775580657850     
  0.976239022379986     
  0.979476928850327     
  0.983187554903119     
  0.987384847572812     
  0.991728476605525     
  0.995507563664699     
  0.997876558999720     
  0.998842996891793     
  0.998942054325256     
  0.998989052675938     
  0.999000732495936     
  0.999029888309764     
  0.999045489144645     
  0.999045591507351     
  0.999067094266422     
  0.999089063747625     
  0.999092222651901     
  0.999111930213610     
  0.999136786186203     
  0.999136951163233     
  0.999150517781951     
  0.999170676301530     
  0.999175940467941     
  0.999183470551768     
  0.999208307990078     
  0.999210864577653     
  0.999111170540603     
  0.998802192110971     
  0.998400162193983     
  0.997986937288183     
  0.997407457208262     
  0.996533481238658     
  0.995659386944500     
  0.994891977089862     
  0.994243485484289     
  0.993690464617814     
  0.993217403948443     
  0.993044362581989     
  0.992677647837804     
  0.991753319465641     
  0.990962079676274     
  0.989690016790962     
  0.988664267778203     
  0.988023031462840     
  0.986974633020199     
  0.986415288715083     
  0.986123401782532     
  0.985486540552880     
  0.985171321310417     
  0.985468244056890     
  0.984854139198164     
  0.985045699222220     
  0.986041984597625     
  0.985294828990298     
  0.986524851161809     
  0.987741254020882     
  0.987585309717764     
  0.989379898188946     
  0.990191999499216     
  0.990628266496007     
  0.992099276565829     
  0.992759783317177     
  0.993128467825286     
  0.993865258773141     
  0.994561422697974     
  0.995291219790432     
  0.996162698597652     
  0.997141095149853     
  0.998186296546161     
  0.999132002243267     
  0.999516930786529     
  0.999601658666902     
  0.999595868698179     
  0.999587401019371     
  0.999584066308530     
  0.999555457669547     
  0.999535300971649     
  0.999515944431265     
  0.999462496884382     
  0.999437417599272     
  0.999418769309303     
  0.999384436411394     
  0.999368745265436     
  0.999350894417761     
  0.999324295865301     
  0.999320172402674     
  0.999319867002903     
  0.999301692510258     
  0.999326988674436     
  0.999314315720748     
  0.999319002303221     
  0.999385605683097     
  0.999359259821716     
  0.999366102141692     
  0.999337603066442     
  0.999240142648071     
  0.999199543360741     
  0.999157964442197     
  0.999105331198137     
  0.999077666521429     
  0.999054216458781     
  0.999089666363165     
  0.999096189573441     
  0.999017898112499     
  0.999109157567343     
  0.999121758359115     
  0.998998533954679     
  0.999196236857381     
  0.999109686326034     
  0.998945340920784     
  0.999172788965550     
  0.999073272171397     
  0.999034443843180     
  0.999149804456162     
  0.999041248444866     
  0.998934148830378     
  0.998751041889022     
  0.998254154207491     
  0.997663671440908     
  0.997149293164530     
  0.996701104097436     
  0.996388205070063     
  0.996290605647510     
  0.996032633799368     
  0.995499503140363     
  0.995497733254636     
  0.995613956175891     
  0.994961812255338     
  0.995099050288144     
  0.995255767598367     
  0.993818398314744     
  0.993861340387748     
  0.993778911506376     
  0.991842388799376     
  0.992154671625030     
  0.991809581993749     
  0.990933004042083     
  0.991487105778949     
  0.990798627710366     
  0.990748271754121     
  0.991300911011474     
  0.991055684286977     
  0.991744444447474     
  0.991864842186205     
  0.991959339495544     
  0.993504948116585     
  0.993381230017835     
  0.993810041350652     
  0.994760069408003     
  0.994335119776451     
  0.994841104436030     
  0.995071001700424     
  0.995129327522321     
  0.995633157070916     
  0.995911456545099     
  0.996264216487523     
  0.996755024668802     
  0.997284217298185     
  0.997884774724258     
  0.998504326342598     
  0.999135232275459     
  0.999641497110542     
  0.999720336707580     
  0.999723859799246     
  0.999736064728927     
  0.999722652272410     
  0.999714252871269     
  0.999711261632324     
  0.999694127355301     
  0.999683846252608     
  0.999685890422938     
  0.999640597027368     
  0.999578218915863     
  0.999512347402742     
  0.999412701693277     
  0.999349294344092     
  0.999294292816811     
  0.999217970495600     
  0.999160412335266     
  0.998985700742929     
  0.998969040500825     
  0.998993939252966     
  0.998733832071099     
  0.998791054117243     
  0.998544224695347     
  0.998085040811741     
  0.998385092819758     
  0.998151638357273     
  0.997673946163160     
  0.997722018260707     
  0.997412145173725     
  0.997210109657499     
  0.997283512063890     
  0.997035390739231     
  0.996894796764322     
  0.997167699341184     
  0.996972723137599     
  0.996908599453389     
  0.997319362779295     
  0.996988655204966     
  0.997068191850620     
  0.997544436958067     
  0.997086389357661     
  0.997243605492806     
  0.997607435373145     
  0.997283468354626     
  0.997544627955634     
  0.997690585124906     
  0.997634111050023     
  0.997760091848371     
  0.997466393043691     
  0.996968777646930     
  0.996514569416079     
  0.996023934271274     
  0.995287449882491     
  0.994347968212906     
  0.993395156208719     
  0.992450076793588     
  0.991532209522905     
  0.990597645518615     
  0.989696794614245     
  0.988929888180298     
  0.988051299651802     
  0.986473521241621     
  0.985092603258637     
  0.984010181449324     
  0.983032462089002     
  0.982579962662900     
  0.982057492534237     
  0.981612212366358     
  0.982352836810014     
  0.982214091114612     
  0.982113388977561     
  0.983994933268846     
  0.982796331684286     
  0.984891395811687     
  0.985547259210054     
  0.983173528358613     
  0.986016050990757     
  0.984279769715371     
  0.982897539669579     
  0.984521947971570     
  0.981734118786994     
  0.980858517598117     
  0.980968913319705     
  0.978979406098697     
  0.977916311606589     
  0.977645735722521     
  0.976084242010292     
  0.975031805186326     
  0.974545931460105     
  0.973196426760847     
  0.973299479540949     
  0.973252299983089     
  0.972465592874065     
  0.972374712042016     
  0.971544028656865     
  0.970735176342991     
  0.970589634656637     
  0.970361310659782     
  0.970515999997005     
  0.970999065527667     
  0.971770085480132     
  0.972921487720823     
  0.974325355117370     
  0.975978819356270     
  0.977699302602451     
  0.979511925359774     
  0.980689901256024     
  0.981328422692654     
  0.982105352262830     
  0.982974125791913     
  0.983773631721895     
  0.984249963992268     
  0.984659051017206     
  0.985486204956119     
  0.986104292086582     
  0.986795234911479     
  0.987680560754847     
  0.988352074445473     
  0.989205269188432     
  0.989907964618928     
  0.990504376058749     
  0.991382217261345     
  0.992433702703600     
  0.993380088249356     
  0.994427482117802     
  0.995404031110214     
  0.995929484032576     
  0.996395756617679     
  0.996905842297054     
  0.997370271938559     
  0.997831161318786     
  0.998243183687766     
  0.998638796762732     
  0.999017398185594     
  0.999318104850058     
  0.999574395898791     
  0.999725640735926     
  0.999737628803935     
  0.999708022115046     
  0.999640695614125     
  0.999553849723286     
  0.999314912865313     
  0.998896807472874     
  0.998486769112095     
  0.998129151141668     
  0.997779922075391     
  0.997455346618629     
  0.997263462638469     
  0.996859173910866     
  0.996160158812420     
  0.995981117819627     
  0.995646283345457     
  0.994679628252428     
  0.994876642621393     
  0.994222372732484     
  0.993495247006808     
  0.994047041093734     
  0.992703328523203     
  0.992628131978342     
  0.992596559810531     
  0.991815458979671     
  0.992070552906066     
  0.991857568864343     
  0.991763955998637     
  0.992193029785915     
  0.992343345180773     
  0.992764409077145     
  0.993380911458388     
  0.993713862754422     
  0.994583707705895     
  0.995140362965642     
  0.995611684400988     
  0.996688269555934     
  0.996748352915028     
  0.997204822612798     
  0.997781829421985     
  0.997746526094216     
  0.998314956411447     
  0.998619470539066     
  0.998674881769543     
  0.998823837340894     
  0.998790154554404     
  0.998732503575672     
  0.998674770251036     
  0.998540534310990     
  0.998419448408896     
  0.998363795580678     
  0.998365284638435     
  0.998330829511582     
  0.998159090215205     
  0.998048040577623     
  0.997714233517728     
  0.996636892890070     
  0.994972488743445     
  0.993166985321819     
  0.991091701548918     
  0.989860906878951     
  0.988481966391594     
  0.987004945361750     
  0.986040906232860     
  0.984990663559584     
  0.984964036528670     
  0.982718834764055     
  0.981232276209403     
  0.982067112563792     
  0.978379290374064     
  0.979241395469660     
  0.979322924629494     
  0.976057687912189     
  0.979292554231766     
  0.978024385482252     
  0.977084024011920     
  0.979564755636147     
  0.978678276268657     
  0.979343364709899     
  0.980813710512087     
  0.980936481265672     
  0.982681850961816     
  0.983818955347079     
  0.985195099278859     
  0.987495512037403     
  0.988959613350316     
  0.990846933563654     
  0.992456024474795     
  0.992770688165379     
  0.993243511358994     
  0.993771592771339     
  0.994306653463983     
  0.994937085666797     
  0.995644949889832     
  0.996450155518438     
  0.997353828164986     
  0.998217304344458     
  0.998538157321431     
  0.998440299793570     
  0.998109763169395     
  0.997686411634883     
  0.997202460058922     
  0.996668376102488     
  0.996033137451881     
  0.995398173055175     
  0.994820337982632     
  0.994070186801330     
  0.993426511873315     
  0.992973625546402     
  0.992283006883249     
  0.991891268354233     
  0.991654696052253     
  0.991097146526810     
  0.990918968532610     
  0.990991720339743     
  0.990657942989386     
  0.990654880588843     
  0.990953485819790     
  0.990881671127203     
  0.990990880326961     
  0.991388485554585     
  0.991416759783054     
  0.991710140019548     
  0.992118486006892     
  0.992315405789112     
  0.992757256420097     
  0.993206577949469     
  0.993540579286389     
  0.993980823461809     
  0.994305088804089     
  0.994403900784891     
  0.994505450579501     
  0.994367894370031     
  0.994282266600949     
  0.994293025826855     
  0.993904077597844     
  0.993640530844379     
  0.993421476202362     
  0.992891304460583     
  0.992460284709219     
  0.992002571894830     
  0.991421091405219     
  0.990905150855405     
  0.990347521954759     
  0.989727821070742     
  0.989105827796980     
  0.988449640151542     
  0.987755642956834     
  0.987007417599515     
  0.986183231383683     
  0.985292864242762     
  0.984304324310953     
  0.983229775304755     
  0.982138066757143     
  0.980984332231734     
  0.979785895704528     
  0.978583663248106     
  0.977346585665184     
  0.976154373098017     
  0.974995409374564     
  0.973861497731877     
  0.972827851630718     
  0.971892316961291     
  0.971070266946764     
  0.970400909562620     
  0.969886430172899     
  0.969535481952092     
  0.969370092539007     
  0.969382534734841     
  0.969534793301737     
  0.969823714925372     
  0.970275198046088     
  0.970890294230152     
  0.971651445025159     
  0.972537479835092     
  0.973514778165774     
  0.974564526962122     
  0.975713403527759     
  0.976905641048050     
  0.978072311101207     
  0.979204481162373     
  0.980306154153637     
  0.981390770158471     
  0.982413639438840     
  0.983385943252835     
  0.984332577516655     
  0.985186895379400     
  0.985972440194364     
  0.986769837631711     
  0.987501390513706     
  0.988033662083492     
  0.988521526655148     
  0.988974826143361     
  0.989170044035522     
  0.989564012445771     
  0.989944174611851     
  0.990073004819340     
  0.990446009670763     
  0.990684226886933     
  0.990908690022928     
  0.991203306205440     
  0.991465647917078     
  0.991774517636830     
  0.991984490320400     
  0.992378562282768     
  0.992698691984581     
  0.992875619953257     
  0.993345922283412     
  0.993681861879570     
  0.993942989379066     
  0.994340904148133     
  0.994608089825005     
  0.994849386841085     
  0.995218324907895     
  0.995517012522716     
  0.995812370729723     
  0.996175756846453     
  0.996512465070625     
  0.996850164021940     
  0.997192125314840     
  0.997509375854030     
  0.997754388461734     
  0.997893390193842     
  0.998006659775007     
  0.998108485390713     
  0.998213694241790     
  0.998303663780609     
  0.998384026836664     
  0.998483699089196     
  0.998528242441054     
  0.998578455948710     
  0.998636444684940     
  0.998635860627001     
  0.998687295364558     
  0.998725622954749     
  0.998716982352624     
  0.998748172948840     
  0.998732856231516     
  0.998455428502008     
  0.996422140932139     
  0.991808056564242     
  0.986927384929811     
  0.982324102533291     
  0.977907152415927     
  0.973864435789441     
  0.970639835073824     
  0.967558740104450     
  0.964150287307613     
  0.961445929279982     
  0.959351304364182     
  0.957191653755335     
  0.956071422240129     
  0.954270506378522     
  0.953578605018709     
  0.953162029303171     
  0.953409329313539     
  0.955427642789782     
  0.954929348398799     
  0.956146718023999     
  0.958175246604271     
  0.959798979506196     
  0.962691640312782     
  0.965020259592042     
  0.968015720613039     
  0.971824598376117     
  0.975760132618227     
  0.979229157448087     
  0.983411862570997     
  0.988142221135256     
  0.993014939255557     
  0.997049951594218     
  0.998328986469439     
  0.998547533177601     
  0.998751699316157     
  0.998933433738139     
  0.999059966914690     
  0.999110831090846     
  0.999124831142281     
  0.999153566684055     
  0.999124476925681     
  0.999024070839221     
  0.998926840575916     
  0.998822247643557     
  0.998735955230608     
  0.998654469560925     
  0.998603452815258     
  0.998573864460314     
  0.998510416095221     
  0.998541542854455     
  0.998464913534960     
  0.998292377810497     
  0.998367323519949     
  0.998229083939219     
  0.998150928152613     
  0.998273449847670     
  0.998065049431403     
  0.998131512446588     
  0.998211683609664     
  0.998082486191227     
  0.998207467168346     
  0.998221714046022     
  0.998165103791903     
  0.998353653032278     
  0.998376510027787     
  0.998417101942743     
  0.998655269776826     
  0.998730007732202     
  0.998855116331105     
  0.999038639972934     
  0.999138797456710     
  0.999228617553215     
  0.999257633165475     
