  0.984551087195860     
  0.985594004969877     
  0.986046847672634     
  0.986936834263999     
  0.987502622459289     
  0.988680937259688     
  0.988111527158201     
  0.987840142281522     
  0.987592023489381     
  0.985954101324142     
  0.987101125132402     
  0.984136766096249     
  0.986861030267688     
  0.982536720584668     
  0.986665391925343     
  0.981291291339499     
  0.986940222762644     
  0.980196854951574     
  0.987188102138176     
  0.980237318091988     
  0.986830375484598     
  0.981123242489214     
  0.986086986342289     
  0.982836804165546     
  0.985820365317794     
  0.984024890474654     
  0.986721460710706     
  0.985440450817511     
  0.988042324983133     
  0.987258146233934     
  0.989301457982069     
  0.989670740551588     
  0.990696476691235     
  0.992017507715878     
  0.992825052527158     
  0.994316252771671     
  0.995602686218134     
  0.996721793003321     
  0.997751837395236     
  0.998030074022263     
  0.997761789765750     
  0.997673570055152     
  0.997440498112324     
  0.997004569070994     
  0.997058362110890     
  0.996617949745937     
  0.996577900344782     
  0.996406172305793     
  0.996150228612342     
  0.996243809612924     
  0.995965962541585     
  0.995900908296719     
  0.996016695185610     
  0.995656737051016     
  0.996014053459344     
  0.995635211285578     
  0.995680804053722     
  0.995876244313045     
  0.995898188544748     
  0.995573591710032     
  0.995893791076338     
  0.995648568781786     
  0.995897399462586     
  0.995822836437031     
  0.995926194726105     
  0.996146773414366     
  0.995990664696651     
  0.996489626245302     
  0.996336267470387     
  0.996688374375203     
  0.996897911252969     
  0.997021964894790     
  0.997234532429242     
  0.997446658184331     
  0.997708250135496     
  0.997825369343990     
  0.997993906616057     
  0.997918966239033     
  0.997965503466096     
  0.997767510233725     
  0.997875219354297     
  0.997628576257815     
  0.997691407393114     
  0.997542823168558     
  0.997489822837602     
  0.997444752351186     
  0.997317413686050     
  0.997372505004413     
  0.997137279908303     
  0.997281789977631     
  0.997034220044188     
  0.997194106897588     
  0.996906666207927     
  0.997202285639124     
  0.996752930960827     
  0.997086231168842     
  0.996780023161115     
  0.996998441639689     
  0.996754917653588     
  0.996903836359695     
  0.996674229781755     
  0.996745429197479     
  0.996360207474266     
  0.995407322454318     
  0.993786808022563     
  0.992398248857534     
  0.991131621031908     
  0.989852615293317     
  0.988367280818798     
  0.987292208905989     
  0.984538735652687     
  0.983031616235255     
  0.981296833105496     
  0.978024606847665     
  0.978047943466344     
  0.973681733339514     
  0.974970466813496     
  0.969793359824755     
  0.972947635840478     
  0.965231279871988     
  0.970921080882868     
  0.960161499439318     
  0.967865683116907     
  0.954985641364055     
  0.961417718143648     
  0.950284032454150     
  0.955562566416447     
  0.946956581686142     
  0.950160461150602     
  0.943451059810165     
  0.946925829092036     
  0.939978128798313     
  0.944264045354629     
  0.936773069639567     
  0.942125816735085     
  0.933012925732472     
  0.940049892107255     
  0.928235610497170     
  0.938398787698014     
  0.923883175201491     
  0.936342080737888     
  0.918624409770368     
  0.932907842695591     
  0.914860262811191     
  0.925335984967935     
  0.910876320685544     
  0.918017226993648     
  0.906899714762863     
  0.911854811163029     
  0.900320031551892     
  0.901835667577166     
  0.889174476723444     
  0.887091015763080     
  0.874145978141844     
  0.868801716572003     
  0.858870913852089     
  0.852134595762657     
  0.842927782459469     
  0.837628058785348     
  0.829677613412897     
  0.824721821147686     
  0.818560542650836     
  0.813518871300556     
  0.808943903636898     
  0.804155924359606     
  0.802010720774314     
  0.798802941674078     
  0.798511817972053     
  0.797900085709364     
  0.798866581218977     
  0.800496482678384     
  0.803208108252254     
  0.806251865540218     
  0.810844260190401     
  0.815635046119559     
  0.821069275324296     
  0.827002729673738     
  0.833714981736016     
  0.840775922144923     
  0.848397517507124     
  0.856402853176469     
  0.864735296675945     
  0.873624222856840     
  0.882925432225584     
  0.892609970844773     
  0.902754877123311     
  0.913052421308303     
  0.923565843226188     
  0.933710824995003     
  0.943220931626285     
  0.951474821565552     
  0.958299848166792     
  0.963763263837136     
  0.968223345516361     
  0.971838086693007     
  0.974932443793747     
  0.977543065728788     
  0.979849631312170     
  0.981769660369651     
  0.983493754658236     
  0.984837528480015     
  0.985956359051535     
  0.986933589102651     
  0.987968305447811     
  0.988772275022694     
  0.989554789018511     
  0.990222245732758     
  0.990831560989121     
  0.991283047703286     
  0.991875878815410     
  0.992060927802830     
  0.992695525068193     
  0.992836582318270     
  0.993339132441776     
  0.993434875628897     
  0.994006341208128     
  0.993797160282375     
  0.994337659186449     
  0.993074243060631     
  0.993282861494689     
  0.991738807666423     
  0.991870669694551     
  0.990876316472943     
  0.990961753575180     
  0.989794532170152     
  0.989984944113194     
  0.988883236009978     
  0.988347273184095     
  0.985518390267564     
  0.983582734642646     
  0.979779430845199     
  0.978054055241640     
  0.974543866779897     
  0.973575502139569     
  0.968794040487667     
  0.970795818275982     
  0.964451021250514     
  0.966633034148404     
  0.961456272615638     
  0.964564632233358     
  0.959189239446689     
  0.962330708721609     
  0.957721088757318     
  0.961649920010379     
  0.956130462423888     
  0.962997781038225     
  0.954952991137872     
  0.964189910939628     
  0.954790601926996     
  0.966009250874619     
  0.957174818109622     
  0.967561855040509     
  0.959918929364804     
  0.970095419178268     
  0.963695976483102     
  0.972793515393856     
  0.968269473162607     
  0.975943257656790     
  0.973525510376496     
  0.978125079699261     
  0.978516394384626     
  0.980302152507405     
  0.983642476134943     
  0.984941933058519     
  0.987820579732113     
  0.990528484595592     
  0.993120775545391     
  0.995789353229159     
  0.997654698685570     
  0.998737032093476     
  0.998968067616136     
  0.998992152962182     
  0.999027060328984     
  0.999040071242607     
  0.999068095775273     
  0.999072307825823     
  0.999099924959341     
  0.999106717295592     
  0.999122139939912     
  0.999140962139110     
  0.999012937327773     
  0.998812235298389     
  0.998521097615465     
  0.998293975214997     
  0.997724092789992     
  0.997204342962264     
  0.996559546176236     
  0.995986693561490     
  0.995627735842656     
  0.994951292829542     
  0.994698597263819     
  0.994189481613428     
  0.993747059269665     
  0.993023109018141     
  0.991920663062180     
  0.991431895355955     
  0.990150393578818     
  0.990193158999743     
  0.988516335251520     
  0.989117626929900     
  0.987556199626349     
  0.988065630115328     
  0.986910131377691     
  0.987339987414628     
  0.986412460751746     
  0.986884396717787     
  0.986232650162392     
  0.986502779590115     
  0.986494114936315     
  0.986290685423550     
  0.987141058126434     
  0.986436367066967     
  0.987579474274311     
  0.987473484501247     
  0.988142693008362     
  0.988602128025312     
  0.989380433030593     
  0.989957084918269     
  0.990854782992631     
  0.991672637956506     
  0.992178231653363     
  0.993361194586485     
  0.993474750609087     
  0.994960119101105     
  0.994754784754187     
  0.995665002314995     
  0.996083627133218     
  0.996474667626098     
  0.997172668986213     
  0.997787095398673     
  0.998395497666875     
  0.999052715524488     
  0.999396956137380     
  0.999504045770998     
  0.999480247977271     
  0.999488251540786     
  0.999468020217418     
  0.999467445520149     
  0.999439793695576     
  0.999461860418066     
  0.999413113384138     
  0.999456617829423     
  0.999401082358807     
  0.999454388368787     
  0.999391376696386     
  0.999469407531271     
  0.999379044233454     
  0.999456407259343     
  0.999286220749262     
  0.999379929646967     
  0.999189511239043     
  0.999265292536178     
  0.999142939887789     
  0.999229156183723     
  0.999039055384817     
  0.999207281101175     
  0.999017082702479     
  0.999140267401741     
  0.999048304435370     
  0.999065726962815     
  0.999087662925138     
  0.999013741764226     
  0.999123341436563     
  0.999006439623412     
  0.999143151359898     
  0.998989033112521     
  0.999253005825346     
  0.998884183759744     
  0.999271123233361     
  0.998800121967162     
  0.998915699049428     
  0.998270089929837     
  0.998093038872882     
  0.997623472491971     
  0.997554091898439     
  0.996793930049252     
  0.996781902912664     
  0.996523202857645     
  0.996278829132033     
  0.996017592204905     
  0.996065629263168     
  0.995460901251414     
  0.995982818726843     
  0.994905582946851     
  0.995457257074582     
  0.993828286545474     
  0.994617060543540     
  0.992879301788079     
  0.993780660719737     
  0.991868715257923     
  0.993404302031668     
  0.991268101878932     
  0.992560468915726     
  0.991549684234608     
  0.991858599017214     
  0.991883684015381     
  0.991385803998419     
  0.992219159475616     
  0.991110703921823     
  0.992725256636199     
  0.990955586499344     
  0.993544189642242     
  0.990897407639635     
  0.994598236534344     
  0.991260540670462     
  0.995012645826953     
  0.992744968568944     
  0.995390369704448     
  0.993755845161116     
  0.996013039820162     
  0.994851905198986     
  0.996415638958609     
  0.995461815959106     
  0.996668323695590     
  0.996136826009696     
  0.996911005202950     
  0.996992045848616     
  0.997230810785143     
  0.997698636800777     
  0.997940149231170     
  0.998307389460441     
  0.998720581227880     
  0.999122642460541     
  0.999524946929293     
  0.999684040824747     
  0.999635789692109     
  0.999613753231281     
  0.999560477075104     
  0.999537006437439     
  0.999521325825616     
  0.999374687255225     
  0.999438658603957     
  0.999374511433149     
  0.999252655429710     
  0.999354762619976     
  0.999136336083388     
  0.999291095908219     
  0.998977794899302     
  0.999044686035557     
  0.998688003771728     
  0.998857826978115     
  0.998320547042489     
  0.998590954478814     
  0.997814395026930     
  0.998317633021049     
  0.997611201614539     
  0.997984022307184     
  0.997371190716477     
  0.997696222327389     
  0.997207820690810     
  0.997534385038719     
  0.997041956602206     
  0.997506719427863     
  0.996925146846942     
  0.997534184494739     
  0.996863254268179     
  0.997582947359149     
  0.996907165860589     
  0.997584268011694     
  0.997048044324719     
  0.997656048491545     
  0.997125547890821     
  0.997833195536539     
  0.997118216114500     
  0.997387408312895     
  0.996640862801765     
  0.996652108443700     
  0.996064300918391     
  0.995745924707186     
  0.995223546545198     
  0.994872083728172     
  0.994350421319774     
  0.994131557003390     
  0.993710316243191     
  0.993344839951746     
  0.993357166378525     
  0.992348261317862     
  0.991829251115171     
  0.990491969574879     
  0.990153669242280     
  0.988659732413547     
  0.988838661808983     
  0.987918622457780     
  0.987038122563510     
  0.987200109459651     
  0.986421352289899     
  0.986083505086905     
  0.986425424400087     
  0.985744030714024     
  0.986097601588251     
  0.985806383841902     
  0.983936638379911     
  0.986480279591368     
  0.981395156758112     
  0.986626353330214     
  0.978870340250977     
  0.985963267017276     
  0.977839340407395     
  0.984184416357572     
  0.977393227223792     
  0.982981752750505     
  0.977050363192657     
  0.982015011180789     
  0.976523004878273     
  0.980736688871958     
  0.975646549828024     
  0.979563250634261     
  0.975101288603124     
  0.978728859101193     
  0.974671901700542     
  0.978331195073381     
  0.973369050621040     
  0.978215291884641     
  0.973337743328962     
  0.978038727035577     
  0.973972830997892     
  0.978174856921471     
  0.974689027433989     
  0.977433429176270     
  0.975291050288167     
  0.977148398955627     
  0.976288925861313     
  0.977348055407284     
  0.977520226860089     
  0.978468686315148     
  0.979042815440993     
  0.980177671254984     
  0.981125403752774     
  0.982380466549303     
  0.983442306853169     
  0.984990288154391     
  0.985355184290525     
  0.986639771247309     
  0.986762283515039     
  0.988440799596269     
  0.987909823459955     
  0.989789286035276     
  0.988948707536135     
  0.991045650179970     
  0.990303621019907     
  0.992289442037192     
  0.991727766791153     
  0.993558785469271     
  0.993076804884984     
  0.994472894946972     
  0.994325774120328     
  0.995524968159538     
  0.995661422980301     
  0.996675203746612     
  0.997042733970085     
  0.997658364500281     
  0.997835726173299     
  0.998154775779244     
  0.998354436678476     
  0.998582933019212     
  0.998780943552303     
  0.998910916672218     
  0.998904304205257     
  0.998863640934541     
  0.998721132784488     
  0.998678719236555     
  0.998476056232633     
  0.998076393035814     
  0.998134857193954     
  0.997545307305710     
  0.997245722121333     
  0.997134660697967     
  0.996408592758707     
  0.996709031626698     
  0.995774150830401     
  0.996229369741440     
  0.995249936216799     
  0.995857591788152     
  0.994456046769342     
  0.995683885981837     
  0.993545244773175     
  0.995401628083801     
  0.993193639415444     
  0.994796408309702     
  0.993256926972439     
  0.994429416944672     
  0.993311239065751     
  0.994255978025802     
  0.993540909008329     
  0.994292814773901     
  0.993881240448969     
  0.994453738235887     
  0.994457366380819     
  0.994893852294761     
  0.994667672759711     
  0.995570645855987     
  0.995185691264820     
  0.996449881130514     
  0.995651639013184     
  0.997241898364831     
  0.996355030417858     
  0.997930958830155     
  0.997034964027917     
  0.998133487772426     
  0.997372816980742     
  0.998178857774509     
  0.997769129540136     
  0.998194928008996     
  0.998076788042270     
  0.998110786943693     
  0.998119566650178     
  0.997758483855850     
  0.997686310317146     
  0.996590377544277     
  0.995715810329814     
  0.994333493321790     
  0.993844811611018     
  0.992330637815919     
  0.991663377454631     
  0.991498351180166     
  0.989327067687343     
  0.989874706396338     
  0.988449951095215     
  0.986677521977112     
  0.987332199822669     
  0.983661500096898     
  0.986192622506955     
  0.981400631454251     
  0.985209917263315     
  0.979343366472755     
  0.985376113644185     
  0.977155218340354     
  0.985149945595348     
  0.976269551644982     
  0.985328401027993     
  0.976711591547090     
  0.984460532622791     
  0.977620291198321     
  0.984711457912580     
  0.978207585673577     
  0.985822660675281     
  0.979177040826378     
  0.986961151555515     
  0.981450776560438     
  0.986899399266051     
  0.984745808551126     
  0.987307827436743     
  0.987391335036671     
  0.989586881185327     
  0.989678132865878     
  0.991900129969242     
  0.992665990087305     
  0.994043405245299     
  0.994702087785481     
  0.994664095416985     
  0.995287597051689     
  0.995189204047512     
  0.995428027442982     
  0.995658091243082     
  0.995883675001097     
  0.996101441870920     
  0.996330337351717     
  0.996432107532698     
  0.996102318550111     
  0.995779795571540     
  0.995478006466539     
  0.995153487398254     
  0.994833216012298     
  0.994524219898974     
  0.994350830632017     
  0.993951648604919     
  0.993975166458139     
  0.993522034765324     
  0.993643738013615     
  0.993206901539560     
  0.993431624319053     
  0.993015272042166     
  0.993112608669798     
  0.992973435213712     
  0.992972529102905     
  0.992938146706888     
  0.993178295141793     
  0.992834305032591     
  0.993271396725361     
  0.992915210430329     
  0.993364076504944     
  0.993140394081084     
  0.993587760684965     
  0.993471461182710     
  0.993820571682375     
  0.993791087103166     
  0.994237126748666     
  0.994082368347275     
  0.994596223942855     
  0.994270980300232     
  0.994802309964836     
  0.994060926401399     
  0.994412200028707     
  0.993749617167728     
  0.993838530872958     
  0.993184757636006     
  0.993105628330475     
  0.992455132250810     
  0.992209378310917     
  0.991571009494961     
  0.991182036870205     
  0.990574138091120     
  0.990037609168551     
  0.989471874548457     
  0.988757413411259     
  0.988168838186241     
  0.987404878775647     
  0.986734215630843     
  0.985936318150466     
  0.985246250938227     
  0.984450314264537     
  0.983715435876956     
  0.982900540794917     
  0.982185308122150     
  0.981441750890328     
  0.980790337711361     
  0.980146219357319     
  0.979588979935643     
  0.979088755299936     
  0.978657853674560     
  0.978320559241763     
  0.978048524864621     
  0.977880843403210     
  0.977798346855751     
  0.977795782057130     
  0.977903068667893     
  0.978074848581632     
  0.978364475217952     
  0.978716169332025     
  0.979147516907612     
  0.979586902401275     
  0.980076804387960     
  0.980563068711561     
  0.981145977929580     
  0.981762412463340     
  0.982425048119096     
  0.983110639696290     
  0.983812887287461     
  0.984615694123155     
  0.985228059579923     
  0.986115787182829     
  0.986687750848925     
  0.987461036933779     
  0.987920037094087     
  0.988572540178205     
  0.988993904887234     
  0.989542567184838     
  0.989923594427831     
  0.990435587248313     
  0.990762383120666     
  0.991082604285547     
  0.991599081784260     
  0.991601913112489     
  0.992264642102417     
  0.992226009420301     
  0.992720860323969     
  0.992712651032021     
  0.993290255072815     
  0.993157512405704     
  0.993847024838640     
  0.993558316803520     
  0.994445480766210     
  0.993974753270605     
  0.994914353104577     
  0.994580893359798     
  0.995300230928139     
  0.995142457710593     
  0.995786460567350     
  0.995654039196292     
  0.996251965669657     
  0.996172297298909     
  0.996631509414269     
  0.996607433704123     
  0.996963227393872     
  0.997054661814630     
  0.997292212249983     
  0.997477344387837     
  0.997694115038655     
  0.997864722646565     
  0.998076442985003     
  0.998258281058524     
  0.998419757051175     
  0.998532332891386     
  0.998588667793118     
  0.998642047989908     
  0.998710067370288     
  0.998739306070525     
  0.998812175019667     
  0.998814740589776     
  0.998827070992349     
  0.998388647034172     
  0.996345566920409     
  0.993115920818009     
  0.990018866497594     
  0.987284797316130     
  0.984707853426642     
  0.981645719076933     
  0.979445718077448     
  0.976632641321582     
  0.975246616387389     
  0.972957983907384     
  0.970718252298227     
  0.970512518943339     
  0.966736145416680     
  0.968998578891378     
  0.963456123173976     
  0.968179544597571     
  0.960831357913916     
  0.968196849964589     
  0.958700137581440     
  0.968295606597011     
  0.958347483348940     
  0.968463202954355     
  0.959559526319446     
  0.967943888202144     
  0.962399362993732     
  0.967659208709663     
  0.965413458142572     
  0.969874712953120     
  0.968557394924690     
  0.972859294598068     
  0.972445961861495     
  0.976108215592781     
  0.977020303560863     
  0.980199633000934     
  0.981888908194623     
  0.984932046370938     
  0.988046465362037     
  0.990932111144137     
  0.994021913261517     
  0.997068995673529     
  0.998578578399758     
  0.998719269773944     
  0.998734619141615     
  0.998790352110021     
  0.998786492127428     
  0.998738416433226     
  0.998806959874290     
  0.998651902344727     
  0.998730065881743     
  0.998649669528934     
  0.998578579619296     
  0.998589322484248     
  0.998403827965068     
  0.998499122622148     
  0.998279006650236     
  0.998462513593233     
  0.998086140940699     
  0.998546572063136     
  0.997913586232190     
  0.998597449670884     
  0.997874871716384     
  0.998517091946459     
  0.997953136120762     
  0.998440518110992     
  0.998029881665587     
  0.998431018179508     
  0.998113129491985     
  0.998443152895944     
  0.998297330113133     
  0.998397591659520     
  0.998551510513410     
  0.998447115344145     
  0.998740807818777     
  0.998592028527011     
  0.998819871281787     
  0.998735260420389     
  0.998935410744350     
