  0.983057993239931     
  0.982695890547739     
  0.983868481196188     
  0.983958835656498     
  0.985091506967836     
  0.985589874430970     
  0.986998966496017     
  0.987349170966600     
  0.987181725133886     
  0.987107288561018     
  0.986442404208248     
  0.986016267313079     
  0.986433646820286     
  0.984275677143340     
  0.987043565943937     
  0.982720250811757     
  0.988138120531235     
  0.981596955175162     
  0.988362314868205     
  0.982021798030767     
  0.986913496890124     
  0.983712225765135     
  0.985302813406087     
  0.986251451204913     
  0.984679508850235     
  0.987380374129759     
  0.985486530438459     
  0.988114887006879     
  0.986844304171077     
  0.988930176061324     
  0.988439974347915     
  0.989894298700240     
  0.990335115105527     
  0.991182498972077     
  0.992269683452372     
  0.992918261523925     
  0.994024809613158     
  0.994904316455637     
  0.995859981693860     
  0.996854609652011     
  0.997581945718032     
  0.997567730791107     
  0.997339644706832     
  0.997361788496441     
  0.997041993569026     
  0.997163783736976     
  0.996786073428576     
  0.997075082223738     
  0.996538866410761     
  0.997104231252814     
  0.996295511897707     
  0.997079079947018     
  0.996344623459898     
  0.996914137308530     
  0.996555623129684     
  0.996715869728716     
  0.996590756829708     
  0.996567132421286     
  0.996910723677209     
  0.996062843343842     
  0.996927614888363     
  0.996058591686242     
  0.996864305832578     
  0.996166204688220     
  0.996804721061708     
  0.996270724294145     
  0.996812099859619     
  0.996404583371464     
  0.996876648954568     
  0.996648578860496     
  0.996999264569006     
  0.997008361664733     
  0.997261590427307     
  0.997301422624129     
  0.997624099841923     
  0.997620315311644     
  0.997927578142115     
  0.997909526882060     
  0.998026129552948     
  0.997922730091546     
  0.997893885427925     
  0.997826145762036     
  0.997680475632031     
  0.997699582455371     
  0.997489643592944     
  0.997564305010105     
  0.997329318690772     
  0.997449625149751     
  0.997152460085716     
  0.997323076665409     
  0.997023429305944     
  0.997174000604882     
  0.996917154615986     
  0.997116250015222     
  0.996833612031131     
  0.997021592562777     
  0.996871468600352     
  0.996948364362537     
  0.996867425507113     
  0.996883884046187     
  0.996799258093929     
  0.996288282518590     
  0.995083208940666     
  0.993872274532624     
  0.992555848609773     
  0.991491411562937     
  0.990459259689956     
  0.989025577396691     
  0.987978162267867     
  0.985513175820191     
  0.984729034929304     
  0.982253998318885     
  0.981282641119991     
  0.978934022674589     
  0.978824031217124     
  0.975531504366027     
  0.977141185633989     
  0.972129702450003     
  0.975503650758766     
  0.967848823688804     
  0.973675868401950     
  0.962347514375893     
  0.970218793343167     
  0.957052465254059     
  0.964556727875661     
  0.953450522848793     
  0.959361300644279     
  0.950351636474150     
  0.954038763477810     
  0.948588342083870     
  0.949000341716300     
  0.947217643007039     
  0.945248565506649     
  0.943746490344741     
  0.942959627178634     
  0.938016565405999     
  0.941423525820793     
  0.931845901425023     
  0.939757331633369     
  0.926732506007001     
  0.937427964063027     
  0.922579292706390     
  0.933352047730524     
  0.921477988099279     
  0.926305115520959     
  0.918933468574451     
  0.917730098941319     
  0.914740809585749     
  0.908941763364388     
  0.905969739735814     
  0.898276802258277     
  0.891768891362139     
  0.884716193371249     
  0.874616960009989     
  0.869958611334582     
  0.858074954890854     
  0.855423595952925     
  0.844013391914506     
  0.841455866681824     
  0.833070936750464     
  0.830339982820519     
  0.823605233461728     
  0.821348690227643     
  0.816214535167481     
  0.814114602151963     
  0.810141024276487     
  0.809021385763801     
  0.807272425994563     
  0.807297358549421     
  0.808035739781307     
  0.809145509122241     
  0.811761105259418     
  0.814187970813974     
  0.818391469803212     
  0.822709536834163     
  0.828164436270604     
  0.833531109237315     
  0.839744374165877     
  0.846143364587453     
  0.853278034447886     
  0.860482750388320     
  0.868290450000343     
  0.876042417602618     
  0.884407785253112     
  0.892811174975729     
  0.901667915360614     
  0.910674934246540     
  0.919917252336190     
  0.929186095323604     
  0.938301868729153     
  0.946967874363284     
  0.954721002448372     
  0.961256356395767     
  0.966581428263318     
  0.970864842940426     
  0.974297343882199     
  0.977173522940430     
  0.979594370885572     
  0.981638825081484     
  0.983379481135151     
  0.984844748503468     
  0.986003945688858     
  0.987065181574587     
  0.988142464443019     
  0.988907993105691     
  0.989765784197073     
  0.990336447981243     
  0.990989990944842     
  0.991542161919879     
  0.991964349449524     
  0.992377157934761     
  0.992864114027645     
  0.993046502809970     
  0.993659017759236     
  0.993616714790136     
  0.994254617609341     
  0.993471535740489     
  0.993601585681716     
  0.992257255124751     
  0.992758798598796     
  0.991187453331669     
  0.991672029335519     
  0.990666512035368     
  0.990722143646384     
  0.990088229296678     
  0.989566858811257     
  0.988014966795319     
  0.985700632323818     
  0.983257504597003     
  0.980449777190011     
  0.978172839574128     
  0.976148776098882     
  0.973948574980250     
  0.971759891706908     
  0.971047518983952     
  0.968516888413956     
  0.968177351951993     
  0.965405361991632     
  0.967751860906328     
  0.961562198825749     
  0.966787835986578     
  0.959721918626974     
  0.965888617347710     
  0.959527126511814     
  0.963722614747887     
  0.961967512626747     
  0.960993960045062     
  0.965504976814043     
  0.958621818710436     
  0.969160986334791     
  0.959168103339055     
  0.970316499369420     
  0.961896053786491     
  0.970747562111959     
  0.966145418868182     
  0.971562821634634     
  0.970657303048388     
  0.973593114518090     
  0.975309137566707     
  0.976953395951274     
  0.978860983940641     
  0.980811311591288     
  0.981568717812065     
  0.984871732358142     
  0.985661009963200     
  0.988457163066888     
  0.990517611979570     
  0.992676399574638     
  0.995121870312327     
  0.997143191191125     
  0.998431741490078     
  0.998984871073912     
  0.999070544188959     
  0.999076621289253     
  0.999120076037670     
  0.999127771400770     
  0.999148737345939     
  0.999158478793061     
  0.999127655506918     
  0.998972402984059     
  0.998745121211831     
  0.998555588434431     
  0.998222341698330     
  0.997749640448188     
  0.997224702641110     
  0.996800869629962     
  0.996239553042077     
  0.996093223923722     
  0.995442330173091     
  0.995537901334585     
  0.994780332854735     
  0.994857580461873     
  0.993515664344583     
  0.993619634592254     
  0.992103291437237     
  0.992466656641422     
  0.991026711004759     
  0.991478404374631     
  0.989903678855606     
  0.991056295994196     
  0.988858976222582     
  0.990797237891236     
  0.988234103562792     
  0.990359649120617     
  0.987930623824278     
  0.989811800057897     
  0.987913522224265     
  0.989140931113304     
  0.988260731954374     
  0.988455403179097     
  0.988977375360282     
  0.987946213323912     
  0.989541658354506     
  0.988237735239392     
  0.990068553866464     
  0.988801681643749     
  0.990974007694090     
  0.989690618761283     
  0.991944933951821     
  0.991033041593078     
  0.993047746118757     
  0.992557113246537     
  0.994184455118133     
  0.993906387985370     
  0.995294340434636     
  0.995214067969489     
  0.995948580494322     
  0.996282169510668     
  0.996611360557119     
  0.997241215807826     
  0.997675602310501     
  0.998213523169719     
  0.998771032845389     
  0.999293051408535     
  0.999418237809924     
  0.999511831280017     
  0.999442133865830     
  0.999488962533613     
  0.999440794057842     
  0.999460563619052     
  0.999438834365600     
  0.999435731681552     
  0.999435750572834     
  0.999426299631716     
  0.999422107519109     
  0.999432846715703     
  0.999351313218674     
  0.999376532202445     
  0.999243814230695     
  0.999332219309138     
  0.999157789973787     
  0.999245745394665     
  0.999171741340781     
  0.999156591952361     
  0.999195930255325     
  0.999119193980505     
  0.999228833110058     
  0.999102107041510     
  0.999261143488626     
  0.999081090938568     
  0.999296185025864     
  0.999061992417621     
  0.999330067024439     
  0.999074866671965     
  0.999348007616770     
  0.999111542321120     
  0.999387266340632     
  0.999049811030290     
  0.999174909098686     
  0.998794612137894     
  0.998444282709425     
  0.998114211190518     
  0.997666705225899     
  0.997686176853644     
  0.997155398441100     
  0.996984369965599     
  0.996844866148959     
  0.996646979126309     
  0.996531353255222     
  0.996483452834611     
  0.996247912276700     
  0.996351814596187     
  0.995927025906935     
  0.995619899119398     
  0.995350074590099     
  0.994632361564968     
  0.994914713712476     
  0.993635577788013     
  0.994365696204192     
  0.992451739922584     
  0.994381321481315     
  0.991626356481142     
  0.994161135399552     
  0.991945488885891     
  0.993684281837082     
  0.992448206454897     
  0.992871856488990     
  0.992811674260709     
  0.992259499045366     
  0.993396873489333     
  0.991744796182981     
  0.994236005754488     
  0.991440602377817     
  0.994942486054094     
  0.992004344557182     
  0.994978970254624     
  0.993159976218490     
  0.995114618040056     
  0.994335490472565     
  0.995283590570740     
  0.995712355813109     
  0.995658791206206     
  0.996575010654921     
  0.996117813094206     
  0.996838552331872     
  0.996608334689658     
  0.997070699229694     
  0.997216501097405     
  0.997400268146413     
  0.997784876903687     
  0.997939902045534     
  0.998302705996610     
  0.998639244398600     
  0.998963184351322     
  0.999302691382174     
  0.999567422659514     
  0.999584656338955     
  0.999544288494023     
  0.999561744762388     
  0.999438198222739     
  0.999484247322421     
  0.999387442580975     
  0.999366536967289     
  0.999330726281301     
  0.999257230393234     
  0.999221606003925     
  0.999008821857652     
  0.998956090773036     
  0.998747874320960     
  0.998708494493844     
  0.998560357556609     
  0.998236511486656     
  0.998407121560282     
  0.997717859283682     
  0.998182756821356     
  0.997565868405200     
  0.997839649421583     
  0.997395322488162     
  0.997742302350665     
  0.997261158004625     
  0.997766944102285     
  0.997132287278401     
  0.997872097111365     
  0.996981973789509     
  0.998041744721125     
  0.996862070858757     
  0.998184543080081     
  0.996981400989291     
  0.998082028761519     
  0.997407706993969     
  0.997928233157022     
  0.997678481844813     
  0.997621041346105     
  0.997492502324702     
  0.996955050789040     
  0.997064537562309     
  0.996265917459505     
  0.996210313055710     
  0.995417241568940     
  0.995166227640287     
  0.994547438979283     
  0.994081336038211     
  0.993626172226509     
  0.993075617484167     
  0.992685652603782     
  0.991445550602099     
  0.990934403256243     
  0.989616199599287     
  0.989493627534106     
  0.987952168384590     
  0.987795589367178     
  0.987427689650292     
  0.986072678482527     
  0.987144926467208     
  0.984903111914958     
  0.986934968762121     
  0.984238595671394     
  0.987386899023161     
  0.983295549360877     
  0.987029724583610     
  0.982389827129150     
  0.985091037792946     
  0.984212745344009     
  0.982012154164143     
  0.985430121320319     
  0.979105873769297     
  0.985605670982038     
  0.978333528741451     
  0.984023045326112     
  0.978759727780759     
  0.982226176637442     
  0.979226099272971     
  0.980004173945946     
  0.979176577040104     
  0.978294222111332     
  0.978275501305814     
  0.977513896177403     
  0.976386487897025     
  0.977780269521138     
  0.974117523196222     
  0.978003468432725     
  0.972609842957666     
  0.977537920108016     
  0.972580966636664     
  0.976977454760552     
  0.972970942294880     
  0.976922845389845     
  0.974388535004088     
  0.976975780941243     
  0.975263171094244     
  0.976683397476000     
  0.976052175386567     
  0.977151290120660     
  0.977216961048953     
  0.978243651451190     
  0.978928626677818     
  0.979749103769851     
  0.981016235878822     
  0.981643167270864     
  0.983015465455194     
  0.984088219126563     
  0.985216931780881     
  0.986474227911338     
  0.986631480641079     
  0.988147377400710     
  0.987745274826642     
  0.989684453939438     
  0.988839615245699     
  0.990754698348481     
  0.990077048846990     
  0.991873880934289     
  0.991436089425418     
  0.992960944973674     
  0.992939900197877     
  0.993944414483016     
  0.994252926436956     
  0.994874349114443     
  0.995446845614514     
  0.995957027955165     
  0.996592240053114     
  0.997117567837543     
  0.997616306457975     
  0.997942630216025     
  0.998162167687426     
  0.998398882608807     
  0.998523837023843     
  0.998581720362022     
  0.998540053462048     
  0.998489005627723     
  0.998504707246828     
  0.998477058276131     
  0.998221139852675     
  0.998265950511327     
  0.997810969462812     
  0.997713997244504     
  0.997422172266701     
  0.997172834227721     
  0.997024423786023     
  0.996720868368737     
  0.996533835809410     
  0.996330430159168     
  0.995839983623180     
  0.995881231622279     
  0.994810402815054     
  0.995714654392356     
  0.993625332261391     
  0.995455635858168     
  0.993216679653853     
  0.994652506097642     
  0.993586500664771     
  0.993790489282395     
  0.993974222360767     
  0.993171868194163     
  0.994340320596229     
  0.992830156433886     
  0.994659852829620     
  0.992768444440187     
  0.994960713121372     
  0.993401308614303     
  0.994917243595336     
  0.994954631386372     
  0.994850055029141     
  0.996198449476543     
  0.994896420689275     
  0.997029665082369     
  0.995409042246300     
  0.997661025741673     
  0.996260279393401     
  0.998027506762960     
  0.996970058388106     
  0.998107352012996     
  0.997419181450480     
  0.997996887624570     
  0.997686824174896     
  0.997975134497120     
  0.997470904648182     
  0.997208083649684     
  0.995937208810775     
  0.995162854222622     
  0.994143619747525     
  0.993288860175015     
  0.992747263777019     
  0.991066489172345     
  0.992219619706672     
  0.989181404476876     
  0.991537376977507     
  0.987407817994782     
  0.989903270190555     
  0.985056702013370     
  0.988409449199152     
  0.982858146312716     
  0.987541416741993     
  0.980783634437107     
  0.986931841266268     
  0.979481224699950     
  0.986421187498780     
  0.978981999272541     
  0.984916687273408     
  0.980083046286535     
  0.982955850533940     
  0.981891846722595     
  0.981092628614570     
  0.983185387563886     
  0.981050637729702     
  0.983587768505693     
  0.982355807635043     
  0.983672489179716     
  0.984267397996872     
  0.984192118561936     
  0.986018777709623     
  0.984961437670168     
  0.987791580446883     
  0.986225719245475     
  0.989382358280166     
  0.988676659301855     
  0.990767584348549     
  0.991253874175554     
  0.992967057269443     
  0.993473753054509     
  0.994690268763229     
  0.994346092367123     
  0.994876999457621     
  0.994631851511036     
  0.994939050841429     
  0.994969862072033     
  0.995134751651447     
  0.995227942741259     
  0.995561403738988     
  0.995520112269247     
  0.995687696711834     
  0.995039211801035     
  0.995175760368558     
  0.994359588681550     
  0.994679154264100     
  0.993783512434706     
  0.994146589826788     
  0.993440133737754     
  0.993616430249245     
  0.993277893942866     
  0.993123173912952     
  0.993183090499798     
  0.992766697354630     
  0.993033361874001     
  0.992631692329440     
  0.993002749060222     
  0.992519420199457     
  0.993122054152117     
  0.992489109285725     
  0.993139804511546     
  0.992697118369288     
  0.993248993626040     
  0.992973442180689     
  0.993428479646411     
  0.993250778526325     
  0.993651530534152     
  0.993436130826374     
  0.993907736682413     
  0.993603997501941     
  0.994064231070206     
  0.993596707652332     
  0.994104731173715     
  0.993480408283836     
  0.993730841424274     
  0.993141041931102     
  0.993072648642347     
  0.992524623990167     
  0.992247081933671     
  0.991722112016279     
  0.991252899980096     
  0.990697254813562     
  0.990091673185828     
  0.989489725544291     
  0.988795906484891     
  0.988131322252855     
  0.987340281805095     
  0.986583180587656     
  0.985705258674154     
  0.984948070514377     
  0.983951107417903     
  0.983185740215139     
  0.982176209695144     
  0.981375677011438     
  0.980381025910021     
  0.979533796930782     
  0.978624263902306     
  0.977806807165810     
  0.977040882536497     
  0.976320186360814     
  0.975721216652941     
  0.975167079461351     
  0.974744678980039     
  0.974397299082574     
  0.974174362716262     
  0.974045862911100     
  0.974040138012067     
  0.974128391776604     
  0.974345420113280     
  0.974661603806680     
  0.975075125873225     
  0.975581402258408     
  0.976138140911743     
  0.976757811990798     
  0.977393807727220     
  0.978128509218479     
  0.978909996446423     
  0.979725660102840     
  0.980574774144441     
  0.981486878533523     
  0.982301920084479     
  0.983266113684250     
  0.984023621785326     
  0.984905908676072     
  0.985554040831364     
  0.986360375749821     
  0.986938705351880     
  0.987662986637411     
  0.988128825169587     
  0.988800664005387     
  0.989170960899312     
  0.989764044822889     
  0.990054830339788     
  0.990632760501046     
  0.990855075587444     
  0.991347313307474     
  0.991569680377256     
  0.991939626793296     
  0.992161376966012     
  0.992550462424483     
  0.992691370870696     
  0.993144850608418     
  0.993183610097277     
  0.993750875306111     
  0.993696672131054     
  0.994263472417006     
  0.994311247200469     
  0.994736353090556     
  0.994888469096178     
  0.995230899639064     
  0.995427479069596     
  0.995698258153459     
  0.995950870273161     
  0.996188358625451     
  0.996412614389269     
  0.996631740610184     
  0.996821475476916     
  0.997037954422133     
  0.997218977682903     
  0.997444916184187     
  0.997633611117616     
  0.997810282085270     
  0.998011956819567     
  0.998148738182692     
  0.998332508369562     
  0.998417685559386     
  0.998517019812214     
  0.998558538764016     
  0.998614352197788     
  0.998653755742729     
  0.998514696457163     
  0.997522589217952     
  0.995033173270494     
  0.992265086459396     
  0.989448181241614     
  0.987084636769360     
  0.984940097743215     
  0.982395891082718     
  0.980750075416146     
  0.977818120701616     
  0.977364303980645     
  0.973916662368659     
  0.974109657399938     
  0.970358110104430     
  0.971734271057863     
  0.966944051728391     
  0.970731521745739     
  0.963826827412825     
  0.971047845640811     
  0.961407456353685     
  0.971799266559345     
  0.959813999173561     
  0.970581191181164     
  0.960364849090037     
  0.968176069168693     
  0.963066865257288     
  0.966070513851686     
  0.967606950477666     
  0.965382499121283     
  0.971219663231434     
  0.967421231986076     
  0.973364664047057     
  0.970443963449726     
  0.975572917928497     
  0.974113256836765     
  0.978053183796779     
  0.978182201647450     
  0.981294088405107     
  0.982710567406220     
  0.985342435236990     
  0.987705192326577     
  0.990118938147554     
  0.992897045434127     
  0.995708780066080     
  0.997887789917242     
  0.998475412476588     
  0.998580243203183     
  0.998577051483683     
  0.998717735787836     
  0.998633459587350     
  0.998763590921077     
  0.998625577587152     
  0.998713305705405     
  0.998583468788336     
  0.998697853942290     
  0.998536880472794     
  0.998702537046526     
  0.998487161238341     
  0.998695643430828     
  0.998416418545399     
  0.998740042471632     
  0.998349145573184     
  0.998754432131776     
  0.998369336855473     
  0.998663972731474     
  0.998508349102987     
  0.998553488783667     
  0.998622283025454     
  0.998485736492199     
  0.998688194204281     
  0.998506359268511     
  0.998723352224107     
  0.998580404621530     
  0.998730604951587     
  0.998721384223365     
  0.998690329492865     
  0.998803840805249     
  0.998704075449201     
  0.998850530638225     
  0.998819571717920     
