  0.980218415744354     
  0.979847976713372     
  0.981343046050758     
  0.980040863111407     
  0.983166784899783     
  0.980864794898092     
  0.984853036633341     
  0.982458771277498     
  0.986217915621305     
  0.985670635258263     
  0.985505652818725     
  0.989257502675758     
  0.983076517015758     
  0.989921595244015     
  0.984460344025758     
  0.984962188071029     
  0.990105351302177     
  0.980393480066597     
  0.992162395435572     
  0.982453319736401     
  0.985763533213430     
  0.988878851327848     
  0.982532346624990     
  0.989839445733514     
  0.984938804129197     
  0.986444039648477     
  0.988915789064788     
  0.985601385709794     
  0.990155309659705     
  0.986781612706631     
  0.989862350695565     
  0.988675052333801     
  0.990111526804051     
  0.990122799515620     
  0.990958129020726     
  0.991109404813831     
  0.992233834446558     
  0.992349024563572     
  0.993371294973296     
  0.994016914595083     
  0.994650422848849     
  0.995906034530563     
  0.996334372915202     
  0.997227942989898     
  0.997053600870412     
  0.996966932586879     
  0.997340876892459     
  0.996338608475011     
  0.997416910500270     
  0.996202576190451     
  0.996919407989080     
  0.997287015080879     
  0.995639383310439     
  0.997574894754323     
  0.995691061821443     
  0.997144356097052     
  0.996789862261217     
  0.995722305882168     
  0.997487178506699     
  0.995425811603612     
  0.997146442156939     
  0.996335002460144     
  0.996162570712094     
  0.996844753558884     
  0.995905619890493     
  0.996956317559548     
  0.996265083679405     
  0.996746289234773     
  0.996585980237060     
  0.996670379531528     
  0.996751436752828     
  0.996827164567514     
  0.996894061295243     
  0.997036678889897     
  0.997172255405238     
  0.997191309092260     
  0.997503719966443     
  0.997291024957217     
  0.997699595235586     
  0.997690486835012     
  0.997706896384547     
  0.997903661864251     
  0.997569709293037     
  0.997846336970870     
  0.997585638631747     
  0.997580821001458     
  0.997562445136794     
  0.997331935255661     
  0.997484468852828     
  0.997338507328951     
  0.997264362795676     
  0.997313878690387     
  0.996973936690084     
  0.997261408670347     
  0.996990665527133     
  0.997113927825147     
  0.997004775128144     
  0.996830085955711     
  0.996558295245785     
  0.995519584774301     
  0.994625262288875     
  0.993669247084552     
  0.992653806455555     
  0.991670338256797     
  0.991054335017965     
  0.988829340641888     
  0.988679915659214     
  0.985731108548687     
  0.986210664645541     
  0.982182030179711     
  0.983535156655999     
  0.979103004233398     
  0.980371342141835     
  0.977965766885963     
  0.975626576003874     
  0.978002556231012     
  0.970471194699427     
  0.975584595463683     
  0.967703978207177     
  0.967975558443846     
  0.967834687176948     
  0.959354005625874     
  0.967450709728391     
  0.952969577020517     
  0.963798621897859     
  0.950366331708134     
  0.958206990217134     
  0.949589875443898     
  0.951954268145334     
  0.950049875724077     
  0.944332955053768     
  0.950011724114439     
  0.938245280003519     
  0.944919927770688     
  0.936675589687728     
  0.936260733059763     
  0.938486760516494     
  0.926752269191726     
  0.936282963591518     
  0.919084337674990     
  0.933367234778550     
  0.918004463433166     
  0.926584270386916     
  0.916558117233243     
  0.916395163398392     
  0.914611475430749     
  0.907694891629015     
  0.908174808008030     
  0.896236468467198     
  0.894699805946439     
  0.885093298055796     
  0.879339597821008     
  0.876546120677737     
  0.864327909878624     
  0.866861335598159     
  0.851387673289413     
  0.854576628723408     
  0.843086166878497     
  0.842064872069647     
  0.836958131941076     
  0.832080428041968     
  0.831745164296683     
  0.826586726160645     
  0.826864598926783     
  0.824920468954513     
  0.823397149118664     
  0.823750378038023     
  0.822350904417120     
  0.823090065766004     
  0.823423637005424     
  0.824411260661504     
  0.826156378909751     
  0.828395975320273     
  0.831192956217600     
  0.834768745159596     
  0.838442314878749     
  0.843372215947814     
  0.848044107225458     
  0.853533761508190     
  0.859027309127659     
  0.864774211817317     
  0.871019643317973     
  0.877193418630020     
  0.883889335125127     
  0.890443696482635     
  0.897357202244734     
  0.904268977668498     
  0.911499519066679     
  0.918900519834720     
  0.926355128894269     
  0.933982887142949     
  0.941493101426541     
  0.948866248217221     
  0.955888686087405     
  0.962105784751920     
  0.967397810374608     
  0.971650979531065     
  0.975024851854363     
  0.977850217638135     
  0.980139917484865     
  0.982076058992291     
  0.983630455096579     
  0.984898162051578     
  0.986377968836093     
  0.987271077226910     
  0.988412296169640     
  0.989028851000246     
  0.990052160964182     
  0.990316339970346     
  0.991269705940636     
  0.991474928249564     
  0.992058062786423     
  0.992523492848561     
  0.992303583986866     
  0.992461691857518     
  0.991836897506039     
  0.991721883283616     
  0.991473778307485     
  0.990926814753839     
  0.990999877617630     
  0.990279630503882     
  0.990817273524493     
  0.989564829836557     
  0.989099867783630     
  0.986608513276977     
  0.985946692677060     
  0.982557730691661     
  0.981929321445560     
  0.979098469990928     
  0.976278756337300     
  0.978022884284056     
  0.972191014387974     
  0.976422692273920     
  0.969392887629719     
  0.971364036848542     
  0.969555986031864     
  0.966813686831986     
  0.972196885198572     
  0.963227580050268     
  0.968377995673899     
  0.965624117649131     
  0.964032562110086     
  0.969382440437327     
  0.960314166681783     
  0.970254546332581     
  0.961200819423832     
  0.965300772470877     
  0.968828492018463     
  0.959533420973946     
  0.974655073882645     
  0.959985119927382     
  0.970484017604677     
  0.968265248237256     
  0.966190324761514     
  0.974024157547777     
  0.967341592945042     
  0.973896008778089     
  0.973502832472910     
  0.972902699363320     
  0.978824598783316     
  0.974819468209218     
  0.981780742982576     
  0.979030511139374     
  0.984393137364216     
  0.982606394896810     
  0.986918139981408     
  0.986125321944959     
  0.989539435905303     
  0.990055157551586     
  0.992236847068297     
  0.994071677067593     
  0.995913362787077     
  0.997514231129587     
  0.998608921210274     
  0.999019827080501     
  0.999059366419992     
  0.998963836904718     
  0.998774483739556     
  0.998644586082658     
  0.998363263222528     
  0.998000821502115     
  0.997589850781905     
  0.997138058515268     
  0.996912332200112     
  0.996357030483954     
  0.996261480452092     
  0.995716065396045     
  0.995642419966878     
  0.995010370078444     
  0.994445593302525     
  0.993902739554150     
  0.993005320874193     
  0.992915069983141     
  0.991680544860456     
  0.991854159460074     
  0.990991546618931     
  0.990718350869379     
  0.990513931818516     
  0.989987831863923     
  0.989644078267482     
  0.989612468935620     
  0.988920647527296     
  0.989634737257717     
  0.988612895117134     
  0.989147953814384     
  0.988685728826702     
  0.988043923587802     
  0.989711405549425     
  0.987225556232094     
  0.990096423968475     
  0.987932171433269     
  0.988754577594779     
  0.989944938010243     
  0.987490267815756     
  0.991131443514290     
  0.988523309109056     
  0.990563549965077     
  0.990733500510490     
  0.989748711514246     
  0.992445672301566     
  0.990648590942831     
  0.993152466128444     
  0.992404552990337     
  0.993636425077548     
  0.994110928075674     
  0.994429500054564     
  0.995373182522777     
  0.995536816179395     
  0.996269343450490     
  0.996450109127539     
  0.996777770411691     
  0.997333989352228     
  0.997552033672388     
  0.998075837523251     
  0.998482245415082     
  0.998990764746376     
  0.999287951548273     
  0.999510111216263     
  0.999457166698329     
  0.999510164090677     
  0.999478733363961     
  0.999474609337936     
  0.999524518380508     
  0.999392901609617     
  0.999478253192202     
  0.999329837118577     
  0.999354677324507     
  0.999371540800894     
  0.999211471660992     
  0.999341817364274     
  0.999179489138290     
  0.999252695153813     
  0.999244004142118     
  0.999137378483014     
  0.999256475762738     
  0.999140640187029     
  0.999182349926569     
  0.999258942573777     
  0.999028769160195     
  0.999315535099716     
  0.999017059176667     
  0.999237263844097     
  0.999269117087038     
  0.998978004114334     
  0.999389692823390     
  0.998709758963354     
  0.999101929099816     
  0.998489082299111     
  0.998322178939301     
  0.998301479964221     
  0.997501696133763     
  0.997727214146602     
  0.997404153523982     
  0.997035969387710     
  0.997246766959620     
  0.996478816605916     
  0.997121219947226     
  0.995929580267157     
  0.996957791402028     
  0.995373223546627     
  0.996272799893389     
  0.995316935396081     
  0.995067779375264     
  0.995587904007402     
  0.992891524024223     
  0.995388914728197     
  0.992910812746818     
  0.994729592097144     
  0.994143207404905     
  0.991920141731139     
  0.994206608195702     
  0.992010150629172     
  0.993717695053597     
  0.994039344177514     
  0.991210675738693     
  0.993856132992922     
  0.992473530930225     
  0.992541050080516     
  0.994280564371238     
  0.991262138276054     
  0.993791028455038     
  0.993230096065953     
  0.991799824981526     
  0.995360836458189     
  0.991480626315214     
  0.995117064731547     
  0.993809970047338     
  0.993273279589757     
  0.995901943805492     
  0.993380501643414     
  0.995789862438625     
  0.995525723259057     
  0.994989997029489     
  0.996915853380911     
  0.995681953872943     
  0.997337219310627     
  0.996472748117384     
  0.997284218027565     
  0.997148772339063     
  0.997419294008273     
  0.997579833482416     
  0.997858732158939     
  0.997914734638752     
  0.998339965930082     
  0.998440942804942     
  0.998710922899450     
  0.998998305263569     
  0.999270086995593     
  0.999443574586798     
  0.999479219228532     
  0.999474860709419     
  0.999371872562389     
  0.999471992990238     
  0.999075228764071     
  0.999256958874946     
  0.998912479523618     
  0.998985589602237     
  0.998947746334624     
  0.998540782207476     
  0.998650011146035     
  0.998211085430282     
  0.998327446233641     
  0.998533012900894     
  0.997652204943033     
  0.998520132673150     
  0.997115372209201     
  0.998245534510951     
  0.997624691323700     
  0.997647254947726     
  0.998117652690916     
  0.996853708489683     
  0.998265706746234     
  0.997004921196883     
  0.997794064604727     
  0.997886915221510     
  0.996801808259255     
  0.998585082510593     
  0.996466050391837     
  0.998357437082353     
  0.997154372775091     
  0.997193838901280     
  0.997744108889711     
  0.996142283822392     
  0.997402132444060     
  0.995952921473575     
  0.996248125027043     
  0.996125899677461     
  0.995077588082515     
  0.995743646443484     
  0.994576531866751     
  0.994957247155577     
  0.994306000198772     
  0.993537215200126     
  0.993227783593510     
  0.991898900968155     
  0.991805635978756     
  0.990963769276231     
  0.990649468425759     
  0.989967746528183     
  0.989856220543669     
  0.989236819631376     
  0.989410402078494     
  0.988247680316125     
  0.989152368948302     
  0.987894468081688     
  0.988209996899548     
  0.988193196889545     
  0.985148161574212     
  0.987763508974770     
  0.984736635301266     
  0.984771793614068     
  0.987255671972418     
  0.980757462086662     
  0.985421333514532     
  0.984119315115346     
  0.979543456552387     
  0.986756590751496     
  0.975922472386411     
  0.985673907676165     
  0.978983956108771     
  0.981072248895653     
  0.980833502522496     
  0.977909739501983     
  0.981482084660085     
  0.977453089874202     
  0.981194513336130     
  0.977166796402748     
  0.979379074875569     
  0.978459352634887     
  0.975785451377497     
  0.981418430685207     
  0.973313998165737     
  0.982112663397650     
  0.973849621559262     
  0.979530784795909     
  0.977107751609127     
  0.976880054003360     
  0.979756931829380     
  0.976547654315478     
  0.980211198758719     
  0.978641892960558     
  0.979454104793161     
  0.981189901489308     
  0.978621869818961     
  0.982533284447728     
  0.979835075712715     
  0.982426258123054     
  0.982450764850924     
  0.982613515860013     
  0.984147835309885     
  0.984548743147613     
  0.985024893017342     
  0.987159319436739     
  0.986827287131424     
  0.988732556341831     
  0.989260675306131     
  0.989847644604181     
  0.990370561489872     
  0.991519110066462     
  0.990928455125249     
  0.992856883848626     
  0.992158201222803     
  0.993386133625450     
  0.993769987555888     
  0.993817412784894     
  0.994985204010937     
  0.994948214756931     
  0.995660791610216     
  0.996096737204475     
  0.996129063675313     
  0.996985618809827     
  0.996872377523626     
  0.997653900280836     
  0.997561222903685     
  0.997976245038032     
  0.997945280765371     
  0.997996642007264     
  0.997956989208683     
  0.998119084611824     
  0.997833854300115     
  0.998018080078286     
  0.997655498336628     
  0.997847192904780     
  0.997388717509742     
  0.997696637046383     
  0.996973297376763     
  0.997496908831944     
  0.996669287148245     
  0.996902802989256     
  0.996681491548262     
  0.995749495855172     
  0.996612660140456     
  0.994897397294764     
  0.996140009092046     
  0.995441137073036     
  0.994418909666435     
  0.996025134372582     
  0.993710497188467     
  0.995716995779806     
  0.994464419364310     
  0.994558367654179     
  0.995106690205098     
  0.994248044603448     
  0.995028011017500     
  0.994650639117116     
  0.994261657299084     
  0.995182678946439     
  0.994824234864076     
  0.994728117268161     
  0.995633702650224     
  0.994725259344417     
  0.995880438154928     
  0.996325586399281     
  0.994840072591672     
  0.997015818129280     
  0.995080656196351     
  0.997054346930894     
  0.996899746406856     
  0.996093210355388     
  0.997828984293586     
  0.996098956121528     
  0.998008587122053     
  0.996898504603913     
  0.996982602585593     
  0.996184276726823     
  0.994892723712233     
  0.994996754489721     
  0.993567653526974     
  0.993678623533299     
  0.992704907301295     
  0.991980391801694     
  0.992064404808120     
  0.990301907153091     
  0.991808633109536     
  0.988231572545892     
  0.990157389638651     
  0.987162740393216     
  0.987147066022313     
  0.988534685872601     
  0.983304889686246     
  0.989088704531532     
  0.982052930260243     
  0.985714937799096     
  0.986056488193234     
  0.978796230245560     
  0.991014499693060     
  0.975577023023336     
  0.988801474565362     
  0.981639439038120     
  0.980693522408627     
  0.988020089243967     
  0.976822681267850     
  0.988875680852594     
  0.980092097450842     
  0.983890090719572     
  0.986330710483787     
  0.979489514474174     
  0.990015658203961     
  0.979996125179501     
  0.989304549530087     
  0.984074118040802     
  0.986952949297358     
  0.987891804005692     
  0.986815824296892     
  0.989281917397269     
  0.989002133492385     
  0.989746720846896     
  0.991033111310567     
  0.990918870999833     
  0.992764404577951     
  0.992425676246856     
  0.994292264239049     
  0.993736381928259     
  0.994642319599867     
  0.993971862520612     
  0.994586877431717     
  0.994378574252255     
  0.994591227346887     
  0.994904555512002     
  0.994737325730380     
  0.995556595306004     
  0.995088450656799     
  0.995679464976221     
  0.995385851161422     
  0.994800653578809     
  0.995593033562770     
  0.994186132701330     
  0.995121020833527     
  0.994618893564415     
  0.994107190066866     
  0.994938176791061     
  0.993562516533875     
  0.994569669488337     
  0.994057236089216     
  0.993950838514728     
  0.994324131617812     
  0.993843965645370     
  0.993919407300872     
  0.994284234792005     
  0.993777609780118     
  0.994198302112969     
  0.993980473250005     
  0.994037436794385     
  0.994260970066485     
  0.994004751716268     
  0.994292976293290     
  0.994140250369305     
  0.994085703295722     
  0.994409195702584     
  0.993724955734486     
  0.994423175926807     
  0.993692396685293     
  0.994179070502923     
  0.993806206492940     
  0.993615705805181     
  0.993569470326735     
  0.992932688629252     
  0.992949546876701     
  0.992360524168613     
  0.992004245821370     
  0.991598652890900     
  0.990946690430541     
  0.990667761832424     
  0.989831620146824     
  0.989530000449303     
  0.988687769309084     
  0.988214582231515     
  0.987597305777811     
  0.986848695893329     
  0.986427258897128     
  0.985582163281348     
  0.985163116879132     
  0.984551908940776     
  0.983904974397598     
  0.983565659921211     
  0.982834131297635     
  0.982556501731075     
  0.982025852010323     
  0.981685470232329     
  0.981404710974666     
  0.981051086673604     
  0.980949379534093     
  0.980726409021095     
  0.980718369048270     
  0.980678784482263     
  0.980743602073610     
  0.980862062582097     
  0.981000161755445     
  0.981230876704798     
  0.981499782847129     
  0.981829239885895     
  0.982202781771227     
  0.982651724574112     
  0.983099561802430     
  0.983613723605075     
  0.984126657401340     
  0.984671853266920     
  0.985241288241709     
  0.985772433517346     
  0.986313097161412     
  0.986916558064206     
  0.987363165372708     
  0.988050887577414     
  0.988438509815868     
  0.989026743051521     
  0.989554873930697     
  0.989872699920085     
  0.990671463354453     
  0.990718968612770     
  0.991494949481629     
  0.991539302522791     
  0.992075728854164     
  0.992531671616130     
  0.992573700632623     
  0.993288875227931     
  0.993041038498729     
  0.993659979353681     
  0.993937961250671     
  0.993828004714895     
  0.994750815880543     
  0.994038034721559     
  0.995189396982941     
  0.994730136099424     
  0.995255582895345     
  0.995565555428681     
  0.995357295166861     
  0.996057229959137     
  0.995875177859861     
  0.996213844482795     
  0.996526094331980     
  0.996374274361465     
  0.996951666675361     
  0.996825222957944     
  0.997208774885843     
  0.997287842766408     
  0.997461530475370     
  0.997622754073538     
  0.997769610700797     
  0.997882215027348     
  0.998072423156518     
  0.998115691220612     
  0.998304855567267     
  0.998392624621892     
  0.998507308591888     
  0.998625843508275     
  0.998561084971771     
  0.997896827339282     
  0.995940522355572     
  0.993694218230028     
  0.991800902838234     
  0.989612186273071     
  0.987662412335931     
  0.986017060061028     
  0.983523030231829     
  0.983332779555849     
  0.979578647999019     
  0.981156587053652     
  0.976198417182418     
  0.978606160251677     
  0.973934202059176     
  0.973999218383922     
  0.974284297740026     
  0.968636824344798     
  0.977137691002817     
  0.965657748363085     
  0.974298093940330     
  0.968475446779283     
  0.964418962339631     
  0.978264467224099     
  0.958968863084521     
  0.979963010073653     
  0.961873908097561     
  0.968218640653090     
  0.973142791180510     
  0.962938197105714     
  0.977194356282695     
  0.966411030457248     
  0.970551720149238     
  0.974396105368600     
  0.969181501073196     
  0.977911893894460     
  0.971635034478834     
  0.976993659389642     
  0.976224409872327     
  0.977494520154182     
  0.980420514595370     
  0.980078506077464     
  0.983296179539776     
  0.983758174619958     
  0.986189123487062     
  0.987679323217336     
  0.989823375731154     
  0.992166643671459     
  0.994194492779692     
  0.996465349598851     
  0.998043434273763     
  0.998539716862816     
  0.998504953344512     
  0.998605436283820     
  0.998533917539024     
  0.998647809925065     
  0.998560316450931     
  0.998546278568134     
  0.998660493018678     
  0.998367438620086     
  0.998721616723863     
  0.998448732275093     
  0.998531283620805     
  0.998739146041871     
  0.998092122029397     
  0.998939565898136     
  0.998064557823340     
  0.998789300273761     
  0.998463334146216     
  0.998336898706731     
  0.998827077999481     
  0.998136963728787     
  0.998896855485036     
  0.998323890733489     
  0.998669583770287     
  0.998695042956788     
  0.998341233452294     
  0.998892858570855     
  0.998238877666510     
  0.998846829849290     
  0.998509994257692     
  0.998643052904324     
  0.998782151018207     
