  0.999489208249037     
  0.999521953938463     
  0.999515997331639     
  0.999360149457048     
  0.999078978379264     
  0.998704455988160     
  0.998342134288170     
  0.997974295149579     
  0.997639474562836     
  0.997075351700444     
  0.993566886078019     
  0.987254089776830     
  0.981663361175639     
  0.977428446322461     
  0.974368400666898     
  0.972046613448950     
  0.970308717843942     
  0.969183131123704     
  0.968620065681602     
  0.968606405655994     
  0.969092810564550     
  0.970238475458315     
  0.972126021288816     
  0.974769106447408     
  0.978697240854483     
  0.984365704153731     
  0.991256120693766     
  0.996834926933255     
  0.998545238538564     
  0.999078078663023     
  0.999346321469272     
  0.999383746605610     
  0.999385114899892     
  0.999382932701079     
  0.999378056962776     
  0.999372119686179     
  0.999366695948797     
  0.999363416277724     
  0.999362379505744     
  0.999362142696238     
  0.999357276033679     
  0.999347426348857     
  0.999313256502243     
  0.999188099126418     
  0.999031120484154     
  0.998875133684744     
  0.998727129188752     
  0.998346004870487     
  0.997326755488239     
  0.996148166420357     
  0.995107199853241     
  0.994542655252842     
  0.994376089134661     
  0.994530055293173     
  0.994826733977269     
  0.995104978496359     
  0.995274923724092     
  0.995299864116973     
  0.995220814381172     
  0.995055923537136     
  0.994878028466531     
  0.994986084246548     
  0.995717690078340     
  0.996857276373387     
  0.998001464226500     
  0.998581603169149     
  0.998900783095620     
  0.998995511144859     
  0.998979583013854     
  0.998952047188191     
  0.998878338110359     
  0.998707783838822     
  0.998550751372930     
  0.998434141675893     
  0.998356760510847     
  0.998304472405427     
  0.998267454898214     
  0.998241671710750     
  0.998220642800044     
  0.998195579606244     
  0.998136863863139     
  0.998049100608425     
  0.997960219832857     
  0.997883827644345     
  0.997797110229225     
  0.997675179897400     
  0.997471506166930     
  0.997146273832848     
  0.996696599987871     
  0.996268014346689     
  0.995914939731209     
  0.995674572096552     
  0.995569627744577     
  0.995630077386974     
  0.995846749903766     
  0.996161769743693     
  0.996531827664169     
  0.996871842903661     
  0.997131702373203     
  0.997309870098068     
  0.997433883160072     
  0.997488859786913     
  0.997464791522541     
  0.997381332052293     
  0.997294717096415     
  0.997207734686860     
  0.997122451493229     
  0.997034722491363     
  0.996933194986103     
  0.996823932392089     
  0.996705785406442     
  0.996575383508727     
  0.996424772781128     
  0.996054197156982     
  0.992847446916824     
  0.986102588646025     
  0.979814483074049     
  0.975829738024807     
  0.974435721748009     
  0.974267100832753     
  0.973191209884239     
  0.969417978991261     
  0.965221260561209     
  0.960833278513008     
  0.955962734189106     
  0.951737245622284     
  0.948806132851009     
  0.947959010614946     
  0.950076040816524     
  0.955028891971410     
  0.959920776552417     
  0.961042799853404     
  0.958893089218368     
  0.955282755767053     
  0.950761615581497     
  0.946638761399649     
  0.945111093347282     
  0.945376524516911     
  0.945588825691124     
  0.946446181364728     
  0.946625715059503     
  0.945171133605527     
  0.943202393495154     
  0.940920732912268     
  0.938679518882831     
  0.936527864577028     
  0.933510581398310     
  0.930486755562785     
  0.928719506968349     
  0.928859765204654     
  0.927278985539532     
  0.922243024185423     
  0.914504821070870     
  0.906396546115237     
  0.898441471447445     
  0.890899505757361     
  0.883967950426108     
  0.877730847726765     
  0.872210582742849     
  0.867098003053728     
  0.861672939222363     
  0.853270806025338     
  0.839370310297781     
  0.818626244147879     
  0.793773623602290     
  0.767907139032830     
  0.743241195635846     
  0.721402119007253     
  0.703477885199384     
  0.690806029795994     
  0.684676574432399     
  0.685172543871563     
  0.692306499497999     
  0.707039163854986     
  0.728502843821271     
  0.755693616757130     
  0.787034260817475     
  0.820196548924497     
  0.851776371472372     
  0.878979017287571     
  0.900689700615922     
  0.917351934848526     
  0.930061628086689     
  0.940088742004547     
  0.948296768803408     
  0.955107498706469     
  0.960764160695785     
  0.965466677566893     
  0.969352773508706     
  0.972567162849418     
  0.975262839356828     
  0.977571158913196     
  0.979587751813878     
  0.981346670175546     
  0.982906772178364     
  0.984324074733475     
  0.985635792946818     
  0.986845898748141     
  0.987957668056677     
  0.988968967026736     
  0.989882119077532     
  0.990583622279592     
  0.991305856309519     
  0.991947906977553     
  0.992520392886225     
  0.993023233375964     
  0.993475118003297     
  0.993901627220378     
  0.994303457896422     
  0.994658476171673     
  0.994949200470093     
  0.995040901396908     
  0.994978010064196     
  0.994966459272990     
  0.995015047493884     
  0.995119641387073     
  0.995255259125795     
  0.995330413968021     
  0.995250627039269     
  0.995219789859960     
  0.995246816128977     
  0.995301168270892     
  0.995371352671051     
  0.995473117895429     
  0.995621414369756     
  0.995850162337259     
  0.996179683906870     
  0.996586714967226     
  0.996540140615078     
  0.994300795986178     
  0.990516521145244     
  0.987214501213904     
  0.984174386730788     
  0.981749386834166     
  0.979751646248778     
  0.978083670914676     
  0.977016732507555     
  0.976662483818886     
  0.975967676162887     
  0.971474295714782     
  0.963565356923583     
  0.952769908923037     
  0.943691915560383     
  0.937584733096460     
  0.934601714734579     
  0.933699539897894     
  0.933621441126286     
  0.933093535236696     
  0.933508756276955     
  0.934999848884390     
  0.937794788778239     
  0.942106598177107     
  0.947987769871071     
  0.956105891301238     
  0.966626482248440     
  0.979055070360478     
  0.989628561590237     
  0.996134214054085     
  0.998634854163129     
  0.998809547600226     
  0.998884819132541     
  0.998957614222369     
  0.999002300301605     
  0.999031832510150     
  0.999059174514774     
  0.999085444439382     
  0.999108522006628     
  0.999132122777936     
  0.999159805649789     
  0.999187405350067     
  0.999203030517088     
  0.999202755224723     
  0.999200086719463     
  0.999202504362289     
  0.999212506552361     
  0.999208726384566     
  0.999188693197021     
  0.999176579363807     
  0.999175243582172     
  0.999185435163384     
  0.999204531697206     
  0.999226604464859     
  0.999250923005453     
  0.999267361386699     
  0.999285929059434     
  0.999308527988105     
  0.999329186616089     
  0.999343354403583     
  0.999357329559222     
  0.999373321088251     
  0.999379894425855     
  0.999095141886394     
  0.998081455012215     
  0.996999980585041     
  0.996213026175496     
  0.995179808968976     
  0.993576789771364     
  0.992261796369381     
  0.991647250750322     
  0.991740108446840     
  0.992102503173693     
  0.992425305291297     
  0.992541586142386     
  0.992114820819197     
  0.989884922423107     
  0.986941372854334     
  0.984558217043602     
  0.983353814185979     
  0.982952726781533     
  0.983003071663002     
  0.983976936382475     
  0.985526666634149     
  0.986567127109989     
  0.986881111979239     
  0.987229471973282     
  0.987819586861753     
  0.988728253395423     
  0.990126541372377     
  0.992319891737973     
  0.995182555770157     
  0.998063221832786     
  0.999316026066352     
  0.999630497974169     
  0.999659242435582     
  0.999661297928618     
  0.999663361827496     
  0.999659615304484     
  0.999647425831677     
  0.999631935411159     
  0.999623589177166     
  0.999616964198916     
  0.999614053990401     
  0.999614328417261     
  0.999619548485370     
  0.999628486640874     
  0.999636289818774     
  0.999621178455340     
  0.999575221016699     
  0.999506883132848     
  0.999430297663880     
  0.999348995630575     
  0.999241140261451     
  0.999124368173951     
  0.999040805229137     
  0.998985446487618     
  0.998949982300124     
  0.998944449429828     
  0.998972056545308     
  0.999027805669388     
  0.999105710130405     
  0.999206127417587     
  0.999312571091289     
  0.999409095187296     
  0.999486069964969     
  0.999553710056107     
  0.999616528539834     
  0.999676021591647     
  0.999734089903104     
  0.999703156845223     
  0.999447695052152     
  0.999164216589261     
  0.998971529589081     
  0.998934150186109     
  0.998980586424034     
  0.999050752494744     
  0.999109431973169     
  0.999138467216085     
  0.999133240011274     
  0.999094929160721     
  0.999029349310599     
  0.998947802380194     
  0.998898365472867     
  0.998952888140424     
  0.999165199479249     
  0.999445757978975     
  0.999655808964584     
  0.999682666269771     
  0.999681056823143     
  0.999677838611375     
  0.999615372231382     
  0.999234551859130     
  0.998505932369458     
  0.997068254330581     
  0.995473424738529     
  0.994600961993996     
  0.994293424817848     
  0.994251677410106     
  0.994234711526047     
  0.994143438875479     
  0.993975486564849     
  0.993745634794691     
  0.993449158202230     
  0.993186425099498     
  0.993158604973674     
  0.993412322344279     
  0.993029785574238     
  0.992322287601295     
  0.991905560053748     
  0.992002536086616     
  0.992098974923819     
  0.991769172832429     
  0.991599937329074     
  0.991568569216128     
  0.991623873101134     
  0.991761388349432     
  0.991942934988538     
  0.992251465728142     
  0.992720082843738     
  0.993449375474183     
  0.994608336831728     
  0.996242608730311     
  0.998152308080138     
  0.999477450148360     
  0.999664076775469     
  0.999669932255167     
  0.999675226661946     
  0.999674527303963     
  0.999675047231505     
  0.999679575103850     
  0.999688344129166     
  0.999700781102609     
  0.999714478348473     
  0.999726697578551     
  0.999741385558978     
  0.999762171209074     
  0.999784962175286     
  0.999795225688188     
  0.999784415171041     
  0.999773028808192     
  0.999768229182826     
  0.999765901301619     
  0.999738806792388     
  0.999707793154378     
  0.999687188148600     
  0.999672010895869     
  0.999656784440783     
  0.999529610730209     
  0.999274448824571     
  0.998931892339644     
  0.998591657652783     
  0.998255207519122     
  0.997944862963539     
  0.997695358572594     
  0.997528469358558     
  0.997429907583671     
  0.997443185577164     
  0.997598146897619     
  0.997839244718946     
  0.997870467020203     
  0.997703669448074     
  0.997712199604523     
  0.997845664593857     
  0.997941797617640     
  0.997622848184721     
  0.997174760381768     
  0.996836233408602     
  0.996734960876604     
  0.996754424036681     
  0.996754155609331     
  0.996751302410927     
  0.996770244916918     
  0.996832928735120     
  0.996977628481790     
  0.997242955167752     
  0.997660574510551     
  0.997983389947924     
  0.998152880638954     
  0.998533358050118     
  0.999037091074399     
  0.999470319992798     
  0.999580648584075     
  0.999605308371604     
  0.999640721807062     
  0.999673766223178     
  0.999362473699195     
  0.997855333373379     
  0.995018686110930     
  0.991271028013332     
  0.987043600471478     
  0.982206166827933     
  0.977460587444770     
  0.973619337616269     
  0.971107008863962     
  0.970085675490982     
  0.970637544955029     
  0.972707994441303     
  0.976028255176398     
  0.979034479596253     
  0.980136882803604     
  0.981263033264314     
  0.982445055002068     
  0.983376937877049     
  0.983745845821188     
  0.983780708118542     
  0.984015882548004     
  0.984446094259198     
  0.984882467164512     
  0.985262895042297     
  0.985778085340994     
  0.986607443137057     
  0.987751407752687     
  0.988733400028452     
  0.988038150547427     
  0.987046852328522     
  0.986985167177967     
  0.986031734511268     
  0.983135366005278     
  0.979047424464363     
  0.974121057742991     
  0.968973457741587     
  0.963646020212359     
  0.958491092820716     
  0.954385128917320     
  0.951799584515308     
  0.950518684271347     
  0.951005956346173     
  0.954177577120427     
  0.960061078444047     
  0.967149513438265     
  0.972414335440512     
  0.976367649494047     
  0.979282364177572     
  0.980203123626516     
  0.979404218932507     
  0.978294584398777     
  0.977973482331820     
  0.977935620525362     
  0.978059602732557     
  0.978739503020036     
  0.979905596038653     
  0.980951343244676     
  0.981597988213193     
  0.982136518224093     
  0.982804058673296     
  0.983590049501635     
  0.984682038817841     
  0.986252615203961     
  0.987730850859057     
  0.988553402849932     
  0.988537709984298     
  0.988447355796610     
  0.988878886138583     
  0.989857053737463     
  0.991247395377074     
  0.992957510807561     
  0.994859405822962     
  0.996697227465261     
  0.998182250804937     
  0.999157403884090     
  0.999621520269924     
  0.999684998301144     
  0.999688162772797     
  0.999692521467240     
  0.999703168889158     
  0.999712509777531     
  0.999717872444537     
  0.999725848521330     
  0.999732969408662     
  0.999738520733465     
  0.999743919530636     
  0.999746882309020     
  0.999747173966038     
  0.999745892494569     
  0.999743901358219     
  0.999725351470065     
  0.999573335739397     
  0.999343523420918     
  0.999107888947181     
  0.998423360412425     
  0.997300327866738     
  0.996281893716555     
  0.995740315214964     
  0.995616518951163     
  0.995636496920294     
  0.995535439793774     
  0.994859524702738     
  0.993577496210379     
  0.991857451582575     
  0.989914011188677     
  0.987982086063956     
  0.986360787389069     
  0.985371834274072     
  0.985283655505351     
  0.986105922354078     
  0.987430530487474     
  0.988969980341937     
  0.990300899841801     
  0.992048876941746     
  0.993737009038053     
  0.995368038364907     
  0.996913391160917     
  0.997954934306825     
  0.998371571664629     
  0.998444384447085     
  0.998460695836637     
  0.998468566739313     
  0.998484622685618     
  0.998512932538690     
  0.998539219910726     
  0.998641122646322     
  0.998944170284542     
  0.999150004466023     
  0.999406105156641     
  0.999555663043847     
  0.999543810819677     
  0.999529393690947     
  0.999513467451212     
  0.999492291084227     
  0.999444516286254     
  0.999175808136715     
  0.998554658164014     
  0.997936775269350     
  0.997433584095530     
  0.997038313560124     
  0.996695086171115     
  0.996357972586104     
  0.996047281713443     
  0.995596336549292     
  0.994579258251996     
  0.992220732640264     
  0.987087008709607     
  0.982438413009432     
  0.978879197413597     
  0.976599837393607     
  0.975114940004972     
  0.974310336238760     
  0.973985243432906     
  0.973801155901659     
  0.973729023604074     
  0.972875642931569     
  0.971961428414082     
  0.972271386206059     
  0.973720486612784     
  0.976323577738874     
  0.980123650544483     
  0.983987340303998     
  0.986913372637015     
  0.986886090113793     
  0.986706874923832     
  0.986823163375971     
  0.987284847794975     
  0.988124364418268     
  0.989371089246355     
  0.991124692506345     
  0.993555490093485     
  0.996480561788565     
  0.998046638950329     
  0.998460286216334     
  0.998689230182232     
  0.998780602406026     
  0.998743626560729     
  0.998667067350227     
  0.998577204331764     
  0.998492979792225     
  0.998418822331391     
  0.998353347977962     
  0.998300082343763     
  0.998260980443690     
  0.998233167781699     
  0.998121226207029     
  0.997868817639260     
  0.997456079856213     
  0.996397635762494     
  0.994738392281262     
  0.992815608677146     
  0.990830328593220     
  0.988726686166859     
  0.986684970658862     
  0.984864755541421     
  0.983521464767164     
  0.982760722580754     
  0.982718738127333     
  0.983355202379894     
  0.984594742974913     
  0.986261163087747     
  0.988151555763154     
  0.989876576962348     
  0.991683353228383     
  0.992960579188345     
  0.993867992976023     
  0.994389666459679     
  0.994793967682580     
  0.994936501746348     
  0.994772759056526     
  0.994592518596640     
  0.994380511316147     
  0.994157149180632     
  0.993911124028376     
  0.993646006429195     
  0.993343921556957     
  0.992990377511448     
  0.992583800757455     
  0.992124254049878     
  0.991623727440155     
  0.991106044573609     
  0.990613128276198     
  0.990212598864371     
  0.989887509906894     
  0.989548186041391     
  0.989050457296160     
  0.988366463741511     
  0.987514041359309     
  0.986500335824239     
  0.985383938424598     
  0.984148794075009     
  0.982854699179570     
  0.981487348434339     
  0.980044738287498     
  0.978528104248982     
  0.976933989984948     
  0.975264092607829     
  0.973523051824540     
  0.971714102339939     
  0.969838051879521     
  0.967900276758052     
  0.965919778095395     
  0.963917599846212     
  0.961874073451608     
  0.959707381562695     
  0.957514872229431     
  0.955509610203879     
  0.953824066965124     
  0.952553738518878     
  0.951758144023709     
  0.951493506071755     
  0.951789999696765     
  0.952628277146666     
  0.953953296195994     
  0.955683504244069     
  0.957720406993086     
  0.959968355954612     
  0.962284503590934     
  0.964575867135692     
  0.966876998206478     
  0.969109822753047     
  0.971245111516193     
  0.973266834041565     
  0.975159521484775     
  0.976928470740740     
  0.978587569745106     
  0.980127094818555     
  0.981503068624143     
  0.982575566674059     
  0.983324428955028     
  0.983825290688669     
  0.984271547775372     
  0.984665667970115     
  0.985052949394058     
  0.985485753141664     
  0.985997092592826     
  0.986620078379402     
  0.987362130166649     
  0.988188824433266     
  0.988868224909121     
  0.989156907498505     
  0.989234782515487     
  0.989313793804194     
  0.989445516497261     
  0.989477003132641     
  0.989416166429265     
  0.989436580189050     
  0.989539854159993     
  0.989773637339822     
  0.990148855782718     
  0.990669451087341     
  0.991310804576062     
  0.992043042038096     
  0.992929687688607     
  0.993944717873762     
  0.994836985803086     
  0.995427072207231     
  0.995758983503211     
  0.996077390783575     
  0.996415192241990     
  0.996744016962198     
  0.997057658565404     
  0.997333956047782     
  0.997544604237106     
  0.997675353097393     
  0.997769480217422     
  0.997857122622514     
  0.997919704775112     
  0.997975840249924     
  0.998033428052770     
  0.998092022694191     
  0.998151157271280     
  0.998210315769293     
  0.998267343048644     
  0.998320488125605     
  0.998371776593589     
  0.998426465373200     
  0.998476036117231     
  0.998518281964456     
  0.998556345124152     
  0.998591619936798     
  0.998616861546527     
  0.998637723175379     
  0.998659367459715     
  0.998659433112112     
  0.998638573983187     
  0.998531152971495     
  0.997571726197218     
  0.991001762602339     
  0.976830570427668     
  0.962203696872485     
  0.949758932537738     
  0.939815093672508     
  0.931157581308681     
  0.924115891847332     
  0.919236319117044     
  0.917408011436849     
  0.918523254050448     
  0.921829974707553     
  0.927803611782565     
  0.935655839728398     
  0.944549046377143     
  0.955249544053512     
  0.969189697264614     
  0.984039020011967     
  0.994522762662307     
  0.996788787602611     
  0.997112254188666     
  0.997521895465842     
  0.997985762351481     
  0.998303253871423     
  0.998518362489206     
  0.998658208724686     
  0.998750453193766     
  0.998804377663812     
  0.998842326167690     
  0.998866873087927     
  0.998855319887491     
  0.998852471701325     
  0.998892555951990     
  0.998975109909143     
  0.999089121603797     
  0.999219896072837     
  0.999343800268562     
  0.999425768795994     
  0.999404539074746     
  0.999335290818467     
  0.999253925578045     
  0.999035243107485     
  0.998655255283988     
  0.998364786365610     
  0.998242412140242     
  0.998285190010718     
  0.998395970257245     
  0.998499833562246     
  0.998559863747464     
  0.998562761060707     
  0.998471929561763     
  0.998211984474978     
  0.997974335480226     
  0.997865565120109     
  0.997945406275733     
  0.998192242022500     
  0.998612180321339     
  0.999106013579992     
  0.999403348679605     
  0.999437045292294     
  0.999383234152891     
  0.999261906587486     
  0.999135587111234     
  0.999057201057663     
  0.999079051783098     
  0.999224332438254     
  0.999451246744691     
