  0.979193780082010     
  0.980343984401972     
  0.980126662475478     
  0.980505694823173     
  0.982124951317949     
  0.980587345540629     
  0.984810941070544     
  0.981547656837049     
  0.986579050588220     
  0.984542942023606     
  0.986064911585243     
  0.988723940985455     
  0.982953462148674     
  0.990593223566501     
  0.983946269411965     
  0.985545425750562     
  0.990116752745641     
  0.980197317017054     
  0.992664827714891     
  0.982600293379068     
  0.985371533426711     
  0.989704244997828     
  0.982195480100529     
  0.989703106963282     
  0.985696650803865     
  0.985760453487699     
  0.989879604587211     
  0.985247777301697     
  0.990069933961034     
  0.987103759290198     
  0.989170845334034     
  0.989394689004338     
  0.989370388734659     
  0.990681403689924     
  0.990337502688475     
  0.991396829164565     
  0.991684312409951     
  0.992348869470861     
  0.993045703239961     
  0.993773158804523     
  0.994409914647145     
  0.995602886564272     
  0.995838221495574     
  0.997225969868880     
  0.996829557615611     
  0.997150819244226     
  0.997207984177476     
  0.996446093575291     
  0.997443126411472     
  0.996041632223374     
  0.997056039256771     
  0.997219342418047     
  0.995650941923415     
  0.997614641117191     
  0.995563773871338     
  0.997181850229832     
  0.996815579486823     
  0.995596224808986     
  0.997536479253755     
  0.995437795580565     
  0.997064126089127     
  0.996433106157935     
  0.995961200998844     
  0.996936109740370     
  0.995911153856447     
  0.996886050142425     
  0.996408981495308     
  0.996512628841133     
  0.996735871058740     
  0.996476924573643     
  0.996856642225619     
  0.996699992921937     
  0.996954437806102     
  0.996945172541781     
  0.997182154519795     
  0.997128909240476     
  0.997450531791533     
  0.997255321840780     
  0.997683622544476     
  0.997650722470561     
  0.997657880425286     
  0.997908093704399     
  0.997534289223726     
  0.997860584527248     
  0.997598315203573     
  0.997569613633057     
  0.997604510149998     
  0.997334429714105     
  0.997505662972942     
  0.997353974492905     
  0.997258113862662     
  0.997368338771244     
  0.996946825893647     
  0.997304949879326     
  0.996973454653050     
  0.997146751836622     
  0.996979830504678     
  0.996782641354941     
  0.996282109728186     
  0.995256097235011     
  0.994338510679334     
  0.993330046316401     
  0.992598996931090     
  0.991294049624720     
  0.990792973063417     
  0.988589358442083     
  0.988130938058708     
  0.985400090821229     
  0.985899367991531     
  0.981535370959434     
  0.983984825960986     
  0.978087697031322     
  0.981264595131102     
  0.976747258292842     
  0.976356015601931     
  0.977111998090513     
  0.970436977532286     
  0.975236511197728     
  0.967040398676934     
  0.967889687253261     
  0.967302039146797     
  0.958636636196569     
  0.967140401917218     
  0.953057684927403     
  0.962628949283900     
  0.951004885855488     
  0.957468522685932     
  0.949090374034767     
  0.952364047521990     
  0.948275020630587     
  0.945207810968459     
  0.948384594839928     
  0.939387508069516     
  0.943599092689759     
  0.936546833321622     
  0.935359071745625     
  0.937446819518934     
  0.927390274507088     
  0.934235918566314     
  0.919796727626307     
  0.931117032760206     
  0.918915005748599     
  0.924643556325869     
  0.916419056107488     
  0.914837575345178     
  0.913575029863568     
  0.906864596305489     
  0.905283857984024     
  0.895698168130306     
  0.892225590471481     
  0.884434137711561     
  0.878115985309427     
  0.875102131029317     
  0.864056328763133     
  0.865563532402858     
  0.851651519255444     
  0.853339576696474     
  0.844282345885604     
  0.841313745861761     
  0.838273793937082     
  0.832450459037538     
  0.832217710595596     
  0.828067994547686     
  0.827587844957267     
  0.826715757627393     
  0.824237372618147     
  0.825766385371661     
  0.823753872938908     
  0.825177928376158     
  0.825070731211275     
  0.826401971885129     
  0.827710346101736     
  0.830335970611597     
  0.832487418236503     
  0.836351966993730     
  0.839773615105593     
  0.844442877519933     
  0.849074796780716     
  0.854341663791314     
  0.859841127401116     
  0.865278884890201     
  0.871477680691964     
  0.877385469216322     
  0.883973559893406     
  0.890284767012637     
  0.897071932902420     
  0.903779528164009     
  0.910794059917772     
  0.917934395315970     
  0.925191198648361     
  0.932613716280864     
  0.939978060794763     
  0.947253582511248     
  0.954291305263083     
  0.960659434231052     
  0.966178165067795     
  0.970672855240085     
  0.974269841942331     
  0.977223851192318     
  0.979646259045004     
  0.981660413428178     
  0.983232913287524     
  0.984592100760547     
  0.986038692771787     
  0.987091543268988     
  0.988189636355419     
  0.988843759916655     
  0.989900319664707     
  0.990172081865889     
  0.991200272053096     
  0.991263871337163     
  0.992050955134313     
  0.992250298620107     
  0.992053807859829     
  0.992069649717899     
  0.991629604201907     
  0.991606772804771     
  0.991250736845516     
  0.990783361668237     
  0.990823762736296     
  0.990266847632479     
  0.990524164137141     
  0.989388318545272     
  0.988352464229759     
  0.985863671167991     
  0.985233053905719     
  0.982019684348645     
  0.981512629162037     
  0.979234732250650     
  0.976038489548409     
  0.977913996613988     
  0.971387794648745     
  0.977288565006120     
  0.968539157461491     
  0.972667720122698     
  0.968423048964935     
  0.968335626248179     
  0.971174521884816     
  0.964045458659912     
  0.968502992495555     
  0.965519161864360     
  0.965195276118034     
  0.968725091652252     
  0.961205228377117     
  0.970302397219369     
  0.961484044492055     
  0.965861991563799     
  0.968681354368220     
  0.959982553369143     
  0.974850529178557     
  0.960936150468444     
  0.970148717368040     
  0.969401123292949     
  0.965609259178556     
  0.973999411435033     
  0.968142833291160     
  0.973080892295455     
  0.974912398873716     
  0.971820323225742     
  0.978682993970864     
  0.974975351532946     
  0.980983486556651     
  0.979722067030358     
  0.983125842161207     
  0.983354409908153     
  0.985696244538745     
  0.986194472041511     
  0.988938101834120     
  0.989472526462020     
  0.992089169538992     
  0.993309619298306     
  0.995308552408833     
  0.997077314607001     
  0.998327410598451     
  0.998938737078447     
  0.999006183231093     
  0.998904968354164     
  0.998688088626326     
  0.998594641944562     
  0.998242597678326     
  0.997846291204709     
  0.997545022413245     
  0.996935158246538     
  0.996925274399481     
  0.996198385935494     
  0.996336462418313     
  0.995541047634603     
  0.995693488110323     
  0.994673819664205     
  0.994414222904996     
  0.993606021275561     
  0.992908559779799     
  0.992771467657179     
  0.991729524080659     
  0.991490272266923     
  0.991208901265471     
  0.990239837912435     
  0.990789799065301     
  0.989629940399686     
  0.989838211764074     
  0.989379448951578     
  0.988918781883618     
  0.989585944343527     
  0.988429465040848     
  0.989310978224019     
  0.988360657404262     
  0.988306973952293     
  0.989641159138349     
  0.987095466418450     
  0.990248579570093     
  0.987656020699211     
  0.988901076560466     
  0.990035951390707     
  0.987302916517858     
  0.991314968329601     
  0.988451836021893     
  0.990435338851230     
  0.990832240005591     
  0.989534784235966     
  0.992472718229072     
  0.990695687028023     
  0.992783671832802     
  0.992645514048486     
  0.993119279643175     
  0.994377704882721     
  0.994060608612329     
  0.995560597917611     
  0.995194570311209     
  0.996461894908627     
  0.996166660761578     
  0.996933811458248     
  0.997108363941267     
  0.997461590021237     
  0.998004702796459     
  0.998312240935276     
  0.998819152075426     
  0.999187677426336     
  0.999486005129559     
  0.999457862579339     
  0.999518148975932     
  0.999470472771440     
  0.999495589994378     
  0.999513807193228     
  0.999395351795566     
  0.999468948398934     
  0.999325584116749     
  0.999370560237410     
  0.999348978417394     
  0.999242292718315     
  0.999322107569191     
  0.999206591225451     
  0.999231719669835     
  0.999286802744708     
  0.999088266266676     
  0.999302024278666     
  0.999086610752716     
  0.999224197705716     
  0.999233712728550     
  0.999037596338320     
  0.999338821182692     
  0.998965939238518     
  0.999272861691996     
  0.999236418552303     
  0.998979141981950     
  0.999375897137779     
  0.998625746049914     
  0.999030839777326     
  0.998408765727043     
  0.998095183357123     
  0.998241152594831     
  0.997526612766561     
  0.997639301836542     
  0.997368091809105     
  0.997117123089749     
  0.997094885036360     
  0.996714401214439     
  0.996975298747208     
  0.996189470584034     
  0.996897773093911     
  0.995150592021240     
  0.996231542894770     
  0.994855153571178     
  0.995193906559307     
  0.995532563332549     
  0.992970848599298     
  0.995243902443451     
  0.992735493111904     
  0.994602881722948     
  0.994416789975119     
  0.991553153407502     
  0.994502706984857     
  0.991822113108597     
  0.993761252675031     
  0.994283053639871     
  0.990598024228741     
  0.994352561316561     
  0.992432497143184     
  0.992487816980446     
  0.994571352468135     
  0.990619381253324     
  0.994218175470393     
  0.993185741137973     
  0.991845897522045     
  0.995660627866438     
  0.991234821029713     
  0.995253704909971     
  0.993840810734123     
  0.993134254629466     
  0.995828265235694     
  0.993613292121572     
  0.995394176427802     
  0.995695318118864     
  0.994775856115499     
  0.996964022495579     
  0.995701578556213     
  0.997088157848735     
  0.996733257812615     
  0.996969779437678     
  0.997420723403965     
  0.997133239949061     
  0.997790935397552     
  0.997613188955224     
  0.998011999867277     
  0.998178767011014     
  0.998372363557574     
  0.998662752322381     
  0.998886716876824     
  0.999194132681288     
  0.999360206512753     
  0.999511780204152     
  0.999428906902142     
  0.999412449926222     
  0.999453635329491     
  0.999088339363996     
  0.999260748575488     
  0.998818608418421     
  0.999032676420849     
  0.998878672591636     
  0.998566234465914     
  0.998692106283154     
  0.998116373814519     
  0.998366374576934     
  0.998553948159549     
  0.997617462690158     
  0.998621300240847     
  0.996978080695795     
  0.998416317833557     
  0.997480601956195     
  0.997770898697624     
  0.998043311141500     
  0.996900675253453     
  0.998340725065284     
  0.996953412039739     
  0.997884255021039     
  0.997817675101358     
  0.996800637786580     
  0.998608679388388     
  0.996448727858071     
  0.998341725352778     
  0.997110661320281     
  0.997082817429590     
  0.997725939471539     
  0.996054114984964     
  0.997245263485742     
  0.996012479353269     
  0.996032465303584     
  0.996233802659961     
  0.994896559180637     
  0.995853953852197     
  0.994579784137433     
  0.995041358667218     
  0.994281270480187     
  0.993416466144281     
  0.993194614287726     
  0.991997497281981     
  0.992014079146161     
  0.990629083354696     
  0.991347604727122     
  0.989669517135642     
  0.990448870609754     
  0.989127583427756     
  0.990036202422809     
  0.988024327096219     
  0.990011140096988     
  0.987284838123775     
  0.989108399234010     
  0.987712218582210     
  0.985550496563259     
  0.988244192018201     
  0.984089326469829     
  0.985415136416145     
  0.987538413225217     
  0.980150695285067     
  0.986305513040995     
  0.983481465814432     
  0.980290164727282     
  0.986425573599730     
  0.976314408242164     
  0.985228369467366     
  0.979800988965418     
  0.980369705065947     
  0.981041677912115     
  0.978440476870570     
  0.980874582721212     
  0.978752401495860     
  0.980242942947990     
  0.977733738083725     
  0.979396671844949     
  0.978596436631580     
  0.976377595456496     
  0.981437815037900     
  0.973949971668187     
  0.982038702579709     
  0.974614107176482     
  0.979510840647180     
  0.977624309827364     
  0.977313391267674     
  0.980017340996393     
  0.976841965669551     
  0.980326163226801     
  0.979261503401809     
  0.979575450228846     
  0.981912987512341     
  0.978737454451287     
  0.983036348488471     
  0.980142046842769     
  0.982515952075621     
  0.982986666411434     
  0.982546716554416     
  0.984505829066239     
  0.984722530086425     
  0.984961149580009     
  0.987456047759088     
  0.986775235506123     
  0.988657107761562     
  0.989562507552378     
  0.989753864087656     
  0.990635197215347     
  0.991604183182878     
  0.990919200207308     
  0.993140023585366     
  0.992172189194658     
  0.993517645598755     
  0.993852722247074     
  0.993861134819148     
  0.995034745399881     
  0.995043893939310     
  0.995598548860401     
  0.996224611354073     
  0.996043792936795     
  0.997011434884964     
  0.996836874897641     
  0.997510624120451     
  0.997530902697788     
  0.997827522312517     
  0.997907706558688     
  0.998022731395561     
  0.997853468230583     
  0.998073683812985     
  0.997808742955184     
  0.997904450471837     
  0.997683538163971     
  0.997727129212977     
  0.997430302902792     
  0.997665269619064     
  0.996915639132495     
  0.997609823051042     
  0.996446064145923     
  0.997102032836464     
  0.996443060131224     
  0.995930947086166     
  0.996647132097487     
  0.994800504935556     
  0.996382953833100     
  0.995283592497612     
  0.994673018439302     
  0.995933628891801     
  0.993946880548717     
  0.995548920795364     
  0.994783730392603     
  0.994183652576100     
  0.995480130482942     
  0.994115972897587     
  0.995365326095738     
  0.994842291105043     
  0.994146130176544     
  0.995526332589753     
  0.994618867577374     
  0.994990818054888     
  0.995879881247146     
  0.994492222840237     
  0.996220533416012     
  0.996110196311653     
  0.995031546343977     
  0.996862672710619     
  0.995205370700836     
  0.996887870197175     
  0.996994387149473     
  0.995861477715844     
  0.997810405008200     
  0.996232639762270     
  0.997740389444001     
  0.997087791271633     
  0.996279350323235     
  0.996125046998185     
  0.994573505439965     
  0.994501406262265     
  0.994011358880290     
  0.992892957933047     
  0.993416434656514     
  0.991446604903372     
  0.992349221513127     
  0.989770608314878     
  0.992122970145463     
  0.987311462847496     
  0.990988410030713     
  0.985851581113726     
  0.988289097876680     
  0.987712389233821     
  0.983450931690586     
  0.989708284500189     
  0.981037178183899     
  0.986939406566299     
  0.985094157621810     
  0.979471825325423     
  0.991097692294589     
  0.975287370684414     
  0.989258256306875     
  0.981807614611992     
  0.980662579709509     
  0.988312513756970     
  0.976775599454043     
  0.988843654651950     
  0.980703495077289     
  0.983319192565442     
  0.986914982845857     
  0.979275020352371     
  0.990187044867664     
  0.980476264403084     
  0.988277500360671     
  0.985444432488154     
  0.985373677179936     
  0.989345979883980     
  0.985580664471606     
  0.990024053752947     
  0.988557589383296     
  0.989320691157755     
  0.991363999373969     
  0.990172125796372     
  0.992809888160037     
  0.992066628816602     
  0.994068241407236     
  0.993553584159583     
  0.994679205401676     
  0.993805797629007     
  0.994746886109652     
  0.994092460209781     
  0.994785056969734     
  0.994671724782676     
  0.994806379383509     
  0.995471460768312     
  0.995021959984573     
  0.995829299669031     
  0.995435949301607     
  0.994968132184710     
  0.995802915426955     
  0.994226218605973     
  0.995336902762993     
  0.994778095417901     
  0.994179076957915     
  0.995224833946399     
  0.993661147909808     
  0.994734368214167     
  0.994345902650134     
  0.993937295481772     
  0.994633746098719     
  0.993998761796702     
  0.994024169764530     
  0.994590855776934     
  0.993777851577896     
  0.994429587231439     
  0.994030646784681     
  0.994233823038439     
  0.994357232696554     
  0.994147242829430     
  0.994341908663672     
  0.994234472193606     
  0.994145856599647     
  0.994513019820178     
  0.993762090600274     
  0.994566506482687     
  0.993712081707055     
  0.994284018337258     
  0.993891795416997     
  0.993706052468920     
  0.993687101898694     
  0.993118521784801     
  0.993084986297316     
  0.992561928009781     
  0.992174195260685     
  0.991813429181444     
  0.991214688256250     
  0.990912845559598     
  0.990161774439243     
  0.989829057231307     
  0.989053376044680     
  0.988573406179769     
  0.988033852679962     
  0.987277062845605     
  0.986930486347413     
  0.986111389909002     
  0.985712910600649     
  0.985170548857699     
  0.984534534660328     
  0.984263016922318     
  0.983559064898566     
  0.983312661890054     
  0.982849937930156     
  0.982487191624321     
  0.982279008033786     
  0.981903237889488     
  0.981847394109763     
  0.981627468721133     
  0.981621644555484     
  0.981593092715058     
  0.981628919867659     
  0.981749860343507     
  0.981865636672048     
  0.982077773906233     
  0.982324187557298     
  0.982630968607119     
  0.982989236540208     
  0.983363605738779     
  0.983832461969911     
  0.984265073223025     
  0.984799164298165     
  0.985253951386245     
  0.985827449653071     
  0.986248731287791     
  0.986812673588428     
  0.987319668735099     
  0.987786386913193     
  0.988424264679873     
  0.988793499373080     
  0.989374203215744     
  0.989844498112745     
  0.990160425379125     
  0.990946892743912     
  0.990956269252848     
  0.991774465025707     
  0.991749960329398     
  0.992325071712064     
  0.992733012202281     
  0.992803944349106     
  0.993503675808999     
  0.993221252588476     
  0.993887121149431     
  0.994112805145687     
  0.994018238709876     
  0.994940870349672     
  0.994181785904817     
  0.995364156253783     
  0.994927074823005     
  0.995360699331261     
  0.995788940086483     
  0.995411290406438     
  0.996234130925847     
  0.995980679887991     
  0.996309342473847     
  0.996655461903193     
  0.996446522408479     
  0.997051960201284     
  0.996915812127188     
  0.997237291005834     
  0.997410578604219     
  0.997474827298777     
  0.997729563043833     
  0.997793869248557     
  0.997954065177720     
  0.998101647542524     
  0.998156731011872     
  0.998342082100169     
  0.998400025356479     
  0.998532131543722     
  0.998625560764780     
  0.998429276631088     
  0.997374043905144     
  0.995288398000196     
  0.992999592969298     
  0.990995456354209     
  0.989265730191953     
  0.987007536616874     
  0.985939005805718     
  0.982951722523896     
  0.983320042682756     
  0.979117569348411     
  0.981347179142935     
  0.975554449079902     
  0.979935738602252     
  0.972889144231965     
  0.976143551987303     
  0.972938712275468     
  0.969580773712539     
  0.976866593876070     
  0.965296744630939     
  0.976316598897714     
  0.967618987930559     
  0.965375299922565     
  0.978541519578129     
  0.958765394654795     
  0.981158610496151     
  0.962120568095862     
  0.967921683760747     
  0.974857030016717     
  0.962498818457673     
  0.977190132577504     
  0.967645686917942     
  0.969525589981543     
  0.976474007994679     
  0.968652122376753     
  0.977594469322224     
  0.972217488928763     
  0.975693574534446     
  0.977954696355502     
  0.976446808761590     
  0.981614400353917     
  0.979230057214142     
  0.983781938635753     
  0.982929731466305     
  0.986285343424555     
  0.987083158870425     
  0.989512884466210     
  0.991320263070322     
  0.993340161807365     
  0.995706767096840     
  0.997600005119038     
  0.998496567460053     
  0.998461366688192     
  0.998617521957021     
  0.998465315569850     
  0.998669450432202     
  0.998516828514161     
  0.998572393895308     
  0.998660865127023     
  0.998326745191075     
  0.998770999727095     
  0.998344228303903     
  0.998610791856848     
  0.998671691160743     
  0.998112401175058     
  0.998928809662036     
  0.998054412735333     
  0.998792783949430     
  0.998442739152592     
  0.998313381781936     
  0.998830034925097     
  0.998137500843911     
  0.998884959414365     
  0.998322586603352     
  0.998618871359360     
  0.998713088377718     
  0.998286332166723     
  0.998889632785931     
  0.998251744602886     
  0.998785040824934     
  0.998558059431462     
  0.998581323766158     
  0.998782935343003     
