  0.987486306436304     
  0.987594887858978     
  0.988196538536223     
  0.989065050931804     
  0.989609036182214     
  0.989729459112863     
  0.988758445775502     
  0.988489537992186     
  0.987075925433389     
  0.987171007228685     
  0.985739793075973     
  0.985390103063584     
  0.985321675555666     
  0.983850992877110     
  0.984947192315366     
  0.982764285033698     
  0.985077331986527     
  0.981704670084975     
  0.985452287828716     
  0.981487144605158     
  0.985728512186713     
  0.982068863231132     
  0.985429374874123     
  0.983376944910347     
  0.985698129051130     
  0.984622536072263     
  0.986460318585063     
  0.986264911257607     
  0.987386715955566     
  0.988259635784479     
  0.988910252699122     
  0.990267200784016     
  0.991174302186660     
  0.992519474782534     
  0.993923241617074     
  0.995288308041065     
  0.996815473358660     
  0.998182227423985     
  0.998612510180966     
  0.998442290274875     
  0.998197419047039     
  0.997894571752666     
  0.997541023804672     
  0.997395757132837     
  0.997096817003943     
  0.996911649396975     
  0.996921769753285     
  0.996653613346458     
  0.996806621370494     
  0.996549511516465     
  0.996775294479175     
  0.996424735279708     
  0.996857497242675     
  0.996317654123177     
  0.996908057739606     
  0.996410630939674     
  0.996509237194903     
  0.996782387359894     
  0.996521077860275     
  0.996647402055600     
  0.996446680364417     
  0.996647469564857     
  0.996335913018090     
  0.996629375566849     
  0.996328858395544     
  0.996590650006470     
  0.996511106376309     
  0.996604797984661     
  0.996787833527366     
  0.996946293632849     
  0.997109727495594     
  0.997415956609451     
  0.997612109982348     
  0.997891096636087     
  0.998075526233841     
  0.998214407130578     
  0.998196287607983     
  0.998166168531029     
  0.998136884896941     
  0.997956615624050     
  0.997975660357955     
  0.997752692395823     
  0.997776264312390     
  0.997530857761824     
  0.997559370236047     
  0.997347819403356     
  0.997337412499648     
  0.997220240950914     
  0.997093176520726     
  0.997103673179314     
  0.996959702073275     
  0.996983250591881     
  0.996868039121483     
  0.996984258465064     
  0.996714983850796     
  0.996934204763543     
  0.996799423941337     
  0.996908468180205     
  0.996845486419312     
  0.996869466928440     
  0.996839208403250     
  0.996838112251026     
  0.996810786480406     
  0.996535166649031     
  0.995381732704817     
  0.993794738128394     
  0.992320979629355     
  0.990962931771944     
  0.989616119489871     
  0.988161847599548     
  0.986467411248375     
  0.985012924372106     
  0.982538618046712     
  0.981619598833064     
  0.979011152320759     
  0.977658251003511     
  0.976316454120783     
  0.974375909316183     
  0.974044600599360     
  0.971553863584184     
  0.972185733688497     
  0.967288924346444     
  0.969898314378170     
  0.962771377447325     
  0.964423479491572     
  0.957915099357372     
  0.958010616956037     
  0.952871252002589     
  0.953499557468000     
  0.949225040673780     
  0.948281989172991     
  0.947750238661916     
  0.944531765409604     
  0.945322219845432     
  0.943621583561283     
  0.942019744097894     
  0.942915205228173     
  0.938476380136995     
  0.941775333968540     
  0.934902644787592     
  0.941072126332047     
  0.929531947340266     
  0.936916131826142     
  0.925362283623619     
  0.929145543901548     
  0.921524755667107     
  0.922587028809077     
  0.917186232371512     
  0.916615332269288     
  0.910665572561643     
  0.907582574968732     
  0.900709028540276     
  0.894344874309333     
  0.885060010091415     
  0.877795844836629     
  0.867554139521166     
  0.859832230236689     
  0.851227921788798     
  0.842819845594002     
  0.835503585666673     
  0.827364633810119     
  0.821033167337103     
  0.812892470274325     
  0.807650343606764     
  0.801526041824583     
  0.797877274537695     
  0.794848828322944     
  0.793117882564509     
  0.792425691104936     
  0.793288323118293     
  0.794994605181351     
  0.797655159683535     
  0.801315416832428     
  0.805909827895027     
  0.811295313858587     
  0.817161225929356     
  0.824154761786058     
  0.831581142363561     
  0.839758221637540     
  0.848279741318803     
  0.857433821783113     
  0.867074237199107     
  0.877099887446014     
  0.887694092076812     
  0.898536497813182     
  0.909695566161749     
  0.920789246286075     
  0.931669090688804     
  0.941817475431336     
  0.950610999869531     
  0.957907747869197     
  0.963685308672418     
  0.968305423788189     
  0.972061317220338     
  0.975192592384043     
  0.977894054767549     
  0.980162790783966     
  0.982168272670907     
  0.983829837654137     
  0.985343434701353     
  0.986538987385528     
  0.987488313094257     
  0.988363886079141     
  0.989210761712509     
  0.989953076121429     
  0.990638998107254     
  0.991245744170864     
  0.991726714849495     
  0.992248760038872     
  0.992565092378596     
  0.993006209648843     
  0.993267981715918     
  0.993563213259123     
  0.993958890780097     
  0.994104234293632     
  0.994434189802525     
  0.994566001904058     
  0.994882437966598     
  0.994521126773349     
  0.994158619153609     
  0.993074890358962     
  0.992721420865225     
  0.991829460053959     
  0.991241321959969     
  0.990745260272095     
  0.990341712999915     
  0.989387800814172     
  0.989338250774058     
  0.987465715344978     
  0.985500758250447     
  0.982083512304471     
  0.979539910025077     
  0.976134864049785     
  0.973644769211263     
  0.970741229846554     
  0.968853170580400     
  0.965859909259520     
  0.965935204947721     
  0.962828067608102     
  0.964057408316965     
  0.959278541948460     
  0.963054602858298     
  0.957081001356944     
  0.962273720920262     
  0.955839804596023     
  0.962779238542156     
  0.955521977196254     
  0.962764231418973     
  0.956861229320813     
  0.962737115860572     
  0.960419509366995     
  0.963510490140353     
  0.963953405183443     
  0.965994147588522     
  0.967561271020963     
  0.969329896182497     
  0.972327142069748     
  0.973157852590887     
  0.976662313541969     
  0.976774978366389     
  0.980206966092520     
  0.981601896876778     
  0.984148131987448     
  0.987087062959281     
  0.989719806020230     
  0.992655669920947     
  0.995548415345729     
  0.997592154485353     
  0.998751708340562     
  0.999032369180202     
  0.999056369911185     
  0.999080876520077     
  0.999111470948349     
  0.999111614003394     
  0.999136312808189     
  0.999138991392230     
  0.999170081745601     
  0.999166550741200     
  0.999201107271807     
  0.999205159493287     
  0.999206547621413     
  0.999084349000799     
  0.998809102394205     
  0.998576646217362     
  0.998226792628492     
  0.997760094583099     
  0.997061289025534     
  0.996562992481403     
  0.995969940047258     
  0.995565137592577     
  0.995288759083278     
  0.994822853248440     
  0.994879153541748     
  0.994251817571656     
  0.993946615817203     
  0.992862493974482     
  0.992469350210844     
  0.991572836558074     
  0.991109910687018     
  0.990803626195796     
  0.989659481225259     
  0.990317826395954     
  0.988923068340117     
  0.989453136300622     
  0.988733600938643     
  0.988708147098081     
  0.988646233938000     
  0.988032325165693     
  0.988689939250111     
  0.987549495680850     
  0.988899606281170     
  0.987578052277590     
  0.988671765967555     
  0.988782149890832     
  0.988671014406946     
  0.989921380399640     
  0.989710015766991     
  0.991273646880372     
  0.991170923220619     
  0.992767498183251     
  0.992632544551749     
  0.994013736331526     
  0.994247662666180     
  0.994832599230318     
  0.995411948791211     
  0.995690872945702     
  0.996358029181067     
  0.996965077317025     
  0.997588453817742     
  0.998271663639513     
  0.998988338049223     
  0.999428681912516     
  0.999514726199566     
  0.999534489629583     
  0.999486461559148     
  0.999503880686716     
  0.999444978332265     
  0.999454860579024     
  0.999423624490007     
  0.999408806888932     
  0.999398175016461     
  0.999381493879950     
  0.999377911140949     
  0.999368202561970     
  0.999360333967215     
  0.999376352078640     
  0.999350347258538     
  0.999398747322005     
  0.999304811721441     
  0.999354721529414     
  0.999219922070214     
  0.999254694990722     
  0.999162862337542     
  0.999165601785821     
  0.999146981633658     
  0.999150210728129     
  0.999118146548178     
  0.999194887033720     
  0.999126325467137     
  0.999236004922731     
  0.999162709719521     
  0.999268120979676     
  0.999192545651635     
  0.999290648536282     
  0.999228544524887     
  0.999273453951701     
  0.999352376103246     
  0.999142335559406     
  0.999432328861713     
  0.999116931712129     
  0.999229186329273     
  0.998798822156045     
  0.998538834846592     
  0.997912710892332     
  0.997629839184454     
  0.997271202532080     
  0.997074108567011     
  0.996593496244092     
  0.996569280798183     
  0.996475673531779     
  0.996156378810393     
  0.996334190770095     
  0.996192524216448     
  0.996096512980289     
  0.996220261298549     
  0.995271569709923     
  0.995472930333628     
  0.994190378258591     
  0.994436630897999     
  0.993227400591038     
  0.994196076451569     
  0.992164742503420     
  0.993523113468379     
  0.992109202058001     
  0.992813633551961     
  0.992213217047590     
  0.992285203463047     
  0.992454681180635     
  0.991985744112043     
  0.992899307060573     
  0.991751649982535     
  0.993660576613119     
  0.991685052116812     
  0.994304753151641     
  0.992775158988425     
  0.994502693109164     
  0.993899231855558     
  0.995191480020993     
  0.994875411132179     
  0.995909971028676     
  0.995600075449265     
  0.996146585865380     
  0.996079038740675     
  0.996331642901099     
  0.996706667201647     
  0.996743244238050     
  0.997204401615128     
  0.997485287293752     
  0.997790425948260     
  0.998210596118137     
  0.998612474605419     
  0.999058946984117     
  0.999487237479933     
  0.999696010529945     
  0.999693045569768     
  0.999705321073623     
  0.999656434953333     
  0.999608117583273     
  0.999581240559414     
  0.999513503798686     
  0.999505159962778     
  0.999432786431666     
  0.999329591628847     
  0.999344498542075     
  0.999224074383382     
  0.999206926722211     
  0.999118424303683     
  0.999035628406437     
  0.998882468058676     
  0.998670201110877     
  0.998591658157395     
  0.998323326209267     
  0.998399561698897     
  0.997796844007446     
  0.998110365302968     
  0.997749901582033     
  0.997579498758202     
  0.997555995695457     
  0.997430533986060     
  0.997336910497119     
  0.997349310629261     
  0.997319735236749     
  0.997327139534678     
  0.997340079031346     
  0.997456453134050     
  0.997312077413471     
  0.997721040491241     
  0.997382049224903     
  0.997759708702696     
  0.997653822443793     
  0.997858046007492     
  0.997624312682702     
  0.998110008928783     
  0.997705517957208     
  0.997945855759165     
  0.997394470743114     
  0.997244014831269     
  0.996737471370953     
  0.996375327415444     
  0.995635851644762     
  0.995110779359268     
  0.994343035414834     
  0.993652507065165     
  0.993019106497823     
  0.992296770676605     
  0.991758213171647     
  0.990990371523125     
  0.990069120404670     
  0.988520439661353     
  0.987676605034913     
  0.986302273865281     
  0.985703014719281     
  0.984262594679020     
  0.984566390939774     
  0.983518537020079     
  0.983155673909803     
  0.983903014240572     
  0.982636169814815     
  0.984265687886928     
  0.982813430734238     
  0.985101244141703     
  0.982758884573102     
  0.985227461733359     
  0.981755402324507     
  0.985681907237873     
  0.980564742411571     
  0.985350000734584     
  0.980705752585612     
  0.983195537561612     
  0.980832522108404     
  0.981962338669445     
  0.980171266852142     
  0.980713104862784     
  0.978986577745856     
  0.978638946476577     
  0.977150657090540     
  0.976846331508265     
  0.975072717534398     
  0.975917179364816     
  0.972922961405615     
  0.975105520528725     
  0.972433044915312     
  0.973813982870310     
  0.972177775614950     
  0.973567982175777     
  0.972568202919356     
  0.973182648497731     
  0.972464971853229     
  0.972814763695262     
  0.972955430434851     
  0.973403070000814     
  0.974001105284294     
  0.974743336397486     
  0.975631630703550     
  0.976646553339910     
  0.978016164109040     
  0.979123634071876     
  0.980704968060718     
  0.981943145456216     
  0.983325803587545     
  0.984092426082663     
  0.984797591174214     
  0.985554162581330     
  0.986198658153459     
  0.986972087558014     
  0.987220133260213     
  0.988233317653303     
  0.988442211499634     
  0.989596374248162     
  0.989846513359326     
  0.991018417165293     
  0.991253272386423     
  0.992347447176339     
  0.992627586074620     
  0.993607149221427     
  0.994165112507003     
  0.994999327810406     
  0.995713780400548     
  0.996418555270021     
  0.996981453626253     
  0.997367148248730     
  0.997740443042801     
  0.998100775786407     
  0.998470994156004     
  0.998754674116615     
  0.998960945953303     
  0.999170352328279     
  0.999282066290030     
  0.999222365481059     
  0.999074596396653     
  0.998841420430280     
  0.998577375219606     
  0.998417310186667     
  0.998134294724027     
  0.997845594945835     
  0.997772648445192     
  0.997235097009521     
  0.997185861681915     
  0.996791092974197     
  0.996495544556863     
  0.996335982425765     
  0.995779503857295     
  0.995768402437741     
  0.994882620608670     
  0.995182029382851     
  0.993790255634720     
  0.994630958898263     
  0.993034088062916     
  0.993587392126695     
  0.992870795540461     
  0.992941058591080     
  0.992667047186362     
  0.992780699591782     
  0.992390413263144     
  0.993026220039317     
  0.992484262949252     
  0.993343334389506     
  0.993007602805171     
  0.993991012522931     
  0.993394102686218     
  0.995036306506170     
  0.994229848404378     
  0.996135726858661     
  0.995456268306070     
  0.997062469671447     
  0.996745436788674     
  0.997661014725795     
  0.997637019872630     
  0.997941741642722     
  0.998129350547961     
  0.997957101391074     
  0.998390763091224     
  0.997971082952409     
  0.998357565482851     
  0.997910246425892     
  0.997967143135963     
  0.997959557261625     
  0.997546788846120     
  0.997491164770601     
  0.996299319188713     
  0.995270475096746     
  0.993969963116317     
  0.993061438574108     
  0.992150320990567     
  0.990825467347171     
  0.990213350499842     
  0.989562419672178     
  0.988038232405177     
  0.988470351504719     
  0.985733650954486     
  0.986073913231370     
  0.983774468665308     
  0.983802215234910     
  0.982678111958328     
  0.981874575552113     
  0.982531755887186     
  0.979685895849681     
  0.983002338905310     
  0.977942394017994     
  0.983842601320835     
  0.977877793789185     
  0.983675033153892     
  0.978440850583390     
  0.983862363068393     
  0.979578490321714     
  0.984269039416891     
  0.981351446589319     
  0.984341648435959     
  0.983785450743985     
  0.985054606335034     
  0.985786347845880     
  0.987095926780388     
  0.988044069027246     
  0.989310625254530     
  0.991002604059396     
  0.991947629109698     
  0.993716849965886     
  0.993907227955596     
  0.994567974812361     
  0.994734325701673     
  0.995076701112573     
  0.995429927476250     
  0.995650411210237     
  0.995943282513977     
  0.996244661141098     
  0.996607405501732     
  0.996738088970853     
  0.996369730513177     
  0.995947462965282     
  0.995480521549820     
  0.994976784246034     
  0.994472710060804     
  0.994101071688754     
  0.993573720900860     
  0.993328333610019     
  0.992820134451863     
  0.992738755426951     
  0.992263386033685     
  0.992256253442069     
  0.991844416919476     
  0.992006638875817     
  0.991679564849032     
  0.991703964029749     
  0.991723421957532     
  0.991618662361920     
  0.991755513956066     
  0.991852717833697     
  0.991911379137925     
  0.992061716346868     
  0.992244866068188     
  0.992369527409693     
  0.992724405449971     
  0.992774463654200     
  0.993126941962145     
  0.993283342326095     
  0.993497388680910     
  0.993697377804950     
  0.993792233012361     
  0.994025878012370     
  0.993777648545363     
  0.993990609340524     
  0.993422906144037     
  0.993390537544488     
  0.992871757604490     
  0.992600893820578     
  0.992062573921137     
  0.991637366819833     
  0.991043193351398     
  0.990489811221818     
  0.989873031202980     
  0.989190055759627     
  0.988549084037647     
  0.987750094871285     
  0.987031851153323     
  0.986161879262199     
  0.985299483586183     
  0.984307103802236     
  0.983365611634936     
  0.982271222587225     
  0.981216696814288     
  0.980041862375150     
  0.978876645213712     
  0.977668034718967     
  0.976488199188053     
  0.975328159744343     
  0.974210473354108     
  0.973158938891535     
  0.972182177679141     
  0.971325243482431     
  0.970570593759963     
  0.969948618517166     
  0.969477862549960     
  0.969138760943266     
  0.968976004955871     
  0.968957939386989     
  0.969106265575356     
  0.969409688590018     
  0.969859488675421     
  0.970436570268176     
  0.971129194876259     
  0.971918960273239     
  0.972795475506075     
  0.973711793803153     
  0.974728326032038     
  0.975773985727028     
  0.976884884297465     
  0.977993151046692     
  0.979110504337547     
  0.980200452703984     
  0.981296966179694     
  0.982359726282402     
  0.983296108601098     
  0.984347018978195     
  0.985058688085774     
  0.985957769058560     
  0.986494037584813     
  0.987241198971871     
  0.987700493717748     
  0.988292298142833     
  0.988725356508676     
  0.989133521202947     
  0.989664644722967     
  0.989840625356210     
  0.990390171895468     
  0.990529088961862     
  0.990971790739421     
  0.991166591166433     
  0.991582857364816     
  0.991784660115439     
  0.992195390548454     
  0.992364104101724     
  0.992876666339934     
  0.992925167159983     
  0.993503130347001     
  0.993587529629012     
  0.994113038279752     
  0.994233022601240     
  0.994716826274600     
  0.994876870106197     
  0.995294318502712     
  0.995485297615784     
  0.995783187644281     
  0.996036405284043     
  0.996282071468859     
  0.996555799397553     
  0.996824662123647     
  0.997101758598896     
  0.997341257366621     
  0.997607402534309     
  0.997808211939106     
  0.998010379540624     
  0.998135728506352     
  0.998226485810608     
  0.998315871809610     
  0.998382494070671     
  0.998466742679093     
  0.998507425928236     
  0.998590937756704     
  0.998601974335934     
  0.998649470289914     
  0.998592272598995     
  0.998012209667226     
  0.995639407102070     
  0.992171599494412     
  0.988787761588200     
  0.985658199582946     
  0.983001755690717     
  0.980120735746450     
  0.977451672102907     
  0.975264084438982     
  0.972383602522473     
  0.971278736917471     
  0.968105087909247     
  0.967556003599571     
  0.964962917711508     
  0.964203537889413     
  0.962972181697162     
  0.961570688754014     
  0.962524668859948     
  0.959097465853067     
  0.962830883479864     
  0.958542532255092     
  0.964310684247483     
  0.959356048841530     
  0.964936283506623     
  0.961690039762789     
  0.966369547570895     
  0.964685932476248     
  0.968855529626841     
  0.968684150385348     
  0.971970496896688     
  0.973430487803569     
  0.975772800093575     
  0.977944966007555     
  0.980579654141497     
  0.983572625692649     
  0.986394685645162     
  0.989613984961191     
  0.993112302974113     
  0.996530296355612     
  0.998353267704102     
  0.998652650844429     
  0.998728913329881     
  0.998745304041866     
  0.998779418494231     
  0.998739987175883     
  0.998738283491219     
  0.998685696945661     
  0.998685035999247     
  0.998746108697819     
  0.998672282633020     
  0.998793653285515     
  0.998632406419773     
  0.998710973110118     
  0.998599698141292     
  0.998624819525620     
  0.998593253710670     
  0.998518745813137     
  0.998679498919093     
  0.998384688525066     
  0.998818718878783     
  0.998331412355627     
  0.998795972414070     
  0.998378320630758     
  0.998737541573785     
  0.998436133273089     
  0.998677233307897     
  0.998524865695660     
  0.998620200532004     
  0.998668012462770     
  0.998574465711013     
  0.998806736920987     
  0.998684024282801     
  0.998899165521697     
  0.998874012560896     
  0.999043911241112     
  0.998982857058418     
  0.999101027147815     
