  0.998480534641124     
  0.998856647907076     
  0.998968195190154     
  0.998851178558147     
  0.998696840258203     
  0.998434180528786     
  0.996863999923301     
  0.993644000060776     
  0.990429402237882     
  0.987514988122408     
  0.984967180929201     
  0.982979543037078     
  0.981383663239436     
  0.980046509815392     
  0.978993756617187     
  0.978125950395203     
  0.977353600083564     
  0.976749899027354     
  0.976659541381224     
  0.977060644298647     
  0.977421489690067     
  0.977732083199873     
  0.978332087497063     
  0.979469814982261     
  0.980815408705168     
  0.982312104755511     
  0.984108071381705     
  0.986404794217474     
  0.989224849396149     
  0.992422236484390     
  0.995932612184320     
  0.998428800005777     
  0.999056037815067     
  0.999253910935420     
  0.999354332786838     
  0.999362140733805     
  0.999359028798282     
  0.999353496366175     
  0.999338848975469     
  0.999282753496551     
  0.999209317254304     
  0.999136503036060     
  0.999061101957917     
  0.998899822368915     
  0.998434487006575     
  0.997830780929642     
  0.997140866082987     
  0.996484585509923     
  0.996039530091865     
  0.995784490696785     
  0.995668539444928     
  0.995702319604380     
  0.995829942948142     
  0.995952927258814     
  0.995980810462423     
  0.995970295099536     
  0.996041472825675     
  0.996166432696309     
  0.996194131479345     
  0.996070854322507     
  0.995972022824649     
  0.995937590354438     
  0.995964318592774     
  0.996065129324253     
  0.996299781868293     
  0.996747020292403     
  0.997306849281967     
  0.997881245004256     
  0.998345217020312     
  0.998521380511541     
  0.998594074311932     
  0.998575882541863     
  0.998529503221706     
  0.998486626106755     
  0.998445963759989     
  0.998410457498616     
  0.998371639970207     
  0.998319092363705     
  0.998249181478956     
  0.998175350549952     
  0.998102238608091     
  0.998012542396306     
  0.997879229454704     
  0.997719195306219     
  0.997530538269458     
  0.997320171692507     
  0.997102159694761     
  0.996882588740222     
  0.996693537628313     
  0.996556653955457     
  0.996482414041303     
  0.996452447076530     
  0.996413288829694     
  0.996392752093100     
  0.996399302777586     
  0.996450620522197     
  0.996560121283523     
  0.996706445180351     
  0.996850876019923     
  0.996980133549667     
  0.997079186323641     
  0.997138406266848     
  0.997166373104492     
  0.997176219043605     
  0.997164334323781     
  0.997129293024951     
  0.997056654133737     
  0.996943799433244     
  0.996821567331178     
  0.996644237181135     
  0.995341699574339     
  0.992103544850668     
  0.988648333398347     
  0.985500943456162     
  0.982995975507730     
  0.981458085839546     
  0.980137872700093     
  0.977910442064043     
  0.975627391737563     
  0.973286145884468     
  0.970495546384739     
  0.968021808571433     
  0.965885666802231     
  0.964033483559385     
  0.962447749739283     
  0.961020787929298     
  0.959230387131116     
  0.956963520680037     
  0.954850023820757     
  0.952288512228234     
  0.949495105216468     
  0.946992209126520     
  0.945662678154052     
  0.945567887221791     
  0.946416458045131     
  0.946473231657690     
  0.945759030186070     
  0.945892465756886     
  0.946790902736154     
  0.947495485641938     
  0.947484060892475     
  0.946609989836948     
  0.944330494980111     
  0.941529053531795     
  0.937594831826036     
  0.932653051662599     
  0.927848557312505     
  0.923675091766384     
  0.919346429655167     
  0.915552525987441     
  0.912753386180357     
  0.910388731148859     
  0.908092356519265     
  0.905731512845629     
  0.902457279460054     
  0.897313268102573     
  0.890086490218362     
  0.880800406665190     
  0.869019956170264     
  0.854853912655686     
  0.838911020982411     
  0.822286797902608     
  0.806178333853793     
  0.791483501089589     
  0.778502377597745     
  0.767415333566336     
  0.758194410000263     
  0.750440076253980     
  0.744867835716168     
  0.741959057027590     
  0.741786788812259     
  0.743853770514970     
  0.748256411839057     
  0.755431871815593     
  0.765248477495386     
  0.777728413301503     
  0.792625008875450     
  0.809657415538595     
  0.828471432364214     
  0.848589352864160     
  0.869267845827859     
  0.889484411794360     
  0.907818052616284     
  0.923263043551699     
  0.935600916151094     
  0.945211048117815     
  0.952728535196002     
  0.958816967380435     
  0.963892933339707     
  0.968160202728033     
  0.971754044679057     
  0.974774377073414     
  0.977333089069519     
  0.979512254189671     
  0.981391439521029     
  0.983046290762774     
  0.984516407910119     
  0.985825964172889     
  0.986995521343452     
  0.988051195419673     
  0.989012021328761     
  0.989766153619473     
  0.990555585811294     
  0.991270080742774     
  0.991920623322961     
  0.992506673514927     
  0.993024738002070     
  0.993396976212259     
  0.993645314362352     
  0.993866745950437     
  0.994083643821277     
  0.994305775026969     
  0.994543119514812     
  0.994750304423539     
  0.994845033421465     
  0.994931928987952     
  0.995026540681121     
  0.995138733756267     
  0.995271067717332     
  0.995393961646052     
  0.995465399419983     
  0.995523994039703     
  0.995680101139530     
  0.995839778717200     
  0.995792490785014     
  0.994775905859374     
  0.992916283198104     
  0.991219135275725     
  0.989733466262318     
  0.988364018180714     
  0.987159275758148     
  0.986154065974492     
  0.985217873561139     
  0.984438359532152     
  0.983207330477985     
  0.979591254687889     
  0.974059254192139     
  0.967861826117798     
  0.963595582049129     
  0.958402094650575     
  0.953690956349162     
  0.950243583178748     
  0.947892455852520     
  0.946361995389371     
  0.945557390610874     
  0.945299892705907     
  0.945633822183537     
  0.946702761440962     
  0.948199745029212     
  0.950919836901209     
  0.953725419242674     
  0.955715946211723     
  0.957569163522921     
  0.960160898423183     
  0.963353542030833     
  0.967004120667963     
  0.971406649474202     
  0.976631486999659     
  0.982596551276809     
  0.988974447052104     
  0.994331544484761     
  0.997645011505834     
  0.998883654277681     
  0.998972625301184     
  0.999016233627129     
  0.999054921122888     
  0.999078272337220     
  0.999097845709686     
  0.999114348610390     
  0.999127360166048     
  0.999143433638588     
  0.999159432079074     
  0.999167114893896     
  0.999173942432417     
  0.999179283765672     
  0.999180879797885     
  0.999185210660330     
  0.999193125472376     
  0.999206856887171     
  0.999216480151144     
  0.999224241856998     
  0.999237079110663     
  0.999253165498264     
  0.999269421237663     
  0.999285124575410     
  0.999302790610482     
  0.999316259116208     
  0.999211824193989     
  0.998739179387225     
  0.998156783878511     
  0.997621200570150     
  0.996874122870438     
  0.995808156896610     
  0.994839898434098     
  0.994092952897678     
  0.993606444946941     
  0.993429124920941     
  0.993492479092433     
  0.993684023143221     
  0.993804880151221     
  0.993111811121939     
  0.991739041602813     
  0.990228204296886     
  0.988834026899495     
  0.987707022201451     
  0.986798164316092     
  0.986022336790329     
  0.985441147824103     
  0.985179537825190     
  0.985246051973050     
  0.985578882364100     
  0.986290944654158     
  0.987270799473845     
  0.988185555154482     
  0.989141410557989     
  0.990193026111779     
  0.990982527208299     
  0.991490957563083     
  0.992021102089996     
  0.992677554340173     
  0.993552725454836     
  0.994714655531675     
  0.996072931343347     
  0.997600909118425     
  0.998974652514216     
  0.999498800741746     
  0.999623588473290     
  0.999631956428625     
  0.999632728528657     
  0.999634465334436     
  0.999635182068432     
  0.999634962507845     
  0.999625031536754     
  0.999607574385996     
  0.999588706752409     
  0.999561580502182     
  0.999525475123470     
  0.999476427467473     
  0.999415771941368     
  0.999361118790265     
  0.999310426249804     
  0.999263178292170     
  0.999220558856085     
  0.999184426818874     
  0.999159138578483     
  0.999144540483516     
  0.999141380820936     
  0.999158924358299     
  0.999194131635774     
  0.999235598551465     
  0.999278061449831     
  0.999325323553541     
  0.999383050361380     
  0.999447427346020     
  0.999484121695494     
  0.999424322784719     
  0.999332324225238     
  0.999233793765620     
  0.999150781183835     
  0.999120319184977     
  0.999133071216063     
  0.999168240205581     
  0.999198837149051     
  0.999231572778832     
  0.999273180676034     
  0.999293084813327     
  0.999268115917452     
  0.999233914221407     
  0.999223335002331     
  0.999218817869627     
  0.999192780064103     
  0.999152669817689     
  0.999123317596307     
  0.999115331940212     
  0.999136117360510     
  0.999176321474848     
  0.999117411251757     
  0.998925118988979     
  0.998398440657429     
  0.997511625086330     
  0.996737835481160     
  0.996188271106836     
  0.995872321169856     
  0.995721882836157     
  0.995664696143590     
  0.995593444675633     
  0.995385201073963     
  0.995153956078517     
  0.995208442643462     
  0.995535310862678     
  0.995570195017281     
  0.994514764035186     
  0.993116419345935     
  0.992226191423917     
  0.991613903652828     
  0.991045509154312     
  0.990651723858052     
  0.990606989220706     
  0.990920050450442     
  0.991464930893019     
  0.992072345610127     
  0.992677285806061     
  0.993331481799221     
  0.993750379961061     
  0.993838759837410     
  0.993914888031963     
  0.994075524542357     
  0.994300079178736     
  0.994525240725910     
  0.994774576903463     
  0.995123847962408     
  0.995591546682552     
  0.996222871139059     
  0.997037582695467     
  0.997965099470718     
  0.998984400342130     
  0.999629899952153     
  0.999705920514836     
  0.999711239495695     
  0.999719997494822     
  0.999727821072960     
  0.999734347967804     
  0.999737034101070     
  0.999736406425156     
  0.999736588824910     
  0.999737615561263     
  0.999739322355383     
  0.999732585197002     
  0.999721845139067     
  0.999717749831655     
  0.999715179350411     
  0.999708140150166     
  0.999659758900149     
  0.999564782856875     
  0.999451071531174     
  0.999301159418251     
  0.999130870119122     
  0.998962920535223     
  0.998809252397453     
  0.998668891899151     
  0.998507246153370     
  0.998328420893068     
  0.998197241878665     
  0.998178100135910     
  0.998096491222033     
  0.997844990103781     
  0.997616302058656     
  0.997476014323498     
  0.997438708469710     
  0.997349498713995     
  0.997242957280566     
  0.997163606045206     
  0.997093257521842     
  0.997103195294917     
  0.997169589662656     
  0.997281940010793     
  0.997391181291496     
  0.997422602011711     
  0.997436738666876     
  0.997442040979502     
  0.997440180772978     
  0.997469792438308     
  0.997535307781008     
  0.997586583622229     
  0.997620740230109     
  0.997704862556849     
  0.997867907093426     
  0.998106348678344     
  0.998423723444840     
  0.998697138960631     
  0.998790620774522     
  0.998465646351213     
  0.997724577248590     
  0.996652736534886     
  0.995086541251319     
  0.993062008162047     
  0.990752757339635     
  0.988372804195207     
  0.986085066976554     
  0.984003257893187     
  0.982236794692655     
  0.980871474885792     
  0.979967978902102     
  0.979228213158348     
  0.977828007621843     
  0.976888737124210     
  0.976612771605810     
  0.976897585379696     
  0.977702683635289     
  0.978855944968856     
  0.980187800684778     
  0.981632151272020     
  0.983150230732343     
  0.984411642995161     
  0.985419187391501     
  0.986620346363723     
  0.987844794679025     
  0.988246176587807     
  0.987135370440309     
  0.985745223427753     
  0.984702982257937     
  0.983684000624002     
  0.982482005706900     
  0.981107467609201     
  0.979776375988554     
  0.978498705074100     
  0.977185982408213     
  0.975917730366231     
  0.974650234727527     
  0.972346868171492     
  0.969346862997262     
  0.966619614014499     
  0.964416219204547     
  0.962838850180649     
  0.962039347877526     
  0.962035232761508     
  0.962751583636389     
  0.963927718548318     
  0.965380280120593     
  0.967365396358516     
  0.969793413694722     
  0.972573035429467     
  0.975370231499089     
  0.977163807298914     
  0.978281466502787     
  0.979292544872996     
  0.980189510525316     
  0.980792941015130     
  0.981135068170590     
  0.981529193720961     
  0.982135300057136     
  0.982827107554600     
  0.983502074660767     
  0.984220008818475     
  0.984857718518498     
  0.985266696803755     
  0.985649111124373     
  0.986255483340888     
  0.987184291761344     
  0.988415742414795     
  0.989725618513718     
  0.991032051139603     
  0.992161510712171     
  0.992929646286871     
  0.993611370084872     
  0.994412239547073     
  0.995327377564163     
  0.996277065805952     
  0.997144339557369     
  0.997949595500615     
  0.998655161319447     
  0.999151779019957     
  0.999509454965917     
  0.999691279237829     
  0.999718864784707     
  0.999724793961133     
  0.999729891169204     
  0.999737841823061     
  0.999745464634559     
  0.999749721913648     
  0.999746538882477     
  0.999686449089346     
  0.999579202112306     
  0.999459735554964     
  0.999133155413863     
  0.998557230066089     
  0.997986783386507     
  0.997467016328780     
  0.997089764699352     
  0.996906372758342     
  0.996771137863747     
  0.996449557521806     
  0.995969668724389     
  0.995362921440004     
  0.994669168928079     
  0.993957887044039     
  0.993142499931439     
  0.992156844876464     
  0.991177739262412     
  0.990355094979208     
  0.989587199374803     
  0.989035886575987     
  0.988630962828540     
  0.988625303825998     
  0.989019453698274     
  0.989787962681778     
  0.990784230758619     
  0.991962014486772     
  0.993242990987409     
  0.994385115946098     
  0.995229679702394     
  0.995954675500318     
  0.996749743954375     
  0.997551807998934     
  0.998186605466361     
  0.998532470250531     
  0.998585991081620     
  0.998570967746961     
  0.998635800680948     
  0.998715443222734     
  0.998758327544592     
  0.998777350169714     
  0.998826411360311     
  0.998932520941827     
  0.999131737180547     
  0.999139884319153     
  0.999027638030599     
  0.998819314016041     
  0.998543713637922     
  0.998286411784656     
  0.998059670206027     
  0.997834637400849     
  0.997590328235791     
  0.997274291542456     
  0.996653466986855     
  0.995550405882399     
  0.992894602652698     
  0.990126541378946     
  0.987675822676825     
  0.985629964437310     
  0.984086266776457     
  0.982851936794454     
  0.981856683992994     
  0.981082980319891     
  0.980386418534581     
  0.979164722252376     
  0.977873012621203     
  0.976876806581741     
  0.976224214449331     
  0.976121085225420     
  0.976263157785945     
  0.976326029474726     
  0.976603782481127     
  0.977267996485685     
  0.978295622479168     
  0.979608123425099     
  0.981337988431391     
  0.983545022807961     
  0.985973604077758     
  0.988400155362490     
  0.990157029678873     
  0.990601139716375     
  0.991016719517898     
  0.991539011938470     
  0.992185738288997     
  0.992963397416195     
  0.993907485620930     
  0.995042873620125     
  0.996428188185543     
  0.997855137528123     
  0.998458874077384     
  0.998552518932322     
  0.998593638590814     
  0.998592248793929     
  0.998545333750484     
  0.998452015766626     
  0.998289698766614     
  0.998073608155773     
  0.997595007714908     
  0.996899676745205     
  0.996107642353119     
  0.995177137257088     
  0.994134076560766     
  0.993031827453493     
  0.991863063775488     
  0.990733137961883     
  0.989712011631164     
  0.988797256483418     
  0.988066980803376     
  0.987602881572009     
  0.987385920654758     
  0.987352949543860     
  0.987493685398150     
  0.987828538452489     
  0.988345056201126     
  0.989024035429300     
  0.989729158691340     
  0.990550656912047     
  0.991214143168475     
  0.992000333956837     
  0.992737905560733     
  0.993313429315641     
  0.993791691848542     
  0.994054938169891     
  0.994147857110321     
  0.994218587154639     
  0.994207699424058     
  0.994093563348804     
  0.993946682747260     
  0.993725293705787     
  0.993419817912886     
  0.993032000878684     
  0.992601063738730     
  0.992161141447804     
  0.991705155991359     
  0.991214487457554     
  0.990688855494452     
  0.990086284439423     
  0.989423140079127     
  0.988749328546699     
  0.988056773171973     
  0.987319379739500     
  0.986525609052326     
  0.985623040718030     
  0.984573580659212     
  0.983441608807741     
  0.982232254797626     
  0.980939000609661     
  0.979558970532311     
  0.978096476719989     
  0.976551442563728     
  0.974914488587186     
  0.973191731669434     
  0.971399539577838     
  0.969566593265186     
  0.967717330567372     
  0.965880837772739     
  0.964108591487113     
  0.962460818406353     
  0.960990652179802     
  0.959735527482038     
  0.958730046789613     
  0.957957940075338     
  0.957460923365064     
  0.957303027407465     
  0.957501450338597     
  0.958049294589119     
  0.958920778891774     
  0.960089643146628     
  0.961515306509349     
  0.963149711948664     
  0.964905910491513     
  0.966724859676521     
  0.968636458706942     
  0.970564254129852     
  0.972456672683055     
  0.974286500752376     
  0.976019621928446     
  0.977588440760615     
  0.978987655701125     
  0.980222768950136     
  0.981325180631927     
  0.982333545419422     
  0.983254726553771     
  0.984081109255673     
  0.984832979739524     
  0.985533613533505     
  0.986195930651521     
  0.986828671045250     
  0.987382545817316     
  0.987776253646534     
  0.988063857369525     
  0.988270194951300     
  0.988482237127093     
  0.988744025701894     
  0.989058155054086     
  0.989379310439312     
  0.989687929187936     
  0.990000392227326     
  0.990345878867234     
  0.990690594686249     
  0.991023367170610     
  0.991348799252077     
  0.991661403711036     
  0.992005177612024     
  0.992375611125485     
  0.992790117287547     
  0.993244225555935     
  0.993730799926025     
  0.994250545404264     
  0.994820591889388     
  0.995410604344896     
  0.995956996202104     
  0.996442248508162     
  0.996800749043759     
  0.997035988866410     
  0.997242282648657     
  0.997424241006365     
  0.997590678934358     
  0.997737600390657     
  0.997869506578717     
  0.997984618712154     
  0.998067401364167     
  0.998132536206959     
  0.998195720600801     
  0.998259994284290     
  0.998318116819064     
  0.998365631639688     
  0.998408795136262     
  0.998457770408968     
  0.998507698705525     
  0.998543963974501     
  0.998567799928535     
  0.998587551651870     
  0.998605195572890     
  0.998613079103533     
  0.998584419749035     
  0.998206268267003     
  0.995421491316995     
  0.988663276714020     
  0.981395563483773     
  0.974693535525113     
  0.968492811893221     
  0.963040485428674     
  0.958108978035821     
  0.953750501139189     
  0.950076741160812     
  0.946761657034891     
  0.943729768355615     
  0.941637185429438     
  0.941381811751839     
  0.942672374992571     
  0.944248577855610     
  0.945717799622572     
  0.947965694206553     
  0.951294287994599     
  0.955563207827948     
  0.960229305987607     
  0.965132909954701     
  0.970798668107087     
  0.977332013660447     
  0.984437804941594     
  0.991439824248984     
  0.996451610593761     
  0.997760123135974     
  0.998030442167909     
  0.998287337889642     
  0.998526610978528     
  0.998676235102162     
  0.998775501269938     
  0.998840806719431     
  0.998900693731284     
  0.998966583905065     
  0.999049371157346     
  0.999129959778468     
  0.999157418720950     
  0.999158345243442     
  0.999160971651385     
  0.999106975003367     
  0.998949136832469     
  0.998795738074361     
  0.998669990994374     
  0.998590678886981     
  0.998578657730831     
  0.998611444227131     
  0.998652345326784     
  0.998686555986601     
  0.998705531328397     
  0.998657585798597     
  0.998586743883110     
  0.998498019664996     
  0.998399146773386     
  0.998334705135296     
  0.998318734115867     
  0.998328994843075     
  0.998353636682191     
  0.998408496581025     
  0.998494327096379     
  0.998601861420627     
  0.998740363747465     
  0.998892865153758     
  0.999070501051671     
  0.999255546399198     
  0.999324229376139     
  0.999301340347802     
  0.999277746441153     
  0.999266959687075     
  0.999281011950855     
