  0.999548385197860     
  0.999541574515298     
  0.999531514399870     
  0.999519418274813     
  0.999512040225626     
  0.999506496171767     
  0.999481696445106     
  0.998827854450746     
  0.997376607822968     
  0.996220569336838     
  0.995411805047375     
  0.995258311220518     
  0.995802190402976     
  0.996214318857869     
  0.988367841978871     
  0.969423470812677     
  0.955760966990892     
  0.949154809769700     
  0.945540033972097     
  0.944492424999009     
  0.947247336768323     
  0.956814452305905     
  0.976006335594448     
  0.991228184895217     
  0.995765859624777     
  0.998020266984676     
  0.999282685178342     
  0.999391777865115     
  0.999387859206048     
  0.999382743514587     
  0.999380473572288     
  0.999377981487855     
  0.999374386601270     
  0.999372196630222     
  0.999379379441243     
  0.999396248008699     
  0.999398725747813     
  0.999391760731155     
  0.999381564319319     
  0.999368517086200     
  0.999358382777351     
  0.999349897316234     
  0.999341806596329     
  0.999333250914813     
  0.999322420315993     
  0.999310632377920     
  0.999236616126712     
  0.998801001613622     
  0.998246824321091     
  0.997872009105853     
  0.997643477760586     
  0.997199234118931     
  0.994674457673229     
  0.992399879818978     
  0.992181954277149     
  0.992446959094195     
  0.992374312725288     
  0.991736397078332     
  0.991432156290134     
  0.993411965116819     
  0.996332751879541     
  0.997666368076117     
  0.998740251459271     
  0.999056696107576     
  0.999064554115249     
  0.999059387721301     
  0.999042845687284     
  0.999020269874203     
  0.998999591568619     
  0.998978855646558     
  0.998958236141889     
  0.998935701120683     
  0.998884672522121     
  0.998807998194920     
  0.998645427849236     
  0.998196417876443     
  0.997902104134029     
  0.997832488457160     
  0.997842369599925     
  0.997860892312154     
  0.997858897406661     
  0.997932276733869     
  0.998236465881493     
  0.998523059568620     
  0.998348866335005     
  0.998038906078828     
  0.997805274629149     
  0.997607992794777     
  0.997258684393490     
  0.996562421795162     
  0.995323476251241     
  0.994330423679741     
  0.993940913694199     
  0.994270457436781     
  0.995188432645909     
  0.996212040467652     
  0.997013807823627     
  0.997624278760466     
  0.997753937797556     
  0.997694053446082     
  0.997646669129758     
  0.997606219638470     
  0.997573469938451     
  0.997498956905158     
  0.997350496053274     
  0.997226377954876     
  0.997120348068708     
  0.997032096234265     
  0.996949518464083     
  0.996864937857898     
  0.996768433303342     
  0.996660428926149     
  0.996572362627568     
  0.996427187724881     
  0.996262045495184     
  0.996073363896277     
  0.995842280972112     
  0.995147207240377     
  0.985950583581642     
  0.965614171259467     
  0.955969595654103     
  0.956590546883978     
  0.957765981032927     
  0.956106289422220     
  0.950470272637159     
  0.944893578683930     
  0.954066747210767     
  0.957987601415104     
  0.950371831320752     
  0.945756350523847     
  0.945935786555737     
  0.951262885529074     
  0.963791918766293     
  0.973530616052793     
  0.973237607931791     
  0.970927419795839     
  0.967963207392694     
  0.956550715620333     
  0.940578490326092     
  0.923883825009371     
  0.919397188597837     
  0.923627903689815     
  0.930765881175135     
  0.932818119277379     
  0.935573452209469     
  0.945502599084368     
  0.956044939506675     
  0.956930612981343     
  0.953071501460709     
  0.947732707061740     
  0.936006534205689     
  0.922734935730864     
  0.913459758333220     
  0.905204081473756     
  0.894232067742467     
  0.880032008648096     
  0.866817910710187     
  0.861029224047575     
  0.862766259031599     
  0.863384099460189     
  0.866011560457726     
  0.870647438536400     
  0.873772497013650     
  0.870745921206933     
  0.856274857966687     
  0.823897460276304     
  0.771844136619790     
  0.708001178230777     
  0.645912214790634     
  0.599011639360448     
  0.577350700491248     
  0.582125238046497     
  0.611658343458891     
  0.663816637204793     
  0.724505887601176     
  0.780821773536835     
  0.825836968061937     
  0.858844802847439     
  0.882675959886849     
  0.901067004987071     
  0.916267445600917     
  0.929033454223432     
  0.939709810113332     
  0.948544335368524     
  0.955634099153540     
  0.961182708730344     
  0.965548561707925     
  0.969145019803274     
  0.972137573212444     
  0.974639244282072     
  0.976799089636628     
  0.978748473770273     
  0.980540211158571     
  0.982199956015845     
  0.983739766938688     
  0.985162128231713     
  0.986463889392963     
  0.987574611753797     
  0.988548868045286     
  0.989492142621236     
  0.990377603828848     
  0.991045498716033     
  0.991706421909294     
  0.992285478308532     
  0.992874709575477     
  0.993458278834556     
  0.993886484518871     
  0.994244071842693     
  0.994557561363131     
  0.994836689208978     
  0.995092629174277     
  0.995344497423091     
  0.995603985333632     
  0.995860127397515     
  0.996074849113037     
  0.995763112210142     
  0.995015386458576     
  0.994743203102926     
  0.994745027104318     
  0.994816763144479     
  0.994892222357185     
  0.994930053280587     
  0.994724952468990     
  0.995346469552907     
  0.996100059951587     
  0.996322788119641     
  0.996344676074794     
  0.996355207386049     
  0.996556201557975     
  0.997082297516205     
  0.997692827135657     
  0.997677274651510     
  0.997085694438777     
  0.990797266854920     
  0.977731489210341     
  0.967136808223727     
  0.961079137259703     
  0.958822239239574     
  0.959812819639569     
  0.964331878815323     
  0.972905076252526     
  0.985880756103306     
  0.993991717580048     
  0.978776565230584     
  0.948523137582327     
  0.914322904248444     
  0.889997589091508     
  0.880842714839957     
  0.880788126206289     
  0.888414885329638     
  0.908904434743994     
  0.942695552944215     
  0.972716385137710     
  0.993342702626556     
  0.998394802573917     
  0.998620201528563     
  0.998752976110780     
  0.998866695430865     
  0.998858359982323     
  0.998857892323991     
  0.998887443619005     
  0.998924088795048     
  0.998946546602464     
  0.998991433780007     
  0.999051908417461     
  0.999134344031207     
  0.999190182333976     
  0.999210956842328     
  0.999230371132829     
  0.999246994251225     
  0.999250819551232     
  0.999226261042338     
  0.999213479624770     
  0.999213035653633     
  0.999196476197985     
  0.999164971325938     
  0.999160147432956     
  0.999183112631200     
  0.999223291676623     
  0.999237184910561     
  0.999189464705860     
  0.999191085266102     
  0.999220949076191     
  0.999230065185985     
  0.999242838150907     
  0.999258496057940     
  0.999298937338295     
  0.999377649121180     
  0.999437461204486     
  0.999445196614789     
  0.999447553699841     
  0.999451058021143     
  0.999458384773777     
  0.999460150522522     
  0.999419010886416     
  0.998631773450220     
  0.995651316146340     
  0.993604295082795     
  0.993640160577104     
  0.991972972214963     
  0.987131148754162     
  0.984511904545880     
  0.985695426274827     
  0.989161348098688     
  0.991200629449521     
  0.990382424706196     
  0.991432676099526     
  0.995159125399454     
  0.991644658739909     
  0.983256976201178     
  0.978165028053953     
  0.976128605412623     
  0.975752608384310     
  0.976521531257484     
  0.979213024159191     
  0.986271965105397     
  0.995150455672056     
  0.998666828291673     
  0.999554163475898     
  0.999628847211249     
  0.999652743171568     
  0.999677577817329     
  0.999683063153780     
  0.999686171585294     
  0.999689812462339     
  0.999693967571813     
  0.999685153354099     
  0.999658521495219     
  0.999634373484319     
  0.999616183666807     
  0.999612216891651     
  0.999598106497559     
  0.999575895148389     
  0.999581642939024     
  0.999596213154477     
  0.999616148451173     
  0.999651102546468     
  0.999678249412931     
  0.999691045819516     
  0.999695601007888     
  0.999569605452930     
  0.999259544428818     
  0.998962254887752     
  0.998758807185744     
  0.998721486453815     
  0.998777605303176     
  0.998811392031841     
  0.998907541414782     
  0.998958824629181     
  0.998942651410067     
  0.999018233693212     
  0.999197200509575     
  0.999421274548357     
  0.999657578835476     
  0.999756658087568     
  0.999765341557208     
  0.999768460995961     
  0.999771430611248     
  0.999774419950090     
  0.999778200605171     
  0.999781409275129     
  0.999777453564818     
  0.999613500134385     
  0.998761508260275     
  0.998226287944455     
  0.998354948247468     
  0.998545766373751     
  0.998505336299005     
  0.998287482403307     
  0.998302090153014     
  0.999055712128504     
  0.999721743460479     
  0.999784751753888     
  0.999781132424016     
  0.999723512517052     
  0.999654187112943     
  0.999606618452701     
  0.999591906622968     
  0.999599416251489     
  0.999620595166068     
  0.999647557362784     
  0.999688874502276     
  0.999736399426925     
  0.999597571091208     
  0.998365377683419     
  0.996519661328624     
  0.993421354538350     
  0.990369352858359     
  0.989632108526150     
  0.989280315875987     
  0.988915118420133     
  0.989465749370034     
  0.990965867950289     
  0.993450113890793     
  0.996609517416052     
  0.998242928694746     
  0.998342981964362     
  0.998604047224662     
  0.998768237286068     
  0.995633882797371     
  0.989451067457326     
  0.986116974369903     
  0.985026958795352     
  0.984743028985636     
  0.985034273713789     
  0.986304573219988     
  0.990180711825966     
  0.996385606655074     
  0.999485233836506     
  0.999724927071352     
  0.999781352180367     
  0.999817982863087     
  0.999817066814151     
  0.999762340987331     
  0.999638807581124     
  0.999545822238407     
  0.999532005227086     
  0.999569168112141     
  0.999624310575802     
  0.999672444376549     
  0.999700739325667     
  0.999736544639735     
  0.999773975753394     
  0.999772635556452     
  0.999774262878641     
  0.999783594543579     
  0.999796340685277     
  0.999819749298263     
  0.999835160600171     
  0.999837289674395     
  0.999811766719618     
  0.999755121982991     
  0.999738715714576     
  0.999743964417299     
  0.999724444698590     
  0.999624159543437     
  0.999512650954129     
  0.999498288243962     
  0.999556542395268     
  0.999581087174047     
  0.999140953794338     
  0.997823578951003     
  0.996720516795247     
  0.995979378962724     
  0.995763685662851     
  0.996157325822335     
  0.996915967122003     
  0.997988720126187     
  0.998977003857152     
  0.999110224328248     
  0.999198434421347     
  0.999335651705541     
  0.998811223895121     
  0.997615321336597     
  0.997085388489644     
  0.997035477372946     
  0.996901418296040     
  0.995536389755233     
  0.994280605038084     
  0.994704916833647     
  0.996262744171894     
  0.997074517257232     
  0.996736877315411     
  0.996614394472412     
  0.997753362251813     
  0.999120177623839     
  0.999341721604127     
  0.999360952329196     
  0.999405572266241     
  0.999543144129356     
  0.999753928512723     
  0.999813698218146     
  0.999801781367846     
  0.999792784337754     
  0.999783854625643     
  0.999774279253646     
  0.999759732091911     
  0.999658607665173     
  0.997963928906359     
  0.989898072273077     
  0.976114691413179     
  0.963276391189009     
  0.954584254906624     
  0.951509554935150     
  0.955197197370376     
  0.964626544286565     
  0.976716527452116     
  0.985142996863097     
  0.988710941747982     
  0.991347619362527     
  0.994766512587015     
  0.997204857349548     
  0.991377543652697     
  0.980790006367772     
  0.975360296423700     
  0.973104090010014     
  0.972581738685192     
  0.973751047688215     
  0.976910384472775     
  0.984206573509552     
  0.995552227032913     
  0.999581115035687     
  0.999577845552652     
  0.999436493177495     
  0.999264496514772     
  0.997913156147474     
  0.988887805489093     
  0.976656638356236     
  0.970450834405351     
  0.967492639760657     
  0.960625471045775     
  0.946554102462643     
  0.934396119046490     
  0.931964733284981     
  0.938622607481646     
  0.945627479912688     
  0.956373866573502     
  0.970440103821454     
  0.978700769712661     
  0.977053402885653     
  0.974309821650676     
  0.974687038850901     
  0.977562980902809     
  0.980861021825459     
  0.985019207432384     
  0.988553786803175     
  0.985193068632223     
  0.977251135420871     
  0.971707657380378     
  0.968959271112470     
  0.969022376328807     
  0.971846876715583     
  0.978238830995961     
  0.987404400783782     
  0.993169017294583     
  0.994194415484129     
  0.993767788748659     
  0.990923516607852     
  0.986860262380805     
  0.982763316202145     
  0.980215332631376     
  0.981573825781630     
  0.986354677536931     
  0.991925293447685     
  0.997130103686421     
  0.999413502740009     
  0.999669495532043     
  0.999691250753689     
  0.999698151555056     
  0.999706201016778     
  0.999699089975221     
  0.999679008106309     
  0.999676051258034     
  0.999687940484529     
  0.999698893565618     
  0.999713822315319     
  0.999729783857657     
  0.999733623667890     
  0.999732833301654     
  0.999731364448841     
  0.999731085959259     
  0.999737061108780     
  0.999751023727692     
  0.999751316163113     
  0.999748828573678     
  0.999745944713908     
  0.999742171857672     
  0.999735568245763     
  0.999678665366947     
  0.999171695994671     
  0.998538942215386     
  0.998390267748200     
  0.996582982221574     
  0.993052796864551     
  0.991756083902434     
  0.991891285675206     
  0.992405942404788     
  0.992844595387995     
  0.992383309730079     
  0.990418272240273     
  0.987495895621317     
  0.982846016547552     
  0.978649139318150     
  0.978013959010043     
  0.981303035980552     
  0.986973799990617     
  0.993563306382121     
  0.998051972597670     
  0.998410835561460     
  0.998350346304200     
  0.997767689274008     
  0.997643453154864     
  0.997709483501044     
  0.997731460697929     
  0.997736039361351     
  0.997762821910477     
  0.998404042598037     
  0.998693786920629     
  0.999288030146439     
  0.999607286581039     
  0.999603223602063     
  0.999594468724188     
  0.999579449298459     
  0.999562638298842     
  0.999551880684038     
  0.999538517852410     
  0.999496989485809     
  0.999474436700990     
  0.999458223589177     
  0.999433434557390     
  0.999400609371027     
  0.999361736175284     
  0.999266262856487     
  0.998561135882230     
  0.996324050238403     
  0.994685415718821     
  0.993886878457463     
  0.993662058239695     
  0.993860541644538     
  0.994180296511930     
  0.995009887734119     
  0.995907270261549     
  0.993733897969808     
  0.987570417118512     
  0.971280750412930     
  0.959454625035442     
  0.954674425582500     
  0.953025272373100     
  0.954580469921213     
  0.960573361051982     
  0.970912793881526     
  0.986467895216778     
  0.997537867036714     
  0.993299066576475     
  0.985904921455190     
  0.981937443989073     
  0.980001372196693     
  0.978667583420177     
  0.978080441543841     
  0.979194494579215     
  0.983565105086764     
  0.991341438975654     
  0.995398117048190     
  0.996829420824209     
  0.998177264442878     
  0.998834399066972     
  0.998884194944453     
  0.998858013591665     
  0.998828005806923     
  0.998795663370039     
  0.998761383437492     
  0.998711886360580     
  0.998613386751510     
  0.998465066866984     
  0.998301633539070     
  0.998165584407276     
  0.998093769222291     
  0.998122951319856     
  0.998185054978643     
  0.998204710256717     
  0.998171926753516     
  0.998118268839967     
  0.998064182457567     
  0.997807063522045     
  0.996973104855249     
  0.995776520419681     
  0.991742438790537     
  0.985021009134503     
  0.979592559767806     
  0.976203199972821     
  0.974613089793475     
  0.975972697800762     
  0.979060205290875     
  0.983334677315204     
  0.987617960970093     
  0.989816322128314     
  0.991426377497516     
  0.993638302874829     
  0.994645989235395     
  0.994952397735945     
  0.995513704876852     
  0.995765673333623     
  0.995735404521405     
  0.995520705794122     
  0.995272843433465     
  0.994997211426402     
  0.994409343752574     
  0.993358158895085     
  0.992831576806016     
  0.992675564143571     
  0.992394867497443     
  0.991846607538112     
  0.991193021433819     
  0.990920923298706     
  0.991194103487907     
  0.991032003298820     
  0.990545901180572     
  0.990016201058190     
  0.989453899871600     
  0.988850368689530     
  0.988191318666698     
  0.987462331695092     
  0.986655850790431     
  0.985783062023649     
  0.984784566108151     
  0.983379834120988     
  0.981429903991710     
  0.979234607209413     
  0.977195425306740     
  0.975294220268125     
  0.973525972688823     
  0.971965760334881     
  0.970678137819263     
  0.969622110542303     
  0.968042777803915     
  0.965763400611046     
  0.963262403023796     
  0.960685399444386     
  0.958083540784946     
  0.955437070125312     
  0.952822871694066     
  0.950387912417817     
  0.948392381941338     
  0.947099307098269     
  0.946683948153991     
  0.947206448998686     
  0.948590318032755     
  0.950627351502770     
  0.953041863051973     
  0.955621497708668     
  0.958251119285005     
  0.960841165862771     
  0.963360678754288     
  0.965880318387498     
  0.968327274466984     
  0.970661799822211     
  0.972830958731613     
  0.974816872046519     
  0.976644330171193     
  0.978337667925156     
  0.979884537768899     
  0.981264826783310     
  0.982554584743476     
  0.983763751769903     
  0.984857720847749     
  0.985675145478845     
  0.985426094010208     
  0.984282282375213     
  0.983415890940668     
  0.983153385057110     
  0.983724538651638     
  0.985152127648888     
  0.987174572477970     
  0.989601552006897     
  0.991158658319841     
  0.991956313963710     
  0.992485257587926     
  0.992227104153561     
  0.989968441783120     
  0.987324750162531     
  0.985707694211131     
  0.985090785558251     
  0.985755863275326     
  0.987572062074458     
  0.990371466640028     
  0.993526105837549     
  0.994614558006986     
  0.994321726276618     
  0.994033267587644     
  0.994086315218134     
  0.994562377310766     
  0.995317530322163     
  0.996191807369921     
  0.996891677906785     
  0.997163185507122     
  0.997296075609146     
  0.997420499393232     
  0.997533735288660     
  0.997627139239711     
  0.997706780858984     
  0.997789097247242     
  0.997870248315935     
  0.997945174337802     
  0.998019301831413     
  0.998087898200822     
  0.998100675444458     
  0.998119560805291     
  0.998168932231659     
  0.998220701906562     
  0.998272103998185     
  0.998325972006697     
  0.998385414217803     
  0.998468930238642     
  0.998580053107542     
  0.998632197208937     
  0.998666363396274     
  0.998695211912645     
  0.998707715862881     
  0.998698201202012     
  0.998659104672553     
  0.998613250171750     
  0.998599251199976     
  0.998588726964330     
  0.998537764273827     
  0.998301395444438     
  0.996056434786912     
  0.976514960178517     
  0.926532067734695     
  0.884190549525831     
  0.861034346453480     
  0.851127074358609     
  0.855515655283437     
  0.873664838332856     
  0.908937727145805     
  0.960576333672241     
  0.991664797846540     
  0.996208260019497     
  0.996338636919369     
  0.996687013444029     
  0.997271810514930     
  0.997391138956614     
  0.997417032042003     
  0.997465489972097     
  0.997745834373147     
  0.998202487227066     
  0.998743611329292     
  0.999165977955963     
  0.999336679237615     
  0.999309902551377     
  0.999097835461550     
  0.998767051853824     
  0.998443105189078     
  0.998310403112792     
  0.998463580030346     
  0.998813665638492     
  0.999172833776411     
  0.999416496499574     
  0.999520009383795     
  0.999541954745998     
  0.999558483949307     
  0.999569460249274     
  0.999575916757770     
  0.999551039880090     
  0.999282670821247     
  0.998948042978579     
  0.998828424091038     
  0.998394700121141     
  0.997458362507199     
  0.997262157267856     
  0.997673112615178     
  0.998082173057037     
  0.998054068330563     
  0.997593998078620     
  0.997660167731380     
  0.998696537969406     
  0.999355397487391     
  0.998967644776250     
  0.998731738068920     
  0.998945391214073     
  0.999193634009811     
  0.999170442255395     
  0.998906558379274     
  0.998766487840559     
  0.999146114107468     
  0.999641544193882     
  0.999678718726153     
  0.999566734285804     
  0.999534360015531     
