  0.993726955786977     
  0.996202704398429     
  0.997294780405890     
  0.996233704067284     
  0.994385908476892     
  0.992605151248142     
  0.990942984134974     
  0.989182651692476     
  0.987666346472389     
  0.986384784816471     
  0.985067419221597     
  0.984219223806119     
  0.983594970083023     
  0.982702358173511     
  0.981849694735478     
  0.982028115687996     
  0.981067499167608     
  0.980916239601608     
  0.981348694618887     
  0.980515518240604     
  0.981950990470944     
  0.981289761887836     
  0.981716243890198     
  0.982874998667998     
  0.982865121874680     
  0.984102559879638     
  0.984932209977643     
  0.985886811814719     
  0.987281617402073     
  0.988544588901020     
  0.990076647930828     
  0.991957937322971     
  0.993966218476858     
  0.996127767077474     
  0.998175227642855     
  0.999035610396906     
  0.999168230557347     
  0.999209040124491     
  0.999190947489695     
  0.999135706970460     
  0.998943385560454     
  0.998604693350745     
  0.998200159556716     
  0.997759172730629     
  0.997328097823803     
  0.996958919964686     
  0.996723094151332     
  0.996473527956159     
  0.996359905027139     
  0.996477718880834     
  0.996234849210287     
  0.996428850697011     
  0.996423586366631     
  0.996238300746843     
  0.996696071773981     
  0.996287809052930     
  0.996270576821468     
  0.996732512835290     
  0.996309116055933     
  0.996487601864924     
  0.996467100862081     
  0.996335380675241     
  0.996453740975135     
  0.996394974256915     
  0.996330582300287     
  0.996431332429041     
  0.996582639652492     
  0.996785704748281     
  0.997073510447576     
  0.997425810526340     
  0.997790166515027     
  0.998156104874710     
  0.998374347012063     
  0.998412432923978     
  0.998441349848218     
  0.998405035221116     
  0.998298647417297     
  0.998308954706696     
  0.998191954956386     
  0.998047406171264     
  0.998027521574974     
  0.997866998339736     
  0.997731091465108     
  0.997623493448031     
  0.997454654931278     
  0.997300826480312     
  0.997172459394799     
  0.997054416924850     
  0.996895029222859     
  0.996830385316225     
  0.996811747294107     
  0.996688747322977     
  0.996758797639734     
  0.996766395186067     
  0.996652910621352     
  0.996754701920674     
  0.996772877702716     
  0.996756887021125     
  0.996840619803109     
  0.996848277231805     
  0.996885823679516     
  0.996955587300553     
  0.996948587365967     
  0.996943900939975     
  0.996941701728181     
  0.996860545276313     
  0.996565261070169     
  0.995116662133682     
  0.992922580111564     
  0.990845640460841     
  0.988814982494023     
  0.986965440167499     
  0.985387434429832     
  0.983679769333827     
  0.981656268652608     
  0.979513401353482     
  0.977820165068977     
  0.975733827597889     
  0.973300871746465     
  0.972759466711503     
  0.970437479074114     
  0.968835318929406     
  0.969209183305344     
  0.965694142147759     
  0.964528103262445     
  0.963427646813581     
  0.958872098008541     
  0.956554294750571     
  0.953357112662293     
  0.948955464113473     
  0.948141219952854     
  0.945731834436225     
  0.943170403997732     
  0.943888253353203     
  0.944127570916819     
  0.943747039546829     
  0.944844162139273     
  0.946504207797470     
  0.944664853323835     
  0.945090044122414     
  0.942791876498643     
  0.937220264199208     
  0.938903597861816     
  0.935070950295850     
  0.931191724874580     
  0.929962642379538     
  0.924442178067299     
  0.921812133824516     
  0.917832145922847     
  0.913342491392886     
  0.909474790930724     
  0.906023127392544     
  0.902831125280954     
  0.897107337338269     
  0.892566496687424     
  0.885082264250067     
  0.875002310618945     
  0.865208344444021     
  0.852803255658663     
  0.839943359485202     
  0.827978417011824     
  0.816036298325875     
  0.805398217367212     
  0.796165463386782     
  0.788101827010260     
  0.781596296993892     
  0.777007454552134     
  0.773972144133260     
  0.772495142073358     
  0.773000909236302     
  0.774534064066678     
  0.776996420717612     
  0.780909489598054     
  0.786368585553251     
  0.793350961056335     
  0.801212379390500     
  0.810269081577451     
  0.820455356019044     
  0.831594732671200     
  0.843780421203072     
  0.856804585428500     
  0.870555486689146     
  0.884830459750368     
  0.899325874354640     
  0.913565506320078     
  0.926850704742792     
  0.938403634811503     
  0.947902318397470     
  0.955445893497370     
  0.961395889377226     
  0.966185696131156     
  0.970147515955537     
  0.973505374616751     
  0.976382632248935     
  0.978834544892008     
  0.980926969248003     
  0.982744999582124     
  0.984288318276880     
  0.985647196503068     
  0.986865436014892     
  0.987905563888152     
  0.988766079963422     
  0.989620300818235     
  0.990382587438232     
  0.991033361010890     
  0.991570762222350     
  0.992072654110174     
  0.992529926332471     
  0.992936753700038     
  0.993281565244623     
  0.993583472331921     
  0.993823845433879     
  0.994016100121033     
  0.994287963377592     
  0.994497661574628     
  0.994638817799785     
  0.994955838377011     
  0.995004018798162     
  0.995101776728313     
  0.995500105737021     
  0.995338345424697     
  0.995274553310767     
  0.994381451746766     
  0.992982571843015     
  0.992252786661149     
  0.991052098946448     
  0.990152484724028     
  0.989693669534225     
  0.988570923436737     
  0.987913307688839     
  0.987520672849420     
  0.985628348888286     
  0.982880143584595     
  0.978930045401572     
  0.974327626639004     
  0.970723153610189     
  0.966975085497225     
  0.963354646270516     
  0.961918805755947     
  0.959500550356534     
  0.957299001755035     
  0.955867612051298     
  0.955699813878857     
  0.953467234505117     
  0.953721527815883     
  0.954799504884183     
  0.952308366737430     
  0.956481824212010     
  0.954135431034445     
  0.955788770338780     
  0.959771108939960     
  0.958574354087668     
  0.963242937725874     
  0.964603035047142     
  0.966675440567001     
  0.969605116524601     
  0.970850717261365     
  0.973483283919158     
  0.976277662404349     
  0.979042332801044     
  0.982543019742976     
  0.986455108147168     
  0.990487406060730     
  0.994457641083421     
  0.997200772070809     
  0.998711795349619     
  0.999010533942694     
  0.999053115991314     
  0.999063771118521     
  0.999095453264215     
  0.999102455830636     
  0.999108891882832     
  0.999127762105529     
  0.999140756159441     
  0.999151410738798     
  0.999168614188053     
  0.999184531575823     
  0.999190064290438     
  0.999205451521865     
  0.999220521913160     
  0.999231001209031     
  0.999237810704302     
  0.999259679498237     
  0.999255366292298     
  0.999061712437715     
  0.998718273894701     
  0.998360217768929     
  0.997938036215408     
  0.997270838971303     
  0.996467248036780     
  0.995776298522958     
  0.995201640686748     
  0.994741281854607     
  0.994457970278946     
  0.994212900544566     
  0.994239956953227     
  0.994054653292255     
  0.993160928864625     
  0.992519906112403     
  0.991517508383775     
  0.990698767203166     
  0.990190605436640     
  0.989290335458798     
  0.988810893858221     
  0.988536457938837     
  0.988048189743954     
  0.987506274111335     
  0.987642129260094     
  0.987105669421292     
  0.986891299623071     
  0.987666429069942     
  0.986839669566881     
  0.987743256830109     
  0.988646915647031     
  0.988471118515085     
  0.990108191586148     
  0.990654411160839     
  0.991208521283398     
  0.992477835701687     
  0.992990313454918     
  0.993492087689427     
  0.994092876816730     
  0.994567162960600     
  0.995214784519183     
  0.996021721023340     
  0.996898203582743     
  0.997845856322721     
  0.998830644814647     
  0.999432899632660     
  0.999593602700993     
  0.999612406941508     
  0.999596680901321     
  0.999597118164952     
  0.999566996696694     
  0.999534173287001     
  0.999514830207970     
  0.999457612121274     
  0.999435308553772     
  0.999408269464381     
  0.999366244824267     
  0.999353117301677     
  0.999329851832776     
  0.999297434741470     
  0.999288398913671     
  0.999289682271846     
  0.999267182893919     
  0.999287166244334     
  0.999286279107458     
  0.999290469802891     
  0.999350564009376     
  0.999337164546186     
  0.999333224392077     
  0.999302044472045     
  0.999228413341222     
  0.999199179975724     
  0.999154561988462     
  0.999132614429853     
  0.999150503755868     
  0.999140352734988     
  0.999168235875037     
  0.999229627853081     
  0.999197125992229     
  0.999251569035552     
  0.999303158287402     
  0.999216100316485     
  0.999369792010826     
  0.999313740890590     
  0.999187475405835     
  0.999354330230875     
  0.999256241893204     
  0.999243204108761     
  0.999289647828412     
  0.999143861980535     
  0.999021866288784     
  0.998719293477224     
  0.998093207043016     
  0.997541907982883     
  0.997093157755577     
  0.996705771624710     
  0.996381359036864     
  0.996293105079422     
  0.996389665473203     
  0.996155767852625     
  0.995958827024102     
  0.996210749170657     
  0.995938981249385     
  0.995803264804100     
  0.995977767182232     
  0.994690388553086     
  0.994434716071647     
  0.994453628056105     
  0.992719687026288     
  0.992936480260280     
  0.992513833767068     
  0.991772510686579     
  0.992237771415307     
  0.991435392741969     
  0.991484118728559     
  0.991995703888361     
  0.991499173711139     
  0.992090606071754     
  0.992466275748408     
  0.992529910731802     
  0.993841663257372     
  0.993742261522850     
  0.994264272610314     
  0.995130334248620     
  0.994834047359659     
  0.995331311296347     
  0.995331029483349     
  0.995477888844481     
  0.995866208812941     
  0.995996442784395     
  0.996325400864338     
  0.996748019656826     
  0.997196230342346     
  0.997726937060074     
  0.998291724584199     
  0.998882013039700     
  0.999482415052999     
  0.999714323905290     
  0.999729476720220     
  0.999736808014220     
  0.999727252485543     
  0.999715963715584     
  0.999711444573616     
  0.999704167928514     
  0.999699880589085     
  0.999691092073881     
  0.999637451589057     
  0.999586436187612     
  0.999541051110315     
  0.999449321441265     
  0.999367415680544     
  0.999283404617875     
  0.999164010820188     
  0.999122252083757     
  0.998973485248935     
  0.998851064090265     
  0.998882244019787     
  0.998648892473886     
  0.998536314387478     
  0.998305045428399     
  0.997928822400844     
  0.998127007182944     
  0.997898375276065     
  0.997516880942010     
  0.997528271125426     
  0.997309813243576     
  0.997173344851710     
  0.997221920469141     
  0.997129934744922     
  0.997057267748088     
  0.997332538291162     
  0.997287262797390     
  0.997247208058919     
  0.997648900807772     
  0.997445802780711     
  0.997546610763007     
  0.997910914487534     
  0.997571334280223     
  0.997736498987403     
  0.997937901371923     
  0.997691363323712     
  0.997923708470342     
  0.997912187700423     
  0.997867811985801     
  0.997869697732691     
  0.997453422571710     
  0.996998672018432     
  0.996514946143350     
  0.995856981663232     
  0.994981327371764     
  0.993894546690327     
  0.992721455104771     
  0.991505790825216     
  0.990301004932556     
  0.989128767773627     
  0.988009673310282     
  0.986987435000750     
  0.985562750166259     
  0.983850537671855     
  0.982487933169960     
  0.981461902245198     
  0.980564686445106     
  0.980296616749872     
  0.980295285358163     
  0.980022032248605     
  0.980632864233634     
  0.981479688005438     
  0.981446988020036     
  0.983366756387184     
  0.983071421898737     
  0.984745448132533     
  0.985703205567349     
  0.983562175262470     
  0.986011900688050     
  0.984468001410361     
  0.983456485284373     
  0.984510879720641     
  0.982168795302078     
  0.981861906989530     
  0.981201419868382     
  0.979502183302143     
  0.978610684214023     
  0.977654445488430     
  0.975728882572343     
  0.974319663266976     
  0.973614937481491     
  0.971999251010491     
  0.971711101267057     
  0.971326291564583     
  0.970835785151930     
  0.970599575469921     
  0.969550468010537     
  0.968872846499638     
  0.968691557104227     
  0.968483373401202     
  0.968742039193593     
  0.969276978671709     
  0.970198536332373     
  0.971580479013939     
  0.973179863380920     
  0.974998589765118     
  0.976833106945998     
  0.978790687124987     
  0.980404145090767     
  0.981208928233130     
  0.981954452241187     
  0.982711728583670     
  0.983489651757862     
  0.984026471705039     
  0.984356714528561     
  0.985062253337384     
  0.985679715096411     
  0.986315560437171     
  0.987092422795253     
  0.987728000607890     
  0.988574929851601     
  0.989239909428253     
  0.989873591036126     
  0.990755620485602     
  0.991782877890097     
  0.992757028931637     
  0.993770549859333     
  0.994747194327183     
  0.995446979882867     
  0.996018990103794     
  0.996560110117869     
  0.997104707808369     
  0.997679880427106     
  0.998167890882623     
  0.998596122317664     
  0.998988028595583     
  0.999299123365162     
  0.999530551473174     
  0.999694514620657     
  0.999722072195684     
  0.999681708113969     
  0.999619221333593     
  0.999508238276665     
  0.999213625570428     
  0.998838970751216     
  0.998470345109327     
  0.998144009584954     
  0.997852888388159     
  0.997584188970979     
  0.997384542509616     
  0.997176637334927     
  0.996660000315553     
  0.996380396991003     
  0.996172143941234     
  0.995323893457382     
  0.995246270627523     
  0.994634700101260     
  0.993841759705893     
  0.993992997878700     
  0.992680063854231     
  0.992381247078898     
  0.992014632640939     
  0.991253401967768     
  0.991403380947690     
  0.991068630757708     
  0.990980566704855     
  0.991293644661375     
  0.991412600151342     
  0.991757315768172     
  0.992509598182504     
  0.992922175613571     
  0.993791607669805     
  0.994612124543268     
  0.995043203089670     
  0.996403653326396     
  0.996523141220217     
  0.997125103297177     
  0.997754159319073     
  0.997639508677268     
  0.998336708605062     
  0.998456325325223     
  0.998572519640777     
  0.998786276506293     
  0.998665233138211     
  0.998589848366751     
  0.998480857462895     
  0.998277276695167     
  0.998159270293856     
  0.998108939986635     
  0.998105232118122     
  0.998196147689872     
  0.998065871212919     
  0.997820579096367     
  0.997472721137878     
  0.995994180960905     
  0.994204471277650     
  0.992648774062880     
  0.990819122967468     
  0.989693422471748     
  0.988334687138641     
  0.987144465342858     
  0.986549268603311     
  0.985160871594891     
  0.985088824703571     
  0.983329433119550     
  0.981275280067667     
  0.982375404733593     
  0.979314961274505     
  0.979712704453968     
  0.980029204263025     
  0.977263830563300     
  0.980214703936082     
  0.978723461860571     
  0.978309711051744     
  0.980321821565697     
  0.979286016345983     
  0.980273968319191     
  0.981400627013777     
  0.981245585820502     
  0.982979829473644     
  0.983910665579946     
  0.985085371682560     
  0.987088329139483     
  0.988437603095746     
  0.990396839747469     
  0.992123326966339     
  0.992716697413690     
  0.993198944835926     
  0.993613201409028     
  0.994066197221050     
  0.994625726402287     
  0.995251800468352     
  0.995970622214079     
  0.996801330025627     
  0.997681807623604     
  0.998277941949389     
  0.998222995080074     
  0.997878542283482     
  0.997486907467493     
  0.997011314121349     
  0.996466432991416     
  0.995826529169069     
  0.995093248285414     
  0.994447405669389     
  0.993681010056426     
  0.992923886597800     
  0.992391098058094     
  0.991712021794655     
  0.991237002847610     
  0.990909532273590     
  0.990415817307562     
  0.990222779997685     
  0.990194772119121     
  0.989969517031737     
  0.990018022025205     
  0.990218115504918     
  0.990281418228913     
  0.990461603550695     
  0.990782491352432     
  0.990985855935593     
  0.991299521933011     
  0.991693615207731     
  0.991987822739997     
  0.992467505810652     
  0.992889826452432     
  0.993217404596792     
  0.993623489140866     
  0.993911798419409     
  0.994008829004007     
  0.994075893911004     
  0.993936259571525     
  0.993798995572823     
  0.993737277166854     
  0.993338398720975     
  0.993043776752698     
  0.992711502176213     
  0.992136182996083     
  0.991639524776221     
  0.991068432917057     
  0.990437353765087     
  0.989832647990963     
  0.989145568677314     
  0.988425290814030     
  0.987705308430626     
  0.986936784397731     
  0.986114871285730     
  0.985226250361840     
  0.984244006301330     
  0.983207771914466     
  0.982051908719683     
  0.980773115005367     
  0.979477590308152     
  0.978083239052621     
  0.976634227562350     
  0.975166365271965     
  0.973628734581344     
  0.972139820980244     
  0.970665902866243     
  0.969215582347407     
  0.967889416424145     
  0.966672663085419     
  0.965604329559839     
  0.964721682655241     
  0.964031731684644     
  0.963560098873997     
  0.963318019709587     
  0.963303673957080     
  0.963497489651613     
  0.963875408403159     
  0.964457209272752     
  0.965246617545205     
  0.966221306825493     
  0.967360819021748     
  0.968615213340418     
  0.969954036344793     
  0.971410625679388     
  0.972904925231742     
  0.974376657677757     
  0.975808334230954     
  0.977183584905439     
  0.978509651744182     
  0.979761490230692     
  0.980932254492677     
  0.982053152178328     
  0.983082102023880     
  0.984019727155634     
  0.984912900679596     
  0.985756928639509     
  0.986408347373333     
  0.986972187264430     
  0.987531617598469     
  0.987844019218984     
  0.988273750187279     
  0.988696431466240     
  0.988920033418782     
  0.989350037198914     
  0.989587416779759     
  0.989903374334446     
  0.990250247953947     
  0.990515381730904     
  0.990894799622836     
  0.991167978213279     
  0.991540248636339     
  0.991903805950969     
  0.992166640115601     
  0.992615617103505     
  0.992961579158709     
  0.993291243040934     
  0.993695230739091     
  0.994005696792384     
  0.994322068006122     
  0.994701100850532     
  0.995032392893596     
  0.995376677635163     
  0.995762659494553     
  0.996137943778265     
  0.996513142176380     
  0.996865183785890     
  0.997190274332433     
  0.997469556802569     
  0.997652741405968     
  0.997788113766284     
  0.997900954804512     
  0.998023932332641     
  0.998129085394714     
  0.998208240078762     
  0.998314598727051     
  0.998372257105950     
  0.998425161840883     
  0.998490957023753     
  0.998498433421374     
  0.998554921815305     
  0.998592458315371     
  0.998590387024020     
  0.998620077487673     
  0.998539483236714     
  0.997790523078932     
  0.994633245205796     
  0.989925195082491     
  0.985468721557502     
  0.981446719326162     
  0.977478859503908     
  0.973584872106294     
  0.970246261754783     
  0.967518327170050     
  0.964371004221876     
  0.961915036800227     
  0.959736127806955     
  0.957420648947129     
  0.956610948948932     
  0.954699399435647     
  0.953965858216926     
  0.953800958540673     
  0.953829284144025     
  0.955824513223144     
  0.955456265191851     
  0.956858192057545     
  0.958732026889788     
  0.960327320528707     
  0.963065819735201     
  0.965408291495694     
  0.968392278671649     
  0.971694665744125     
  0.974819163378590     
  0.978275521804537     
  0.982315887684137     
  0.986625010740446     
  0.991137252800269     
  0.995608863300675     
  0.997984878628636     
  0.998381449034242     
  0.998585655244662     
  0.998762653428642     
  0.998908413192067     
  0.998971033822987     
  0.999003682976313     
  0.999029032255025     
  0.998970258565475     
  0.998887779796903     
  0.998823863053920     
  0.998754751355753     
  0.998706170146522     
  0.998678451695630     
  0.998682566013574     
  0.998715367865351     
  0.998697461250340     
  0.998730880606832     
  0.998709870589986     
  0.998569272303636     
  0.998653669100889     
  0.998560927755772     
  0.998509088767214     
  0.998638994502343     
  0.998447905735475     
  0.998532490761928     
  0.998593163114724     
  0.998465647304200     
  0.998567086918412     
  0.998549914244352     
  0.998485448970501     
  0.998630328472933     
  0.998611247951718     
  0.998629326507444     
  0.998824920630903     
  0.998876847426114     
  0.999012062974700     
  0.999147384529005     
  0.999224108634425     
  0.999350709126942     
  0.999349247724587     
