  0.999556779104972     
  0.999550571709507     
  0.999542152352996     
  0.999548772639963     
  0.999465818710923     
  0.999510720895467     
  0.999425597167829     
  0.999517262899164     
  0.999471110680006     
  0.998677173455300     
  0.994562644539916     
  0.986912481114811     
  0.997801994891158     
  0.999227373997830     
  0.999352329227883     
  0.999061873043097     
  0.996218266606110     
  0.962161060793995     
  0.801235924245653     
  0.907767551532727     
  0.982625887886911     
  0.986664237000555     
  0.988406258036331     
  0.997517662537794     
  0.999058147075306     
  0.999386532845670     
  0.999422556934317     
  0.999432880837933     
  0.999436237312222     
  0.999434565511140     
  0.999392059433174     
  0.999158228369056     
  0.999401665089050     
  0.999420341648759     
  0.999416209096101     
  0.999410303131016     
  0.999403502167035     
  0.999396776352911     
  0.999384246659156     
  0.999370974800749     
  0.999373786124212     
  0.999354933192239     
  0.999296952883103     
  0.999346058738683     
  0.999328020007632     
  0.999326480441279     
  0.999313482570245     
  0.999296356057072     
  0.999221502908697     
  0.998846715770980     
  0.995771586773552     
  0.994054762816034     
  0.998600205048969     
  0.999212054327011     
  0.999753420625116     
  0.980783252332741     
  0.980335161193456     
  0.992358203310196     
  0.989363974463940     
  0.998695984940951     
  0.998938423550796     
  0.999098849864833     
  0.999108068076311     
  0.999097802988520     
  0.999082035518662     
  0.999064972890220     
  0.999047775084325     
  0.999029011954865     
  0.999010039040134     
  0.998990368428014     
  0.998923189867208     
  0.998946334309820     
  0.998919821652209     
  0.998902156977610     
  0.998841433458549     
  0.998587284368506     
  0.998538183824849     
  0.998591608224693     
  0.995269248438368     
  0.996761177186182     
  0.998606301564198     
  0.998662943935992     
  0.998644025395342     
  0.998541779391966     
  0.998569194282012     
  0.998513264034349     
  0.998260676227764     
  0.996286022889022     
  0.997231884914781     
  0.997741839487233     
  0.997094027501301     
  0.993887965906424     
  0.992384337134488     
  0.988929534687947     
  0.996323189825412     
  0.997829460267154     
  0.998025117589588     
  0.997952612875474     
  0.997638910826951     
  0.997437124633955     
  0.997742258039008     
  0.997718094721085     
  0.997646401789185     
  0.997558423846023     
  0.997446127678315     
  0.997276204429420     
  0.997146651866629     
  0.996801200934498     
  0.996928342464273     
  0.996965913255285     
  0.996862503976548     
  0.996740208047451     
  0.996607374425124     
  0.996463917666688     
  0.996313045887383     
  0.996110609046175     
  0.995940145841824     
  0.995711221369384     
  0.995435048749381     
  0.995072215820335     
  0.994711650333773     
  0.968088839233462     
  0.799071091120915     
  0.952732399862725     
  0.993487711530794     
  0.993334351284979     
  0.992054659662950     
  0.980248474386575     
  0.865213745114948     
  0.924768683625724     
  0.981193697380111     
  0.921018940933843     
  0.966841387724271     
  0.988528196891685     
  0.988738665048641     
  0.987882397252215     
  0.986022723701680     
  0.971092838263019     
  0.897861276988698     
  0.966300923857451     
  0.896964639135318     
  0.920317347765206     
  0.828396090530126     
  0.966839568604451     
  0.973592535157569     
  0.970269207389294     
  0.964302850972535     
  0.942729358309109     
  0.957054699835834     
  0.951365735702385     
  0.946597567452109     
  0.941666798303259     
  0.925885878106456     
  0.890739337418948     
  0.838433888062766     
  0.898761154385234     
  0.883514006228770     
  0.862858976809981     
  0.846497862888080     
  0.846750217717183     
  0.861557233700183     
  0.876399390691109     
  0.887317367532020     
  0.888484149953398     
  0.880805596902596     
  0.860099104898897     
  0.818461824420388     
  0.749742942171870     
  0.631255154820974     
  0.509206501471289     
  0.474866094521253     
  0.504217023768012     
  0.576905817086913     
  0.672389272851405     
  0.759174223412498     
  0.814719786339567     
  0.845067336275147     
  0.869028291860228     
  0.888777111859113     
  0.903825963222010     
  0.918803896935137     
  0.933027285199557     
  0.945008556442431     
  0.951538760461113     
  0.957478761420272     
  0.963032407537442     
  0.967551219989382     
  0.970258932049324     
  0.972766168397440     
  0.975057930815160     
  0.977194344850019     
  0.979090532277602     
  0.980837639575355     
  0.982450347068428     
  0.983967104553033     
  0.985402243233442     
  0.986674561161411     
  0.987946463478584     
  0.989036335498074     
  0.989957214268040     
  0.990408457289333     
  0.990111362385010     
  0.992041875120572     
  0.992558556960129     
  0.993219099410296     
  0.993574051648839     
  0.994078391088433     
  0.994408735021981     
  0.994685700391415     
  0.994742105100497     
  0.994972673058174     
  0.995455752923106     
  0.995733369031042     
  0.995790285827147     
  0.996167595070895     
  0.996357148687816     
  0.996523416127855     
  0.996609867443090     
  0.995257480430425     
  0.986544255441847     
  0.995177847698810     
  0.996121879283655     
  0.997031698708358     
  0.997411319881288     
  0.997486190573738     
  0.993119581920096     
  0.995185537022127     
  0.997767796425856     
  0.997907582696187     
  0.996993730302764     
  0.997578845481209     
  0.998014509873416     
  0.997968331086867     
  0.997723892763504     
  0.997310463502773     
  0.993531174802325     
  0.954188746784885     
  0.881815369301175     
  0.909297941554073     
  0.988419530335303     
  0.996927187460048     
  0.997971853997925     
  0.998200230996540     
  0.998168099895864     
  0.997081806175992     
  0.985872681035018     
  0.884054039853190     
  0.731240524026735     
  0.798632803719013     
  0.814546253069596     
  0.982506576989995     
  0.996422586711084     
  0.997737649140935     
  0.998028804283134     
  0.998741425948423     
  0.998888174274601     
  0.998948624125948     
  0.998987190637911     
  0.998998299248857     
  0.998810848078088     
  0.998930961064181     
  0.998323180766794     
  0.999051526240581     
  0.999156857781313     
  0.999178989347690     
  0.999126072191657     
  0.999150165885564     
  0.999238812351032     
  0.999258130096944     
  0.999273982216191     
  0.999289904910360     
  0.999302478240378     
  0.999293466459135     
  0.999073911196346     
  0.999022006920672     
  0.999294016023121     
  0.999333381752941     
  0.999175724755041     
  0.998887276449201     
  0.999358566983941     
  0.999415863107490     
  0.999423013119133     
  0.999350297228808     
  0.998459368952165     
  0.999156663874981     
  0.999454653580470     
  0.999476921044597     
  0.999482305172012     
  0.999443345743796     
  0.999406134126341     
  0.999492118520105     
  0.999290113800096     
  0.999503958839863     
  0.999505746579063     
  0.999501042416473     
  0.999483596386786     
  0.999449393112230     
  0.999481168046471     
  0.999372027493429     
  0.975656886603988     
  0.982056619954809     
  0.999819931851213     
  0.992834360295476     
  0.958532414811130     
  0.986264635190662     
  0.999898021540354     
  0.999340374597004     
  0.999426757408119     
  0.999449637799396     
  0.999235338840212     
  0.996969844511349     
  0.952083450860897     
  0.919556633274688     
  0.977854484051432     
  0.995884172541975     
  0.999318564975440     
  0.999488733238318     
  0.999514452507587     
  0.999658399208089     
  0.999671723223549     
  0.999680258579553     
  0.999686708882712     
  0.999692383331551     
  0.999696052950058     
  0.999689723188778     
  0.999647789675155     
  0.999708611359303     
  0.999713665892729     
  0.999700323173195     
  0.999608005185785     
  0.999474169886107     
  0.999683724995933     
  0.999587317822917     
  0.999643088266381     
  0.999587349205438     
  0.999294498353848     
  0.999710038159193     
  0.999737249949314     
  0.999742760775726     
  0.999729545609983     
  0.999739080099435     
  0.999705410426334     
  0.999422820392749     
  0.997991840664543     
  0.997246804386763     
  0.999142953958274     
  0.999651553831600     
  0.999639878086076     
  0.999147875627246     
  0.996704980916354     
  0.999139468854481     
  0.999678332201596     
  0.999761073687322     
  0.999753560172229     
  0.999773543099670     
  0.999757648838405     
  0.999760218945247     
  0.999780861698271     
  0.999783227106143     
  0.999784781393282     
  0.999786328908709     
  0.999787387347374     
  0.999788521544140     
  0.999763829576212     
  0.999786352732834     
  0.999979840310103     
  0.992253387850166     
  0.996929482665882     
  0.999918598490955     
  0.999776031360067     
  0.999797598554222     
  0.999800530681962     
  0.999802145489834     
  0.999779057067157     
  0.999762896743303     
  0.999765782744962     
  0.999735145275589     
  0.999497958169500     
  0.999141466480237     
  0.999650978999130     
  0.999653076937277     
  0.999806152291873     
  0.999808499512560     
  0.999803393542901     
  0.999764891378858     
  0.999650073834232     
   1.00008823475541     
  0.991713720625831     
  0.990695201051387     
  0.977934984509385     
  0.958255730108642     
  0.998182825332782     
  0.999607901906902     
  0.999523665955891     
  0.998786808228426     
  0.993848531921992     
  0.998295081778618     
  0.999516141463283     
  0.999786014701747     
  0.999795876200253     
  0.999723459093576     
  0.998904540201367     
  0.983488937756760     
  0.930339499491737     
  0.990066333795439     
  0.999072773425709     
  0.999237513898713     
  0.999611540821211     
  0.999788470208157     
  0.999813574623777     
  0.999817460043505     
  0.999825662736346     
  0.999827951286617     
  0.999828409200429     
  0.999803783872555     
  0.999652766216679     
  0.999277966626510     
  0.999120787319056     
  0.999577615591790     
  0.999844265714451     
  0.999835732431616     
  0.999834288804140     
  0.999816956926884     
  0.999648368193200     
  0.999718809983424     
  0.999818722173762     
  0.999836526684146     
  0.999839080860417     
  0.999839211707223     
  0.999837119846309     
  0.999827832028378     
  0.999840326738163     
  0.999844467675202     
  0.999816735529619     
  0.999170968908276     
  0.999812456881386     
  0.999806931835449     
  0.999566866393297     
  0.999610363732479     
  0.998372424705013     
  0.999815415153656     
  0.999798768377529     
  0.999260846330931     
  0.996398661793901     
  0.983363932167840     
  0.997763720304604     
  0.999565103346022     
  0.999635687845615     
  0.998878285277002     
  0.997923003004603     
  0.999286376574775     
  0.999744038865518     
  0.999812917685232     
  0.999802017934227     
  0.999760320649334     
  0.997850030426517     
  0.984718564749525     
  0.997213594328322     
  0.999755758792012     
  0.999911233143700     
  0.990264096354952     
  0.989902791293851     
  0.999764915600692     
  0.999825236070107     
  0.999779797213173     
  0.998824765495973     
  0.997848137153026     
  0.999682765134446     
  0.999805319837330     
  0.999784478345041     
  0.999827968177610     
  0.999826390631831     
  0.999824293848993     
  0.999820879384569     
  0.999813317712367     
  0.999698476621123     
  0.999718337837648     
  0.999755556996416     
  0.999758339292411     
  0.999520285002873     
  0.996118116562735     
  0.975083763517716     
  0.915352619913249     
  0.904867009187291     
  0.970492103290778     
  0.991779161834331     
  0.973740341647967     
  0.966669779613893     
  0.992896875854158     
  0.998701852351221     
  0.999242080138582     
  0.998083150751092     
  0.999556334313865     
  0.999491309269377     
  0.996989407041745     
  0.971669802539094     
  0.868293167511374     
  0.990319511865685     
  0.998495795621765     
  0.999556382906780     
  0.999742936970083     
  0.999764209025887     
  0.999761007053305     
  0.999688808589520     
  0.999155860384168     
  0.998903463385288     
  0.998385127701455     
  0.998979555531016     
  0.995949846853064     
  0.935857363464966     
  0.879494389472870     
  0.984377889369399     
  0.982900657321429     
  0.927653571508761     
  0.867635312889588     
  0.944014219337299     
  0.987496411031805     
  0.985198816245992     
  0.971082570575198     
  0.991201840282892     
  0.989193304616818     
  0.947899417501871     
  0.947923914944862     
  0.989975077935883     
  0.998341243024774     
  0.999353862400442     
  0.999015567951649     
  0.995261985763846     
  0.973587706886811     
  0.921831033963471     
  0.937785686768144     
  0.988394351411360     
  0.997533910386136     
  0.995290291597743     
  0.987359197078890     
  0.994401026058761     
  0.999191690075756     
  0.997934639589338     
  0.987555059541762     
  0.987125935857183     
  0.954539637255278     
  0.973365917114102     
  0.994663857869269     
  0.999276091289206     
  0.999689235548423     
  0.999362994317610     
  0.999691488218976     
  0.999770543759724     
  0.999729855544269     
  0.999774141263701     
  0.999736862088397     
  0.999651234339924     
  0.999526503721944     
  0.999674465081362     
  0.999759586132239     
  0.999767957832416     
  0.999765628855758     
  0.999741939861646     
  0.999589982281433     
  0.999757714426188     
  0.999755516321855     
  0.999756597584567     
  0.999754872236064     
  0.999751126431644     
  0.999735104609476     
  0.999746159575176     
  0.999742819656558     
  0.999739004563800     
  0.999734499487052     
  0.999725561242339     
  0.999691712486852     
  0.999532615834890     
  0.997557786419561     
  0.993698266845430     
  0.999695924088803     
  0.995917420694388     
  0.957992611420416     
  0.995828401906230     
  0.999660778209650     
  0.999613972959633     
  0.998755781446063     
  0.991684315035338     
  0.961078599256795     
  0.948491776640029     
  0.986343727308501     
  0.997665790774565     
  0.999440012453626     
  0.999232110121417     
  0.998893919985465     
  0.999237282738009     
  0.999553174569137     
  0.998462602813611     
  0.993996458767435     
  0.999002913352651     
  0.992520335657259     
  0.999586684517973     
  0.999606074098368     
  0.999611801998031     
  0.999613214590838     
  0.999608544458904     
  0.999602144408684     
  0.999595079319912     
  0.999585222119801     
  0.999564874611304     
  0.999545588825133     
  0.999534199058711     
  0.999492325442798     
  0.999539597031954     
  0.999525968105443     
  0.999358878269135     
  0.999374714096157     
  0.999460704521238     
  0.999299332674857     
  0.999272329582094     
  0.999340082027495     
  0.998618505360405     
  0.994215595210260     
  0.977877575431837     
  0.994174971645097     
  0.998855824785916     
  0.999127701281833     
  0.997970044733824     
  0.994063623253564     
  0.996271828464032     
  0.997156628723476     
  0.968788920811888     
  0.976116912925182     
  0.840661870084132     
  0.922709963002425     
  0.993721298840974     
  0.998710420262294     
  0.999135561313558     
  0.999140745995501     
  0.999099313944432     
  0.998868966700034     
  0.996835295132395     
  0.969715938282968     
  0.920936525284109     
  0.987384501686736     
  0.995723954661530     
  0.988359134255628     
  0.991039137983320     
  0.997629838718345     
  0.998814972639631     
  0.998918546124750     
  0.998906021436632     
  0.998861248435339     
  0.998848948966223     
  0.998821369059062     
  0.998787895669927     
  0.998746896408469     
  0.998714567610350     
  0.998670733835510     
  0.998592341840432     
  0.998346813385480     
  0.997792953144695     
  0.997886197212189     
  0.998301671820126     
  0.998365316415502     
  0.997716047707159     
  0.998256532693690     
  0.998219551697246     
  0.998070738931503     
  0.997880551400359     
  0.998001680183806     
  0.997856651219487     
  0.997244924550736     
  0.988808577706555     
  0.987367907512008     
  0.959886825779623     
  0.947480048500466     
  0.988355877307817     
  0.991232608295390     
  0.975564152906333     
  0.987004163368423     
  0.993101569189611     
  0.988766492521335     
  0.994786910447672     
  0.995376964633297     
  0.996360180141529     
  0.996143925551844     
  0.995943167256109     
  0.995727976727608     
  0.995461560912482     
  0.995242531318121     
  0.994976505189995     
  0.994667974861303     
  0.994362268880867     
  0.994105882025665     
  0.993527586066178     
  0.984834999141611     
  0.992689023490117     
  0.992445801012160     
  0.991864187322752     
  0.991307227088469     
  0.990955221727534     
  0.990515331747497     
  0.989985922554416     
  0.989386284245957     
  0.988747288148631     
  0.988127291119590     
  0.987424085476971     
  0.986575130789943     
  0.985712362704250     
  0.984740404387141     
  0.983721865229370     
  0.982520705454518     
  0.981047689321230     
  0.977509006745932     
  0.970310462118440     
  0.970192684645210     
  0.973482260023436     
  0.972344031620613     
  0.970316887195877     
  0.967576467905536     
  0.965581233695412     
  0.962928812088127     
  0.960345101335272     
  0.957481444624563     
  0.954652520982871     
  0.952016763628207     
  0.949565688636227     
  0.947162995143099     
  0.944974964033520     
  0.944026678480290     
  0.945194888451261     
  0.947444361561543     
  0.949836675391041     
  0.952367870783102     
  0.955021736067480     
  0.957621953375118     
  0.960009007572042     
  0.962932765213979     
  0.965753780198255     
  0.968135513326974     
  0.970577620540541     
  0.972657505891726     
  0.974713822866210     
  0.976586396296932     
  0.978224897334385     
  0.979823866156578     
  0.981228012736657     
  0.982610721058111     
  0.983900656947679     
  0.984112730272293     
  0.985803357519933     
  0.986659195399868     
  0.987392101052443     
  0.986283573824411     
  0.976560056058972     
  0.976173733501205     
  0.986098088285422     
  0.990325452162762     
  0.990901663111070     
  0.991575182878246     
  0.992026226065233     
  0.992518365821981     
  0.992954982329888     
  0.993242906369794     
  0.992892583585488     
  0.987902041028567     
  0.966528520061691     
  0.979822676802417     
  0.992884160948673     
  0.995048420639002     
  0.995527455328249     
  0.995741767776284     
  0.995448732107213     
  0.992869801845495     
  0.990091953741119     
  0.994998462336586     
  0.996466915767798     
  0.996822214335565     
  0.997024564926977     
  0.997170922134260     
  0.997290564129007     
  0.997403756910180     
  0.997508797414737     
  0.997610512194819     
  0.997704133752145     
  0.997791357101577     
  0.997870989680379     
  0.997744684292380     
  0.998019360837928     
  0.998097411293434     
  0.998164295989244     
  0.998208323817209     
  0.998280745359700     
  0.998189103444930     
  0.997822191094955     
  0.998431187407205     
  0.998494662961804     
  0.998540867526585     
  0.998582551535018     
  0.998621202857734     
  0.998656939934196     
  0.998688685661488     
  0.998717054844376     
  0.998738512157536     
  0.998735816063926     
  0.998626821432994     
  0.998533365608909     
  0.998595156483522     
  0.998399780341928     
  0.998683373198783     
  0.998559776860526     
  0.998287647117851     
  0.997093248640034     
  0.981954690149384     
  0.883410425428696     
  0.528674626076158     
  0.750202385594824     
  0.972303821630929     
  0.996135570009637     
  0.992778814482666     
  0.991917731933826     
  0.995495115749595     
  0.997849422753490     
  0.999130544906298     
  0.998961622804794     
  0.998185605603709     
  0.994446392961731     
  0.996392899857204     
  0.998087787875034     
  0.998926233304225     
  0.999237352512853     
  0.999300237112263     
  0.999376382869513     
  0.999408284529322     
  0.999407313121556     
  0.999210894633202     
  0.998255927638198     
  0.997063209037472     
  0.998224101875943     
  0.999265780387821     
  0.999396299271310     
  0.999519759834512     
  0.999536268352719     
  0.999548033474053     
  0.999558219136999     
  0.999567227791797     
  0.999575332245168     
  0.999582223593479     
  0.999586851369452     
  0.999586216736700     
  0.999559394185257     
  0.997825147949800     
  0.996588188790983     
  0.999684112965040     
  0.999608969280390     
  0.990041057586355     
  0.998002482391101     
  0.998878750109768     
  0.999130785285524     
  0.999552621329144     
  0.999654454725705     
  0.999669664944524     
  0.999720209640503     
  0.999964343594088     
  0.995856828133132     
  0.997310900075948     
  0.999952552612857     
  0.999729114628083     
  0.999708312217047     
  0.999703364495443     
  0.999720591068455     
  0.999726764829735     
  0.999744657248613     
