  0.981304132960767     
  0.981092462596922     
  0.981287268010335     
  0.982367063816797     
  0.982360009250728     
  0.983382794103841     
  0.984151494255752     
  0.985557117156331     
  0.985312874205654     
  0.988437312247371     
  0.984759725616417     
  0.989253878508140     
  0.984128530152897     
  0.987456776280457     
  0.985847854130172     
  0.983692632721341     
  0.989752051144722     
  0.980990035741813     
  0.990680080782534     
  0.982123563710897     
  0.986566770922961     
  0.986464870413001     
  0.983723552147815     
  0.989305854848036     
  0.983962559581635     
  0.988045425070374     
  0.986245328308568     
  0.987227688552690     
  0.988430779267967     
  0.987571979228481     
  0.989687309533126     
  0.988789137444126     
  0.990638938018182     
  0.990309131051981     
  0.991432435772324     
  0.991899959573180     
  0.992403399348561     
  0.993409730582696     
  0.993956379285812     
  0.994871743282298     
  0.995943641783619     
  0.996608200493934     
  0.997368886012641     
  0.996991244183496     
  0.997424785114915     
  0.996695565954673     
  0.997365658408348     
  0.996479108238398     
  0.997163913344017     
  0.996752023478128     
  0.996478621052914     
  0.997345303153291     
  0.995768062259083     
  0.997394377418191     
  0.996055277176527     
  0.997008360301452     
  0.996703191626013     
  0.996104869323153     
  0.997289960170455     
  0.995516506264787     
  0.997243533897921     
  0.996027115740161     
  0.996723594600866     
  0.996501676275860     
  0.996262572759531     
  0.996780723426900     
  0.996195769523961     
  0.996915685656107     
  0.996344888166653     
  0.997001878778186     
  0.996584654921539     
  0.997061833448247     
  0.996949790354744     
  0.997115754994097     
  0.997384902872354     
  0.997236612023892     
  0.997658042334695     
  0.997481079953974     
  0.997904832222677     
  0.997782241805406     
  0.997865016700946     
  0.997863461852673     
  0.997666523932843     
  0.997768592428857     
  0.997521944274719     
  0.997574294605267     
  0.997432850477814     
  0.997422554717014     
  0.997342783210883     
  0.997350105875088     
  0.997203752062363     
  0.997200945358544     
  0.997016187569696     
  0.997145577772502     
  0.996994241387448     
  0.997049104873912     
  0.996991473296482     
  0.996875698710528     
  0.996904576252529     
  0.996413431777143     
  0.995621900327090     
  0.994463008078785     
  0.993482109726035     
  0.992497074231373     
  0.991185513995091     
  0.990685466450734     
  0.988495276268531     
  0.988013760744332     
  0.985508787967129     
  0.984904755602645     
  0.982024579824176     
  0.982420863370445     
  0.978186938277893     
  0.980937846003150     
  0.974802456787125     
  0.978967058409156     
  0.972188266735754     
  0.974849485723946     
  0.971204537566142     
  0.967879318372194     
  0.970656070487115     
  0.959494911862363     
  0.968806492212287     
  0.954427876805980     
  0.963301142422484     
  0.952937866528021     
  0.956402768079184     
  0.953335796581042     
  0.948922528292129     
  0.954082071054623     
  0.941574726054462     
  0.953328317033141     
  0.936769568729114     
  0.948523043437401     
  0.936439588105424     
  0.940172884475239     
  0.937731236394338     
  0.929219661313161     
  0.937160942466813     
  0.921234965744751     
  0.935812313211387     
  0.918211202178953     
  0.930338918453141     
  0.918159848681646     
  0.920371552818877     
  0.917798178581238     
  0.910195317350966     
  0.913880683926835     
  0.898981651640850     
  0.901783897111086     
  0.887987874297488     
  0.885788326156999     
  0.877733677663160     
  0.868625960052029     
  0.866538947098894     
  0.854207519913442     
  0.853551143951640     
  0.843644771184681     
  0.840631628879336     
  0.835738594331464     
  0.830832808610368     
  0.828680717460761     
  0.824288161849463     
  0.823555617573228     
  0.820282269901084     
  0.819995111838469     
  0.817404604110289     
  0.817902817512205     
  0.816541597937470     
  0.818416982906137     
  0.818407877495121     
  0.821233112457380     
  0.823040349021487     
  0.826404757012008     
  0.830338978277889     
  0.834652977711876     
  0.839944721129239     
  0.845035925665849     
  0.850927556740556     
  0.856708771147367     
  0.863227402649523     
  0.869732619115594     
  0.876725215977013     
  0.883764154612579     
  0.891044235307219     
  0.898474324095068     
  0.906178181849826     
  0.914090775704751     
  0.922107729534950     
  0.930316776187914     
  0.938430758343722     
  0.946381862078908     
  0.953821185870586     
  0.960419661824498     
  0.966042820929336     
  0.970495517053513     
  0.974166675982246     
  0.976986972033464     
  0.979465327255339     
  0.981477241588883     
  0.983278240623781     
  0.984587149655084     
  0.985891276236800     
  0.987067087954468     
  0.988002484342436     
  0.988943426944513     
  0.989601069220668     
  0.990332728489347     
  0.990992514567548     
  0.991321009199355     
  0.992143563509397     
  0.992073611610651     
  0.993065092382351     
  0.992784258662900     
  0.993367487260142     
  0.992604331782821     
  0.992464233182153     
  0.992014583265270     
  0.991304942279822     
  0.991741052954218     
  0.990544408086381     
  0.991169858978455     
  0.990069964420201     
  0.990095066808295     
  0.988670245986003     
  0.986978234660791     
  0.985123300571396     
  0.981950835297197     
  0.981079441943261     
  0.977718583420292     
  0.977292403966982     
  0.975551824324990     
  0.972433027670468     
  0.973526463444116     
  0.967327019561017     
  0.973139171293971     
  0.963926966620247     
  0.972674838875981     
  0.963792333660660     
  0.965420289573161     
  0.966983214550038     
  0.961345930067442     
  0.970043839919494     
  0.958612472193963     
  0.969099325894704     
  0.960652994337169     
  0.963894656715056     
  0.967729515966889     
  0.958896648284543     
  0.973550858434059     
  0.958618199036226     
  0.971479446543085     
  0.964979642187141     
  0.968620360188647     
  0.971812761453621     
  0.967234952849136     
  0.975006477168939     
  0.970593101606769     
  0.976431192042999     
  0.975546388553678     
  0.978313210115337     
  0.980098321879836     
  0.981452082342950     
  0.982856138730609     
  0.984953066002213     
  0.985737285586817     
  0.988740799010957     
  0.989575572831616     
  0.992013205695191     
  0.993853144998125     
  0.995882939360434     
  0.997586840484861     
  0.998638420951661     
  0.999042402227422     
  0.999080855347262     
  0.999099103687032     
  0.999110073040045     
  0.998983320558855     
  0.998815864064048     
  0.998644583115386     
  0.998354327948916     
  0.998009637557132     
  0.997515795344910     
  0.997070840151466     
  0.996819332447932     
  0.996187889236078     
  0.996216534687004     
  0.995431202930066     
  0.995731617759074     
  0.994614544719484     
  0.994675674080155     
  0.993294252061700     
  0.993280106235075     
  0.992347939010797     
  0.991886430021632     
  0.991645043028556     
  0.990880663771984     
  0.990790235151726     
  0.990039719945947     
  0.990053432845219     
  0.989386146579320     
  0.989700783876491     
  0.988971503524222     
  0.989581464102670     
  0.988316290503512     
  0.989536123639653     
  0.987666630475176     
  0.989641540761085     
  0.987737544084475     
  0.989370179418339     
  0.988741544332623     
  0.988215781303915     
  0.990076536054273     
  0.987582132112411     
  0.991011733101530     
  0.988194393726884     
  0.991274348983103     
  0.989732163326109     
  0.991034961108977     
  0.991572252577473     
  0.991440701599227     
  0.993216909775260     
  0.992610918319400     
  0.994455361241735     
  0.993854052146444     
  0.995437469568852     
  0.995155579784763     
  0.996256931266163     
  0.996158660413548     
  0.996728263889814     
  0.997176130896613     
  0.997445404936199     
  0.998024025629460     
  0.998479901160629     
  0.998943875651728     
  0.999364622629874     
  0.999434571267715     
  0.999506944270991     
  0.999473411160980     
  0.999475101608069     
  0.999490162280372     
  0.999424382294022     
  0.999511029171174     
  0.999397132178631     
  0.999477680301919     
  0.999364802654754     
  0.999367739080363     
  0.999345490457728     
  0.999229831732137     
  0.999348788564989     
  0.999128362363416     
  0.999313394305612     
  0.999126392977418     
  0.999254039238541     
  0.999124483076614     
  0.999229896904964     
  0.999101602542665     
  0.999233382337673     
  0.999103355428394     
  0.999215659376672     
  0.999201017571159     
  0.999117751382651     
  0.999353767549466     
  0.998958737953410     
  0.999428992696368     
  0.998884383712829     
  0.999305891511453     
  0.998779446306470     
  0.998606685453303     
  0.998413660058691     
  0.997926332178135     
  0.997883842014259     
  0.997277633993112     
  0.997504665330809     
  0.996997521094951     
  0.996916873635801     
  0.996875159549380     
  0.996522693341088     
  0.996592857540862     
  0.996467485016515     
  0.995975954999156     
  0.996153365083289     
  0.994561848965775     
  0.995661809558367     
  0.993647035058896     
  0.995097132713439     
  0.994065862536749     
  0.994129689965788     
  0.994236213693417     
  0.992155646323081     
  0.994266650945257     
  0.991685689137812     
  0.994231701202851     
  0.992800454876121     
  0.993139109234702     
  0.992678915017540     
  0.992622312045206     
  0.992521591198225     
  0.993091859598372     
  0.992951274771285     
  0.992585985370837     
  0.994232292454219     
  0.991432669243814     
  0.995325769880393     
  0.991541365526797     
  0.995229352816877     
  0.993211608652332     
  0.994241126491003     
  0.995187749459925     
  0.993971126626540     
  0.996122685386225     
  0.994935890505555     
  0.996187876203475     
  0.996326219546644     
  0.996403379945776     
  0.997004793725268     
  0.996650207054665     
  0.997354955357589     
  0.997092123457072     
  0.997657383491394     
  0.997693082617127     
  0.997919496159228     
  0.998276212321518     
  0.998417553174891     
  0.998736958067348     
  0.999053123339971     
  0.999275968268746     
  0.999537032766294     
  0.999496178073858     
  0.999471598942325     
  0.999479616641694     
  0.999358408106260     
  0.999435413436972     
  0.999256419955751     
  0.999234831725678     
  0.999120297863935     
  0.998927700647504     
  0.999008509558087     
  0.998469585205304     
  0.998765502966174     
  0.998252157850028     
  0.998387933139796     
  0.998373664138602     
  0.997842858563861     
  0.998179890584061     
  0.997561246838067     
  0.997766421104100     
  0.997816692827634     
  0.997397253606502     
  0.997989325136101     
  0.997128409201463     
  0.997856837768849     
  0.997382475615796     
  0.997396011172861     
  0.998027173744886     
  0.996782885050537     
  0.998414684542327     
  0.996715047215336     
  0.998228798621277     
  0.997405188137334     
  0.997510621216453     
  0.997779517718549     
  0.996585036363650     
  0.997571496802430     
  0.996083934716849     
  0.996777506188281     
  0.995861748335204     
  0.995704665240009     
  0.995426846531555     
  0.994811426680621     
  0.994671898234807     
  0.994207314985982     
  0.993777507322551     
  0.993189362638887     
  0.992186031833426     
  0.991528328212837     
  0.990773886001665     
  0.989967856948652     
  0.990288298514775     
  0.988251627469289     
  0.989952227101179     
  0.987129166124779     
  0.989212317425781     
  0.986597789848486     
  0.988619504799202     
  0.986180330955206     
  0.987969016520631     
  0.985754331085162     
  0.985749419945030     
  0.986769498031911     
  0.982701820498592     
  0.986753812313386     
  0.982201325330043     
  0.983621643835421     
  0.985322528685064     
  0.978529972567289     
  0.986946507555464     
  0.976156854937117     
  0.985525845773438     
  0.978127541895129     
  0.981652967789857     
  0.980681175978634     
  0.977278167063289     
  0.982176204384617     
  0.975244815631978     
  0.982465080301318     
  0.975403235886793     
  0.980036356295898     
  0.976881314164794     
  0.976260529546958     
  0.979115488453462     
  0.973922944322053     
  0.979674346570552     
  0.973717358231412     
  0.978380251517612     
  0.975175389363002     
  0.977127183075909     
  0.977621934072899     
  0.976474988728322     
  0.979371625020324     
  0.977149210998810     
  0.979276289055147     
  0.978351671367384     
  0.979206522547967     
  0.979627670163207     
  0.980290937826171     
  0.980572740656287     
  0.982217524144113     
  0.981779621092967     
  0.983862075917460     
  0.983860077070326     
  0.985378158665718     
  0.986424730452983     
  0.987267459048296     
  0.988500810096575     
  0.988609526165747     
  0.989836044299047     
  0.989780785137027     
  0.991193512545307     
  0.990783201286648     
  0.992223744995658     
  0.992086325379324     
  0.993030176647131     
  0.993583167544033     
  0.993707009538282     
  0.994901534598637     
  0.994654493615005     
  0.995765431063573     
  0.995718172582555     
  0.996497899272450     
  0.996792639959834     
  0.997284032226624     
  0.997699675717236     
  0.998012889675902     
  0.998094713873874     
  0.998117516789984     
  0.998180145518443     
  0.998181120315861     
  0.998098930820566     
  0.998264536318412     
  0.998004873905785     
  0.998042865642931     
  0.997844715966472     
  0.997726453546326     
  0.997575257610574     
  0.997390402940204     
  0.997084186825603     
  0.997174679949530     
  0.996414505488214     
  0.996948627670944     
  0.995622836153609     
  0.996543451338669     
  0.995172778596763     
  0.995575823645793     
  0.995681883221620     
  0.993796344332475     
  0.996252325218224     
  0.992981023619351     
  0.995991034071068     
  0.993396188766730     
  0.995020830114996     
  0.993912737905546     
  0.994130052786570     
  0.994402959700217     
  0.993914268832516     
  0.994999399448953     
  0.994004487788352     
  0.995480341072480     
  0.993765989546935     
  0.995247784508807     
  0.995049774995762     
  0.995203455159747     
  0.996536639877859     
  0.994637843410347     
  0.997123285088752     
  0.994976098127913     
  0.997382895124426     
  0.996505242164279     
  0.997152645414179     
  0.997515134991360     
  0.996763997658835     
  0.997889008025035     
  0.996768850081269     
  0.997864363616991     
  0.996683226586733     
  0.996627125980966     
  0.995318879952084     
  0.994781387704775     
  0.994044567286534     
  0.992730081100654     
  0.993304484203526     
  0.991011374560165     
  0.992472625632310     
  0.989785354342912     
  0.991210832079138     
  0.987880284238425     
  0.989804773466625     
  0.985810775027638     
  0.989039272071636     
  0.984331143930280     
  0.987106937082385     
  0.984531599807935     
  0.982993724922922     
  0.987193788174522     
  0.978437323640890     
  0.989288129461515     
  0.977433826909719     
  0.986738138919934     
  0.981688806452350     
  0.980871209676385     
  0.986519743461095     
  0.977522361057101     
  0.987897388985244     
  0.978985844857204     
  0.985640469872712     
  0.983377236746873     
  0.982144674244270     
  0.987326013305476     
  0.981332595230240     
  0.988620757308329     
  0.983482792421508     
  0.988139664529613     
  0.986791437498605     
  0.987522827693900     
  0.989826808099985     
  0.988365115904912     
  0.991594077321631     
  0.990600673678599     
  0.992718250212040     
  0.992640271185820     
  0.994231797732335     
  0.993984982313964     
  0.994660356985737     
  0.994165442747753     
  0.994711594245174     
  0.994394361980528     
  0.994826670427657     
  0.994652501537060     
  0.995179516044865     
  0.994985165929531     
  0.995601931209537     
  0.995220279138841     
  0.995106387472281     
  0.995181811513163     
  0.994346044819027     
  0.995031702327159     
  0.993967520464251     
  0.994567853385346     
  0.994098897520914     
  0.993802596669794     
  0.994184960874780     
  0.993314717540891     
  0.993983061000397     
  0.993403313450094     
  0.993737963082581     
  0.993503156658685     
  0.993519242942236     
  0.993501605422885     
  0.993536154576733     
  0.993669555916355     
  0.993525017533120     
  0.993844071510207     
  0.993488820697154     
  0.994017199186968     
  0.993608581607286     
  0.994088723715170     
  0.993884807390200     
  0.993984842131478     
  0.994067578095377     
  0.993721246664617     
  0.994176606231089     
  0.993603859983732     
  0.993949709528157     
  0.993569808916766     
  0.993391564231158     
  0.993135005030856     
  0.992610417591122     
  0.992470871966937     
  0.991818548149895     
  0.991520454699971     
  0.990946796619212     
  0.990353627244925     
  0.989878218143643     
  0.989108076329459     
  0.988586673447715     
  0.987826040189571     
  0.987112900688780     
  0.986514818564074     
  0.985585335342644     
  0.985088878278390     
  0.984155401170253     
  0.983596253516237     
  0.982827877552356     
  0.982147837651952     
  0.981572985422607     
  0.980797944042243     
  0.980378438915799     
  0.979708166145961     
  0.979368290989704     
  0.978891702964679     
  0.978614924939073     
  0.978337051795808     
  0.978175227078744     
  0.978076150331372     
  0.978076076476103     
  0.978141168641700     
  0.978294879426884     
  0.978527030103449     
  0.978779396332343     
  0.979158075087812     
  0.979538082097231     
  0.980046815674602     
  0.980520879169393     
  0.981102916040558     
  0.981705940109031     
  0.982289165578308     
  0.983030977757811     
  0.983631047470385     
  0.984421041279835     
  0.984980957806957     
  0.985735439389472     
  0.986265827350994     
  0.986971269864378     
  0.987511890874748     
  0.988133936203213     
  0.988731042022892     
  0.989186838626694     
  0.989823963005830     
  0.990137700395714     
  0.990675675888019     
  0.991010221160988     
  0.991379796836980     
  0.991929757329554     
  0.991994328998932     
  0.992631162733374     
  0.992583646724748     
  0.993041732013601     
  0.993378177413637     
  0.993343042876490     
  0.994129327194594     
  0.993702022200775     
  0.994646894833678     
  0.994271662183923     
  0.994910195576001     
  0.994991881699236     
  0.995144337268221     
  0.995579424134039     
  0.995561658507809     
  0.995974119493629     
  0.996076703004253     
  0.996291152965322     
  0.996585621529013     
  0.996660676264497     
  0.996995746337645     
  0.997062670553600     
  0.997307953594160     
  0.997424875749089     
  0.997611449740506     
  0.997782408423285     
  0.997911197186427     
  0.998101434279241     
  0.998192116164858     
  0.998380007357379     
  0.998439114945968     
  0.998618974578954     
  0.998617342483834     
  0.998625729241122     
  0.997950118380937     
  0.995933832174979     
  0.993544969113384     
  0.991294662415165     
  0.989270235714566     
  0.986821637482960     
  0.985237672833632     
  0.982539526291371     
  0.981976166151366     
  0.978609999782106     
  0.979109193982959     
  0.974883697448749     
  0.977129874130026     
  0.971281204775299     
  0.976278130176675     
  0.968430884911829     
  0.974223376840494     
  0.967625113153485     
  0.968361409937608     
  0.970644929148871     
  0.962437211349611     
  0.976786141467623     
  0.959431147940731     
  0.976417902798501     
  0.961243910635834     
  0.968711595359449     
  0.968433711994944     
  0.964292334262153     
  0.975336180244153     
  0.964613394854081     
  0.973111046974833     
  0.968961413695139     
  0.971675485653787     
  0.973888201214355     
  0.972742552035628     
  0.977772899091242     
  0.975114990483669     
  0.980068960243105     
  0.978574577731547     
  0.982567659245562     
  0.982698716737305     
  0.985705084805955     
  0.987000638017669     
  0.989515766596614     
  0.991816545618610     
  0.994106435726245     
  0.996518916055844     
  0.998081257262233     
  0.998597050158354     
  0.998495679525762     
  0.998692550858134     
  0.998565183231278     
  0.998708708986689     
  0.998539497767466     
  0.998693315986224     
  0.998488907995149     
  0.998646508104429     
  0.998517662607494     
  0.998579981572615     
  0.998658731452311     
  0.998376452757131     
  0.998822020701117     
  0.998138829360746     
  0.998880404807265     
  0.998194643916758     
  0.998724260080737     
  0.998523932374798     
  0.998409400375357     
  0.998787648545642     
  0.998219625028286     
  0.998868766973075     
  0.998318417841920     
  0.998787420642624     
  0.998575868567072     
  0.998601668563219     
  0.998744212517792     
  0.998494443962300     
  0.998764141474562     
  0.998579449896231     
  0.998735753045638     
  0.998743396102869     
