  0.996250620636751     
  0.997751173010823     
  0.998176942143405     
  0.998045678063526     
  0.996485601871664     
  0.994090002794166     
  0.991827236877973     
  0.989789373882000     
  0.987959465597572     
  0.986495362865775     
  0.985296962955056     
  0.984259380700982     
  0.983417900092036     
  0.982697166648599     
  0.982053226138793     
  0.981496993430722     
  0.981060034728273     
  0.980782665223448     
  0.980756862718652     
  0.980964064138026     
  0.981225532700542     
  0.981522053502681     
  0.981910106334772     
  0.982407895242055     
  0.983090327946737     
  0.983930556351961     
  0.984907782964711     
  0.986029223553622     
  0.987381559729850     
  0.989107727793439     
  0.991120874707007     
  0.993376441133511     
  0.995888633470982     
  0.998202723794022     
  0.999136506337263     
  0.999307486761321     
  0.999367774746742     
  0.999348273203788     
  0.999299737324510     
  0.999249170347688     
  0.999185267899723     
  0.999001298966720     
  0.998661481382451     
  0.998232627791739     
  0.997732188024485     
  0.997238126754991     
  0.996878996221344     
  0.996704755489117     
  0.996675957230085     
  0.996757965615842     
  0.996895888787147     
  0.997048509708278     
  0.997209090655351     
  0.997344020597984     
  0.997444567253347     
  0.997520440565550     
  0.997573286612312     
  0.997592579832373     
  0.997582456148884     
  0.997492159918774     
  0.997356202983888     
  0.997198146008665     
  0.997037195258001     
  0.996894174998466     
  0.996774594933588     
  0.996731090441535     
  0.996869842227703     
  0.997158938835561     
  0.997534417752813     
  0.997948830771135     
  0.998321201653008     
  0.998523208489897     
  0.998607535901043     
  0.998629370909583     
  0.998600616336277     
  0.998560117270881     
  0.998514475687737     
  0.998459397121916     
  0.998391773729443     
  0.998306502799434     
  0.998205875756303     
  0.998089453874478     
  0.997941480846205     
  0.997749594816764     
  0.997534440754020     
  0.997306138228297     
  0.997080372100605     
  0.996872806545646     
  0.996701055665026     
  0.996571562578526     
  0.996487454916956     
  0.996442595924738     
  0.996435981690173     
  0.996462692399609     
  0.996487909127708     
  0.996521987409155     
  0.996592548681946     
  0.996692043778789     
  0.996811462946174     
  0.996937403708785     
  0.997057286159728     
  0.997159697880014     
  0.997226098905276     
  0.997252732575320     
  0.997258799872504     
  0.997237138266222     
  0.997182608595074     
  0.996899854356217     
  0.995336534828535     
  0.992908043050298     
  0.990511519346585     
  0.988283155582387     
  0.986382322049921     
  0.985169744954596     
  0.983940345667995     
  0.982384153376651     
  0.981024481742284     
  0.979485778383333     
  0.977778747961472     
  0.976294811518409     
  0.975035403835404     
  0.973850523679310     
  0.972787414758553     
  0.971710196270998     
  0.970053524254145     
  0.968086719011364     
  0.965600429494307     
  0.962429571866424     
  0.958427507701412     
  0.954532865842006     
  0.951208556616481     
  0.948634308770933     
  0.947227208641055     
  0.947367395564728     
  0.948423351853128     
  0.949988992709563     
  0.951794041278018     
  0.953013877564571     
  0.952764961899543     
  0.951759258306260     
  0.950000657573497     
  0.948107856190883     
  0.946317044665548     
  0.944112952971762     
  0.940779040969784     
  0.937013526787205     
  0.933011998844496     
  0.928888271001510     
  0.924379013061121     
  0.920106296850772     
  0.916197818242653     
  0.912724106250181     
  0.909779224782523     
  0.906885136881280     
  0.902838143833575     
  0.897059104798891     
  0.888522698816756     
  0.877141166324646     
  0.863452399286299     
  0.848966352404054     
  0.834571015412562     
  0.820756987898001     
  0.807845101627853     
  0.796179564005424     
  0.786198056528485     
  0.778033801533571     
  0.771734427869174     
  0.767445611439654     
  0.765071172847275     
  0.764234766897487     
  0.764981668053401     
  0.767425897320908     
  0.771666699650612     
  0.777866756735405     
  0.785682719812811     
  0.795096923866965     
  0.806015506583009     
  0.818338693987360     
  0.831940346774290     
  0.846622762136066     
  0.862128153155008     
  0.878170592929114     
  0.894339677084670     
  0.910125251180067     
  0.924699711193035     
  0.937231453342919     
  0.947406456502010     
  0.955388251779089     
  0.961589366001522     
  0.966524427348906     
  0.970592038971668     
  0.973990098374923     
  0.976866478474679     
  0.979319274519354     
  0.981417882601066     
  0.983211385751116     
  0.984753926072135     
  0.986101472075079     
  0.987293294677782     
  0.988349567246036     
  0.989293644360649     
  0.990025716403367     
  0.990800669312415     
  0.991507077288613     
  0.992124983968332     
  0.992582041070937     
  0.992973147962360     
  0.993335842392035     
  0.993668752912556     
  0.993965111535526     
  0.994245821485128     
  0.994464296663283     
  0.994646922886479     
  0.994832428207811     
  0.995020722471011     
  0.995200155963502     
  0.995366357316846     
  0.995522222175552     
  0.995669737618071     
  0.995804187281542     
  0.995928387639300     
  0.996030048821011     
  0.995788376550872     
  0.994694616914157     
  0.993276326302589     
  0.992028544408554     
  0.990932680491450     
  0.989941261520282     
  0.989072910565383     
  0.988264665027521     
  0.987527983680146     
  0.986857733310068     
  0.985114867821986     
  0.981922374375641     
  0.977441207160926     
  0.972459384675911     
  0.967736300225872     
  0.963927529065684     
  0.961453906872530     
  0.958880570823837     
  0.956794017047767     
  0.955134691017052     
  0.953914572189664     
  0.953173513202993     
  0.952845393431371     
  0.952833566165161     
  0.953150824834500     
  0.953812783470821     
  0.954804900711454     
  0.956290374103560     
  0.958139451006552     
  0.960371023904087     
  0.962980921674475     
  0.965300461743723     
  0.967166389459881     
  0.969187074602330     
  0.971489910253983     
  0.974130838452408     
  0.977377532095242     
  0.981079890664265     
  0.985306783728215     
  0.989835802266944     
  0.994227052866934     
  0.997190539198174     
  0.998810235621119     
  0.999076575228406     
  0.999111494710559     
  0.999145169872943     
  0.999172688111660     
  0.999181228582542     
  0.999184056984257     
  0.999188366027101     
  0.999195976749478     
  0.999206651605758     
  0.999219145220601     
  0.999232002576314     
  0.999244387822985     
  0.999246853057322     
  0.999253887520887     
  0.999266347794948     
  0.999284120185514     
  0.999302585440446     
  0.999315288451441     
  0.999326576399751     
  0.999321969118272     
  0.999145265734991     
  0.998758211176943     
  0.998364753308298     
  0.997940625112636     
  0.997259648556968     
  0.996477887668715     
  0.995866905955922     
  0.995428328688727     
  0.995167080468994     
  0.995163072319150     
  0.995391750001799     
  0.995741683941916     
  0.995892745189327     
  0.995416828008456     
  0.994664682753173     
  0.993849885075568     
  0.993032817459186     
  0.992251653042068     
  0.991587361916915     
  0.991002539848349     
  0.990458331992216     
  0.989926941490056     
  0.989408049246435     
  0.988946645181375     
  0.988612406174952     
  0.988476532183957     
  0.988533798933429     
  0.988801303748679     
  0.989339912892567     
  0.990098647109760     
  0.990805132235947     
  0.991524384171538     
  0.992333562175227     
  0.993028999168916     
  0.993427212617740     
  0.993780039756377     
  0.994228027273825     
  0.994865367065202     
  0.995694414910296     
  0.996641759444583     
  0.997699007183574     
  0.998795784699417     
  0.999442543890301     
  0.999615634129111     
  0.999640500183601     
  0.999636481878732     
  0.999629947399877     
  0.999617969402827     
  0.999598527449819     
  0.999571817194635     
  0.999529712211775     
  0.999479446898688     
  0.999429445882292     
  0.999383295801536     
  0.999341068774074     
  0.999302383814481     
  0.999265976716764     
  0.999233519864173     
  0.999207486189155     
  0.999189433681300     
  0.999180476812492     
  0.999181692771646     
  0.999194618760414     
  0.999218876441007     
  0.999254675084371     
  0.999299957490194     
  0.999342443970866     
  0.999352861240584     
  0.999321667154907     
  0.999280201023328     
  0.999236371300437     
  0.999198418560437     
  0.999191995324236     
  0.999224048496858     
  0.999272137270750     
  0.999326351138410     
  0.999384283498869     
  0.999443541823955     
  0.999497132821057     
  0.999533567423349     
  0.999540737446125     
  0.999530619310778     
  0.999517041553735     
  0.999500654223286     
  0.999479276408889     
  0.999451124059861     
  0.999414186355274     
  0.999369409536316     
  0.999273149102825     
  0.999088570886998     
  0.998755782161024     
  0.998091913876897     
  0.997464930812771     
  0.996996179832759     
  0.996698515429190     
  0.996583217846970     
  0.996581924752911     
  0.996602274368774     
  0.996630704684497     
  0.996662344196400     
  0.996687778832333     
  0.996723272007013     
  0.996781654129234     
  0.996683536577523     
  0.996106204735809     
  0.995390139751111     
  0.994583888230959     
  0.993774635143859     
  0.993085179540158     
  0.992606484098605     
  0.992293927685096     
  0.992068228144276     
  0.991937283068395     
  0.991957095854316     
  0.992159083182548     
  0.992526049483214     
  0.992999171351069     
  0.993539860778603     
  0.994089548763918     
  0.994646930632481     
  0.995117554300611     
  0.995263156232193     
  0.995352821030228     
  0.995458162035948     
  0.995579864509886     
  0.995725805450185     
  0.995899179328763     
  0.996128806364875     
  0.996467771434067     
  0.996945763420245     
  0.997515494600764     
  0.998158415559706     
  0.998860341277564     
  0.999492692649318     
  0.999719861184919     
  0.999733345898249     
  0.999736871399415     
  0.999738387577292     
  0.999738535424314     
  0.999735906559193     
  0.999722359653374     
  0.999713655033130     
  0.999710170719047     
  0.999711009742888     
  0.999709746580153     
  0.999675109430413     
  0.999621133047496     
  0.999548286321926     
  0.999447353316830     
  0.999318644863555     
  0.999186651637314     
  0.999040018961213     
  0.998891409185079     
  0.998748519085854     
  0.998610246596106     
  0.998481216508103     
  0.998340647941066     
  0.998088533199502     
  0.997843068757225     
  0.997652836949604     
  0.997522172822661     
  0.997420534398780     
  0.997287917380544     
  0.997178444521722     
  0.997107235978810     
  0.997080154619542     
  0.997116280200161     
  0.997230908801202     
  0.997398793369416     
  0.997588900646187     
  0.997772593202843     
  0.997923948761695     
  0.998045309909732     
  0.998131211806455     
  0.998174937685764     
  0.998184925849151     
  0.998189567388217     
  0.998190293411619     
  0.998182515943979     
  0.998165787208005     
  0.998151122180840     
  0.998153576267751     
  0.998174181322815     
  0.998106215212707     
  0.997834641470802     
  0.997434581098141     
  0.996886608447501     
  0.995880994654817     
  0.994428660590220     
  0.992738427355453     
  0.990847505333463     
  0.988827023254129     
  0.986822136260176     
  0.984990506818844     
  0.983386675291138     
  0.982036570764906     
  0.980325474868199     
  0.978430942829120     
  0.977065895980679     
  0.976219067167962     
  0.975839293882117     
  0.975994235319290     
  0.976586924384015     
  0.977528693262127     
  0.978782165175443     
  0.980274327325627     
  0.981766086438460     
  0.983197033409600     
  0.984695956706025     
  0.986098189169040     
  0.986852712352564     
  0.986730592677034     
  0.986351899147920     
  0.985787024672299     
  0.984977888623532     
  0.984009824170594     
  0.983126549528927     
  0.982196734062303     
  0.980945864383723     
  0.979374218789094     
  0.977675970559880     
  0.975874348529322     
  0.973995637508266     
  0.972101626539196     
  0.970459058774833     
  0.969193790753313     
  0.968021023717560     
  0.966466283286488     
  0.965338358582321     
  0.964656955064612     
  0.964231188270555     
  0.964055118185569     
  0.964227348901073     
  0.964774336443948     
  0.965748384031683     
  0.967327315144012     
  0.969499617326575     
  0.971977488102157     
  0.974558428813008     
  0.977114104134578     
  0.979165473691238     
  0.980211204616424     
  0.980947288089305     
  0.981634553161437     
  0.982272486690037     
  0.982699837511442     
  0.983095923047088     
  0.983603610868172     
  0.984198554560432     
  0.984755127051171     
  0.985326316717614     
  0.985950553056853     
  0.986556114006852     
  0.987134712181270     
  0.987853277508038     
  0.988819153511108     
  0.989967903406885     
  0.991122061120378     
  0.992228044843201     
  0.993234937509404     
  0.994051354064215     
  0.994750832968208     
  0.995501733156464     
  0.996322658617349     
  0.997138834944956     
  0.997846473470762     
  0.998464352125744     
  0.998962345860065     
  0.999318932175313     
  0.999547714440808     
  0.999686143546556     
  0.999723687496787     
  0.999730924377712     
  0.999724911786053     
  0.999677858277949     
  0.999611416617588     
  0.999502271430526     
  0.999204728482758     
  0.998813250486626     
  0.998423658080450     
  0.998059634101914     
  0.997762503120651     
  0.997628566620071     
  0.997545864018844     
  0.997388962413423     
  0.997158195837926     
  0.996830273814744     
  0.996350656073026     
  0.995756565989377     
  0.995109249978093     
  0.994350519486522     
  0.993534168238271     
  0.992583536582757     
  0.991605666057933     
  0.990693172803911     
  0.989892340635942     
  0.989359485479148     
  0.989060232361044     
  0.988974671226303     
  0.989118440069441     
  0.989481747444143     
  0.990120852095961     
  0.991060238908317     
  0.992010578697996     
  0.992896456962467     
  0.993963486051709     
  0.995035190122706     
  0.995967116608701     
  0.996787840911003     
  0.997502347497471     
  0.997984108875516     
  0.998273830629659     
  0.998446781642502     
  0.998530292895165     
  0.998534506538644     
  0.998543130807814     
  0.998561166390263     
  0.998554868693276     
  0.998418461469849     
  0.998245794852570     
  0.998129815310632     
  0.998115375124328     
  0.998154855215268     
  0.998134435878593     
  0.998153501974969     
  0.997994485317583     
  0.997621339499717     
  0.997046898978510     
  0.995614141382696     
  0.993515357581342     
  0.991606805322704     
  0.989884292806675     
  0.988324340977496     
  0.987072952079732     
  0.986104417511442     
  0.985303114572742     
  0.984644848111936     
  0.983820892548607     
  0.982439817370907     
  0.981110627681293     
  0.980122341139823     
  0.979491869009998     
  0.979119990074918     
  0.978874655990904     
  0.978846611559541     
  0.978965513599601     
  0.979186874944918     
  0.979497099736903     
  0.979819664772774     
  0.980262182876603     
  0.980869152270546     
  0.981683689184034     
  0.982737875722228     
  0.984160736689793     
  0.985815770194385     
  0.987702467712607     
  0.989601738869771     
  0.991410502111793     
  0.992157390515098     
  0.992505274267906     
  0.992908439765171     
  0.993371557587619     
  0.993903739320673     
  0.994535360463722     
  0.995321954305214     
  0.996310018238831     
  0.997463699555418     
  0.998248425528075     
  0.998327748055781     
  0.998250686830566     
  0.998073308505215     
  0.997703319571962     
  0.997225709406942     
  0.996662783970949     
  0.995953698474225     
  0.995131132998279     
  0.994243648267701     
  0.993267200388906     
  0.992266459812259     
  0.991335016862437     
  0.990494446525574     
  0.989751365684372     
  0.989137320375667     
  0.988659910390557     
  0.988331208355813     
  0.988151972028725     
  0.988119765599486     
  0.988212531358353     
  0.988431984596272     
  0.988779116625678     
  0.989223845590877     
  0.989652858084007     
  0.990183147099920     
  0.990667661421119     
  0.991215658690019     
  0.991756729751148     
  0.992319731882056     
  0.992830882517645     
  0.993230526089448     
  0.993545034357565     
  0.993719940216295     
  0.993708023576176     
  0.993632023589765     
  0.993501084895268     
  0.993285546834929     
  0.993004701921287     
  0.992654652702493     
  0.992224483803863     
  0.991737772222051     
  0.991184284176856     
  0.990546416848760     
  0.989866589556646     
  0.989144855578153     
  0.988380787873634     
  0.987570811574692     
  0.986730465312813     
  0.985876533784779     
  0.984974403602920     
  0.984004702266306     
  0.982924775852338     
  0.981732347045805     
  0.980400810009627     
  0.978962145866625     
  0.977422444495980     
  0.975778941082575     
  0.974031103934433     
  0.972180342716176     
  0.970242626719486     
  0.968234617119820     
  0.966185998329274     
  0.964139513645003     
  0.962135854737411     
  0.960223672716499     
  0.958457440431199     
  0.956890499483770     
  0.955577034955398     
  0.954551660657356     
  0.953831604961348     
  0.953438582015006     
  0.953354479706346     
  0.953563003782420     
  0.954097069769317     
  0.954959005894458     
  0.956125562514179     
  0.957562313003997     
  0.959227846675676     
  0.961045922841368     
  0.962959577694491     
  0.965005622335704     
  0.967102202721942     
  0.969173187013873     
  0.971153914685710     
  0.973006149246558     
  0.974721503574706     
  0.976293001753702     
  0.977732669868218     
  0.979064351896336     
  0.980279207371437     
  0.981391231640059     
  0.982413931316601     
  0.983361898213000     
  0.984232998111509     
  0.984985013242537     
  0.985611489707838     
  0.986132786850326     
  0.986556994297439     
  0.986908037034594     
  0.987266209895954     
  0.987639933734123     
  0.987963909875721     
  0.988337557385506     
  0.988711870643616     
  0.989090508307171     
  0.989468260873024     
  0.989843918313729     
  0.990234501690469     
  0.990627480260694     
  0.991004838278367     
  0.991386842945876     
  0.991779782725898     
  0.992174928981516     
  0.992585926683685     
  0.993004454456796     
  0.993430776615499     
  0.993873069428402     
  0.994323443388201     
  0.994790966743902     
  0.995303176185585     
  0.995803392104063     
  0.996243007219725     
  0.996619991276321     
  0.996931001785116     
  0.997156274952483     
  0.997341135410294     
  0.997506903976646     
  0.997658378678919     
  0.997789067532620     
  0.997902457091064     
  0.998000006688519     
  0.998080944157947     
  0.998147903006178     
  0.998209860670259     
  0.998266379572701     
  0.998316591590566     
  0.998360589035322     
  0.998401189964290     
  0.998434341791331     
  0.998458096359698     
  0.998467479370603     
  0.998367713609158     
  0.997551878402283     
  0.994100808070744     
  0.988813949292840     
  0.983795773093554     
  0.979218707110846     
  0.974825994654616     
  0.970885721571090     
  0.967340364793429     
  0.963908159372134     
  0.960682668349925     
  0.957720016158844     
  0.955096193545810     
  0.952896448804364     
  0.951278142856163     
  0.950262577559859     
  0.950123504780377     
  0.950724706197488     
  0.951663672774247     
  0.953007885742048     
  0.954638074044635     
  0.956550855633123     
  0.958963975450083     
  0.961935804235343     
  0.965172194069472     
  0.968567893163166     
  0.972152298663909     
  0.976322858911894     
  0.980647371808244     
  0.985339799360874     
  0.990469902195614     
  0.995260604878448     
  0.997700079402588     
  0.998105695034472     
  0.998321865481781     
  0.998520256242612     
  0.998674805777932     
  0.998775317283118     
  0.998841665100272     
  0.998878961103410     
  0.998917928282821     
  0.998954329755302     
  0.998917446664929     
  0.998829275236578     
  0.998752028312886     
  0.998703133919528     
  0.998690131884753     
  0.998724582727152     
  0.998795199892536     
  0.998878168130730     
  0.998961762109782     
  0.999010151670845     
  0.999007127639797     
  0.998996034477487     
  0.998977132755841     
  0.998954134945872     
  0.998935432302728     
  0.998928317015319     
  0.998926137476724     
  0.998924506765607     
  0.998921329147226     
  0.998906186444061     
  0.998882890838797     
  0.998868255196509     
  0.998867555700148     
  0.998889333852337     
  0.998957815296052     
  0.999070306639186     
  0.999187602361427     
  0.999300042271844     
  0.999414497715566     
  0.999488120765209     
  0.999472112991196     
  0.999440523128885     
