  0.979293206249773     
  0.980674784516891     
  0.980422503235653     
  0.981266182994700     
  0.981433951948832     
  0.982273015339873     
  0.982552045056278     
  0.983610974657135     
  0.984495785927383     
  0.985120191760487     
  0.986686025742751     
  0.986510245794459     
  0.988230335625357     
  0.986459171230989     
  0.988463118274200     
  0.986110274054710     
  0.988805877869053     
  0.985464477126384     
  0.989116635421946     
  0.985348363367196     
  0.989165451826263     
  0.985716973248594     
  0.988742742274791     
  0.986559732846358     
  0.988620198441848     
  0.987101652680031     
  0.988966271234080     
  0.987784363129671     
  0.989363324968307     
  0.988656466422908     
  0.989771389416482     
  0.989593625853569     
  0.990084753959058     
  0.990551010052450     
  0.990665441772877     
  0.991362529917974     
  0.991693084329261     
  0.992267538015376     
  0.992826197773278     
  0.993439130771999     
  0.994084690812567     
  0.994894069923411     
  0.995788095723245     
  0.996537564231092     
  0.997377493520325     
  0.997434555306460     
  0.997592852884915     
  0.997472111527244     
  0.997567515000472     
  0.997460612685931     
  0.997586102560615     
  0.997365827615707     
  0.997673430989596     
  0.997262255005325     
  0.997683242159741     
  0.997273899290459     
  0.997330534689193     
  0.997484478997143     
  0.997300453410274     
  0.997317180564841     
  0.997226530385954     
  0.997271110041854     
  0.997169645263227     
  0.997232317282288     
  0.997080240285003     
  0.997230835876958     
  0.996993560139639     
  0.997218842829699     
  0.996981278560074     
  0.997154233548476     
  0.997044568534587     
  0.997098538363446     
  0.997151166410802     
  0.997176422143009     
  0.997262094796363     
  0.997379764156656     
  0.997464739137306     
  0.997515726346021     
  0.997649582457892     
  0.997605795428634     
  0.997818640158534     
  0.997712675140862     
  0.997831854997179     
  0.997657013510704     
  0.997693250842987     
  0.997526012394599     
  0.997529267199372     
  0.997409475322101     
  0.997363729702209     
  0.997315844718153     
  0.997235196163266     
  0.997207936668960     
  0.997126472692117     
  0.997160848604305     
  0.996948368241740     
  0.997041282084920     
  0.996861940920686     
  0.996381860431230     
  0.995509248859315     
  0.994718709522083     
  0.993876705538595     
  0.993118646514254     
  0.992231498487404     
  0.991274078266127     
  0.990093687237785     
  0.988783555077079     
  0.987521386914936     
  0.986647699378251     
  0.984844771589280     
  0.984528812741236     
  0.982715171563106     
  0.982237419178658     
  0.981175734679791     
  0.980065877750516     
  0.979133522197579     
  0.977644383520633     
  0.976772707865377     
  0.973922099469784     
  0.973577920964760     
  0.969394358282004     
  0.970776480476397     
  0.965170009680004     
  0.968140816823768     
  0.961313572947277     
  0.964634794509688     
  0.959304031067516     
  0.960287471099531     
  0.957149853069961     
  0.957278919485582     
  0.953651562821140     
  0.954024743494535     
  0.949994751234226     
  0.950108505863579     
  0.945815909411741     
  0.946204717727197     
  0.940837548358663     
  0.942139768114552     
  0.935677948233538     
  0.938639498049332     
  0.930070771938797     
  0.936245058267333     
  0.923988432659177     
  0.932122255739753     
  0.920209627786321     
  0.924706319777728     
  0.914073529837949     
  0.915165087275228     
  0.905111448072280     
  0.904684662884650     
  0.893857967910805     
  0.891904450314382     
  0.882160273383016     
  0.879805729746213     
  0.871305185271512     
  0.867904544687665     
  0.861817162390201     
  0.856350918397407     
  0.852278030910325     
  0.847166225570677     
  0.843024527580863     
  0.839773562781034     
  0.837122558682294     
  0.834138005989564     
  0.833103109983526     
  0.830974191089779     
  0.831005900254540     
  0.829693651260916     
  0.830357338461531     
  0.829834665035101     
  0.830470867880496     
  0.831480314157578     
  0.832661109780371     
  0.834706497402605     
  0.837317130095037     
  0.840440031226025     
  0.843989470250124     
  0.848188894047898     
  0.852724783942472     
  0.857815370298677     
  0.863140736530684     
  0.868781468663049     
  0.874456882816229     
  0.880521578947532     
  0.886677457125331     
  0.893078297722955     
  0.899552468051336     
  0.906040241834421     
  0.912698573319400     
  0.919378420587745     
  0.926213004977552     
  0.933053319894292     
  0.939870593052506     
  0.946685585523663     
  0.953335692562933     
  0.959645924594963     
  0.965395372889066     
  0.970294638038205     
  0.974322674887612     
  0.977514312459067     
  0.980106495171604     
  0.982133969919932     
  0.983711720796842     
  0.985171648618179     
  0.986481636182810     
  0.987667912095795     
  0.988587795592625     
  0.989520340587361     
  0.990281391424655     
  0.990838403179322     
  0.991526364512588     
  0.991922187582650     
  0.992319935181756     
  0.992252576639142     
  0.992113190871834     
  0.991815812441171     
  0.991734102359144     
  0.991296621055003     
  0.991503598573310     
  0.990972627881043     
  0.991141374689917     
  0.990411332078342     
  0.990380557907761     
  0.988826985011203     
  0.987585961343772     
  0.985472988071535     
  0.983972353687987     
  0.981735862922618     
  0.980704480976600     
  0.978498441984759     
  0.977437327159282     
  0.975802736224878     
  0.974795418687865     
  0.972948918783882     
  0.973703942838369     
  0.970069100403732     
  0.972385579612725     
  0.968257635922415     
  0.970558127011646     
  0.966878478922172     
  0.970160146823241     
  0.965558741427576     
  0.969588229987924     
  0.964894032421916     
  0.969481626434514     
  0.964325639158879     
  0.970359198594798     
  0.964032961888694     
  0.970475801170320     
  0.964677937927587     
  0.970461167135829     
  0.966840624672555     
  0.970776044485277     
  0.968516397132160     
  0.972168485823014     
  0.970034960574098     
  0.973700984954247     
  0.972120872362500     
  0.975149974637387     
  0.974660545729627     
  0.977036570262776     
  0.977709563505993     
  0.978821057459454     
  0.981453249497503     
  0.981764102283960     
  0.984577759037709     
  0.985074287787825     
  0.986438986677831     
  0.988126371658862     
  0.989245384669964     
  0.990804780443646     
  0.992420054258227     
  0.994012425740071     
  0.995700879880039     
  0.997338177126256     
  0.998375650230091     
  0.998835796872591     
  0.998811764681873     
  0.998653696348585     
  0.998411001837765     
  0.998084950897920     
  0.997713852693838     
  0.997419348181254     
  0.997059108622565     
  0.996866859777227     
  0.996496484116427     
  0.996363094533199     
  0.996122271694573     
  0.995646252596049     
  0.995284702412184     
  0.994645564708371     
  0.994408509514239     
  0.993821657401196     
  0.993646386276486     
  0.993113472447363     
  0.992987694005909     
  0.992707050176714     
  0.992264714257646     
  0.992384287759922     
  0.991868522728844     
  0.991989245681003     
  0.991601179391122     
  0.991734362684415     
  0.991395638078877     
  0.991459809646228     
  0.991275775773207     
  0.991215681108150     
  0.991210778476301     
  0.990913667449064     
  0.991246219695115     
  0.990632417822491     
  0.991353827192327     
  0.990533047489468     
  0.991032387509307     
  0.991039156730216     
  0.990754921493158     
  0.991334568915170     
  0.991026642170354     
  0.991695238592047     
  0.991424463035705     
  0.992253870976629     
  0.992021146723452     
  0.993012093713886     
  0.992820639249954     
  0.993975285459539     
  0.993887836116537     
  0.994843641277963     
  0.995034636467425     
  0.995480549929594     
  0.996124460428564     
  0.996315218434950     
  0.996720954976745     
  0.997091194724850     
  0.997320434281587     
  0.997711193079647     
  0.998059192121553     
  0.998480175500904     
  0.998845222611973     
  0.999260317903380     
  0.999401091529162     
  0.999483278558412     
  0.999442713366081     
  0.999471789218981     
  0.999406143702266     
  0.999416438508465     
  0.999346691357767     
  0.999365219928570     
  0.999287898106599     
  0.999326852067260     
  0.999241284552202     
  0.999276504596581     
  0.999222974850862     
  0.999260648115820     
  0.999200376373671     
  0.999287042765703     
  0.999193610585657     
  0.999296306327984     
  0.999212579905254     
  0.999313440640275     
  0.999248458591972     
  0.999326887010959     
  0.999289502476016     
  0.999348990949051     
  0.999314294074179     
  0.999308882381311     
  0.999208729518066     
  0.998997173083261     
  0.998822880497310     
  0.998413776855513     
  0.998439567173288     
  0.997972115219094     
  0.997866143470110     
  0.997575920249953     
  0.997701943839501     
  0.997254579241048     
  0.997271410156242     
  0.997236870307461     
  0.996990162522983     
  0.997054677644177     
  0.996680999939977     
  0.996366155587939     
  0.996211098598670     
  0.995617956087467     
  0.995802477718580     
  0.994969825445861     
  0.995431423656676     
  0.994388692955823     
  0.995288890874823     
  0.993858781228463     
  0.995009772616479     
  0.993524503344024     
  0.995000716866511     
  0.993283512925090     
  0.994588913484731     
  0.993590393988167     
  0.994154698165103     
  0.993785948994927     
  0.993834953982530     
  0.993959254425912     
  0.993601164960943     
  0.994205957345873     
  0.993366264565209     
  0.994649168681038     
  0.993110551978064     
  0.995118480847310     
  0.993233710213897     
  0.995176734502814     
  0.993730382306187     
  0.995318033120415     
  0.994366116959367     
  0.995459242942811     
  0.994973829503097     
  0.996014238150509     
  0.995525446207840     
  0.996437020457187     
  0.996261402661421     
  0.996897008489293     
  0.996988692630191     
  0.997168116648168     
  0.997385184553189     
  0.997350971326486     
  0.997660635694839     
  0.997726494506649     
  0.997897227029669     
  0.998115553969155     
  0.998298626913569     
  0.998467468695085     
  0.998715188384516     
  0.998939519201791     
  0.999134799727663     
  0.999401653513904     
  0.999382777643642     
  0.999339609310018     
  0.999185230067892     
  0.999079539769947     
  0.998977062533082     
  0.998850285556327     
  0.998721355635682     
  0.998594454226627     
  0.998500611199774     
  0.998344024132465     
  0.998266349088426     
  0.998167420585679     
  0.998070785437909     
  0.997831203878386     
  0.998043624156935     
  0.997803009402283     
  0.997837722170814     
  0.997752187269232     
  0.997811467924692     
  0.997697816226814     
  0.997834750354322     
  0.997650370969958     
  0.997916109161161     
  0.997618903778850     
  0.998026129549476     
  0.997605221084769     
  0.998134871253432     
  0.997640248291677     
  0.997992319643506     
  0.997545233766444     
  0.997769923002060     
  0.997145133853238     
  0.997481071220996     
  0.996670119543097     
  0.996854559879307     
  0.996122523899464     
  0.996114249717920     
  0.995466451685402     
  0.995246490108430     
  0.994701840168470     
  0.994120299047488     
  0.993215578465786     
  0.992327296192500     
  0.991524656439754     
  0.990694021340141     
  0.990099164171465     
  0.989392013523473     
  0.989079280527990     
  0.987959868522107     
  0.988349133028925     
  0.987505628927380     
  0.987262562922874     
  0.987592982374884     
  0.986561767961673     
  0.987021929397989     
  0.985569742877020     
  0.985860698647465     
  0.984663551632862     
  0.985199246428059     
  0.983577759277118     
  0.984711535332957     
  0.982367387462763     
  0.984788497934682     
  0.981240877760197     
  0.984884699314960     
  0.979971847065623     
  0.984784250080991     
  0.979814539802673     
  0.983337057280190     
  0.979652123069027     
  0.982329235381035     
  0.979027091588381     
  0.981409322753765     
  0.978358544286623     
  0.980433884545903     
  0.977578013122527     
  0.979406387117165     
  0.976881326412566     
  0.978535693112640     
  0.976414059320720     
  0.977572603625594     
  0.976017927862650     
  0.977111009557279     
  0.975376526056554     
  0.977193535095154     
  0.975476449078504     
  0.976825680932626     
  0.976123837935915     
  0.977185902672382     
  0.977072537537674     
  0.977907531347790     
  0.978454782639505     
  0.979014262032515     
  0.979578735405051     
  0.979768246831481     
  0.980485602524311     
  0.980943382151932     
  0.981610625136187     
  0.982348275532599     
  0.983047444828282     
  0.983973122123115     
  0.984747171156956     
  0.985692964597232     
  0.986487262769165     
  0.987611708043710     
  0.988275456292149     
  0.989518110378090     
  0.989735140104991     
  0.990731736754236     
  0.990900751462240     
  0.991875893851021     
  0.991994764333385     
  0.992860953397355     
  0.993046296983056     
  0.993788301415910     
  0.994070938261138     
  0.994722403841776     
  0.995072008295121     
  0.995632589706089     
  0.995972529226268     
  0.996388640662866     
  0.996716822933790     
  0.996990309238664     
  0.997266815326774     
  0.997506302623777     
  0.997721119930901     
  0.997834334795619     
  0.997880445737658     
  0.997961349594255     
  0.997879428535423     
  0.997865015692326     
  0.997942473498736     
  0.997738079427851     
  0.997852910553015     
  0.997661682086679     
  0.997595316938991     
  0.997453431389943     
  0.997076363824092     
  0.996914228851037     
  0.996383290335760     
  0.996233423475016     
  0.995708052460912     
  0.995759849657946     
  0.995180902148118     
  0.995464092479404     
  0.994591215854033     
  0.995276235519315     
  0.994198837977054     
  0.994953041282052     
  0.993913519813491     
  0.994803144849617     
  0.993757439197757     
  0.994687919102905     
  0.993726938922219     
  0.994728449550793     
  0.993791603807418     
  0.994804336775982     
  0.994013361602182     
  0.995151003716356     
  0.993687739985477     
  0.995582429501388     
  0.994009282133267     
  0.995878777263436     
  0.994411958469976     
  0.996192685647286     
  0.994947243064927     
  0.996485705273933     
  0.995653340032578     
  0.996748992540085     
  0.996374730726637     
  0.996869740761175     
  0.996624038305740     
  0.996346271671359     
  0.995694337423650     
  0.994797060639098     
  0.994545067353157     
  0.993539241928287     
  0.993465825731702     
  0.992409571472783     
  0.992559607703135     
  0.991450035441812     
  0.991185632096623     
  0.990751667494308     
  0.988977182820551     
  0.989835107298183     
  0.987426163180380     
  0.988516900696754     
  0.986773900093933     
  0.986962406455016     
  0.986381756778000     
  0.985867209186946     
  0.985855996163837     
  0.984846143580596     
  0.985607297320065     
  0.983598573568756     
  0.986166524589462     
  0.981967747707069     
  0.986657708064905     
  0.980867443290068     
  0.987369455273090     
  0.980942466260369     
  0.986955625152561     
  0.981404556385488     
  0.986925679975698     
  0.981776572782544     
  0.987353469979245     
  0.982283779791505     
  0.987548354944085     
  0.983718906088641     
  0.987179592445269     
  0.985623908628691     
  0.986885573588260     
  0.987446910797400     
  0.987589271653009     
  0.988386780217423     
  0.988926231035159     
  0.989297890452107     
  0.989899037759170     
  0.990774047211013     
  0.991028054876937     
  0.992096142104004     
  0.992457004722392     
  0.993383886267195     
  0.993758827694036     
  0.993834152204816     
  0.993897324666088     
  0.993848982262438     
  0.993888108260447     
  0.993982198040455     
  0.994091278291540     
  0.994243265106766     
  0.994428290481592     
  0.994700066728552     
  0.994699123106852     
  0.994683464945507     
  0.994375028810073     
  0.994372357098095     
  0.994071887561919     
  0.994049265223584     
  0.993781696541498     
  0.993832606043484     
  0.993583800503358     
  0.993571377801726     
  0.993551471643889     
  0.993416263928262     
  0.993476656328046     
  0.993476220742757     
  0.993435383208604     
  0.993469227550476     
  0.993464049359551     
  0.993481295203974     
  0.993523348855905     
  0.993562046070648     
  0.993567559533974     
  0.993606859430834     
  0.993567938224512     
  0.993549720994627     
  0.993465305555749     
  0.993509145703838     
  0.993219476088495     
  0.993356662074129     
  0.992967296286675     
  0.993024376408895     
  0.992639942105933     
  0.992541534369166     
  0.992108125508269     
  0.991821215705917     
  0.991306361553573     
  0.990861626788732     
  0.990288569240524     
  0.989716841028578     
  0.989082088167564     
  0.988393103064438     
  0.987706365412837     
  0.986875024921512     
  0.986137899768486     
  0.985212634542155     
  0.984440383541091     
  0.983506971721807     
  0.982679564848115     
  0.981767544308385     
  0.980956011303069     
  0.980079310485147     
  0.979299716008945     
  0.978513548477213     
  0.977813585803489     
  0.977129354824142     
  0.976522249646180     
  0.975974416239852     
  0.975503954239188     
  0.975124315627517     
  0.974812830320193     
  0.974614379498582     
  0.974490128364083     
  0.974462430923375     
  0.974532075433449     
  0.974657411803689     
  0.974899769054149     
  0.975203342599917     
  0.975615319447747     
  0.976086102023939     
  0.976638350679266     
  0.977245473768204     
  0.977934274498213     
  0.978643257282892     
  0.979450639527108     
  0.980226450565841     
  0.980978109984471     
  0.981848267429075     
  0.982563648896877     
  0.983460468957245     
  0.984147005889141     
  0.985001298275462     
  0.985649959640373     
  0.986426684003645     
  0.987036659353563     
  0.987734376925892     
  0.988293939128475     
  0.988911201864669     
  0.989437624101466     
  0.989869394388055     
  0.990504012666951     
  0.990709353112386     
  0.991360052874419     
  0.991509255921282     
  0.992022503013830     
  0.992210369461396     
  0.992682242179393     
  0.992832376157900     
  0.993284742970581     
  0.993373270854822     
  0.993900051281747     
  0.993864495711814     
  0.994419499234568     
  0.994442496815397     
  0.994857094241108     
  0.994984105429628     
  0.995309910015180     
  0.995452178189528     
  0.995792072968516     
  0.995897843286247     
  0.996200829842306     
  0.996368364674132     
  0.996596694516025     
  0.996784389602428     
  0.996981780004291     
  0.997177187893503     
  0.997337719478889     
  0.997513886210054     
  0.997665800502779     
  0.997817734880413     
  0.997959491422370     
  0.998094025209870     
  0.998176545073960     
  0.998054135244801     
  0.997069079616664     
  0.995192823004486     
  0.993286378274416     
  0.991452833443253     
  0.989739588317044     
  0.987877940280726     
  0.986095187110355     
  0.984735886341669     
  0.983135218829090     
  0.981817318255904     
  0.980571601542336     
  0.978773949498632     
  0.978421472920409     
  0.976109161328871     
  0.976240404403561     
  0.974118105950559     
  0.974013772049981     
  0.972667750921878     
  0.972061446226085     
  0.971671551543488     
  0.970443750952311     
  0.971092881558214     
  0.969083314445329     
  0.971317788577456     
  0.967613206581258     
  0.971798212042175     
  0.967160492226764     
  0.972647937880432     
  0.967524662589512     
  0.972678421223728     
  0.968839724357172     
  0.972830775446274     
  0.970296069933937     
  0.973948066735370     
  0.972038717055710     
  0.975362638417110     
  0.974150302706926     
  0.976939232767729     
  0.976476342608555     
  0.978739524108470     
  0.979163756240103     
  0.980718190247491     
  0.981950037557586     
  0.983262494088617     
  0.984929052140726     
  0.986298790293572     
  0.987955969270780     
  0.989917964508206     
  0.991864715120985     
  0.993877078323510     
  0.995937797236620     
  0.997647378033334     
  0.998476612667143     
  0.998489974209575     
  0.998628129303475     
  0.998628346548023     
  0.998686003729469     
  0.998705078818439     
  0.998726069201317     
  0.998767275477824     
  0.998735618638586     
  0.998860218072646     
  0.998704688204447     
  0.998989477469573     
  0.998634979821519     
  0.999087961859861     
  0.998623587990382     
  0.999068158615240     
  0.998691737708229     
  0.999038432485436     
  0.998742462452525     
  0.999022449297650     
  0.998791039257448     
  0.998979539417100     
  0.998850077162408     
  0.998844396416974     
  0.998904930713097     
  0.998746283254103     
  0.998903038688153     
  0.998709473974785     
  0.998888891573866     
  0.998732820348864     
  0.998831720312689     
