  0.987316869822092     
  0.987566168917543     
  0.988082817464627     
  0.988844459906635     
  0.989543247727448     
  0.989612115611060     
  0.989019787663680     
  0.988340378769131     
  0.987867305361351     
  0.987255415184414     
  0.986481485249481     
  0.985994546794807     
  0.985666206746961     
  0.985145509664207     
  0.984811297266499     
  0.984642792922536     
  0.984340954734947     
  0.984201415248349     
  0.984135538082780     
  0.984279483328028     
  0.984575049307824     
  0.984459736278760     
  0.984643410003427     
  0.985262412227233     
  0.985482357930774     
  0.985898542084180     
  0.986554529988731     
  0.987061541314547     
  0.987656308528751     
  0.988488344690563     
  0.989378912466986     
  0.990271315069056     
  0.991320841240484     
  0.992511122300895     
  0.993816566107813     
  0.995244885666121     
  0.996764518714532     
  0.998143942858251     
  0.998696697666267     
  0.998572994584458     
  0.998324188328137     
  0.998036088155940     
  0.997739610117725     
  0.997494485870132     
  0.997322166997531     
  0.997221473143857     
  0.997210922176678     
  0.997257660597349     
  0.997301738270468     
  0.997310742541149     
  0.997399686564281     
  0.997481849010835     
  0.997462552670341     
  0.997585958161945     
  0.997690749178804     
  0.997511631714320     
  0.997525435640902     
  0.997742520589198     
  0.997608205390592     
  0.997507254986035     
  0.997533789669334     
  0.997402093965686     
  0.997247387053145     
  0.997191674580958     
  0.997118554460337     
  0.997000964506373     
  0.996935958320085     
  0.996940821577863     
  0.997003746204604     
  0.997158150035716     
  0.997370427359691     
  0.997591422453339     
  0.997818288555132     
  0.998062473461142     
  0.998277974244029     
  0.998350760557149     
  0.998357768950829     
  0.998361736073576     
  0.998262239281783     
  0.998148133941881     
  0.998075793223427     
  0.997942138595897     
  0.997779850264237     
  0.997658510779187     
  0.997512338202923     
  0.997361417691584     
  0.997261862634250     
  0.997140200385468     
  0.997003422831770     
  0.996940555524262     
  0.996863911126057     
  0.996776414772638     
  0.996797248913829     
  0.996781257510136     
  0.996709060589176     
  0.996734226880368     
  0.996799458670212     
  0.996818219417524     
  0.996844847337839     
  0.996901894123300     
  0.996926900345557     
  0.996923243653055     
  0.996950451741733     
  0.996697235493000     
  0.995505190442788     
  0.994008850510402     
  0.992669906919634     
  0.991314834019848     
  0.989945338040944     
  0.988677420466672     
  0.987133526213707     
  0.985606606002913     
  0.984331682432441     
  0.982867342380709     
  0.981424458802563     
  0.980292793186911     
  0.979198588256101     
  0.978088352554156     
  0.977456471207808     
  0.976661657937262     
  0.975022526643116     
  0.973895654330874     
  0.972429537112756     
  0.969820404594487     
  0.967282082773289     
  0.964784113262080     
  0.961796548390552     
  0.959657275825216     
  0.957605836281557     
  0.955080709479278     
  0.953501081181025     
  0.952259222840752     
  0.950960457779205     
  0.950098013859973     
  0.948906057324696     
  0.948153028156848     
  0.947797139015676     
  0.945994707907162     
  0.945006954590129     
  0.945409055995468     
  0.942930061297163     
  0.940004149796717     
  0.939190670314902     
  0.936842533361071     
  0.932848542457413     
  0.930890934667738     
  0.928989633985549     
  0.925675901943506     
  0.922676263613763     
  0.918892870518331     
  0.913660021851892     
  0.907715866071451     
  0.900182254012757     
  0.891312775490248     
  0.882944845978391     
  0.874280968665707     
  0.865081889869807     
  0.856755223957468     
  0.848625276096525     
  0.840315675883582     
  0.832438522729442     
  0.824873260900051     
  0.817213730339214     
  0.810349964381933     
  0.804535062633431     
  0.799847594608455     
  0.796525158549588     
  0.794469981088870     
  0.793606716946244     
  0.794063592759612     
  0.795780587464558     
  0.798357400422615     
  0.801960723426626     
  0.806712216848107     
  0.812119759317585     
  0.818296354105185     
  0.825405144618284     
  0.833302964929966     
  0.841701489542193     
  0.850660524997991     
  0.860160496172384     
  0.870092258429157     
  0.880385519331030     
  0.891064013271437     
  0.902003764542463     
  0.913022737229055     
  0.923972586673224     
  0.934639872213932     
  0.944568862166192     
  0.953230700543504     
  0.960378171656363     
  0.966039940412598     
  0.970503792788519     
  0.974087611600173     
  0.977061491127178     
  0.979583337733275     
  0.981728106122449     
  0.983563864247023     
  0.985151117915995     
  0.986508500482115     
  0.987641439471414     
  0.988470241670244     
  0.989308915443634     
  0.990058166114143     
  0.990753466521511     
  0.991377427865184     
  0.991930477990225     
  0.992398591238566     
  0.992821144190155     
  0.993185963756161     
  0.993506248659259     
  0.993814139931455     
  0.994142374651755     
  0.994417377533990     
  0.994626723584646     
  0.994873864802461     
  0.995103291627705     
  0.995224354588771     
  0.995019169814521     
  0.994285916916303     
  0.993444073541057     
  0.992885578844851     
  0.992211605097501     
  0.991612288938028     
  0.991188740936616     
  0.990512385562816     
  0.989817873020475     
  0.989317290563060     
  0.987913481537125     
  0.985472393416316     
  0.982251101980658     
  0.979430972980135     
  0.976513031973105     
  0.973432373095946     
  0.970846692147986     
  0.969046200695024     
  0.966803522523462     
  0.964752374922890     
  0.964711685641949     
  0.963063118633082     
  0.961782791575744     
  0.961667301481438     
  0.960668199039780     
  0.959963150239545     
  0.960861937301335     
  0.960392269358464     
  0.960071684236465     
  0.961633202109443     
  0.961249191333653     
  0.961947824457301     
  0.963966963919653     
  0.964045244822791     
  0.965253051147513     
  0.967488232268343     
  0.968653151345430     
  0.970533898423717     
  0.972973997395759     
  0.974765136033773     
  0.976405955984331     
  0.978136875671260     
  0.979982185700671     
  0.982081472517545     
  0.984441850863873     
  0.987055640816203     
  0.989765025105273     
  0.992541752036509     
  0.995400724882100     
  0.997509510483476     
  0.998733836621035     
  0.999088946214387     
  0.999134174529605     
  0.999149603412111     
  0.999164690301669     
  0.999182490639830     
  0.999191101029321     
  0.999199791682759     
  0.999215818714157     
  0.999227989107111     
  0.999245007146656     
  0.999266440992820     
  0.999257589099061     
  0.999110966732951     
  0.998866869194291     
  0.998614536627929     
  0.998304877563250     
  0.997807735531998     
  0.997224601509604     
  0.996715653278697     
  0.996320377884815     
  0.995986349418124     
  0.995740564340375     
  0.995653460245811     
  0.995654290500677     
  0.995505391303004     
  0.995116245910877     
  0.994619796806047     
  0.994061560543602     
  0.993662615618518     
  0.993328327516097     
  0.992862153977326     
  0.992531627351692     
  0.992353536699715     
  0.992046021795061     
  0.991720839588218     
  0.991521562234170     
  0.991333527309504     
  0.991137981913563     
  0.990795447575077     
  0.990466572134028     
  0.990495640345427     
  0.990291551139746     
  0.989849281017714     
  0.990111082759239     
  0.990349586489107     
  0.990111219446275     
  0.990488352984249     
  0.991194191693471     
  0.991596115091793     
  0.992221771816044     
  0.992977291548504     
  0.993501861421677     
  0.994047186157802     
  0.994661650612246     
  0.995097709238615     
  0.995444806439975     
  0.995871419312234     
  0.996379774307319     
  0.996953585946911     
  0.997583322628908     
  0.998245537676042     
  0.998928315549363     
  0.999410306727340     
  0.999531270497336     
  0.999515389003206     
  0.999503734154246     
  0.999493818454659     
  0.999450014948269     
  0.999423381702498     
  0.999417971287574     
  0.999386471459727     
  0.999353355449589     
  0.999347101224957     
  0.999339436596526     
  0.999320198671266     
  0.999309899189937     
  0.999320456297502     
  0.999326862613654     
  0.999314200116365     
  0.999300585115238     
  0.999282618709269     
  0.999232706993934     
  0.999195099314942     
  0.999182186540760     
  0.999160305462485     
  0.999155722384423     
  0.999179458297721     
  0.999204715534588     
  0.999238617370637     
  0.999293751714397     
  0.999338331219945     
  0.999356054230158     
  0.999395983257582     
  0.999441685515474     
  0.999428891083095     
  0.999446227834145     
  0.999516667897377     
  0.999485031067778     
  0.999439365426533     
  0.999502432029197     
  0.999464617519046     
  0.999304410655814     
  0.999069584247905     
  0.998620779865345     
  0.998140507778256     
  0.997712935687960     
  0.997362931713606     
  0.997077349756534     
  0.996881132238750     
  0.996830789714068     
  0.996845099526736     
  0.996773983999405     
  0.996650153973687     
  0.996786099335733     
  0.997051648957716     
  0.996734550992061     
  0.996190938237743     
  0.996159759837624     
  0.995621828872927     
  0.994701477377993     
  0.994903619240285     
  0.995015005299070     
  0.993886840666261     
  0.993682099272632     
  0.994042531190696     
  0.993487433726106     
  0.993225269978095     
  0.993464685097806     
  0.993251730492880     
  0.992910082865583     
  0.993096588187759     
  0.993387592663364     
  0.993197484593518     
  0.993297807969179     
  0.993879674340447     
  0.994048845342864     
  0.994276120479977     
  0.994915588235778     
  0.995242296536927     
  0.995525485726111     
  0.996038864599757     
  0.996208648077044     
  0.996268398328202     
  0.996451283282154     
  0.996600368806447     
  0.996747951094953     
  0.996950161905361     
  0.997203877081762     
  0.997505770855975     
  0.997825526659241     
  0.998189900348592     
  0.998588299110520     
  0.999010887167156     
  0.999449100304204     
  0.999684077267221     
  0.999702582977026     
  0.999696359523139     
  0.999670595950865     
  0.999640399560945     
  0.999605827293782     
  0.999560683897168     
  0.999499793604291     
  0.999424168621067     
  0.999364227399315     
  0.999302305702536     
  0.999212842819891     
  0.999124445917064     
  0.999045270403865     
  0.998925690415395     
  0.998729414315911     
  0.998535493094548     
  0.998356099268157     
  0.998215282558216     
  0.998022077441523     
  0.997839369394511     
  0.997796725904844     
  0.997677148468748     
  0.997466990495731     
  0.997368889991958     
  0.997325127590396     
  0.997317158961558     
  0.997340521793597     
  0.997377414898904     
  0.997514320090805     
  0.997604355830089     
  0.997592309874372     
  0.997801934611811     
  0.998006067857494     
  0.997925713197310     
  0.998050983526791     
  0.998270248144824     
  0.998165928811478     
  0.998172036882485     
  0.998381155078956     
  0.998329667299753     
  0.998134002226866     
  0.997947877795439     
  0.997626634249479     
  0.997186853511048     
  0.996643379479569     
  0.995928508676930     
  0.995068372377967     
  0.994134319547518     
  0.993151076590235     
  0.992149664049506     
  0.991184810426972     
  0.990281004650099     
  0.989299251795010     
  0.987833426529034     
  0.986266907403105     
  0.984892153623919     
  0.983689135756689     
  0.982662274284867     
  0.981859117960000     
  0.981306454573441     
  0.980960482633033     
  0.980723046936312     
  0.980730983354875     
  0.981214998644233     
  0.981521300378222     
  0.981717736836467     
  0.982760843201684     
  0.982803073687097     
  0.982573043304694     
  0.983576459028067     
  0.983084283280669     
  0.982700758951683     
  0.984008845993164     
  0.983546042127963     
  0.982457961045710     
  0.982952743940273     
  0.982538140087017     
  0.981353153867765     
  0.980869403900966     
  0.979939999764107     
  0.978358156030192     
  0.976985287883140     
  0.975802263308838     
  0.974714582114553     
  0.973531955544244     
  0.972415488768383     
  0.971848874205470     
  0.971264380545182     
  0.970627356685634     
  0.970490208907153     
  0.970527585895422     
  0.970502726608890     
  0.970283098231712     
  0.970188625823988     
  0.970259013665293     
  0.970588316740156     
  0.971198867571518     
  0.971953084642846     
  0.972886182668241     
  0.974085766130664     
  0.975473553289830     
  0.976970222551242     
  0.978492642919452     
  0.979993031362904     
  0.981479884678361     
  0.982820330257049     
  0.983648805575714     
  0.984241304568221     
  0.984874750833811     
  0.985513113072012     
  0.986030742534328     
  0.986593517827251     
  0.987229746741371     
  0.987853683443085     
  0.988585550548204     
  0.989304100661742     
  0.989943753945066     
  0.990650111947824     
  0.991373377414497     
  0.992090209050978     
  0.992883344596164     
  0.993721938007750     
  0.994507683194024     
  0.995256876699510     
  0.995990420132379     
  0.996603076351423     
  0.997078865522378     
  0.997547748353742     
  0.998013291861913     
  0.998427987404621     
  0.998772719288508     
  0.999029482743423     
  0.999224241475354     
  0.999329038884959     
  0.999265146745755     
  0.999114709638715     
  0.998888968555189     
  0.998652641770523     
  0.998434550131967     
  0.998235297272813     
  0.998060834488124     
  0.997890790771171     
  0.997729848595533     
  0.997529574072804     
  0.997272384915995     
  0.997044202982312     
  0.996782284366233     
  0.996310205188484     
  0.995849285696342     
  0.995423628417856     
  0.994725386900852     
  0.994104657598609     
  0.993780641059681     
  0.993114490369896     
  0.992631465164390     
  0.992474352381623     
  0.992160677499683     
  0.991806268027720     
  0.991655773733412     
  0.991690687063678     
  0.991700479614469     
  0.991703394216402     
  0.991980781168735     
  0.992274065532927     
  0.992480274000399     
  0.993113271076880     
  0.993580335891524     
  0.994149096604632     
  0.995026161020818     
  0.995575175298260     
  0.996255038598096     
  0.996975754010707     
  0.997228696595705     
  0.997587248657907     
  0.997931178445696     
  0.997936822309411     
  0.998024571356212     
  0.998099955656476     
  0.998015924192749     
  0.997923187417238     
  0.997906881914796     
  0.997860673154173     
  0.997708086385080     
  0.997380416557748     
  0.996918040594141     
  0.995908699740444     
  0.994771573212007     
  0.993685752841583     
  0.992712936144560     
  0.991917744115164     
  0.990851771823818     
  0.989915596737353     
  0.989447232015015     
  0.988739492389002     
  0.987549773970833     
  0.986540716991824     
  0.985797713463794     
  0.984522576068297     
  0.983475577280930     
  0.983524976655158     
  0.982931140061494     
  0.981714164696987     
  0.982184269572185     
  0.982042224398937     
  0.980880560600921     
  0.981462725431586     
  0.981888667731212     
  0.981300946464132     
  0.981529541204254     
  0.982161913226776     
  0.982358612272950     
  0.982618921731210     
  0.983210197247566     
  0.983922300626126     
  0.984413251784328     
  0.985000073878676     
  0.986002799676786     
  0.987022049297007     
  0.988025933026175     
  0.989283456055260     
  0.990635353405481     
  0.991941842976349     
  0.993246182872707     
  0.993988548532516     
  0.994272840960681     
  0.994536641207068     
  0.994828687077916     
  0.995104374807026     
  0.995359442484425     
  0.995655534060729     
  0.996001494664722     
  0.996378789655108     
  0.996543679104931     
  0.996191111638299     
  0.995666636682635     
  0.995115988423232     
  0.994528446186410     
  0.993910621457244     
  0.993352540604735     
  0.992902207127731     
  0.992411428798809     
  0.991954508756801     
  0.991725409080091     
  0.991416451305142     
  0.991029529695119     
  0.990944497946213     
  0.990922767036405     
  0.990684706590970     
  0.990620373793783     
  0.990752564569189     
  0.990711671178790     
  0.990715769256658     
  0.990993937832617     
  0.991114238015571     
  0.991230171494717     
  0.991573438450612     
  0.991852169504267     
  0.992096826704560     
  0.992390619222947     
  0.992666255603644     
  0.992874933840352     
  0.993049604120085     
  0.993238532164881     
  0.993346026043011     
  0.993322705202338     
  0.993284017408267     
  0.993125909386669     
  0.992768604625326     
  0.992379237304798     
  0.991996204296668     
  0.991501084826209     
  0.990934311434883     
  0.990354862138226     
  0.989699750601859     
  0.988979067391927     
  0.988234949374065     
  0.987442656790520     
  0.986582872255595     
  0.985676637585014     
  0.984729236087458     
  0.983694673431319     
  0.982587867930211     
  0.981414001732043     
  0.980153610224517     
  0.978816859099394     
  0.977414186292556     
  0.975918638330695     
  0.974368898450136     
  0.972789329064810     
  0.971188190624986     
  0.969623598593502     
  0.968109404238193     
  0.966654079060685     
  0.965317868283799     
  0.964126067252510     
  0.963081051162625     
  0.962213993668590     
  0.961548054451713     
  0.961080719173785     
  0.960823759058604     
  0.960787196261437     
  0.960969051431306     
  0.961361964881439     
  0.961961630173615     
  0.962744826735408     
  0.963682647458519     
  0.964778235543924     
  0.965987879411022     
  0.967279083610650     
  0.968682020347609     
  0.970153903173582     
  0.971660029868276     
  0.973170279983669     
  0.974660536926622     
  0.976115474401037     
  0.977515182550398     
  0.978852195392499     
  0.980107833827748     
  0.981271481871723     
  0.982358050141867     
  0.983338204357372     
  0.984168619928134     
  0.984928288609107     
  0.985673637686589     
  0.986268900077572     
  0.986781624945554     
  0.987388731286416     
  0.987899849132416     
  0.988265012157695     
  0.988710968845265     
  0.989106450273905     
  0.989419556577977     
  0.989803374541039     
  0.990201098763474     
  0.990519424978103     
  0.990859921074121     
  0.991268499409354     
  0.991628357880442     
  0.991951708889650     
  0.992339592826928     
  0.992725851808911     
  0.993071488206742     
  0.993436793615921     
  0.993802508304165     
  0.994141866483123     
  0.994486541013754     
  0.994823290469509     
  0.995132232606593     
  0.995436493390006     
  0.995745581895061     
  0.996057942780441     
  0.996392522698250     
  0.996716815440142     
  0.997009729965989     
  0.997275756097992     
  0.997512706353593     
  0.997712798689005     
  0.997857317325677     
  0.997968976770812     
  0.998077016984102     
  0.998159267424130     
  0.998229446286982     
  0.998316234407507     
  0.998370221309448     
  0.998392801036449     
  0.998434096741389     
  0.998352401873610     
  0.997562776953504     
  0.994986762175707     
  0.991611461002281     
  0.988404101015241     
  0.985424376464018     
  0.982611531281026     
  0.979836540944468     
  0.977271417005930     
  0.975061910301456     
  0.973061301737315     
  0.970947355995801     
  0.968685287112244     
  0.966898434317843     
  0.965524709744870     
  0.963902249369149     
  0.962650862353740     
  0.962077385915718     
  0.961047517391312     
  0.960109541244676     
  0.960093433253934     
  0.960859083167613     
  0.961575827181520     
  0.961496080147838     
  0.962262040246400     
  0.963616800384941     
  0.964591403238964     
  0.966147045505985     
  0.968028752110206     
  0.969611265795992     
  0.971511057080710     
  0.973834216457587     
  0.976021454486807     
  0.978017972812375     
  0.980415346593079     
  0.983063555456064     
  0.985960829017987     
  0.989170683271928     
  0.992630880608773     
  0.996000667197100     
  0.998071870699623     
  0.998504130047099     
  0.998576799171416     
  0.998612592260339     
  0.998644371570560     
  0.998643097902328     
  0.998632110405316     
  0.998636091285348     
  0.998667755245747     
  0.998719948785254     
  0.998784763532498     
  0.998826716434214     
  0.998844120676591     
  0.998866005924815     
  0.998874389344531     
  0.998870726368344     
  0.998897261782224     
  0.998915453557064     
  0.998898606250669     
  0.998950698262844     
  0.999013193329039     
  0.998973872011602     
  0.998972360079723     
  0.999010611089438     
  0.998990110763457     
  0.998974428139387     
  0.998963281769768     
  0.998957030867809     
  0.998964393832893     
  0.998928956706001     
  0.998924306606689     
  0.998984933299976     
  0.999005943599581     
  0.999024289709208     
  0.999109117529618     
  0.999170439733663     
  0.999176675474778     
  0.999188754463345     
