  0.999584961834804     
  0.999578421486352     
  0.999568741683866     
  0.999562590142234     
  0.999558934332269     
  0.999551205625942     
  0.999283072397488     
  0.998264993896460     
  0.997117478834274     
  0.996135610693148     
  0.995461574081586     
  0.995329434741317     
  0.995549306070080     
  0.991182237404888     
  0.977857402661345     
  0.967005626641599     
  0.961822257272053     
  0.958502335378977     
  0.955990877492407     
  0.954935680074309     
  0.955418912634572     
  0.958629256817062     
  0.967919967850939     
  0.983057085859748     
  0.994094368997306     
  0.997147085899773     
  0.998821312116230     
  0.999399381068370     
  0.999431183668447     
  0.999441575509099     
  0.999445087564289     
  0.999444386041731     
  0.999440634490521     
  0.999435249610966     
  0.999431564169331     
  0.999437478099303     
  0.999449394329484     
  0.999447176878183     
  0.999436871364706     
  0.999427457408287     
  0.999420246018020     
  0.999413278345266     
  0.999405596459540     
  0.999396769490074     
  0.999385517926925     
  0.999346435121564     
  0.999105197351828     
  0.998692626206270     
  0.998344413356136     
  0.998083925351681     
  0.997712957740769     
  0.996222467258652     
  0.994070492050768     
  0.993674556576023     
  0.994463428359565     
  0.995632154894348     
  0.996217618135976     
  0.995536708996946     
  0.994350347859561     
  0.993917623467867     
  0.995679521438388     
  0.997416430436033     
  0.998346979720249     
  0.999011802065815     
  0.999141531655861     
  0.999140921051580     
  0.999128339284958     
  0.999111774733868     
  0.999093847394394     
  0.999075729668799     
  0.999057303054817     
  0.999025499832279     
  0.998964817058033     
  0.998850858667677     
  0.998495912748478     
  0.998218366121890     
  0.998140380715666     
  0.998166764718146     
  0.998203728656344     
  0.998204833949419     
  0.998178111727024     
  0.998142293795778     
  0.998204190983664     
  0.998373891836917     
  0.998358010321159     
  0.998160287963024     
  0.997973275483428     
  0.997699072718850     
  0.997193772195230     
  0.996204045689626     
  0.994956495829581     
  0.994074026059804     
  0.993776627752075     
  0.994125334049890     
  0.995012354731818     
  0.996039824423776     
  0.996890392435454     
  0.997535470980194     
  0.997885089603089     
  0.997907683413271     
  0.997863645383231     
  0.997819567827211     
  0.997755702129516     
  0.997635252565223     
  0.997552112777992     
  0.997450933801495     
  0.997358784804225     
  0.997281285536259     
  0.997208867765018     
  0.997135861153290     
  0.997051004705563     
  0.996944587564132     
  0.996829815239118     
  0.996758781305769     
  0.996608914102610     
  0.996428880534724     
  0.996081312221930     
  0.991246822048409     
  0.976510285152968     
  0.966466770172048     
  0.967649322506884     
  0.972064472810161     
  0.973963216730467     
  0.969930550153449     
  0.956220394516893     
  0.944745871315066     
  0.947987443376580     
  0.956654130241982     
  0.957657645789063     
  0.956203137368603     
  0.956072035178846     
  0.957440805214541     
  0.962799057028688     
  0.970307151081329     
  0.970208148746181     
  0.968006138548615     
  0.964459196751674     
  0.955692503756494     
  0.942264453796739     
  0.936356933848734     
  0.938054016396302     
  0.941146866509678     
  0.943933372962378     
  0.944637539752841     
  0.941257370069514     
  0.942619605835317     
  0.950188324333444     
  0.956630226930233     
  0.955385745703603     
  0.947242712346904     
  0.936186728528018     
  0.928711756876883     
  0.923001905678012     
  0.915145280783024     
  0.904360275808086     
  0.890908237258587     
  0.877201217065206     
  0.868004702771371     
  0.867336086943157     
  0.870876762901962     
  0.872489936135442     
  0.874091267222823     
  0.873776721333689     
  0.867257088755301     
  0.848054277662158     
  0.811769131260694     
  0.761383254537416     
  0.705612962458180     
  0.654571720241413     
  0.617231570704292     
  0.599970217712581     
  0.603168980309891     
  0.625416713858904     
  0.666554923822048     
  0.719376838610732     
  0.773514629738342     
  0.820649061910124     
  0.857366956326541     
  0.884357759139653     
  0.904138773080526     
  0.919460712483732     
  0.932009955625614     
  0.942356621941947     
  0.950821579073873     
  0.957692359748825     
  0.963173430368242     
  0.967498092430985     
  0.970974516826162     
  0.973884523506185     
  0.976343285147139     
  0.978443793188380     
  0.980283820958372     
  0.981969440166633     
  0.983526568995359     
  0.984959261880382     
  0.986267892024621     
  0.987425720755934     
  0.988431983667530     
  0.989390409612600     
  0.990310830416418     
  0.991151999184770     
  0.991785058317958     
  0.992405690417272     
  0.992924011983574     
  0.993394150410341     
  0.993872913379117     
  0.994313677777015     
  0.994672836442452     
  0.994977209992683     
  0.995234968519904     
  0.995485081570876     
  0.995723400643567     
  0.995960370491159     
  0.996174763694938     
  0.996081130460725     
  0.995535667262381     
  0.995309408187039     
  0.995379429975043     
  0.995546188594075     
  0.995668856309819     
  0.995644923055084     
  0.995177588912661     
  0.994939131840882     
  0.995305153397823     
  0.996200908905519     
  0.996765279662604     
  0.996855702167454     
  0.996912545222247     
  0.996973485926067     
  0.997134367765643     
  0.997531975282142     
  0.997706519035335     
  0.993939577804983     
  0.984573920987265     
  0.975717845694679     
  0.969871175110872     
  0.965997247759838     
  0.964468075544604     
  0.965147457310520     
  0.968140621189331     
  0.973116022936575     
  0.979979128152333     
  0.980060462259631     
  0.964700152137138     
  0.939021804552728     
  0.917156732876145     
  0.906010695143109     
  0.901942690635669     
  0.902144829107015     
  0.906150409063156     
  0.915359942575546     
  0.934597766374485     
  0.960923206125510     
  0.982819486348107     
  0.996109312706534     
  0.998679383297821     
  0.998789181276871     
  0.998856551278861     
  0.998944563517858     
  0.998984991487558     
  0.999022804511673     
  0.999037290781848     
  0.999067429970416     
  0.999094502136793     
  0.999130655162863     
  0.999181864670320     
  0.999243183352100     
  0.999278509236505     
  0.999293809068370     
  0.999293561706718     
  0.999272552763888     
  0.999284296234781     
  0.999285130089651     
  0.999277418570592     
  0.999250514113078     
  0.999233663970832     
  0.999230921946604     
  0.999243152592194     
  0.999262301251199     
  0.999241492004661     
  0.999231637729526     
  0.999254418023255     
  0.999303085800856     
  0.999332707640208     
  0.999339602333375     
  0.999344645965434     
  0.999344183728125     
  0.999378740524782     
  0.999457466779615     
  0.999498938916481     
  0.999503252725743     
  0.999502929663752     
  0.999501247940463     
  0.999488009817829     
  0.999111335049009     
  0.997141398332468     
  0.995353084144337     
  0.995535916742307     
  0.995592298367119     
  0.993198776125502     
  0.991254341300247     
  0.991553080651732     
  0.992652037654759     
  0.993952497805529     
  0.995273196593231     
  0.994663364138563     
  0.992682309855211     
  0.989933761877324     
  0.986592791891229     
  0.983711826324039     
  0.982110211530274     
  0.981668842334786     
  0.981633956216898     
  0.981815395724233     
  0.982467116955911     
  0.984979574544166     
  0.991023284270158     
  0.997071639345314     
  0.999143756469393     
  0.999639697622816     
  0.999673265692296     
  0.999686393472202     
  0.999707832017452     
  0.999713053131591     
  0.999716652990056     
  0.999715000858298     
  0.999696960995059     
  0.999673107322673     
  0.999649260653755     
  0.999636044462339     
  0.999620558999175     
  0.999587873679297     
  0.999585029228870     
  0.999589207279990     
  0.999610718654313     
  0.999632718505669     
  0.999661351498859     
  0.999693231789619     
  0.999704534744731     
  0.999641955308536     
  0.999456885041012     
  0.999200360132910     
  0.998950262827026     
  0.998775927098222     
  0.998703191419919     
  0.998684457536805     
  0.998740914669424     
  0.998837829941184     
  0.998952874367292     
  0.999020006921466     
  0.999094171904729     
  0.999233603378901     
  0.999406838096408     
  0.999582896697525     
  0.999732966388944     
  0.999782775077797     
  0.999787244455764     
  0.999789116351676     
  0.999790431231731     
  0.999789254251539     
  0.999790671663741     
  0.999733306262196     
  0.999217400283973     
  0.998665160299644     
  0.998751236671839     
  0.999116688171411     
  0.999349564523881     
  0.999304099817567     
  0.999007161880260     
  0.998671191961043     
  0.998774512996466     
  0.999420098882585     
  0.999773650959029     
  0.999758065807897     
  0.999704685215289     
  0.999651727453575     
  0.999629612004446     
  0.999631025225501     
  0.999638816854096     
  0.999656349648986     
  0.999672461424909     
  0.999683362033540     
  0.999664482080653     
  0.999011346448031     
  0.997686330716647     
  0.995646981131239     
  0.993072666943006     
  0.992922557806601     
  0.993438326795315     
  0.993386065119469     
  0.992586077267544     
  0.991642498903037     
  0.991642500871521     
  0.992847868020810     
  0.994826818127714     
  0.997304839958000     
  0.998476577475261     
  0.998581576760725     
  0.996784926174576     
  0.992397538136761     
  0.989609451100717     
  0.988800461238647     
  0.988636607786263     
  0.988589413298277     
  0.988585296162899     
  0.988768958855403     
  0.989890534898605     
  0.993215643328239     
  0.997757798636280     
  0.999648354113638     
  0.999769009956363     
  0.999807811607531     
  0.999801343216290     
  0.999709622603446     
  0.999606127910480     
  0.999558986123084     
  0.999564268746419     
  0.999599815839286     
  0.999648785205552     
  0.999688430955583     
  0.999708556076810     
  0.999725752084281     
  0.999761171423208     
  0.999784652589936     
  0.999787728543862     
  0.999792638448315     
  0.999803203784479     
  0.999819104496788     
  0.999835925023941     
  0.999831852576453     
  0.999792355644896     
  0.999770473988731     
  0.999782853001814     
  0.999785103666143     
  0.999723747245302     
  0.999626397705628     
  0.999576202757413     
  0.999561078496208     
  0.999592595703696     
  0.999471472261532     
  0.998629959824024     
  0.997511498223323     
  0.996571140500539     
  0.995904340751260     
  0.995764056062883     
  0.996038518570439     
  0.996675134241606     
  0.997486117670574     
  0.998509457138563     
  0.999070436904266     
  0.999177371858851     
  0.998867453641706     
  0.997932502975374     
  0.997593882080629     
  0.997709277690263     
  0.997848956471227     
  0.997200410249407     
  0.995991626339954     
  0.995614939183161     
  0.995995400762590     
  0.996786116032322     
  0.997767713484018     
  0.997833805118486     
  0.997368616003534     
  0.997489003550270     
  0.998575006867271     
  0.999382130206215     
  0.999469190708687     
  0.999476098752810     
  0.999511041900153     
  0.999631959938031     
  0.999777921160833     
  0.999799097376235     
  0.999791729269738     
  0.999791642796640     
  0.999783448229662     
  0.999749789139524     
  0.999129082836180     
  0.994883065874120     
  0.984678946897814     
  0.972237260998460     
  0.960912997945450     
  0.952298195247734     
  0.949158153046597     
  0.953033861833376     
  0.961745266998457     
  0.972685172087321     
  0.982616549626088     
  0.988762008510645     
  0.991652555917911     
  0.993647697191131     
  0.991238819435663     
  0.985813585019077     
  0.981477194260409     
  0.979331634866035     
  0.978305495854625     
  0.978122595390109     
  0.978719475290389     
  0.980112773574610     
  0.982994193121550     
  0.989489790331586     
  0.997487768649894     
  0.999520653166921     
  0.999413971781489     
  0.998775730453142     
  0.993279237666755     
  0.983812499376155     
  0.977923567045557     
  0.975649163951658     
  0.971987133126721     
  0.961640272370374     
  0.947603541668263     
  0.935107304304130     
  0.927559175085966     
  0.930265076620150     
  0.941488474126908     
  0.953374798054606     
  0.963754134053766     
  0.972208652454014     
  0.976742859071565     
  0.976817695292610     
  0.976785295807065     
  0.979094620206829     
  0.982301066260583     
  0.983948142274552     
  0.982963964756112     
  0.980714412800312     
  0.977840220988616     
  0.974638525371376     
  0.972420005686255     
  0.972075630821977     
  0.974013044561705     
  0.978056954661197     
  0.984172738649649     
  0.990565601484648     
  0.993936088634024     
  0.993072726638672     
  0.989694562079819     
  0.985991692422757     
  0.982581634820050     
  0.980498051751308     
  0.981096798218312     
  0.984899479659939     
  0.990138445692588     
  0.995112411413788     
  0.998606836045221     
  0.999617629967379     
  0.999696619955845     
  0.999692222333626     
  0.999682184913869     
  0.999686562175387     
  0.999681849542136     
  0.999675207995655     
  0.999680197904328     
  0.999687431285809     
  0.999705556912243     
  0.999726973022959     
  0.999737552088991     
  0.999738847058224     
  0.999736324696168     
  0.999732749578073     
  0.999731943167653     
  0.999737583865777     
  0.999747238396011     
  0.999745268643115     
  0.999741821670255     
  0.999736872641134     
  0.999712523751858     
  0.999443609395662     
  0.998916768515562     
  0.998750318543907     
  0.998066361212750     
  0.995607771471790     
  0.994206734370629     
  0.994484729588879     
  0.994954969731733     
  0.995134725736892     
  0.995036689091206     
  0.993160432484806     
  0.988200059086669     
  0.983917678502976     
  0.980997281294822     
  0.978062987850078     
  0.977538762836458     
  0.980311524781386     
  0.985293880545321     
  0.990913284579022     
  0.995337481813084     
  0.997690290701232     
  0.997636737346494     
  0.997496727889008     
  0.997755678152794     
  0.997922214783790     
  0.997982814775722     
  0.997934354517215     
  0.997815450151236     
  0.997711207416909     
  0.998452177142529     
  0.998575952418705     
  0.999341008721722     
  0.999581343552015     
  0.999569963805357     
  0.999554269812353     
  0.999541560827709     
  0.999529031209600     
  0.999491514192487     
  0.999472470922025     
  0.999460729042131     
  0.999443898681315     
  0.999414658691212     
  0.999380990943945     
  0.999313362049684     
  0.998974510618202     
  0.997396911103041     
  0.995866651836195     
  0.995043098780064     
  0.994569116587485     
  0.994400259337781     
  0.994372725582714     
  0.994380783345202     
  0.994444265876957     
  0.993277886387877     
  0.990647679850466     
  0.980011206077360     
  0.969532501666841     
  0.964687791005104     
  0.962574227495593     
  0.961807642305913     
  0.962480552583614     
  0.965259418176534     
  0.970776311319887     
  0.979553914221792     
  0.988259258176209     
  0.989236543983389     
  0.986243352116230     
  0.984684312322279     
  0.983501994716619     
  0.982222888851557     
  0.981352993181657     
  0.981206798419709     
  0.982527678761868     
  0.986889594965545     
  0.993361201081254     
  0.996314909095562     
  0.997572711807138     
  0.998510618345564     
  0.998791802605926     
  0.998783407685647     
  0.998749523491195     
  0.998714838381654     
  0.998673620231143     
  0.998602027030081     
  0.998484062035655     
  0.998325726844599     
  0.998155060496401     
  0.998007872518965     
  0.997955295746714     
  0.997983144659001     
  0.998038359695378     
  0.998066737509418     
  0.998061505931897     
  0.998020925173967     
  0.997849271607948     
  0.997249862173711     
  0.996524726668913     
  0.994343141263738     
  0.989263665580294     
  0.983921282000547     
  0.979628146099938     
  0.976220431161993     
  0.974534284635538     
  0.975497595257785     
  0.978124489352080     
  0.981933665963783     
  0.986616738232381     
  0.990089073764065     
  0.991628794166722     
  0.993217029221800     
  0.994430043385138     
  0.994803283441575     
  0.994945981690101     
  0.995258690931103     
  0.995294968886785     
  0.995141804444791     
  0.994873887253953     
  0.994449109330767     
  0.993605107199363     
  0.992975653502423     
  0.992845595709986     
  0.992768159653164     
  0.992456511121519     
  0.991866615311508     
  0.991070035615068     
  0.990335159541806     
  0.990096718735215     
  0.990088601646558     
  0.989673608287607     
  0.989080436533655     
  0.988444369149770     
  0.987769365799541     
  0.987036746022838     
  0.986215483707467     
  0.985319728694941     
  0.984336098099666     
  0.983046046593165     
  0.981343596097050     
  0.979361590791420     
  0.977300977121362     
  0.975272244708292     
  0.973219283017614     
  0.971204623757182     
  0.969268164535408     
  0.967404520614052     
  0.965660502702017     
  0.963924311447833     
  0.961535080264548     
  0.958660931544453     
  0.955634342563618     
  0.952538017352943     
  0.949413394801674     
  0.946325085952277     
  0.943525149733591     
  0.941285819341531     
  0.939849892878622     
  0.939389611447042     
  0.939967328720481     
  0.941492947984558     
  0.943772660675115     
  0.946590168088452     
  0.949674508445406     
  0.952817472280368     
  0.955873871949227     
  0.958809234393630     
  0.961718152988307     
  0.964516375143674     
  0.967162346085173     
  0.969646733324093     
  0.971926249875614     
  0.974017274014228     
  0.975946691156700     
  0.977686991578262     
  0.979293785526205     
  0.980803063312762     
  0.982192460975323     
  0.983381595007706     
  0.983935485316231     
  0.983438498673237     
  0.982639792833033     
  0.982204751654096     
  0.982231707247195     
  0.982916143931127     
  0.984270203895465     
  0.986055667479669     
  0.988123686392285     
  0.989905343878683     
  0.991113655489721     
  0.991508425095763     
  0.990565508877654     
  0.988448056677500     
  0.986835173207432     
  0.985755746958270     
  0.985379331468022     
  0.985988655734666     
  0.987469703805228     
  0.989394777362988     
  0.991669269506214     
  0.993484210832155     
  0.993814592106243     
  0.993663198910062     
  0.993766125925057     
  0.994210867871251     
  0.994905213845234     
  0.995687107465138     
  0.996440842274118     
  0.996898102201718     
  0.997084037270257     
  0.997213488362043     
  0.997334407509786     
  0.997436559539092     
  0.997533265222104     
  0.997627562370065     
  0.997712677393277     
  0.997798126759588     
  0.997878490579909     
  0.997914314492045     
  0.997938395185868     
  0.997993653079806     
  0.998067890681529     
  0.998136739985155     
  0.998194374950448     
  0.998244881811593     
  0.998299154972424     
  0.998357290339795     
  0.998436263471417     
  0.998531482615587     
  0.998576177634114     
  0.998603418676980     
  0.998611864531469     
  0.998596432189092     
  0.998562663791647     
  0.998546434360106     
  0.998543783629709     
  0.998520074217499     
  0.998384883294965     
  0.996976054534814     
  0.986298215455378     
  0.952848318954238     
  0.916510874673340     
  0.893901639949225     
  0.879057700518983     
  0.871755960579187     
  0.874539259253966     
  0.886652240650293     
  0.906286056215910     
  0.938932686262722     
  0.975737796123444     
  0.994936210671975     
  0.996803948786909     
  0.996578904731911     
  0.996850798231608     
  0.997175948920444     
  0.997313988371568     
  0.997466025390101     
  0.997703118504562     
  0.998078858057551     
  0.998513549749827     
  0.998936384874159     
  0.999202984552181     
  0.999169089420973     
  0.998929370224534     
  0.998591777391145     
  0.998295619195583     
  0.998188256311606     
  0.998325279650163     
  0.998652984830502     
  0.999025558374602     
  0.999303534891900     
  0.999456834205660     
  0.999513398600958     
  0.999528981691259     
  0.999542917176990     
  0.999540851479098     
  0.999406618205316     
  0.999162967546268     
  0.999046915381792     
  0.998848829713911     
  0.998195001141740     
  0.997973718453538     
  0.998381039112470     
  0.998880909554075     
  0.999090030486021     
  0.998953813426635     
  0.998455588600059     
  0.997961338643966     
  0.998135578833754     
  0.998652353285707     
  0.998858722999561     
  0.999128176048778     
  0.999554443235272     
  0.999840741627077     
  0.999815571626926     
  0.999498097986227     
  0.999106122560336     
  0.999008060289673     
  0.999340332496347     
  0.999571927751021     
  0.999562932791682     
  0.999618527484933     
