  0.999597819566789     
  0.999589864188069     
  0.999581591297636     
  0.999589225278758     
  0.999511142677024     
  0.999554090372716     
  0.999477879579530     
  0.999559213382579     
  0.999495532008043     
  0.998420208694899     
  0.993392893269625     
  0.986319115885458     
  0.997254203981636     
  0.999217944062943     
  0.999399978125982     
  0.999066326983769     
  0.995499679765949     
  0.960832005443104     
  0.814806603265670     
  0.910489873599877     
  0.981381438396459     
  0.985132566925162     
  0.987153322595091     
  0.996929242931859     
  0.999058156041399     
  0.999429801683597     
  0.999472256184897     
  0.999483657852968     
  0.999487312848331     
  0.999485633832881     
  0.999446678873051     
  0.999237154283681     
  0.999455639778158     
  0.999473898459836     
  0.999470688240103     
  0.999465511421362     
  0.999459365995143     
  0.999453253552900     
  0.999442004319869     
  0.999429845926757     
  0.999432714387117     
  0.999416351692659     
  0.999366498904438     
  0.999407467185461     
  0.999390685055839     
  0.999389984879904     
  0.999378307608188     
  0.999362267900449     
  0.999279082060880     
  0.998813020587840     
  0.995850941884219     
  0.994387186511647     
  0.998542455326461     
  0.999306774146861     
   1.00022463046940     
  0.985265827807834     
  0.985005516041468     
  0.994314840071907     
  0.991375684591850     
  0.999017432597285     
  0.999055775018523     
  0.999183510852219     
  0.999192947144510     
  0.999184055885851     
  0.999169793260700     
  0.999154197508844     
  0.999138533018911     
  0.999121525808648     
  0.999104323052295     
  0.999086296078728     
  0.999023316098600     
  0.999046262410396     
  0.999022403271892     
  0.999003970662571     
  0.998932860363480     
  0.998656944231062     
  0.998609686267275     
  0.998691265274888     
  0.995646587499099     
  0.997029240790181     
  0.998725485367778     
  0.998788405758446     
  0.998772574326162     
  0.998675010015086     
  0.998703970942216     
  0.998643929688306     
  0.998326730334822     
  0.996466167563816     
  0.997295059287329     
  0.997830821459991     
  0.996882684100321     
  0.993190258725708     
  0.991341913710285     
  0.988549424510533     
  0.995930890582522     
  0.997916655191269     
  0.998204486692892     
  0.998132293121666     
  0.997824422200733     
  0.997637896647791     
  0.997937658063398     
  0.997931731258280     
  0.997869803595058     
  0.997783796639514     
  0.997672799728065     
  0.997493413113789     
  0.997361646182666     
  0.996960691608072     
  0.997163405719008     
  0.997251042251931     
  0.997163134900176     
  0.997055108865647     
  0.996936654031123     
  0.996808596523162     
  0.996673716652022     
  0.996491956712535     
  0.996340803956671     
  0.996137490055132     
  0.995894908605885     
  0.995597845954584     
  0.995603054927415     
  0.974166100294852     
  0.827044289597396     
  0.960849375942767     
  0.994577798061726     
  0.994020303299851     
  0.992477024075163     
  0.979912305294690     
  0.875644941837166     
  0.928990136143571     
  0.980849899382311     
  0.927546287850376     
  0.968815168295627     
  0.989258313622317     
  0.989822894759709     
  0.989058000119668     
  0.987061962259060     
  0.972477167768080     
  0.906222775816100     
  0.967590477982162     
  0.904986471959018     
  0.929837609790513     
  0.850660545511754     
  0.971692067618790     
  0.976189740062737     
  0.972611200808428     
  0.965698897805117     
  0.945333705219379     
  0.959237359064499     
  0.955773113112254     
  0.951438853662349     
  0.945982844218081     
  0.931306540478301     
  0.900895565938450     
  0.853708157992025     
  0.905277088162366     
  0.889054616296617     
  0.868050705299267     
  0.851305316279988     
  0.851342244679423     
  0.866226336179435     
  0.881079437066431     
  0.892030192875635     
  0.893021965208298     
  0.885199577174611     
  0.864275123466638     
  0.821584644511802     
  0.749750765082556     
  0.626590668955879     
  0.504935883328919     
  0.471658537163129     
  0.500078981044083     
  0.572126201096053     
  0.670037577913635     
  0.760870853064608     
  0.818850224772401     
  0.850035177511052     
  0.874612495142464     
  0.894585208881384     
  0.909290920581406     
  0.923766688944532     
  0.937380431608942     
  0.948815078527695     
  0.954931876797948     
  0.960530983108427     
  0.965719358452259     
  0.969931008256959     
  0.972478759662764     
  0.974829457460091     
  0.976970230923593     
  0.978965021650668     
  0.980741549152442     
  0.982374481125444     
  0.983877738242944     
  0.985281242028245     
  0.986595923713525     
  0.987758100210785     
  0.988924066580995     
  0.989918808298035     
  0.990755844913104     
  0.991221002839422     
  0.991035449838043     
  0.992708369172788     
  0.993176852147433     
  0.993767339906186     
  0.994100062592189     
  0.994569816461122     
  0.994867945181742     
  0.995111968690628     
  0.995167058039399     
  0.995380351794767     
  0.995822040910766     
  0.996089203909942     
  0.996147188254467     
  0.996495987024675     
  0.996669368880845     
  0.996818850216270     
  0.996884837917416     
  0.995619908855547     
  0.987558322009794     
  0.995493477153127     
  0.996397313009226     
  0.997239112536970     
  0.997621995360080     
  0.997679114816040     
  0.993599337292207     
  0.995521968265274     
  0.997946360062431     
  0.998117800227565     
  0.997391336324230     
  0.997874816191756     
  0.998198315734153     
  0.998134718917089     
  0.997890157885802     
  0.997420102357408     
  0.992628873339785     
  0.952540214376985     
  0.884010307271838     
  0.910116265516350     
  0.986411614216234     
  0.996842615731580     
  0.998130748205080     
  0.998356850678180     
  0.998320814921774     
  0.996990863395024     
  0.982831735562223     
  0.883924459424335     
  0.745042871692155     
  0.804845865193267     
  0.822985191146529     
  0.978544608162988     
  0.996024449467212     
  0.997872673132363     
  0.998168815089190     
  0.998834299931708     
  0.998985112243731     
  0.999043258166942     
  0.999077428399628     
  0.999080876015610     
  0.998910656470853     
  0.999020110967120     
  0.998545130190854     
  0.999145178106183     
  0.999233197344124     
  0.999251687565245     
  0.999180435379281     
  0.999203700489804     
  0.999307192989732     
  0.999325232663290     
  0.999339844946290     
  0.999354250687245     
  0.999364614479211     
  0.999346910596572     
  0.999139645606565     
  0.999087381615207     
  0.999348149200049     
  0.999380536352504     
  0.999208105454741     
  0.998954154825570     
  0.999396027659311     
  0.999466943700543     
  0.999472161881884     
  0.999392827088445     
  0.998595951040596     
  0.999223663742614     
  0.999500194913837     
  0.999525215184358     
  0.999530949226263     
  0.999499914923578     
  0.999470286468571     
  0.999537965913721     
  0.999278412390442     
  0.999551507875833     
  0.999555509255866     
  0.999554121753852     
  0.999541886935275     
  0.999520895548101     
  0.999645800347206     
   1.00027403108210     
  0.981422123573172     
  0.986685087300289     
   1.00082051187781     
  0.996157458517137     
  0.969256041000579     
  0.991288796603833     
   1.00058745032151     
  0.999482839202106     
  0.999500968736843     
  0.999511482267570     
  0.999244220375668     
  0.996512144747967     
  0.955205607298623     
  0.925983182154555     
  0.978697103583210     
  0.995926899853958     
  0.999305894660845     
  0.999511137724848     
  0.999544423215473     
  0.999689704405538     
  0.999702140705511     
  0.999709535884363     
  0.999715014140893     
  0.999719815306673     
  0.999722146418999     
  0.999713802426114     
  0.999673586127860     
  0.999732574273718     
  0.999737387636533     
  0.999716912919186     
  0.999604484260607     
  0.999480058355353     
  0.999692186850218     
  0.999613802542526     
  0.999638083804079     
  0.999570274246992     
  0.999257494939207     
  0.999727524450952     
  0.999757264781631     
  0.999762814961631     
  0.999750265514423     
  0.999758169059426     
  0.999714191368344     
  0.999353074041181     
  0.997839865866381     
  0.997130017160949     
  0.999020265754995     
  0.999641580837331     
  0.999635599711314     
  0.999059897622584     
  0.996907576145108     
  0.999053485829548     
  0.999674549400023     
  0.999777182609013     
  0.999772131542958     
  0.999790129914150     
  0.999775311386665     
  0.999778106282206     
  0.999796803672117     
  0.999799039294399     
  0.999800378406000     
  0.999801839215665     
  0.999802865461616     
  0.999803896711896     
  0.999775402873554     
  0.999817830185018     
   1.00014069347374     
  0.993847982880026     
  0.997765502537855     
   1.00001111923238     
  0.999798641725794     
  0.999811646762343     
  0.999814185905927     
  0.999815597617996     
  0.999793420653259     
  0.999762313242608     
  0.999766712878107     
  0.999730946096480     
  0.999511958367768     
  0.999195457417257     
  0.999632283886215     
  0.999620562759814     
  0.999818461219540     
  0.999821205611450     
  0.999815458807975     
  0.999776594588665     
  0.999691130361490     
   1.00026602160781     
  0.993677761136870     
  0.993125752935301     
  0.981796893658970     
  0.961551768082948     
  0.998083064594227     
  0.999585786456930     
  0.999539501048648     
  0.998669444592860     
  0.994164028852538     
  0.998072570041571     
  0.999462215524674     
  0.999792666262592     
  0.999808786337674     
  0.999722940696170     
  0.998697242249421     
  0.984064160684203     
  0.936471191994851     
  0.990048812936540     
  0.998918066387739     
  0.999274112543235     
  0.999617597083145     
  0.999791550847130     
  0.999821083444552     
  0.999825636884134     
  0.999834267681805     
  0.999836844360118     
  0.999836590067787     
  0.999801408091779     
  0.999592779576746     
  0.999196733159693     
  0.999167260177364     
  0.999633119521793     
  0.999857264400954     
  0.999843946252095     
  0.999841665640975     
  0.999818730327996     
  0.999659808085902     
  0.999720365959357     
  0.999822504694234     
  0.999843561275844     
  0.999846367692368     
  0.999846468510072     
  0.999843662525801     
  0.999830665669888     
  0.999847684477792     
  0.999853838492713     
  0.999843428496153     
  0.999303329165551     
  0.999836936720293     
  0.999805779240587     
  0.999586567172150     
  0.999612299949846     
  0.998436557102216     
  0.999816720349223     
  0.999793052587686     
  0.999064570920149     
  0.995325267605654     
  0.983230659860859     
  0.997045483960253     
  0.999481638053044     
  0.999591890711845     
  0.998760372862307     
  0.997846713315704     
  0.999182931831180     
  0.999725854564887     
  0.999817665746612     
  0.999807544504128     
  0.999767712815918     
  0.998033754093111     
  0.985938555837057     
  0.997454896530301     
  0.999773523125038     
   1.00002604641555     
  0.992158169260002     
  0.991845786903631     
  0.999885808863682     
  0.999840286517338     
  0.999778041431660     
  0.998867430798521     
  0.997986072079186     
  0.999677020918413     
  0.999807039192863     
  0.999782324944468     
  0.999832579891351     
  0.999830965950997     
  0.999828674787444     
  0.999825066028184     
  0.999816669705717     
  0.999708529276708     
  0.999725620082908     
  0.999758478483561     
  0.999759390929774     
  0.999450907241794     
  0.994880401050613     
  0.968495746195129     
  0.907035070079099     
  0.897183782578350     
  0.962873286574091     
  0.989494314327068     
  0.973839632591960     
  0.967608101004421     
  0.991830283433410     
  0.998474056261381     
  0.999311792644515     
  0.998354046216035     
  0.999590506487641     
  0.999444631212847     
  0.996284941934006     
  0.970711080373903     
  0.877625881129099     
  0.988391766923220     
  0.998158246200131     
  0.999551539867050     
  0.999746301295879     
  0.999771051520662     
  0.999767130946546     
  0.999693882989296     
  0.999179091059716     
  0.998839588517902     
  0.998341625592125     
  0.998848525798310     
  0.995114856249972     
  0.939318382680098     
  0.888687201466679     
  0.983005757911711     
  0.977375516924351     
  0.916616356553528     
  0.860120667101647     
  0.933156074832028     
  0.983553908657031     
  0.985032443246724     
  0.972664125509837     
  0.990561358869045     
  0.987703017125627     
  0.949467168799703     
  0.949516775705515     
  0.988655173949283     
  0.998083177632275     
  0.999363941548796     
  0.998943475870410     
  0.994453039904936     
  0.972080715282218     
  0.924159977934436     
  0.938658894242609     
  0.986572262929864     
  0.997200581983491     
  0.995160444772690     
  0.987991277378143     
  0.994324119897860     
  0.999122636921199     
  0.998521023222599     
  0.988968553906530     
  0.984103413767070     
  0.951494351528519     
  0.969548910372051     
  0.993066797837980     
  0.999115215079423     
  0.999685162582901     
  0.999392235619525     
  0.999696093954877     
  0.999771166929920     
  0.999726626881772     
  0.999774911485683     
  0.999733816764974     
  0.999637038352983     
  0.999515742068183     
  0.999663022448144     
  0.999756199148582     
  0.999766678150373     
  0.999763592781264     
  0.999739368962139     
  0.999599666907295     
  0.999754028655225     
  0.999753190029499     
  0.999753291712961     
  0.999751031441330     
  0.999747079184919     
  0.999731859354546     
  0.999741419774845     
  0.999737667404416     
  0.999733764151157     
  0.999729006039803     
  0.999718753684962     
  0.999677678788898     
  0.999572079066268     
  0.998122549154325     
  0.994911837272331     
  0.999872498176090     
  0.996787615614252     
  0.964657161656650     
  0.996700718193429     
  0.999691756994959     
  0.999595596461407     
  0.998438173981940     
  0.989099342627268     
  0.956556444773190     
  0.944547314116385     
  0.982634189963710     
  0.996967144651758     
  0.999360682882986     
  0.999128031778953     
  0.998768983670484     
  0.999133387773561     
  0.999509111170589     
  0.998283006900866     
  0.993070357024378     
  0.998903796220885     
  0.991344419069958     
  0.999562989357259     
  0.999588602304228     
  0.999594053246439     
  0.999594561046741     
  0.999589125367569     
  0.999582713518861     
  0.999575042018122     
  0.999563340555184     
  0.999539057894484     
  0.999517936736647     
  0.999511534206463     
  0.999477669138607     
  0.999515227264213     
  0.999499037322609     
  0.999338783648654     
  0.999351031440540     
  0.999423312842806     
  0.999259588940092     
  0.999231923148128     
  0.999284831652919     
  0.998401355251409     
  0.993750658281162     
  0.978565077004302     
  0.993794252538114     
  0.998684604460486     
  0.999029016990795     
  0.997679087569145     
  0.993885583977834     
  0.995918224129077     
  0.996673403883906     
  0.970123770866676     
  0.973601278586552     
  0.850334456008962     
  0.924013834435966     
  0.992082891989808     
  0.998556302103859     
  0.999095253279357     
  0.999100040826976     
  0.999055559231187     
  0.998783962894772     
  0.996345672408733     
  0.970070834415610     
  0.925244158824955     
  0.986619537246141     
  0.994793579573188     
  0.987436327309295     
  0.990051393591940     
  0.997124079457360     
  0.998703159894757     
  0.998846673884010     
  0.998836508289933     
  0.998790355251010     
  0.998770432396634     
  0.998743644796524     
  0.998707226835464     
  0.998663685023085     
  0.998627613787972     
  0.998578404759913     
  0.998483585756405     
  0.998181129079769     
  0.997562634121133     
  0.997665954024687     
  0.998147951236795     
  0.998242996881281     
  0.997635638081292     
  0.998130767198367     
  0.998092924651306     
  0.997958710266209     
  0.997782357825481     
  0.997860844367920     
  0.997691230750078     
  0.996976963428851     
  0.988870040853127     
  0.984868738137700     
  0.956639506708973     
  0.946462571672118     
  0.986111117955702     
  0.990023739579006     
  0.975575922930246     
  0.986157439694889     
  0.993017639923590     
  0.989881439005547     
  0.994991534058258     
  0.995369006400606     
  0.996087309916735     
  0.995833617000039     
  0.995611668923987     
  0.995375755680440     
  0.995088066945753     
  0.994844181079069     
  0.994551621289626     
  0.994210389617291     
  0.993879750032103     
  0.993623789040472     
  0.993268403147440     
  0.985941573364939     
  0.992357106235853     
  0.991806530200804     
  0.991144716901137     
  0.990544182699595     
  0.990140166099524     
  0.989645387225829     
  0.989054531404324     
  0.988380439383108     
  0.987668361999429     
  0.986985638273213     
  0.986209423696539     
  0.985253652544835     
  0.984264839105154     
  0.983213966784157     
  0.982092725832282     
  0.980737248462972     
  0.979056685177110     
  0.975286584452097     
  0.967960431749278     
  0.967451933531882     
  0.970381552732287     
  0.969159659939531     
  0.966858934966824     
  0.963777520531816     
  0.961394157214993     
  0.958314459467787     
  0.955275248093608     
  0.951880990376423     
  0.948491030758333     
  0.945279145252503     
  0.942269192526656     
  0.939383296133701     
  0.936864096407919     
  0.935820373080227     
  0.937109526047904     
  0.939712409535719     
  0.942595647544033     
  0.945701794025394     
  0.948927027242699     
  0.952076025528525     
  0.955044747674000     
  0.958352796375912     
  0.961586286867298     
  0.964342394844116     
  0.967143985396564     
  0.969532407230512     
  0.971874943707011     
  0.974005183051247     
  0.975871303952382     
  0.977684182302939     
  0.979305356734680     
  0.980858514351391     
  0.982324673928740     
  0.982811232370090     
  0.984487999465264     
  0.985412784567363     
  0.986131550501153     
  0.984580399676931     
  0.974651582292152     
  0.974349903210807     
  0.984552845108557     
  0.989383377708924     
  0.990127144851036     
  0.990821150424778     
  0.991317754832758     
  0.991857849779355     
  0.992337636197698     
  0.992654524219330     
  0.992136461055836     
  0.986427122475790     
  0.966326310940403     
  0.978617123386776     
  0.991923972303442     
  0.994599332253258     
  0.995156179887136     
  0.995377183785070     
  0.994930921592550     
  0.992048104105175     
  0.989387921149307     
  0.994306187887524     
  0.996128563125185     
  0.996573826502706     
  0.996792361507327     
  0.996948743081360     
  0.997078986194586     
  0.997202155576783     
  0.997315975514466     
  0.997426822641778     
  0.997528567627302     
  0.997623324552761     
  0.997709185780790     
  0.997600157535473     
  0.997871169094638     
  0.997955620143508     
  0.998028538077704     
  0.998059956875498     
  0.998154262910511     
  0.998071976555949     
  0.997737846035242     
  0.998317429516710     
  0.998388835827597     
  0.998439718035063     
  0.998485500797020     
  0.998528111264035     
  0.998567539856423     
  0.998603219086889     
  0.998635220723163     
  0.998659565954347     
  0.998654327761226     
  0.998541543294593     
  0.998459780800664     
  0.998552580978345     
  0.998405892100535     
  0.998638068738301     
  0.998518776047389     
  0.998255930870028     
  0.996904128374056     
  0.978351363541945     
  0.871024330824012     
  0.545929271767902     
  0.748191297542601     
  0.965440762628415     
  0.995777919772568     
  0.993968768227675     
  0.993271871446472     
  0.996159391344414     
  0.998105923983938     
  0.999119632374497     
  0.998901782687293     
  0.997958695141586     
  0.994559799813664     
  0.996048732964479     
  0.997807130802437     
  0.998767585053463     
  0.999168360863440     
  0.999258511920699     
  0.999338389688642     
  0.999370003417816     
  0.999367941630598     
  0.999106501848565     
  0.997940235770550     
  0.996637644099314     
  0.997914344195870     
  0.999165128235557     
  0.999367324727177     
  0.999483964286580     
  0.999509479020535     
  0.999522127929232     
  0.999533150525008     
  0.999543001640737     
  0.999552132207063     
  0.999559991060910     
  0.999566165341456     
  0.999567957891874     
  0.999549414239301     
  0.998158225359278     
  0.997158928078809     
  0.999781518001244     
   1.00026145184555     
  0.992573773363155     
  0.998778576949104     
  0.998779302226338     
  0.998970343755951     
  0.999501438377663     
  0.999637548856679     
  0.999657388870466     
  0.999730325867087     
   1.00015106706527     
  0.997047356151430     
  0.998236480052058     
   1.00007989541522     
  0.999731310845900     
  0.999696177845700     
  0.999690949154377     
  0.999707224411362     
  0.999714490658794     
  0.999739084513108     
