  0.976261558009293     
  0.976907867645352     
  0.977622367025189     
  0.978793329327453     
  0.978716965842733     
  0.981094800216185     
  0.979619072593209     
  0.982978548355448     
  0.980551699331559     
  0.984427805881508     
  0.982005942863875     
  0.985627911006093     
  0.984142081689955     
  0.985491752990895     
  0.987828180537381     
  0.985002167352171     
  0.991417346304306     
  0.984208691833141     
  0.992059212986677     
  0.985067994226479     
  0.989538487463371     
  0.987544494763922     
  0.987197389207672     
  0.990487164199785     
  0.986342993925162     
  0.990600829563591     
  0.987082828248114     
  0.989844336444904     
  0.988207574205942     
  0.989296570181611     
  0.989210745127893     
  0.989232944067595     
  0.989880901169951     
  0.989716658629509     
  0.990327660470606     
  0.990388069880582     
  0.990844662875011     
  0.991237953212340     
  0.991477703352586     
  0.992149382518114     
  0.992465276482873     
  0.992971035603015     
  0.993675407131180     
  0.993902918071795     
  0.994970014614159     
  0.995176579085968     
  0.996159659450210     
  0.996602005108475     
  0.997207002664432     
  0.997503625631325     
  0.996918415580710     
  0.997684161023695     
  0.996739535208415     
  0.997601291059017     
  0.996928903969058     
  0.997333299729056     
  0.997129020826363     
  0.996931814822301     
  0.997463434649694     
  0.996449068699886     
  0.997492903670729     
  0.996575938119035     
  0.997338172852601     
  0.996803224437179     
  0.997058434783414     
  0.996972341429400     
  0.996841447037351     
  0.997060810735797     
  0.996784358930513     
  0.997091309547848     
  0.996835133080230     
  0.997085306642449     
  0.996978933907277     
  0.997030974124543     
  0.997171657524808     
  0.997001170333763     
  0.997342822048314     
  0.997081589401496     
  0.997439123025938     
  0.997290393015577     
  0.997419275731207     
  0.997465007578189     
  0.997438862726425     
  0.997596573056846     
  0.997450761234347     
  0.997686773570899     
  0.997499940256514     
  0.997635132212419     
  0.997460738404119     
  0.997503805982185     
  0.997357367059930     
  0.997322785584772     
  0.997183536983658     
  0.996803945048222     
  0.996115261635818     
  0.995429144359639     
  0.994804245802930     
  0.994043027507891     
  0.993561482551126     
  0.992521257557305     
  0.991677748489220     
  0.990788814240404     
  0.989145958238440     
  0.988849248594103     
  0.986596574747247     
  0.986647920006276     
  0.984450294796060     
  0.984989943327547     
  0.982209974439646     
  0.983492931230119     
  0.979502443143174     
  0.981553353981987     
  0.976596251505352     
  0.978614155417487     
  0.973402800763088     
  0.974555141898353     
  0.970799105651763     
  0.969519964750769     
  0.970099380635212     
  0.963998382757280     
  0.969049465056763     
  0.959524127316909     
  0.967160212086292     
  0.956221915469720     
  0.963220485503827     
  0.954737379130982     
  0.956899036178536     
  0.954352214169006     
  0.949525798590341     
  0.953606997267566     
  0.942500734737463     
  0.951622894427612     
  0.937638740893466     
  0.946544719725747     
  0.936296773520763     
  0.937957343251942     
  0.936019010539124     
  0.928283528289158     
  0.934799117295690     
  0.920375362990941     
  0.931405291352248     
  0.914003939721719     
  0.922443575682780     
  0.908278889618448     
  0.908659745076594     
  0.901727402367538     
  0.894882398582892     
  0.895965850333527     
  0.883667641758514     
  0.887804181965341     
  0.876480427523779     
  0.877887899335461     
  0.871295920713290     
  0.867449590572090     
  0.865475182087077     
  0.859026153769685     
  0.859370002548865     
  0.853469623342650     
  0.853558087773738     
  0.849844602136217     
  0.848124899901011     
  0.847129284341354     
  0.844387297647686     
  0.844596545311806     
  0.843059791221553     
  0.843401592344377     
  0.842591275213872     
  0.844541455923928     
  0.844057470900973     
  0.846600191421399     
  0.846689757440317     
  0.849487337764238     
  0.849897212483342     
  0.852611118847306     
  0.854215824651511     
  0.856901775357220     
  0.859972020754872     
  0.862864636444635     
  0.866579227254719     
  0.870318453218100     
  0.874536649546418     
  0.878787360098790     
  0.883564855513962     
  0.888289507602895     
  0.893275970356917     
  0.898182042722436     
  0.903309410112658     
  0.908485941256753     
  0.913742855290128     
  0.919026763876453     
  0.924258677567618     
  0.929561728124412     
  0.934841613328694     
  0.940205309094983     
  0.945614093522112     
  0.951002674880322     
  0.956424013996137     
  0.961553696844152     
  0.966675746152448     
  0.971092249315651     
  0.975062230835155     
  0.977764979453719     
  0.980374880189048     
  0.982525767556051     
  0.984277824353461     
  0.985673322185610     
  0.987084504837234     
  0.987811613660668     
  0.988691126180670     
  0.988580500023039     
  0.989373459335894     
  0.989023550644338     
  0.989692970982181     
  0.989179077614503     
  0.989777780336068     
  0.989667462715998     
  0.989509012536486     
  0.989542669530494     
  0.988112459681982     
  0.987735243062052     
  0.985385008727937     
  0.985168197645722     
  0.983283944431357     
  0.982176357263753     
  0.981528456498928     
  0.979412171499442     
  0.979321831110388     
  0.977897704836845     
  0.977045416552847     
  0.976419441857954     
  0.974721512740868     
  0.975687611591801     
  0.971448653944849     
  0.975388121397559     
  0.968897666819195     
  0.975717137255642     
  0.967452526596300     
  0.974406697962206     
  0.969805042114634     
  0.967958377692996     
  0.972684694099819     
  0.965266334759301     
  0.974845048172906     
  0.964386556515413     
  0.973193372587672     
  0.967155590212437     
  0.968955486570337     
  0.972218346584963     
  0.964779272536697     
  0.977086006484965     
  0.964027341430816     
  0.976548393377436     
  0.967454959894727     
  0.974274240139346     
  0.972420377422531     
  0.971916618774530     
  0.976498331172604     
  0.971768299022456     
  0.978065630682265     
  0.974034323748512     
  0.978728086478110     
  0.976948271317552     
  0.980072462295228     
  0.979494642986925     
  0.982122863857160     
  0.982122911352286     
  0.984985160444487     
  0.984717442221637     
  0.987817280793281     
  0.987213224426280     
  0.989678044474904     
  0.989810946099456     
  0.991074568141130     
  0.992319415247974     
  0.993222894581465     
  0.994226199902852     
  0.995293725338984     
  0.996314424362227     
  0.996816754972032     
  0.997121191152976     
  0.996933092714287     
  0.996669756991525     
  0.996552598842407     
  0.995950866350751     
  0.995793793629350     
  0.994931962614388     
  0.994954484882619     
  0.993984725037380     
  0.994185598607548     
  0.993253105913706     
  0.993223636504834     
  0.992844028078668     
  0.992415624810668     
  0.992386095746113     
  0.991830495511661     
  0.991996251954297     
  0.991264894220467     
  0.991672790471940     
  0.990662976409037     
  0.991509059719960     
  0.990174602256316     
  0.991566452178225     
  0.989837196654619     
  0.991621722137226     
  0.989533949770516     
  0.991512928430842     
  0.989445254162814     
  0.991172688536471     
  0.989861098364621     
  0.990544425282118     
  0.990768422223286     
  0.989705399596846     
  0.991601570979737     
  0.989379726981442     
  0.992139465766034     
  0.989543896193507     
  0.992426188259492     
  0.990182249499927     
  0.992275152391277     
  0.991165777103267     
  0.992154904935564     
  0.992246011159539     
  0.992357157020926     
  0.993238902056848     
  0.992919220434168     
  0.994075099478848     
  0.993739203213831     
  0.994876747664531     
  0.994706882847567     
  0.995668975680470     
  0.995731737777461     
  0.996287025931932     
  0.996709205256050     
  0.996885441512341     
  0.997370314233808     
  0.997525740793442     
  0.997773058862160     
  0.998158056618208     
  0.998402150504652     
  0.998677738922008     
  0.999016929458721     
  0.999229969408999     
  0.999420556061168     
  0.999343159202597     
  0.999427987993837     
  0.999348012123465     
  0.999345228486155     
  0.999381021448631     
  0.999254373644110     
  0.999393689526228     
  0.999207130842587     
  0.999370201484360     
  0.999204106614172     
  0.999330822603399     
  0.999217421365699     
  0.999293444072039     
  0.999240147467892     
  0.999261338783698     
  0.999275613832975     
  0.999179163563517     
  0.999255263704712     
  0.998886943203500     
  0.998950820204350     
  0.998421155660940     
  0.998561982466995     
  0.998156035545922     
  0.998346766913768     
  0.997754116426401     
  0.997852622554988     
  0.997761855394552     
  0.997272364906951     
  0.997642691417322     
  0.996999539549019     
  0.997378840332035     
  0.996700779442770     
  0.996813022663551     
  0.996171258314001     
  0.996367272561234     
  0.995411959715766     
  0.996013474248994     
  0.994709570033859     
  0.995560070887095     
  0.994312556972720     
  0.995177614994930     
  0.994379312178312     
  0.994750784150786     
  0.994769463809808     
  0.993825441541911     
  0.994852098477268     
  0.992521066190570     
  0.995117168645025     
  0.992038491383991     
  0.995362954226330     
  0.992860090095647     
  0.994948609652043     
  0.993361496706167     
  0.993862685975038     
  0.993777460001865     
  0.993253542227456     
  0.994601981882183     
  0.992733941952976     
  0.995583569866201     
  0.992216709029102     
  0.996094777153277     
  0.992416033988045     
  0.995826357882354     
  0.993357642038257     
  0.995021241342519     
  0.994861481954501     
  0.994280851016494     
  0.995767218633637     
  0.994511221405974     
  0.995891860590436     
  0.995296628827010     
  0.996094881618208     
  0.995861167416862     
  0.996369795953686     
  0.996656111974929     
  0.996717250045541     
  0.997244612577758     
  0.997197868368836     
  0.997584532586193     
  0.997542898941422     
  0.997732289718141     
  0.997922503619776     
  0.997933055701966     
  0.998228051823663     
  0.998252732292427     
  0.998356849273192     
  0.998444374980521     
  0.998596106418568     
  0.998650895415565     
  0.998825012778249     
  0.998840647053320     
  0.998830694326030     
  0.998840247739866     
  0.998509084939752     
  0.998733864114374     
  0.998275113229875     
  0.998530974240742     
  0.998180733220526     
  0.998338554103637     
  0.998151235762755     
  0.998091178709294     
  0.998037174883556     
  0.998027242063551     
  0.997798985202949     
  0.998066871123503     
  0.997718084479291     
  0.998031583459997     
  0.997830908038343     
  0.997811601293783     
  0.998102685104959     
  0.997398450967187     
  0.998307474811472     
  0.996884828843567     
  0.998249682831611     
  0.996711122395743     
  0.997782830618753     
  0.996863011493953     
  0.997033895418198     
  0.996957819980093     
  0.996255066318804     
  0.996841766719784     
  0.995719236558635     
  0.996472399793880     
  0.995364978218032     
  0.995426709028629     
  0.994475155209251     
  0.994228125383206     
  0.993614471041961     
  0.993066646527571     
  0.992509598063897     
  0.992462351465533     
  0.991714629047543     
  0.991218511253798     
  0.991636937047132     
  0.990015271459835     
  0.991589273681181     
  0.989104184192708     
  0.991171577462052     
  0.988057431648820     
  0.990093227992016     
  0.987171298288683     
  0.988927438593498     
  0.986610891899879     
  0.987467260292297     
  0.987095206859663     
  0.984860358859217     
  0.988049190566353     
  0.982822551394050     
  0.986933112667493     
  0.984279597309136     
  0.983576604294606     
  0.986731628845800     
  0.979768705237019     
  0.987669624027243     
  0.978346830840305     
  0.986235430526380     
  0.979663326584835     
  0.983495963861274     
  0.982031765897598     
  0.980007742095757     
  0.983679706992900     
  0.977888140892203     
  0.983668839897229     
  0.977786140240294     
  0.981937659881174     
  0.979347311426128     
  0.979590925777024     
  0.981323855866913     
  0.978093010724790     
  0.982242280158111     
  0.977993392799999     
  0.981687435436698     
  0.979028918105620     
  0.980764052889328     
  0.980368467738791     
  0.980541691902198     
  0.981383091034567     
  0.980765001935964     
  0.982568118537468     
  0.981370976062613     
  0.983396362933714     
  0.982641209938812     
  0.984551716897634     
  0.983934252323083     
  0.985620596574192     
  0.984740881793842     
  0.986337403829643     
  0.985823910713653     
  0.987087857019342     
  0.987246614448550     
  0.987880445103151     
  0.988822346641534     
  0.988854834482574     
  0.990309107943171     
  0.990146816242756     
  0.991689062478632     
  0.991697454170589     
  0.993091456099392     
  0.993101636939896     
  0.993867898067196     
  0.994203077873827     
  0.994504729207468     
  0.995132958382423     
  0.995059679835192     
  0.995783740511777     
  0.995608255717120     
  0.996249759150620     
  0.996161019875985     
  0.996644617982015     
  0.996709138414607     
  0.996921806691896     
  0.997008124936554     
  0.997236174398943     
  0.997166833846328     
  0.997494383965338     
  0.997377971447794     
  0.997647987313486     
  0.997523993901895     
  0.997626996504724     
  0.997453502766027     
  0.997506241054882     
  0.997178347302379     
  0.997270477778795     
  0.996751989672994     
  0.997025003420561     
  0.996228060543254     
  0.996792800770079     
  0.995951844830958     
  0.996317064696702     
  0.996156259081974     
  0.995375061866578     
  0.996648168388052     
  0.994250754307172     
  0.996941607567891     
  0.993838173268817     
  0.996691155671203     
  0.994088805754109     
  0.996127250485370     
  0.994563244292977     
  0.995439520805827     
  0.995458522472572     
  0.994797338604997     
  0.996403033014290     
  0.994031262011748     
  0.996794770924713     
  0.993574630939098     
  0.996183394585465     
  0.995465312281246     
  0.995350718105005     
  0.996799846916815     
  0.993981476587773     
  0.997162752557343     
  0.993545859928897     
  0.997182849873938     
  0.994582577974312     
  0.996336582944176     
  0.994876045832143     
  0.994556139851381     
  0.994476523749534     
  0.992831104219827     
  0.994044399468396     
  0.991959812626024     
  0.992944834336987     
  0.992147945793430     
  0.991455891235395     
  0.991972652182125     
  0.989845790424387     
  0.991091507706398     
  0.988535770158713     
  0.989949346674008     
  0.987300117048250     
  0.989011089828974     
  0.986015747974654     
  0.988455166661674     
  0.985563050849734     
  0.987412244956566     
  0.986105775838459     
  0.985255949240511     
  0.987420187253832     
  0.982520352386210     
  0.989121237339209     
  0.980730010341839     
  0.989818994824856     
  0.981106770807195     
  0.987599839532025     
  0.984163607973533     
  0.983783692381063     
  0.987307056639211     
  0.981141818377930     
  0.988621421500203     
  0.981496749296246     
  0.987707189120023     
  0.983897288599341     
  0.985670102704750     
  0.986577274481689     
  0.984372651334838     
  0.988021984843822     
  0.984530961054851     
  0.988220283908593     
  0.985845278121154     
  0.987709624390859     
  0.987669975439828     
  0.987379091858237     
  0.989445457076483     
  0.987526182285968     
  0.990562645333831     
  0.988680050894161     
  0.990798373765796     
  0.990127615555133     
  0.991587069019954     
  0.991242181202905     
  0.992782603807629     
  0.992564805261202     
  0.993860869956373     
  0.993715662521920     
  0.994302370576700     
  0.994212744270983     
  0.994342315643442     
  0.994676911508384     
  0.994494104194371     
  0.995155209084333     
  0.994730913482779     
  0.995610472023927     
  0.995263179397813     
  0.995828083262970     
  0.995572018306245     
  0.995473796298403     
  0.995638435021144     
  0.995152827971325     
  0.995590544434029     
  0.995042911984708     
  0.995491966411421     
  0.995006984256838     
  0.995307802452451     
  0.995059390315422     
  0.995075112914425     
  0.995174943813495     
  0.994945361252252     
  0.995144056114753     
  0.994820874571660     
  0.995054027103133     
  0.994747680311025     
  0.994902084275582     
  0.994734476634557     
  0.994654495206029     
  0.994706580526764     
  0.994338596128473     
  0.994569558552813     
  0.994126617356133     
  0.994261689740355     
  0.993920023728860     
  0.993897844431360     
  0.993647649510985     
  0.993399816984435     
  0.993248837517691     
  0.992887764960374     
  0.992665473140437     
  0.992302414882048     
  0.991936447665646     
  0.991554689669579     
  0.991114640483451     
  0.990685408155461     
  0.990251698569228     
  0.989705414697511     
  0.989369706513208     
  0.988703631655985     
  0.988461170842306     
  0.987780456503387     
  0.987550930251636     
  0.986973818300108     
  0.986654956872962     
  0.986267783880959     
  0.985862703180891     
  0.985630438382662     
  0.985228696490848     
  0.985112486611388     
  0.984787054995163     
  0.984720604021535     
  0.984479228728933     
  0.984435807208688     
  0.984305468597015     
  0.984305313246555     
  0.984300316623111     
  0.984367134645465     
  0.984465109727626     
  0.984583308317560     
  0.984830774117886     
  0.985002656040286     
  0.985304038834833     
  0.985572674372995     
  0.985867870899705     
  0.986251329209126     
  0.986554020481618     
  0.987026302775844     
  0.987346592573980     
  0.987855922670425     
  0.988197892885165     
  0.988698669218164     
  0.989036212117629     
  0.989535850436757     
  0.989916734227966     
  0.990365239209775     
  0.990808013676636     
  0.991160211224395     
  0.991621060566836     
  0.991902520161908     
  0.992358063377916     
  0.992610609009640     
  0.993058618836373     
  0.993365326947723     
  0.993677516484216     
  0.994025010599572     
  0.994174436350012     
  0.994501441043326     
  0.994721659621411     
  0.994895549626659     
  0.995279673580563     
  0.995252998226649     
  0.995766051874153     
  0.995627787749047     
  0.996096654085555     
  0.996060368993517     
  0.996339002261768     
  0.996472446074471     
  0.996600419861804     
  0.996799176525655     
  0.996894610345356     
  0.997081675583494     
  0.997186061057759     
  0.997353961902391     
  0.997470622822047     
  0.997591964449141     
  0.997752204123347     
  0.997830700500602     
  0.997969910424389     
  0.998086374335118     
  0.998149059999066     
  0.998097626095957     
  0.997258377684703     
  0.995907181557813     
  0.994283206662139     
  0.992830959443523     
  0.991395619027886     
  0.990267306381873     
  0.988714118101144     
  0.987554859181361     
  0.986333117325062     
  0.984874183821759     
  0.984472004743894     
  0.982144090920474     
  0.982912443868957     
  0.979711628212598     
  0.981449647719326     
  0.977508343966990     
  0.980336900162447     
  0.975570279998912     
  0.979407700872009     
  0.974159770855352     
  0.977731480938465     
  0.973644032680350     
  0.974452991140426     
  0.974674989072662     
  0.970736366179801     
  0.977611261398948     
  0.968033417179639     
  0.980827565040918     
  0.966883062501532     
  0.979557375654053     
  0.967999483363116     
  0.974795842391582     
  0.972085136044780     
  0.971263222366659     
  0.977707894182395     
  0.970056191552867     
  0.978639209433076     
  0.971613137717243     
  0.977132667118273     
  0.974284824629729     
  0.976405644018024     
  0.977482721740475     
  0.976330993224186     
  0.980080089571220     
  0.977595071450637     
  0.981539799901675     
  0.979635838742080     
  0.982879381985900     
  0.982107907058458     
  0.984402018408538     
  0.984929712254119     
  0.986201337519765     
  0.987606108745269     
  0.988759941795528     
  0.990538978872630     
  0.991736874892657     
  0.993386338214331     
  0.994793025934394     
  0.996668715829451     
  0.997866697779935     
  0.998552255771275     
  0.998519803450519     
  0.998602684388185     
  0.998676436181787     
  0.998564919898466     
  0.998829408250108     
  0.998462689167999     
  0.998945331721521     
  0.998398967643064     
  0.998987292985568     
  0.998497573292266     
  0.998864709061469     
  0.998732084544905     
  0.998652768238057     
  0.998886513067591     
  0.998495493023953     
  0.998924449238006     
  0.998480268697750     
  0.998880983071186     
  0.998552923830686     
  0.998774731383028     
  0.998679223683071     
  0.998625142356078     
  0.998668672055307     
  0.998470509839647     
  0.998527704530661     
  0.998409145255746     
