  0.981948406238929     
  0.982266970753964     
  0.982605572492063     
  0.983011087923228     
  0.983695225074246     
  0.984467548589765     
  0.985511653835784     
  0.986408539285432     
  0.987336808239922     
  0.987497285364386     
  0.987019040175683     
  0.987459111072062     
  0.986598152558856     
  0.987093765339128     
  0.986113336705834     
  0.986458466588225     
  0.986324194754180     
  0.985520000520518     
  0.986841337091304     
  0.985235974578556     
  0.987173417544604     
  0.985677661925861     
  0.986662758136174     
  0.986650812978551     
  0.986743438861075     
  0.987465564652140     
  0.987194467006473     
  0.988178749453270     
  0.988261646932475     
  0.988783266104620     
  0.989409958104992     
  0.989783235661480     
  0.990529640709936     
  0.991099078957949     
  0.991675331452183     
  0.992442660599931     
  0.993178437949054     
  0.993893173823348     
  0.994695879860247     
  0.995583984791772     
  0.996532296937920     
  0.997342647993965     
  0.997573157960123     
  0.997480477396148     
  0.997507189924579     
  0.997528913785832     
  0.997407291594422     
  0.997560981253011     
  0.997442498502421     
  0.997522003604338     
  0.997532619451987     
  0.997475194787900     
  0.997690311252815     
  0.997356150221939     
  0.997831938003467     
  0.997417938666218     
  0.997436351256705     
  0.997724673081731     
  0.997322077449028     
  0.997551265186176     
  0.997283793008136     
  0.997392697380292     
  0.997282987770170     
  0.997194672689278     
  0.997253294823820     
  0.997114121452532     
  0.997119241202253     
  0.997114178502141     
  0.997050268978961     
  0.997075407399924     
  0.997163357875104     
  0.997161819494995     
  0.997288565778066     
  0.997463449534876     
  0.997554935135420     
  0.997758752740714     
  0.997797032464076     
  0.997983041208552     
  0.998025591005701     
  0.997958457955265     
  0.998026056134812     
  0.997824405779618     
  0.997806634518931     
  0.997683798773322     
  0.997571245096936     
  0.997511021321004     
  0.997378700440223     
  0.997319725900752     
  0.997216081079720     
  0.997145781701615     
  0.997142356976907     
  0.997010523249865     
  0.997017072999972     
  0.997016574833304     
  0.996867394170916     
  0.996897310704129     
  0.996875689655491     
  0.996887116367192     
  0.996842306330372     
  0.996776228410812     
  0.996176992100030     
  0.995127516363184     
  0.994146347142688     
  0.993035113542396     
  0.992094399259714     
  0.991073454370570     
  0.989977910908934     
  0.988557156974205     
  0.987136553784258     
  0.986054853633944     
  0.984532789151042     
  0.983232746535126     
  0.982520903167781     
  0.981024406221787     
  0.980299377938166     
  0.979812246239591     
  0.977855835138540     
  0.977899221824273     
  0.975584443912212     
  0.974453150500363     
  0.972595838994993     
  0.969376753982885     
  0.969121295631307     
  0.965455469252923     
  0.964172683903518     
  0.962435208901519     
  0.960083738772791     
  0.959295454532653     
  0.957258210302877     
  0.955509037797594     
  0.955526061440472     
  0.952554400481628     
  0.951442031307834     
  0.950035778199641     
  0.946338451691847     
  0.947216750721000     
  0.941934351087480     
  0.942376912235951     
  0.939189217841496     
  0.936938206650417     
  0.937869391755714     
  0.930569937064922     
  0.934592258300990     
  0.929426421499295     
  0.928051279899699     
  0.927458459090122     
  0.920955143973665     
  0.920497532972703     
  0.912347258082437     
  0.908167996600725     
  0.901295626340445     
  0.893162873165948     
  0.888181559113211     
  0.877799852351679     
  0.872249321378637     
  0.864940288107965     
  0.856900068795261     
  0.851412151626496     
  0.844388635655736     
  0.839962442029736     
  0.834746894325593     
  0.830616884787485     
  0.827214230695019     
  0.823636349087115     
  0.821319886185515     
  0.818819898067731     
  0.816613388667569     
  0.815720734115857     
  0.814973005834586     
  0.815444164398917     
  0.816692887921725     
  0.818523188246118     
  0.821190560338968     
  0.824492524742873     
  0.828900847190710     
  0.833478440653477     
  0.839032392528125     
  0.844831863911913     
  0.850860706978220     
  0.857559548565190     
  0.864429165254771     
  0.871734034217586     
  0.879175684668774     
  0.886850471300042     
  0.894727523253276     
  0.902689115339284     
  0.910881994351736     
  0.919197405702469     
  0.927557381551695     
  0.935902412322524     
  0.944104391616232     
  0.951898679330395     
  0.958990904601141     
  0.965064632233732     
  0.970052492605371     
  0.974008090205379     
  0.977173740925489     
  0.979700700211309     
  0.981796771064758     
  0.983618315582680     
  0.985119019150060     
  0.986311160120695     
  0.987446903386127     
  0.988458181032770     
  0.989321572175075     
  0.990032739427745     
  0.990752643836456     
  0.991350321862185     
  0.991858671781056     
  0.992368582537733     
  0.992725357512110     
  0.993143986011656     
  0.993593379398146     
  0.993763311851717     
  0.994044541200010     
  0.993683716123544     
  0.993176930834174     
  0.992863775535286     
  0.992277247596277     
  0.992133274319545     
  0.991622584142738     
  0.991245396655750     
  0.991081532021231     
  0.990656571600670     
  0.989969297456665     
  0.988194087771469     
  0.986222549657429     
  0.983821071568091     
  0.981400516782669     
  0.979527529622613     
  0.977292583696450     
  0.975698496343445     
  0.973822987562703     
  0.972257128222924     
  0.970569970701054     
  0.969746073271391     
  0.968756029099983     
  0.966649324051413     
  0.967917582825467     
  0.965202579322060     
  0.966444950409894     
  0.964555186050622     
  0.964562503684952     
  0.965720675764349     
  0.962919650928208     
  0.967634191666901     
  0.962280322386279     
  0.967440086781706     
  0.963955924956499     
  0.965633810138157     
  0.967761816742631     
  0.965556620873531     
  0.970112099647961     
  0.967705072763781     
  0.971832917736773     
  0.970503803747369     
  0.972900620284355     
  0.974146977064755     
  0.975081292359051     
  0.977875834840856     
  0.978758086312534     
  0.980844074060229     
  0.982361641642007     
  0.983545964759604     
  0.985355434579953     
  0.987202301813105     
  0.989018334646372     
  0.990895869177315     
  0.992858545392569     
  0.994924831965920     
  0.996871834073467     
  0.998252573097695     
  0.998985262688540     
  0.999131086814036     
  0.999160357694153     
  0.999164805916079     
  0.999202682907224     
  0.999118874432892     
  0.998980670339183     
  0.998805599351941     
  0.998598737956471     
  0.998285409617563     
  0.997855579109313     
  0.997437452395914     
  0.997037480729394     
  0.996695710656861     
  0.996424552098801     
  0.996159021667968     
  0.996022495629959     
  0.995849420413912     
  0.995348519326686     
  0.995028734226427     
  0.994429092664513     
  0.994085282428747     
  0.993741758299046     
  0.993231487328026     
  0.993228152689107     
  0.992589473207332     
  0.992659367067585     
  0.992227778593545     
  0.992170238355348     
  0.992097475299263     
  0.991552360636195     
  0.992042924724937     
  0.991163778981775     
  0.991721225391333     
  0.991177891526330     
  0.990972855480199     
  0.991467013441973     
  0.990361585561601     
  0.991582802716011     
  0.990270549905754     
  0.990861639082107     
  0.991141071744626     
  0.990247942010967     
  0.991530518969395     
  0.990765117655973     
  0.991652932627162     
  0.991775080086691     
  0.992038617945998     
  0.992941653364692     
  0.993070049109030     
  0.993979194415321     
  0.994392496132826     
  0.994737865452303     
  0.995467546427769     
  0.995839118593954     
  0.996129018039841     
  0.996539008058368     
  0.996903070003385     
  0.997323914150223     
  0.997733917299539     
  0.998220587394995     
  0.998712171479254     
  0.999164331787753     
  0.999429125341933     
  0.999440592101680     
  0.999467985030554     
  0.999436451034540     
  0.999433348678865     
  0.999432482655994     
  0.999397125608037     
  0.999428746334677     
  0.999383234104332     
  0.999398117662285     
  0.999357195451311     
  0.999315095813723     
  0.999303858816042     
  0.999243377266281     
  0.999260782043515     
  0.999189773659016     
  0.999191809112658     
  0.999192467349954     
  0.999191569835169     
  0.999205557420487     
  0.999217759345247     
  0.999268638639909     
  0.999246728684185     
  0.999316833862703     
  0.999307199990121     
  0.999327445025627     
  0.999383577563694     
  0.999336723069373     
  0.999451035012980     
  0.999345743458379     
  0.999450962414481     
  0.999379081108722     
  0.999146516318063     
  0.999043803842215     
  0.998587934648211     
  0.998353618336724     
  0.998022850785121     
  0.997747610902931     
  0.997616901531972     
  0.997424097623694     
  0.997191627929722     
  0.997001543339674     
  0.997131116023750     
  0.996933238068293     
  0.996772646724975     
  0.996965841151328     
  0.996421636907958     
  0.996177115364650     
  0.996018821361332     
  0.995360021230324     
  0.995602445049266     
  0.994942194890188     
  0.995061283364152     
  0.994710042152917     
  0.994220961758552     
  0.995043097167718     
  0.993653948767033     
  0.994381663886780     
  0.993961817726281     
  0.993931047407837     
  0.993930076445541     
  0.993699841129209     
  0.993752125500623     
  0.993633342683303     
  0.993693914250266     
  0.993643649474148     
  0.993870771051553     
  0.993456423991917     
  0.994441949875664     
  0.993618992881833     
  0.994403582461466     
  0.994709431027809     
  0.994540013732423     
  0.995255502884482     
  0.995121723959879     
  0.995928388052079     
  0.995863406051227     
  0.996460049542515     
  0.996665924670300     
  0.996760830321060     
  0.997057666273298     
  0.997079506467044     
  0.997234088413464     
  0.997455735940994     
  0.997618090268039     
  0.997834976866137     
  0.998099481416552     
  0.998351929907419     
  0.998624961158684     
  0.998909755031639     
  0.999195980866227     
  0.999477506803217     
  0.999556296062839     
  0.999511929410462     
  0.999490882601497     
  0.999420715693658     
  0.999366543619671     
  0.999362148358137     
  0.999225612718548     
  0.999177172416397     
  0.998986563955825     
  0.998811867166337     
  0.998768517314803     
  0.998507330864059     
  0.998520758499774     
  0.998280859335281     
  0.998161055650964     
  0.998065146947061     
  0.997760734083305     
  0.997969495705447     
  0.997681476962213     
  0.997674181815498     
  0.997636249780677     
  0.997483240817523     
  0.997718512274163     
  0.997468727376494     
  0.997714673046893     
  0.997645919675942     
  0.997678484255949     
  0.997854209513551     
  0.997676008579259     
  0.998048714066846     
  0.997867001309086     
  0.997977331770081     
  0.998179669179800     
  0.997939343544913     
  0.997992592335935     
  0.997869833157422     
  0.997580471881399     
  0.997411397952854     
  0.996937897383438     
  0.996625993507697     
  0.996044688624033     
  0.995489465693617     
  0.994951876839612     
  0.994160929292428     
  0.993583762040180     
  0.992900825187815     
  0.991939495105474     
  0.990812962542874     
  0.989690066051448     
  0.988717400371953     
  0.987851970284016     
  0.987186940548782     
  0.986470203842045     
  0.985733472316590     
  0.985396954978354     
  0.985128543633000     
  0.984543081801299     
  0.984356538255322     
  0.984769408642803     
  0.983815884297874     
  0.984517794980202     
  0.983260460509701     
  0.983432322810763     
  0.983154899553147     
  0.982719421976839     
  0.982985691697549     
  0.981803680337484     
  0.983751963553706     
  0.980533416319855     
  0.983826560081371     
  0.981392425022677     
  0.981664472867006     
  0.982120446535022     
  0.980119416291270     
  0.981536823170172     
  0.978919067796602     
  0.979778011446927     
  0.978262090802330     
  0.977567276214038     
  0.977810605230306     
  0.975831950002758     
  0.976440158542904     
  0.974910142207307     
  0.974779116144541     
  0.974069162002566     
  0.973677052752408     
  0.973745296145075     
  0.973099562320272     
  0.973575642833568     
  0.973537336064638     
  0.974016530194759     
  0.974634040293835     
  0.974928045138209     
  0.975361946743260     
  0.975616646401667     
  0.976014877568588     
  0.976713543521757     
  0.977299466167280     
  0.978165464915933     
  0.979119990700132     
  0.980089468353715     
  0.981065741253967     
  0.982191020879165     
  0.983252361433641     
  0.984432576740135     
  0.985461867748707     
  0.986571002973498     
  0.987189716984772     
  0.987802628315886     
  0.988494528939414     
  0.988987321322851     
  0.989731198766045     
  0.990214715641514     
  0.990868245683072     
  0.991413472297034     
  0.992052785410613     
  0.992655589269999     
  0.993205536342353     
  0.993858675225918     
  0.994391888164864     
  0.994977206356267     
  0.995536812503163     
  0.996095990535436     
  0.996628295737965     
  0.997137077474539     
  0.997585657230884     
  0.997913423779057     
  0.998116506594607     
  0.998243024140968     
  0.998327772261021     
  0.998370647654152     
  0.998389242184469     
  0.998372421592728     
  0.998349792635339     
  0.998266613148993     
  0.998102733648710     
  0.998049037292921     
  0.997920175618597     
  0.997635171800550     
  0.997609789528977     
  0.997323186111278     
  0.997066291128696     
  0.996921615953464     
  0.996254311553737     
  0.996162828490724     
  0.995430398907798     
  0.995150734079194     
  0.995017822090835     
  0.994192509848747     
  0.994654512713169     
  0.993654139431988     
  0.993931296773652     
  0.993589558914466     
  0.993376850977964     
  0.993551100849460     
  0.992904587989427     
  0.993599248065032     
  0.992926753860592     
  0.993391631470830     
  0.993450531691981     
  0.993145074950622     
  0.994002614754031     
  0.993377938248075     
  0.994664219924185     
  0.993683318966893     
  0.995396404038777     
  0.994754312102696     
  0.995767886600112     
  0.996217145330194     
  0.995955670260822     
  0.997188569620744     
  0.996466211734586     
  0.997527114538697     
  0.997213640966628     
  0.997364638942416     
  0.997656363364594     
  0.997164974523262     
  0.997362066928277     
  0.996540931453151     
  0.995555611665685     
  0.994855950679354     
  0.993840022097787     
  0.993229731017140     
  0.992476250751797     
  0.991810053484493     
  0.991259025921992     
  0.990395826976351     
  0.990664434307266     
  0.989197648802217     
  0.988376700501850     
  0.988622918510415     
  0.986119175814779     
  0.986812613663171     
  0.985719423206695     
  0.984369987663842     
  0.986159001076304     
  0.982712708389671     
  0.985464861339321     
  0.982915109901690     
  0.982920807807808     
  0.984431971995092     
  0.980949392367977     
  0.985206991402002     
  0.981929141271659     
  0.983446840487399     
  0.983417945218957     
  0.982642823162935     
  0.984215897554195     
  0.983538551024770     
  0.984115872725872     
  0.985118710365564     
  0.984475462491085     
  0.985834561970831     
  0.986347990282083     
  0.986263882052895     
  0.987812874856690     
  0.987850470839016     
  0.988935693193816     
  0.989752831973720     
  0.990526786815560     
  0.991720650046462     
  0.992449338116205     
  0.993383195484527     
  0.994163827850994     
  0.994295945916546     
  0.994333755805764     
  0.994335719219337     
  0.994369739629325     
  0.994345667609969     
  0.994371944409171     
  0.994510629709281     
  0.994584117906020     
  0.994769383256888     
  0.994749084180609     
  0.994454578279129     
  0.994182415312967     
  0.993855935483478     
  0.993670827121627     
  0.993353385548090     
  0.993190832852660     
  0.993034989079499     
  0.992738173919726     
  0.992651713719525     
  0.992560656823586     
  0.992353995056527     
  0.992319274011680     
  0.992272190928757     
  0.992251423175947     
  0.992188223585453     
  0.992304513925156     
  0.992338335327757     
  0.992347001596410     
  0.992532113576422     
  0.992554496142725     
  0.992713250103542     
  0.992831989210138     
  0.992959842625680     
  0.992996454758103     
  0.993148977397846     
  0.993162242233136     
  0.993183196147682     
  0.993147709447816     
  0.993035700976384     
  0.993090750148501     
  0.992774622539747     
  0.992635743513250     
  0.992342936115592     
  0.991897040523006     
  0.991511721236510     
  0.990959194622292     
  0.990470904908283     
  0.989832373748976     
  0.989195030015200     
  0.988494211633839     
  0.987687493716674     
  0.986920984666705     
  0.986012405279793     
  0.985088758461688     
  0.984105546140819     
  0.983054204343080     
  0.982024970445262     
  0.980860646772391     
  0.979766427522096     
  0.978586325998081     
  0.977409035161857     
  0.976275007447927     
  0.975080955170016     
  0.974006920646759     
  0.972915330824835     
  0.971921357028860     
  0.971029682622976     
  0.970200592336944     
  0.969534084574730     
  0.968944851949059     
  0.968503517496481     
  0.968202506186261     
  0.968017270511634     
  0.967994230844879     
  0.968103254821702     
  0.968354559800661     
  0.968742542272856     
  0.969245078003175     
  0.969855246321652     
  0.970576679601413     
  0.971395353249407     
  0.972263851020355     
  0.973218784463636     
  0.974244125275724     
  0.975313564024027     
  0.976418645573964     
  0.977563761384331     
  0.978706728655529     
  0.979792317815359     
  0.980847473600156     
  0.981896844247742     
  0.982801893560879     
  0.983749094020430     
  0.984604658361306     
  0.985334729934104     
  0.986147225337921     
  0.986725738093848     
  0.987492086476197     
  0.987981964382778     
  0.988525482472845     
  0.989153623283348     
  0.989409867853185     
  0.990019026781689     
  0.990251014181894     
  0.990706568233651     
  0.991071007127778     
  0.991351383505505     
  0.991792518130666     
  0.991982683760229     
  0.992402695139087     
  0.992723516866455     
  0.992930552522043     
  0.993374839044331     
  0.993601122577021     
  0.993922378523209     
  0.994250496790448     
  0.994526604190043     
  0.994805384698853     
  0.995081164837642     
  0.995369369868351     
  0.995621982442332     
  0.995890305179256     
  0.996140124366347     
  0.996385695894015     
  0.996602166418868     
  0.996829224204027     
  0.997070106850483     
  0.997277257147513     
  0.997497886963734     
  0.997694150048227     
  0.997853243573062     
  0.998038725835980     
  0.998145543894587     
  0.998274579619456     
  0.998339361871739     
  0.998344292585829     
  0.998119380479322     
  0.996702312515802     
  0.994341705281476     
  0.991907492290692     
  0.989573384275564     
  0.987357989780456     
  0.985300358383566     
  0.983530913605639     
  0.981708252756175     
  0.979740716152553     
  0.978153585490266     
  0.976600298509213     
  0.974946675414974     
  0.973830152524103     
  0.971974882213263     
  0.971271252579820     
  0.970145904684887     
  0.968556223851608     
  0.968930439568232     
  0.966561999342221     
  0.967873051546167     
  0.966189836278341     
  0.965856022815853     
  0.966625286217820     
  0.965242253204597     
  0.968025825436165     
  0.965776329619203     
  0.967955225923394     
  0.967598761304752     
  0.968704554287819     
  0.969741738290622     
  0.970109900861282     
  0.972004479478519     
  0.972694425337001     
  0.974357966467331     
  0.975615586657585     
  0.977019162704120     
  0.978617169877906     
  0.980059719843794     
  0.981911735356914     
  0.983969588525987     
  0.985797097617474     
  0.987815863421311     
  0.990070679370012     
  0.992531940737278     
  0.995069465787701     
  0.997322506503785     
  0.998328662938853     
  0.998460396654625     
  0.998551736388940     
  0.998644779282422     
  0.998681519442852     
  0.998672349654460     
  0.998744167539623     
  0.998708164971185     
  0.998749186420835     
  0.998817168411417     
  0.998749047767266     
  0.998930000866059     
  0.998783314792524     
  0.998906768329417     
  0.998922001093017     
  0.998829532400388     
  0.999038348520888     
  0.998833403290206     
  0.998985850546771     
  0.998934926876422     
  0.998931321887055     
  0.998977496879282     
  0.998944389630240     
  0.998942024535630     
  0.998976335540814     
  0.998947609027100     
  0.998923785576067     
  0.998991032613603     
  0.998885101781312     
  0.998948582816460     
  0.998888352491943     
  0.998875903634445     
  0.998944942986088     
  0.998897495452417     
