  0.999458716991949     
  0.999474150075584     
  0.999363286389701     
  0.999155706660073     
  0.998845457767999     
  0.998539117679219     
  0.998210145429734     
  0.997835473097548     
  0.996102094875766     
  0.991723400265045     
  0.987195666155321     
  0.983410371654254     
  0.980668101540564     
  0.978743661474682     
  0.977215128082201     
  0.976030550814251     
  0.975173211979216     
  0.974545278132653     
  0.974270533612725     
  0.974309387525238     
  0.974596337644524     
  0.975206941545419     
  0.976111053907321     
  0.977370089878532     
  0.979145738122933     
  0.981721372155234     
  0.985480652311495     
  0.990132715133487     
  0.995247609938086     
  0.998366340346179     
  0.999079812835984     
  0.999333065213511     
  0.999432822440574     
  0.999436500119574     
  0.999433626831438     
  0.999428538647608     
  0.999423255751250     
  0.999418495655247     
  0.999414765785268     
  0.999411693344067     
  0.999402540607336     
  0.999344957989660     
  0.999245206489746     
  0.999135841691072     
  0.999023722050858     
  0.998852713092174     
  0.998315129982872     
  0.997494744134766     
  0.996554012860909     
  0.995843636169800     
  0.995608386385997     
  0.995690710522411     
  0.996032416556746     
  0.996477324893393     
  0.996884459967333     
  0.997184601872337     
  0.997336420880768     
  0.997315970772955     
  0.997165610967181     
  0.996875159719447     
  0.996511002356538     
  0.996164789688361     
  0.996007273692992     
  0.996362984723255     
  0.997092141632592     
  0.997950744579835     
  0.998598507733319     
  0.998887630571534     
  0.999012779861934     
  0.998924096660643     
  0.998794247947798     
  0.998692416284289     
  0.998616456874615     
  0.998567102156575     
  0.998533584959932     
  0.998510283531402     
  0.998492926805882     
  0.998476599074724     
  0.998444703870905     
  0.998388625036797     
  0.998312725186780     
  0.998227128761336     
  0.998129744678855     
  0.998005876291920     
  0.997820636415464     
  0.997566651909059     
  0.997223695528229     
  0.996858915779934     
  0.996538766177508     
  0.996228601905470     
  0.995937025587650     
  0.995741152235413     
  0.995654156609601     
  0.995691851054880     
  0.995845675222483     
  0.996104344885661     
  0.996437720498934     
  0.996789477672286     
  0.997071700839402     
  0.997291963885807     
  0.997433341057068     
  0.997542035249640     
  0.997581510573456     
  0.997565408999230     
  0.997502206760397     
  0.997422115634998     
  0.997342469691071     
  0.997261225549455     
  0.997171017803847     
  0.997072100790858     
  0.996957440214955     
  0.996801323367966     
  0.995559114648230     
  0.991360827255490     
  0.986462033593251     
  0.982315704794010     
  0.980150851400956     
  0.980025903717079     
  0.980384092457522     
  0.979045343036341     
  0.976878982259419     
  0.974473638940863     
  0.971223684623107     
  0.968063080677167     
  0.965026729208806     
  0.962179484221754     
  0.959753784197545     
  0.957823291543943     
  0.956326713468086     
  0.955712546968278     
  0.957105087514216     
  0.958154601800792     
  0.957957763348897     
  0.954059357770883     
  0.949683748838737     
  0.947151060211471     
  0.947484439510764     
  0.949896046037614     
  0.953180833228411     
  0.955328453954512     
  0.955790518687335     
  0.955430627706938     
  0.953631423607071     
  0.950367557419654     
  0.945581761918685     
  0.939858656681936     
  0.934471058590119     
  0.930381064493779     
  0.927608123623092     
  0.925746464138599     
  0.924904106823151     
  0.923398176329796     
  0.920138617118312     
  0.914497160639587     
  0.908009115095130     
  0.901547822522932     
  0.894981419518367     
  0.888109996427055     
  0.880385162169197     
  0.870655117956355     
  0.857863198472953     
  0.842316443569940     
  0.824594611395558     
  0.805463413171475     
  0.785824600434253     
  0.766191257112436     
  0.748459705779436     
  0.733567943816172     
  0.722041425682570     
  0.714406214453068     
  0.711113852784912     
  0.712122059546258     
  0.717628893995540     
  0.728471985012922     
  0.744175934848607     
  0.764217966359757     
  0.787721049849496     
  0.813758853171605     
  0.841124298125692     
  0.867956986618200     
  0.891911366291102     
  0.911656974409057     
  0.927063190006807     
  0.938787963891667     
  0.947772721459936     
  0.954939622504739     
  0.960846808390994     
  0.965748876742165     
  0.969830093905283     
  0.973246163766112     
  0.976097941307690     
  0.978467038553030     
  0.980479958897943     
  0.982233809714790     
  0.983780061325041     
  0.985167567014374     
  0.986428293494807     
  0.987584342774464     
  0.988638176291954     
  0.989592131707882     
  0.990447321847029     
  0.991105279774625     
  0.991793289744977     
  0.992408771438689     
  0.992955837142646     
  0.993439761535884     
  0.993870823939876     
  0.994258874660121     
  0.994615941553858     
  0.994842730900467     
  0.994907524367000     
  0.994988458033683     
  0.995093007439598     
  0.995232272145904     
  0.995399762925978     
  0.995562458567164     
  0.995573756583015     
  0.995586272490998     
  0.995645468828843     
  0.995727667431313     
  0.995811205333528     
  0.995878839512850     
  0.995952633335665     
  0.996042305885936     
  0.996150179741653     
  0.996267065450460     
  0.996340812095418     
  0.995336015410685     
  0.992858082261091     
  0.990404226292043     
  0.988214136051734     
  0.986351522804198     
  0.984537907692630     
  0.982897690609426     
  0.981568504890817     
  0.980605675200232     
  0.979502014678886     
  0.976003888010763     
  0.971260475770507     
  0.963462695147352     
  0.955195924761699     
  0.948827898826740     
  0.944402534842773     
  0.941780928948367     
  0.940374964470012     
  0.940130578043250     
  0.940988207935972     
  0.942956957076823     
  0.945081730753242     
  0.946304049827758     
  0.947929375836988     
  0.950434792964311     
  0.953707621867821     
  0.957667291750100     
  0.962929592932353     
  0.969913175412420     
  0.978301561310063     
  0.987295392866827     
  0.993872476187990     
  0.997825224308548     
  0.998932505924869     
  0.999009415005644     
  0.999067276742038     
  0.999121530709719     
  0.999146383511598     
  0.999159463278848     
  0.999172313448842     
  0.999188330481477     
  0.999205244994227     
  0.999222342798963     
  0.999237664026700     
  0.999250964293642     
  0.999259844181688     
  0.999258754429909     
  0.999244140349069     
  0.999232805309086     
  0.999238167349345     
  0.999240761007727     
  0.999248156678830     
  0.999259958236907     
  0.999274971178832     
  0.999288451046260     
  0.999300973991643     
  0.999324474518548     
  0.999348505504952     
  0.999370367614409     
  0.999388680843377     
  0.999403138895668     
  0.999409271576826     
  0.999318741646526     
  0.998752839701549     
  0.997950097181044     
  0.997292712340952     
  0.996633938064949     
  0.995651816486609     
  0.994744945095086     
  0.994234783211787     
  0.994306820073946     
  0.994924467329932     
  0.995727230362371     
  0.996426146564636     
  0.996810095399488     
  0.995945647212120     
  0.993722112637472     
  0.991132442530799     
  0.988715464609231     
  0.986998729738140     
  0.986009732112040     
  0.985597770787421     
  0.985721925820482     
  0.986176006589233     
  0.986971463579566     
  0.988182462575284     
  0.989413599039828     
  0.990007080321536     
  0.990249173294294     
  0.990562956839216     
  0.991044356506917     
  0.991831179502191     
  0.993188761408172     
  0.995037787582953     
  0.997213274592307     
  0.998971422351521     
  0.999542756844949     
  0.999666920539129     
  0.999667699939482     
  0.999654975623347     
  0.999651760581981     
  0.999646659578546     
  0.999640980573421     
  0.999635121106695     
  0.999632787936869     
  0.999634095429388     
  0.999637352256365     
  0.999636413264244     
  0.999621328206946     
  0.999584134307481     
  0.999528744510472     
  0.999467853793696     
  0.999390050133194     
  0.999287797467583     
  0.999192760411937     
  0.999110421311733     
  0.999041173007186     
  0.998992340806602     
  0.998975643002352     
  0.998975654823035     
  0.998999399140194     
  0.999050767154859     
  0.999123176870511     
  0.999209701877079     
  0.999307328552234     
  0.999404774534428     
  0.999490313084644     
  0.999560205467581     
  0.999614223228465     
  0.999645599275308     
  0.999561727317342     
  0.999400165676470     
  0.999242518989374     
  0.999147429900671     
  0.999170596764188     
  0.999257222536676     
  0.999360672998540     
  0.999453753921152     
  0.999519736741024     
  0.999551329674141     
  0.999546493364454     
  0.999496520135346     
  0.999405278831964     
  0.999287076449638     
  0.999168153326668     
  0.999085595429661     
  0.999089152281562     
  0.999226365473415     
  0.999422449245651     
  0.999605860027444     
  0.999681525114956     
  0.999527977510862     
  0.999142528993441     
  0.998316795418635     
  0.996911522701551     
  0.995949870476637     
  0.995579407207418     
  0.995620114413471     
  0.995828122600726     
  0.996037810019285     
  0.996174948180018     
  0.996185340971793     
  0.996084712547169     
  0.995887738160139     
  0.995561062607976     
  0.995136392413203     
  0.994144664689994     
  0.992524496803441     
  0.991328823177226     
  0.990731810320495     
  0.990880950972549     
  0.991463092085622     
  0.992203972905140     
  0.993050462376052     
  0.993408219431222     
  0.993461644184519     
  0.993550829296293     
  0.993668090655089     
  0.993762420890365     
  0.993859823456347     
  0.993998296910092     
  0.994215362478155     
  0.994570663008621     
  0.995220105532903     
  0.996246779743172     
  0.997510666397405     
  0.998939395853554     
  0.999630906167718     
  0.999679695092665     
  0.999687999529945     
  0.999694194828266     
  0.999699048692639     
  0.999705706713796     
  0.999714460014415     
  0.999726130609002     
  0.999739788143323     
  0.999752057067569     
  0.999761282777002     
  0.999765349313958     
  0.999769837929952     
  0.999775173173445     
  0.999778927019819     
  0.999765619323312     
  0.999737987063786     
  0.999726001167255     
  0.999721462390427     
  0.999718630761490     
  0.999683723097349     
  0.999558732154133     
  0.999360657195751     
  0.999070051506759     
  0.998780952063568     
  0.998469328231575     
  0.998160143941027     
  0.997888856312200     
  0.997671632794328     
  0.997532772035910     
  0.997461693187695     
  0.997463054788256     
  0.997429466193438     
  0.997216761847495     
  0.997158468798417     
  0.997287060219695     
  0.997487193728298     
  0.997607514611342     
  0.997592369060107     
  0.997495347242105     
  0.997432873641271     
  0.997482854398536     
  0.997583755271828     
  0.997681900259530     
  0.997754094026948     
  0.997781720836508     
  0.997771139535292     
  0.997740930691542     
  0.997712387977071     
  0.997716327976201     
  0.997788941908889     
  0.997973967382843     
  0.998283953395460     
  0.998480393552432     
  0.998716372883576     
  0.999061330730989     
  0.999398093032577     
  0.999597645648806     
  0.999540499151207     
  0.998995750056230     
  0.997664033509411     
  0.995425451958294     
  0.992312756481302     
  0.988481999698483     
  0.984087145793958     
  0.979742945312767     
  0.975959020445027     
  0.973030650705520     
  0.971102546228571     
  0.970322488165208     
  0.970772183454610     
  0.972148760583457     
  0.972862913363425     
  0.974013405150673     
  0.975861077791409     
  0.978027890336002     
  0.980542970709785     
  0.982681934595195     
  0.984289061719144     
  0.985479164811845     
  0.986135580254783     
  0.986562324445717     
  0.987146789919879     
  0.987821466713745     
  0.988225816257735     
  0.988504911904279     
  0.987607409676444     
  0.985629956474459     
  0.983992853494371     
  0.983170331338288     
  0.983178186120345     
  0.983075521957327     
  0.982341236118876     
  0.979033215038512     
  0.974566050268509     
  0.969634364241627     
  0.964581742311147     
  0.960050538776823     
  0.956272718768087     
  0.953358435139678     
  0.951532505071698     
  0.951265262400717     
  0.953000722589724     
  0.956843245630688     
  0.962348546025148     
  0.968427210980799     
  0.973466618699255     
  0.976122176015174     
  0.977498537742471     
  0.978224941427252     
  0.978612551112931     
  0.978584984126774     
  0.978651158970893     
  0.978961002472727     
  0.979448554868517     
  0.980304260686266     
  0.981433251238639     
  0.982409565386349     
  0.983108417330819     
  0.983395839145553     
  0.983641507431466     
  0.983971989395014     
  0.984526807975287     
  0.985589532408545     
  0.986872430307520     
  0.987965573017841     
  0.988658003185761     
  0.989092393720653     
  0.989764187694163     
  0.990804773128805     
  0.992180361943666     
  0.993781276770493     
  0.995437555667731     
  0.996979181248698     
  0.998282808747367     
  0.999082293256748     
  0.999523154434846     
  0.999672209726499     
  0.999688204515425     
  0.999695218597738     
  0.999704519596886     
  0.999716208135210     
  0.999724019015997     
  0.999730438623534     
  0.999736653793608     
  0.999741506158535     
  0.999745062003964     
  0.999745828300890     
  0.999741489304228     
  0.999682899024760     
  0.999535369720227     
  0.999366305977903     
  0.999046933577349     
  0.998371738806853     
  0.997614668632978     
  0.996965544756453     
  0.996739594721452     
  0.996836233948315     
  0.996994247025656     
  0.996894459153627     
  0.996411461880146     
  0.995441070219876     
  0.993994682300791     
  0.992309903418979     
  0.990348811947747     
  0.988407432757077     
  0.986803299045178     
  0.985668323181280     
  0.984833359458889     
  0.984942076304413     
  0.985721656228126     
  0.987177832245344     
  0.989092989172039     
  0.990942690901342     
  0.992563823456273     
  0.994129744940112     
  0.995727332548082     
  0.997044839246817     
  0.997885351850934     
  0.998384737987117     
  0.998516010103361     
  0.998511063164417     
  0.998511218888202     
  0.998494288237144     
  0.998472237324171     
  0.998444530776096     
  0.998429007540540     
  0.998550626581599     
  0.998907162590809     
  0.999084465523230     
  0.999439185188912     
  0.999506951877427     
  0.999478899284125     
  0.999362745072338     
  0.998975838402226     
  0.998527447933252     
  0.998082454982067     
  0.997727323462320     
  0.997438263671585     
  0.997151336043844     
  0.996859791606239     
  0.996525720518772     
  0.995696755437983     
  0.994395649251711     
  0.990947956024320     
  0.987239691346818     
  0.984139335741181     
  0.981770210462515     
  0.980210802541022     
  0.979089427180288     
  0.978356669653948     
  0.977988890608218     
  0.977937284422700     
  0.977256863717344     
  0.975563798618660     
  0.974528352147665     
  0.974312072903031     
  0.974588463575679     
  0.975315658279468     
  0.976479441915804     
  0.978222844846100     
  0.980977296111559     
  0.983961260315997     
  0.986994600668561     
  0.988597030195466     
  0.988648534752031     
  0.988822607653031     
  0.989213482918796     
  0.989823713878881     
  0.990652878775756     
  0.991765172996022     
  0.993308078589175     
  0.995453817531466     
  0.997578174586159     
  0.998354735034944     
  0.998528081483669     
  0.998574817815055     
  0.998538028231159     
  0.998459769192115     
  0.998381885165186     
  0.998310243733775     
  0.998247089140234     
  0.998195371445888     
  0.998120688575667     
  0.997935569428176     
  0.997715043089448     
  0.997226362465981     
  0.996306288630018     
  0.995023145114555     
  0.993452356613162     
  0.991753000349964     
  0.989935946973701     
  0.988056125179094     
  0.986348140147007     
  0.984962780040932     
  0.983969262350471     
  0.983484000295283     
  0.983522485619398     
  0.984040156558481     
  0.984979911437305     
  0.986266393989617     
  0.987764707679588     
  0.989077785470531     
  0.990672853881463     
  0.991951887623656     
  0.993042523317807     
  0.993773722794231     
  0.994066582568625     
  0.994096364537113     
  0.994039889302826     
  0.993985016414903     
  0.993949168113525     
  0.993896727949449     
  0.993727428289857     
  0.993470253436491     
  0.993141065728157     
  0.992753748139538     
  0.992310866439759     
  0.991808264207737     
  0.991250066455538     
  0.990645731038615     
  0.990017790642274     
  0.989407503578894     
  0.988841401346605     
  0.988317888124518     
  0.987712150363012     
  0.986948801074037     
  0.986004917452665     
  0.984929683490894     
  0.983761999083115     
  0.982493206066465     
  0.981126084222148     
  0.979662036057736     
  0.978100434153205     
  0.976432930874624     
  0.974654725207728     
  0.972763772743189     
  0.970755221284369     
  0.968641489095430     
  0.966424086005314     
  0.964104026956900     
  0.961699086717780     
  0.959235612687027     
  0.956793570940488     
  0.954436295422783     
  0.952191524817886     
  0.950087655704133     
  0.948285617423170     
  0.946927050510267     
  0.946098530471440     
  0.945842155000375     
  0.946159122640339     
  0.947041229898295     
  0.948445234083148     
  0.950299305434323     
  0.952508792686574     
  0.954974075354397     
  0.957548056868457     
  0.960132408287310     
  0.962757663883015     
  0.965316551411164     
  0.967747259373614     
  0.970042807864407     
  0.972201317758284     
  0.974230017275861     
  0.976121865027354     
  0.977806139107766     
  0.979223694031738     
  0.980324119603403     
  0.981204419055117     
  0.981988289163871     
  0.982671149868680     
  0.983286720089790     
  0.983882396958180     
  0.984489941219204     
  0.985126519349257     
  0.985807171759955     
  0.986503508028356     
  0.987060326865095     
  0.987431966806670     
  0.987622067848354     
  0.987848324308413     
  0.988160358492794     
  0.988499686460202     
  0.988799733056438     
  0.989023995124129     
  0.989204476248601     
  0.989398101220040     
  0.989646162626424     
  0.989977964869101     
  0.990412723932545     
  0.990947938605955     
  0.991568935950611     
  0.992251697638108     
  0.993025632673143     
  0.993929235880880     
  0.994729249215605     
  0.995340518802039     
  0.995757831590287     
  0.996082575192411     
  0.996406045107261     
  0.996719526602747     
  0.997009046071038     
  0.997258838470234     
  0.997451343507659     
  0.997581373985819     
  0.997665578488289     
  0.997744303560568     
  0.997823760686598     
  0.997898057482563     
  0.997969162092219     
  0.998038067608748     
  0.998102883138802     
  0.998166298949147     
  0.998225522117376     
  0.998279170743993     
  0.998333507168321     
  0.998381703428246     
  0.998425903182945     
  0.998459822517135     
  0.998481162443562     
  0.998497940970347     
  0.998513493116532     
  0.998521636541968     
  0.998501330759866     
  0.998079147616293     
  0.995131221452590     
  0.986321155396161     
  0.975810655659967     
  0.965966510313601     
  0.957558012012105     
  0.950525643049882     
  0.943916445619953     
  0.938065693030647     
  0.933527265523915     
  0.930482109164580     
  0.929366943850665     
  0.930234397744771     
  0.932407034607529     
  0.936348944289925     
  0.941535405234129     
  0.947317774448035     
  0.953599668091906     
  0.961044290562714     
  0.970365511285252     
  0.980729797926609     
  0.990847800781575     
  0.996426629736471     
  0.997252614040224     
  0.997582069605756     
  0.997948924359261     
  0.998271087920939     
  0.998454977674704     
  0.998554491042140     
  0.998595518260298     
  0.998625904855431     
  0.998660705906798     
  0.998715833242331     
  0.998773296214864     
  0.998823936727634     
  0.998893870957763     
  0.998991162010127     
  0.999106892975947     
  0.999196733949176     
  0.999242100966038     
  0.999253327004864     
  0.999182981211931     
  0.998951869772580     
  0.998729322916968     
  0.998593560947677     
  0.998591284458110     
  0.998715014730694     
  0.998887587002767     
  0.999048774989835     
  0.999165004941748     
  0.999212582294796     
  0.999097001616358     
  0.998883180423382     
  0.998665564463734     
  0.998492468814928     
  0.998420653925858     
  0.998439041093911     
  0.998547468722392     
  0.998758477632225     
  0.999042808431547     
  0.999359673880175     
  0.999615655511272     
  0.999644087965362     
  0.999549551179673     
  0.999435619202004     
  0.999331309439731     
  0.999260759815802     
  0.999257202436377     
  0.999339572361372     
