  0.977563163603959     
  0.978181898746181     
  0.979521646370530     
  0.979378694245882     
  0.981122607010101     
  0.980662630488932     
  0.981680220636126     
  0.982257901403111     
  0.982890572072166     
  0.983444632180847     
  0.984825583878960     
  0.984700354855077     
  0.987360618964076     
  0.985620165142145     
  0.989412290553527     
  0.985475906098546     
  0.990445569934843     
  0.984992008154726     
  0.990705878341212     
  0.985300814015364     
  0.989701265558266     
  0.986342078746637     
  0.988391658742564     
  0.988163817177077     
  0.987523932095034     
  0.989063049383857     
  0.987704602443711     
  0.989597325077814     
  0.988161318117422     
  0.989911379020431     
  0.988746091768574     
  0.990116136504038     
  0.989478764068586     
  0.990369554766157     
  0.990329728660646     
  0.990667449932190     
  0.991334067239788     
  0.991376099005301     
  0.992163200025247     
  0.992551086051325     
  0.993092113263466     
  0.993846303356068     
  0.994244878901923     
  0.995119726749400     
  0.995680060713382     
  0.996660921451875     
  0.997041106256774     
  0.997600736317637     
  0.997226000098562     
  0.997664318620538     
  0.997177192827491     
  0.997588352560326     
  0.997257690469501     
  0.997402858541854     
  0.997336968149911     
  0.997280436919479     
  0.997209230833416     
  0.997255984125958     
  0.997335694468719     
  0.996928772834990     
  0.997340968739823     
  0.996853142974802     
  0.997332759558546     
  0.996824903695542     
  0.997303364810476     
  0.996830133316443     
  0.997251749083392     
  0.996829375645686     
  0.997215190820152     
  0.996840287758757     
  0.997197964981401     
  0.996900727441394     
  0.997199133506086     
  0.997008584643906     
  0.997212088039396     
  0.997165061976007     
  0.997309309972872     
  0.997281498711888     
  0.997474468186630     
  0.997448877971347     
  0.997552891719455     
  0.997567880980840     
  0.997602506163489     
  0.997688555106431     
  0.997598818340609     
  0.997682688648292     
  0.997511414471434     
  0.997590019406697     
  0.997347628728992     
  0.997504169873947     
  0.997202456327932     
  0.997387868051158     
  0.997078006636750     
  0.997306673152539     
  0.996849012799909     
  0.996571437128424     
  0.995640717510431     
  0.995035737205200     
  0.994204173500215     
  0.993574090868315     
  0.992701219783883     
  0.992006919186193     
  0.990612668346978     
  0.989564413778338     
  0.988633416012947     
  0.986875746420708     
  0.986510082694020     
  0.984674240628006     
  0.984465364750777     
  0.982696582855017     
  0.982626738366353     
  0.980321127909774     
  0.980804678465144     
  0.977574199445437     
  0.978459881422029     
  0.973882174898966     
  0.975463304908211     
  0.969695306021730     
  0.973115623269548     
  0.965443019196280     
  0.970636107302003     
  0.961464610653847     
  0.968843542313938     
  0.957466333103331     
  0.965909114001854     
  0.955132978390656     
  0.961598920238055     
  0.952900801621030     
  0.956774469974671     
  0.950213639702004     
  0.951852985969113     
  0.947164802339532     
  0.947013596080968     
  0.942460312307153     
  0.943472286938099     
  0.936581142791359     
  0.940362857608210     
  0.930759623913197     
  0.937400854534522     
  0.925312307476420     
  0.934041343861526     
  0.919675877016056     
  0.927447884592543     
  0.914213149755500     
  0.916900064715113     
  0.906486374675385     
  0.905176717895774     
  0.898120838918917     
  0.893904622851950     
  0.888858175347095     
  0.883967899985400     
  0.878704318428003     
  0.874732848256932     
  0.868284778234433     
  0.866257235998508     
  0.859567897190567     
  0.858802156991149     
  0.851761645716784     
  0.852072400897143     
  0.845186064295686     
  0.846078836647071     
  0.840971239060453     
  0.840843346412911     
  0.838396088717376     
  0.838720352275115     
  0.837155649923355     
  0.838205875420672     
  0.837709617925375     
  0.839137497574985     
  0.839530772411871     
  0.841097221771889     
  0.842087504097496     
  0.843610201748779     
  0.846021148033342     
  0.848089255370572     
  0.851479311789926     
  0.854560827237897     
  0.858503760828305     
  0.862433158106478     
  0.867127007350265     
  0.871727822030318     
  0.877012091313812     
  0.882019163139675     
  0.887500658717419     
  0.892816651957650     
  0.898565510975171     
  0.904164855353247     
  0.910008815056553     
  0.915811034817204     
  0.921634235413635     
  0.927584149615985     
  0.933479861976411     
  0.939438314116247     
  0.945383828106920     
  0.951302496459148     
  0.957170788075941     
  0.962759478473851     
  0.967906381991178     
  0.972347902316559     
  0.976034027812918     
  0.978882870110243     
  0.981027362458083     
  0.982836988395566     
  0.984630727346369     
  0.985979044514321     
  0.987211159004721     
  0.988270573204666     
  0.989218832227467     
  0.989918179765783     
  0.990524736091668     
  0.990491330318972     
  0.990789359557560     
  0.990431055865147     
  0.990803229582194     
  0.990348459875047     
  0.990948537712750     
  0.990060238391006     
  0.990772688143340     
  0.989805753481147     
  0.990060031411279     
  0.988045116255120     
  0.987709869379863     
  0.985482153963049     
  0.984507948312238     
  0.982707630289731     
  0.981615999970949     
  0.979818789157461     
  0.979005664300246     
  0.977535256682961     
  0.975820661809442     
  0.976183185127158     
  0.973555945534426     
  0.974589793987645     
  0.971764638014248     
  0.972897647697029     
  0.970584542538153     
  0.971764435587172     
  0.968931844206645     
  0.971982806543213     
  0.966763581289184     
  0.971285248422721     
  0.966068640224733     
  0.970505880029534     
  0.966560936439701     
  0.968987607321772     
  0.968861501189150     
  0.967114891894720     
  0.971394982342683     
  0.965428193263879     
  0.973961512831972     
  0.965654098953055     
  0.974857257617258     
  0.966950169565701     
  0.975046361521163     
  0.969172089451230     
  0.974998147810641     
  0.972044809190985     
  0.975144491794054     
  0.975054618818326     
  0.976108113625663     
  0.977466182773402     
  0.978525761949550     
  0.979656536254861     
  0.981404596905025     
  0.981869644779088     
  0.984834500403295     
  0.984716663156542     
  0.987413876634164     
  0.987538279047650     
  0.989032575178075     
  0.990442533578975     
  0.991440156058864     
  0.992902751811135     
  0.994187774538164     
  0.995534610603948     
  0.996814002923359     
  0.997647148196489     
  0.997932354761798     
  0.997803433473337     
  0.997498150041010     
  0.997271078917640     
  0.996957734543428     
  0.996721057023197     
  0.996595259597289     
  0.996152005977098     
  0.995980470661986     
  0.995149804155723     
  0.995102359409029     
  0.994186309700293     
  0.994330724081818     
  0.993291745594279     
  0.993664724026829     
  0.992687584834047     
  0.992954607563213     
  0.992121545479537     
  0.992589376960129     
  0.991424865256704     
  0.992437859421294     
  0.990826401135531     
  0.992375290001372     
  0.990330822596674     
  0.992301354967719     
  0.990075981334464     
  0.992044098374198     
  0.990038932614004     
  0.991646643245180     
  0.990192153882848     
  0.991105850197473     
  0.990548241552240     
  0.990522858197400     
  0.991083084170377     
  0.990102920789487     
  0.991345834480587     
  0.990268550844175     
  0.991512416441987     
  0.990452811335723     
  0.991920141601751     
  0.990776141636415     
  0.992298348229489     
  0.991288356947522     
  0.992763020054329     
  0.991937879449489     
  0.993331287769432     
  0.992757518415504     
  0.994034743589630     
  0.993696839992274     
  0.994880919783612     
  0.994795319447107     
  0.995601793419163     
  0.995839956892444     
  0.996198406306562     
  0.996847319430648     
  0.996855684299831     
  0.997321881075999     
  0.997564090442469     
  0.997890574597954     
  0.998158288786029     
  0.998574011678178     
  0.998874323466981     
  0.999255797691364     
  0.999392596198765     
  0.999451331647015     
  0.999409663947693     
  0.999409489155678     
  0.999364211167526     
  0.999383809934809     
  0.999289662311025     
  0.999360922029050     
  0.999249705137901     
  0.999324186805597     
  0.999247791300739     
  0.999282811909046     
  0.999261584098476     
  0.999253407788719     
  0.999278936868962     
  0.999225971540262     
  0.999310234969677     
  0.999204627060642     
  0.999335874109911     
  0.999199793688550     
  0.999346916149741     
  0.999145682733366     
  0.999234375164346     
  0.998883903377223     
  0.998825820873444     
  0.998505403720549     
  0.998458912232464     
  0.997988122630328     
  0.998036228062262     
  0.997872053070406     
  0.997642968518569     
  0.997442906745983     
  0.997491472637437     
  0.997169693855281     
  0.997260364254388     
  0.997021355900578     
  0.996741886756398     
  0.996501083806374     
  0.996221530478016     
  0.995965419426288     
  0.995748093505057     
  0.995397484375072     
  0.995448397933025     
  0.994912446373940     
  0.995176740251297     
  0.994281990026472     
  0.995121911731292     
  0.993535014481440     
  0.995036697532193     
  0.992845853306072     
  0.995247615184707     
  0.992456212580337     
  0.995133665658295     
  0.992928117950746     
  0.994777359489762     
  0.993634321039296     
  0.994103893550811     
  0.994136772034795     
  0.993491868876723     
  0.994656152907317     
  0.992956277200542     
  0.995235203391492     
  0.992591186023388     
  0.995637017275614     
  0.992840891309402     
  0.995545342175452     
  0.993490371049200     
  0.995369545499149     
  0.994321782975619     
  0.995088979447738     
  0.995225076944997     
  0.995150388376206     
  0.995765265321542     
  0.995661629757966     
  0.996364601707363     
  0.996151584511378     
  0.996844955873796     
  0.996764759941310     
  0.997305150699895     
  0.997256582908900     
  0.997473760844147     
  0.997635046651921     
  0.997614373701969     
  0.997964234387808     
  0.997987754372058     
  0.998142280171610     
  0.998406973156254     
  0.998502466967603     
  0.998727290798300     
  0.998827808542176     
  0.998980787911994     
  0.999094855970419     
  0.999107941853122     
  0.999018595185261     
  0.998888373174949     
  0.998840196503967     
  0.998653777192391     
  0.998591869722118     
  0.998517109393406     
  0.998322337264614     
  0.998348306547644     
  0.998106710941239     
  0.998241984413999     
  0.997802267518613     
  0.998208308259561     
  0.997745382297142     
  0.998068842653425     
  0.997667405616090     
  0.998075194987737     
  0.997563395359741     
  0.998139723167190     
  0.997459732885200     
  0.998236314061096     
  0.997358945407213     
  0.998329770290274     
  0.997255733801368     
  0.998257230500237     
  0.997132499380079     
  0.997936846276164     
  0.997074703976558     
  0.997474717638877     
  0.996793813015631     
  0.996937075097952     
  0.996524289934014     
  0.996274723103911     
  0.996166594275712     
  0.995679409030186     
  0.995646220438273     
  0.994877710496092     
  0.994379222069762     
  0.993588643556455     
  0.992937712893842     
  0.992403457523432     
  0.991757499919289     
  0.991455915063341     
  0.990354137573720     
  0.990601147507218     
  0.989798829599821     
  0.989330187163067     
  0.989681383831625     
  0.988413275311650     
  0.989506530384937     
  0.987404892029678     
  0.988853931716394     
  0.986145480193244     
  0.988183595525998     
  0.984879157325778     
  0.987637701022376     
  0.983586526798281     
  0.986793913424829     
  0.983168011747425     
  0.984843739873416     
  0.984779547539236     
  0.982224085755901     
  0.985599084130804     
  0.980137117471294     
  0.985619589645994     
  0.979463081375335     
  0.984316650819450     
  0.979565687467234     
  0.983050611735711     
  0.979730328687598     
  0.981688642547223     
  0.979630577911022     
  0.980481788931065     
  0.979090074022855     
  0.979957545968514     
  0.978087766991552     
  0.980130758126206     
  0.977002891928939     
  0.980522620543920     
  0.976306630893559     
  0.980765642149389     
  0.976063333746622     
  0.980658323174433     
  0.976556831395916     
  0.979980743050740     
  0.977585796443505     
  0.979893846038112     
  0.978321579153936     
  0.980252751550791     
  0.979645577022168     
  0.980980309214635     
  0.981074569942456     
  0.982138555215544     
  0.982290356434077     
  0.982950483574806     
  0.983262550717609     
  0.983883839290705     
  0.984341188301618     
  0.985074465362309     
  0.985607742039867     
  0.986566147290327     
  0.986892532659744     
  0.988275118080920     
  0.988196769440769     
  0.989975794894777     
  0.989787799743354     
  0.991630588596288     
  0.991281362025393     
  0.992683409199236     
  0.992365411014412     
  0.993594150720326     
  0.993469653990210     
  0.994314310597698     
  0.994420849115730     
  0.995032571453001     
  0.995287489313418     
  0.995728342531774     
  0.996026092766202     
  0.996311945832357     
  0.996534548659427     
  0.996770129044221     
  0.996933876943061     
  0.997171597359547     
  0.997369177791058     
  0.997500285810068     
  0.997575440317554     
  0.997758306224975     
  0.997584238911954     
  0.997774834644552     
  0.997591905807026     
  0.997686691172024     
  0.997586261018823     
  0.997507621097496     
  0.997336576773549     
  0.997157830443553     
  0.996844252637536     
  0.996681244170458     
  0.996351121769551     
  0.996400112742414     
  0.995791993254632     
  0.996147291267593     
  0.995235166872495     
  0.995941447704735     
  0.994799286046150     
  0.995626008929796     
  0.994774417148042     
  0.995015024529422     
  0.995072886604523     
  0.994492083921781     
  0.995337677912171     
  0.994051041064019     
  0.995563269467932     
  0.993706023996905     
  0.995726538607019     
  0.993576356561372     
  0.995871070913787     
  0.994295581087032     
  0.995414030436899     
  0.995552997342788     
  0.994869212776362     
  0.996217964761003     
  0.994236360865296     
  0.996647636899759     
  0.993969358823219     
  0.996970629338657     
  0.994457841470661     
  0.996946447243436     
  0.995030315882672     
  0.996335479614915     
  0.994539253676864     
  0.995171641905548     
  0.993844547554112     
  0.994229839683050     
  0.992908151108079     
  0.993352224242736     
  0.992174117577284     
  0.991981498685449     
  0.991926559747140     
  0.990167068022021     
  0.991189623483532     
  0.988224066138602     
  0.990372327587389     
  0.986594004998479     
  0.989526903667468     
  0.985280962309283     
  0.989074988699731     
  0.984089477535603     
  0.988987824211359     
  0.983227283567459     
  0.988773236842340     
  0.982598423221031     
  0.988397258368196     
  0.982137508386376     
  0.988143345368304     
  0.981852094015633     
  0.987088453550987     
  0.982496495716238     
  0.985969005293264     
  0.983633030455372     
  0.984541653674174     
  0.984657376780011     
  0.984186684501441     
  0.985065153476801     
  0.984773543494168     
  0.985184590670128     
  0.985609931856877     
  0.985651874218831     
  0.986295530310909     
  0.986188274447484     
  0.987255822954601     
  0.986585650504505     
  0.988322265801138     
  0.986898632267614     
  0.989407710049114     
  0.987894127418308     
  0.989851186057993     
  0.989379868670395     
  0.990453328738477     
  0.990471354561832     
  0.991641319615109     
  0.991592486386686     
  0.992830392021074     
  0.992902603265811     
  0.993853431771920     
  0.993757116140105     
  0.993991285781794     
  0.993875251669048     
  0.994246930720033     
  0.994013200718614     
  0.994619402236131     
  0.994336928841430     
  0.995008326249151     
  0.994792627870602     
  0.995313275316932     
  0.994962386193348     
  0.995038141284846     
  0.994850041399350     
  0.994720790876572     
  0.994792602409409     
  0.994461388144212     
  0.994676138065438     
  0.994337963295632     
  0.994597420969885     
  0.994211108224184     
  0.994648886483546     
  0.994077157395862     
  0.994558763545641     
  0.994089023122338     
  0.994486527125234     
  0.994106111087458     
  0.994438365547684     
  0.994073383146000     
  0.994358001290236     
  0.994005343350484     
  0.994258432295841     
  0.993869854276364     
  0.994150752292430     
  0.993618019206575     
  0.993973194468127     
  0.993414513869197     
  0.993604381967083     
  0.993134367886318     
  0.993193774529579     
  0.992754268310156     
  0.992630558895974     
  0.992212247405618     
  0.991903272676307     
  0.991424079258031     
  0.990960885593547     
  0.990480527129462     
  0.989897690125976     
  0.989406799957860     
  0.988719166819475     
  0.988179992581631     
  0.987433426637603     
  0.986874750782453     
  0.986119322457864     
  0.985558786855037     
  0.984817669146603     
  0.984304373211324     
  0.983581332377134     
  0.983096296058492     
  0.982482954309237     
  0.982025458112022     
  0.981522219404797     
  0.981123645172785     
  0.980744642380620     
  0.980421564851250     
  0.980152079394942     
  0.979944332207268     
  0.979795209291513     
  0.979707237015334     
  0.979660532121623     
  0.979691864556817     
  0.979777361683714     
  0.979924731582234     
  0.980149048940466     
  0.980427295817803     
  0.980770845023315     
  0.981128272341305     
  0.981577401890647     
  0.982060106887257     
  0.982532893083252     
  0.983134286828442     
  0.983621866695038     
  0.984288832289180     
  0.984777972603524     
  0.985462753099387     
  0.985965666646681     
  0.986643352848571     
  0.987135833707154     
  0.987804531792499     
  0.988254525955931     
  0.988921084293346     
  0.989309209669824     
  0.989952199752818     
  0.990299184227356     
  0.990911258388305     
  0.991169871744371     
  0.991814455465942     
  0.991974595131215     
  0.992562920278759     
  0.992736424240090     
  0.993148677899751     
  0.993378174676469     
  0.993722127766621     
  0.993938531905520     
  0.994247562080194     
  0.994407350160652     
  0.994777487043168     
  0.994825295380968     
  0.995214976279162     
  0.995289433634529     
  0.995593543620910     
  0.995725447321149     
  0.995986334898989     
  0.996099813674034     
  0.996371833800707     
  0.996469593232228     
  0.996706089991348     
  0.996856863448023     
  0.997010998895726     
  0.997198458213202     
  0.997343410702809     
  0.997511063590339     
  0.997646684536152     
  0.997796432018762     
  0.997913022323800     
  0.998034192975261     
  0.998083417330053     
  0.997915698185338     
  0.996846078667820     
  0.995247736190345     
  0.993623004156863     
  0.992074623930748     
  0.990424188995076     
  0.988774738950432     
  0.987568779724892     
  0.986060894706792     
  0.984825235563786     
  0.983673118021945     
  0.981923227780704     
  0.981771275383379     
  0.979271936465278     
  0.979929965507266     
  0.976961940706049     
  0.978194605458135     
  0.974880446121956     
  0.976880974366860     
  0.972900663445022     
  0.976180034815791     
  0.971056287982955     
  0.976128996518444     
  0.969514589116122     
  0.976464852693842     
  0.968369572836184     
  0.976706879947647     
  0.967515190019267     
  0.975943533302097     
  0.967815704795217     
  0.974457088609359     
  0.969391294584259     
  0.972692261590117     
  0.972343745013760     
  0.971341078461836     
  0.974964993060187     
  0.972030528263887     
  0.976547748344351     
  0.973356076572702     
  0.977751072275660     
  0.975040934227776     
  0.978937731477811     
  0.977043529189707     
  0.980218817948859     
  0.979330831051015     
  0.981813030794435     
  0.982036379274193     
  0.983662905576348     
  0.984838756586051     
  0.986125028580563     
  0.987742261860559     
  0.988946895974181     
  0.990673821848488     
  0.992325590143242     
  0.994272586135327     
  0.995920445537270     
  0.997651516676306     
  0.998356899822575     
  0.998624630195711     
  0.998520451285455     
  0.998728184751776     
  0.998598939228072     
  0.998781406245675     
  0.998623630721703     
  0.998827383003885     
  0.998610437683475     
  0.998907673413557     
  0.998597836992164     
  0.998964797075084     
  0.998626154941532     
  0.998908562547831     
  0.998733404564616     
  0.998838448619277     
  0.998817759644574     
  0.998791786720258     
  0.998845455714440     
  0.998751501593999     
  0.998845480488715     
  0.998707842668990     
  0.998819190442285     
  0.998730182401409     
  0.998746817001865     
  0.998756852596570     
  0.998681390660095     
  0.998676790136421     
  0.998535909924510     
