  0.974768294991916     
  0.976862757752060     
  0.975719890715233     
  0.978234247415770     
  0.976935287478596     
  0.979649847935149     
  0.978668664161395     
  0.981056682586302     
  0.980693017470435     
  0.982037513327127     
  0.982857778262943     
  0.983006637039953     
  0.984857881750594     
  0.983501236578172     
  0.986859812137486     
  0.983850039560420     
  0.989182589936371     
  0.984603919758836     
  0.990592779738313     
  0.986184291987697     
  0.990675598916052     
  0.988225960921858     
  0.989894001128730     
  0.990215248471406     
  0.988995828978506     
  0.991005929966431     
  0.988975404422553     
  0.991195358672632     
  0.989144072508056     
  0.991168392380616     
  0.989501660677047     
  0.991172267572367     
  0.989876742135758     
  0.991315683140616     
  0.990302731460809     
  0.991573044786212     
  0.990804957819225     
  0.991914664894380     
  0.991412166492740     
  0.992288729238861     
  0.992153499694075     
  0.992678918555444     
  0.992997250577883     
  0.993244571699446     
  0.993710601871231     
  0.994036045411922     
  0.994390564020052     
  0.994903396151463     
  0.995104023645479     
  0.995695868545578     
  0.995923285803984     
  0.996555980525240     
  0.996853615275309     
  0.997376283861099     
  0.997677743541169     
  0.997665387935780     
  0.997632024364948     
  0.997658768293055     
  0.997678573954312     
  0.997401880388891     
  0.997667395105692     
  0.997343884042402     
  0.997644769273019     
  0.997334041696212     
  0.997600051791851     
  0.997331939023090     
  0.997544384156234     
  0.997312458707306     
  0.997494031980180     
  0.997281859655513     
  0.997464898407562     
  0.997242449043934     
  0.997465072367546     
  0.997177866770308     
  0.997447262865139     
  0.997130302770103     
  0.997416326668809     
  0.997155258538867     
  0.997382332293530     
  0.997238359116505     
  0.997372228963691     
  0.997308546152540     
  0.997318127071338     
  0.997417985832521     
  0.997268920784343     
  0.997503807269799     
  0.997259372107831     
  0.997342574046118     
  0.996765922156592     
  0.996598039773047     
  0.996015425754901     
  0.995781322762178     
  0.995199829666168     
  0.994859752652817     
  0.993961727361550     
  0.993545575988027     
  0.992534666663780     
  0.991820638447291     
  0.991034025290904     
  0.990044805232620     
  0.989329561216067     
  0.988591720694513     
  0.987454449808878     
  0.987252759513968     
  0.985704272478623     
  0.985532960650329     
  0.983924964463059     
  0.983421384116437     
  0.981715145278521     
  0.980907507401564     
  0.979154388951243     
  0.978278445946824     
  0.977110644352446     
  0.975305468047768     
  0.975007664315725     
  0.972346570097282     
  0.973743033543780     
  0.968541556518162     
  0.972728297062948     
  0.965004475801336     
  0.970844095121103     
  0.961773547232449     
  0.968142372752681     
  0.959096078097354     
  0.963953789846628     
  0.956967403597096     
  0.958924240810807     
  0.954390660842622     
  0.954242154130746     
  0.951498097855643     
  0.949433921657831     
  0.948477333856438     
  0.944896326620611     
  0.943923748846058     
  0.940921464641044     
  0.937060983723739     
  0.936015974624151     
  0.928419651209018     
  0.929987959497716     
  0.919109230331153     
  0.923378605653977     
  0.910149354658140     
  0.915138707056219     
  0.903380524400900     
  0.905326263152418     
  0.897349111772151     
  0.896035989097503     
  0.892003365949248     
  0.887827026971107     
  0.886172052514277     
  0.881614824737999     
  0.880222854510142     
  0.876869904867413     
  0.874758069381592     
  0.872598053185131     
  0.870600051454289     
  0.868749367536988     
  0.867263732266226     
  0.865779836302637     
  0.864106257200803     
  0.863329364264921     
  0.861910085108456     
  0.861987418962640     
  0.860645955424117     
  0.861598717913709     
  0.860243243567332     
  0.861556745944511     
  0.861350395249530     
  0.861801496688364     
  0.862973703825782     
  0.863979453028001     
  0.865322862282546     
  0.866513573508022     
  0.868590497958312     
  0.870486065738281     
  0.872544512705876     
  0.874988801026305     
  0.877216792763315     
  0.879687665141371     
  0.882361294767427     
  0.884855553120017     
  0.888044886545175     
  0.891070573085884     
  0.894485408465410     
  0.897854493268720     
  0.901610374532521     
  0.905247026075876     
  0.909292308196605     
  0.913168322885882     
  0.917373538913425     
  0.921296497699129     
  0.925425532262008     
  0.929428685113022     
  0.933587482508652     
  0.937624752768814     
  0.941695057913132     
  0.945733270605437     
  0.949700989794982     
  0.953873824767588     
  0.957718879932767     
  0.961826642648061     
  0.965077379936369     
  0.968754086780555     
  0.972028196093662     
  0.975336645263627     
  0.977949629027545     
  0.980442905629411     
  0.981930553193626     
  0.983631875612827     
  0.984518134905236     
  0.985377949997705     
  0.985833276094819     
  0.986015921422554     
  0.985785205594891     
  0.984996733079800     
  0.984809103909643     
  0.983555815576914     
  0.983525342989987     
  0.982024629145249     
  0.982244561404037     
  0.980526521618544     
  0.980770899519283     
  0.979898650704233     
  0.978665980528385     
  0.979560651137152     
  0.976947310074925     
  0.978104819911932     
  0.975960555058394     
  0.976315911819518     
  0.975384426510832     
  0.974554055638347     
  0.974489700447301     
  0.973391440456533     
  0.974315229276992     
  0.972527524264487     
  0.974052484215222     
  0.972438388733913     
  0.972543000217294     
  0.974512288791364     
  0.969263357278494     
  0.974921425615120     
  0.968600812152465     
  0.974834413812346     
  0.969202572467535     
  0.973424099404335     
  0.971599773121149     
  0.971264183085137     
  0.974268385866156     
  0.968797879482994     
  0.977032163265267     
  0.968324327842588     
  0.977643526425360     
  0.969427357042058     
  0.977164667560961     
  0.971755551300767     
  0.976204568877502     
  0.974724005072742     
  0.975328449309554     
  0.977439823352492     
  0.975341050129782     
  0.979303421808739     
  0.976467339742201     
  0.980664042920020     
  0.977961913669722     
  0.982180635512960     
  0.979616770506172     
  0.983363711640553     
  0.981696850525281     
  0.984704714125205     
  0.983514842845350     
  0.985591517830935     
  0.985850031250972     
  0.986730226933143     
  0.988291947971771     
  0.988575489684454     
  0.989468349874854     
  0.990199695101257     
  0.990625156606469     
  0.991283615604265     
  0.991941309920701     
  0.992397374280573     
  0.993145195922179     
  0.993700302847491     
  0.994392224660010     
  0.994481300610573     
  0.994600390225448     
  0.994295683618979     
  0.994050403432021     
  0.993826771700562     
  0.993795374077340     
  0.993153334107222     
  0.993730239030062     
  0.992573523626603     
  0.993612540321075     
  0.992168250248982     
  0.993477979797322     
  0.991832285761740     
  0.993369801266333     
  0.991556566606105     
  0.993352967399415     
  0.991296324677988     
  0.993359472877211     
  0.991183459956685     
  0.993200036987985     
  0.991233546081433     
  0.992866978683673     
  0.991452635268935     
  0.992372207080926     
  0.991868097198488     
  0.991782721200022     
  0.992422396518589     
  0.991338170960372     
  0.992732180979401     
  0.991352448079134     
  0.992946045773777     
  0.991380037744004     
  0.993302870002894     
  0.991478304839954     
  0.993478204944261     
  0.991816437874476     
  0.993494890327573     
  0.992301355692063     
  0.993532310311414     
  0.992893364672481     
  0.993703613309033     
  0.993492460023493     
  0.994094735979862     
  0.994040853652756     
  0.994621736297843     
  0.994598674444566     
  0.995230247942275     
  0.995178143930660     
  0.995883719027882     
  0.995873355619226     
  0.996460868679863     
  0.996658410404382     
  0.996886420181707     
  0.997376739951803     
  0.997455764367172     
  0.997794877012222     
  0.997980384191198     
  0.998152710421014     
  0.998342846406741     
  0.998546761328043     
  0.998755729058601     
  0.998951081927539     
  0.999131089021918     
  0.999309746459122     
  0.999306227269538     
  0.999374144526085     
  0.999306727918708     
  0.999355499251523     
  0.999324686175535     
  0.999332395363838     
  0.999311357922942     
  0.999223540643970     
  0.999144514000006     
  0.998967089742326     
  0.998918731934373     
  0.998727289568535     
  0.998678346731128     
  0.998381886205212     
  0.998397031668259     
  0.998285783157788     
  0.998204166864354     
  0.997914842469601     
  0.998165019915875     
  0.997703943811153     
  0.997801762681597     
  0.997518475725613     
  0.997160588137515     
  0.997263161200916     
  0.996608568362707     
  0.996979995363810     
  0.996178294653587     
  0.996639902140271     
  0.995797939304737     
  0.996371786888804     
  0.995538084271078     
  0.996047820026990     
  0.995464438387687     
  0.995601094011112     
  0.995632902518897     
  0.995111084680824     
  0.995872642092275     
  0.994497850983549     
  0.996035676985988     
  0.993837121403740     
  0.996022225834145     
  0.993232993157457     
  0.996208701856571     
  0.992960856584906     
  0.996162931465331     
  0.993557138783830     
  0.995770190020200     
  0.994388022372362     
  0.994966288192286     
  0.995003401875601     
  0.994233866710049     
  0.995603675197213     
  0.993617155952677     
  0.996222181036331     
  0.993221711489570     
  0.996592687324125     
  0.993355280794136     
  0.996441923666346     
  0.993828401820466     
  0.996125831109381     
  0.994560562119965     
  0.995673176138423     
  0.995316743341622     
  0.995397398053107     
  0.995853245613758     
  0.995481688131759     
  0.996263457273328     
  0.995624161788120     
  0.996685864397605     
  0.995911725076466     
  0.996818269121151     
  0.996465573434208     
  0.997060484747149     
  0.996735522100852     
  0.997300789982490     
  0.997030100617712     
  0.997548272617095     
  0.997335976145691     
  0.997707896031942     
  0.997571371050153     
  0.997648053114343     
  0.997762852772743     
  0.997736128533553     
  0.997752685614488     
  0.997945107933513     
  0.997865333693729     
  0.997996662073803     
  0.998086590169506     
  0.998055211576392     
  0.998289344187382     
  0.998141357648689     
  0.998437488100676     
  0.998134776103626     
  0.998337422351575     
  0.998105310140276     
  0.998163959734987     
  0.998115310536393     
  0.998161283870027     
  0.998049270373364     
  0.998078043365496     
  0.998115999051007     
  0.997856151089070     
  0.998203093550942     
  0.997578486429918     
  0.998251833698676     
  0.997237394799575     
  0.998203887156676     
  0.996935403763136     
  0.998043155271816     
  0.996794480777017     
  0.997686403063600     
  0.996813517783987     
  0.997201196023330     
  0.996394201373795     
  0.996201580740251     
  0.995715428825651     
  0.995177978850359     
  0.994962276572054     
  0.994255602552800     
  0.994333427727839     
  0.993580024149387     
  0.993295893792862     
  0.992982853663238     
  0.992864380098490     
  0.991955806518574     
  0.992619529838751     
  0.991188113935385     
  0.991662915653704     
  0.990433211206516     
  0.990433135267464     
  0.989804114137491     
  0.989374073180928     
  0.989059666575928     
  0.988567525111563     
  0.988110983919398     
  0.988197788881130     
  0.986948420164834     
  0.988118990623506     
  0.985743552678042     
  0.988495359645682     
  0.984258244100811     
  0.988427669633656     
  0.983941550177971     
  0.986936802485018     
  0.985918281430540     
  0.984225718374460     
  0.987322002931365     
  0.982049269815298     
  0.987739339276896     
  0.981407253897614     
  0.986685773834579     
  0.981787254246446     
  0.985396987177093     
  0.982441578076225     
  0.983925984453877     
  0.983060301521503     
  0.982671348070967     
  0.983132625632085     
  0.982179042405463     
  0.982596513485037     
  0.982433014990312     
  0.981897579635351     
  0.982898221163244     
  0.981475755457726     
  0.983231607068091     
  0.981401875417957     
  0.983415411378750     
  0.981509858019857     
  0.983536434302110     
  0.981796876279633     
  0.983765631429780     
  0.982391135709436     
  0.983935449179948     
  0.983473517047518     
  0.983889124750270     
  0.984812136050345     
  0.984290133860331     
  0.985594928224957     
  0.985299739270838     
  0.986570568324808     
  0.986298082779506     
  0.987537723954536     
  0.987645928579263     
  0.988613915858990     
  0.989075820908806     
  0.989376653554534     
  0.990123620003184     
  0.990036569022121     
  0.991063292195287     
  0.990912982638925     
  0.991912029497540     
  0.991908575378536     
  0.992878380546973     
  0.992923151005274     
  0.993829065767660     
  0.994030202856213     
  0.994737188019826     
  0.995101082019784     
  0.995554771128712     
  0.995792625287030     
  0.995978133027293     
  0.996256638574205     
  0.996360079336032     
  0.996577163728809     
  0.996716988257592     
  0.996861314321440     
  0.997012810723938     
  0.997150986810588     
  0.997231701439123     
  0.997307786842658     
  0.997249224471982     
  0.997215139632009     
  0.997066894433763     
  0.997001720793844     
  0.996849812007193     
  0.996907768566065     
  0.996800318814925     
  0.996698532683303     
  0.996641230733076     
  0.996548550687797     
  0.996241909366915     
  0.996627777300106     
  0.995974052913143     
  0.996378024848132     
  0.996110324958423     
  0.995817640604230     
  0.996298549178597     
  0.995403953040648     
  0.996317645350999     
  0.995452990960260     
  0.995942185800917     
  0.995753686662175     
  0.995505702269432     
  0.996137507384924     
  0.994899577044213     
  0.996518730817344     
  0.994099930388983     
  0.996699683837656     
  0.993483113450933     
  0.996738559120604     
  0.994137502320108     
  0.995907052635018     
  0.995988600282224     
  0.994825907969304     
  0.996379667446077     
  0.992899011890988     
  0.995724339697974     
  0.991263839409182     
  0.994858621044391     
  0.990863238850734     
  0.994168985269783     
  0.990863879474320     
  0.993295235878343     
  0.991278695845296     
  0.991569135130579     
  0.991315232942086     
  0.989949502684188     
  0.990465915780734     
  0.988846408389839     
  0.989467328263856     
  0.988014222098666     
  0.988941338010985     
  0.987271850418369     
  0.988326591625438     
  0.986481754568955     
  0.987839994648579     
  0.985986350694109     
  0.987220863605656     
  0.985477407577109     
  0.987185351702553     
  0.984361757918116     
  0.987777284162698     
  0.983125861517628     
  0.988354563681243     
  0.982360204953035     
  0.988645978345731     
  0.982345841265693     
  0.988911496636215     
  0.982801375128069     
  0.987783462729642     
  0.984259152477488     
  0.986322957391495     
  0.985792090404563     
  0.984652083026037     
  0.986963422048265     
  0.984150210213012     
  0.987283477136889     
  0.984673728231618     
  0.987107881503738     
  0.985462370350382     
  0.986993098550876     
  0.986011946146653     
  0.987080562863866     
  0.986337254871223     
  0.987327265023118     
  0.986489923139211     
  0.987924037465741     
  0.986575727191568     
  0.988598873830076     
  0.987095834511789     
  0.988984162427259     
  0.988057446342710     
  0.988927054640510     
  0.989258254023453     
  0.989369703855298     
  0.989922538666940     
  0.990398868073514     
  0.990575097761938     
  0.991103834310604     
  0.991657876496059     
  0.991807209394021     
  0.992773196526815     
  0.992793015674279     
  0.993912125435802     
  0.993877033473470     
  0.994693773498492     
  0.994452421260489     
  0.994895764724782     
  0.994791741404886     
  0.995139893531886     
  0.995232990569440     
  0.995403798702240     
  0.995755686477123     
  0.995765535224460     
  0.996202387587310     
  0.996011375680212     
  0.996247533944240     
  0.995872800066339     
  0.996206917215613     
  0.995757877198429     
  0.996030642405911     
  0.995745865263639     
  0.995870740593749     
  0.995668889384034     
  0.995740849413356     
  0.995564510178431     
  0.995611837280512     
  0.995409003156599     
  0.995479777518492     
  0.995177549011033     
  0.995341094464808     
  0.994901801347249     
  0.995126251341296     
  0.994655342341062     
  0.994764777733590     
  0.994399879883324     
  0.994390355733408     
  0.994018334092833     
  0.993969898849276     
  0.993633270490376     
  0.993453364622148     
  0.993153104744780     
  0.992907344015884     
  0.992631923437230     
  0.992290593691408     
  0.992066349232386     
  0.991606875720114     
  0.991387972665095     
  0.990856438741729     
  0.990661639202397     
  0.990087953221925     
  0.989908734594908     
  0.989362414328629     
  0.989172631310112     
  0.988681861832878     
  0.988463390906227     
  0.988073177191842     
  0.987826623133062     
  0.987534597559983     
  0.987288181459347     
  0.987078850717880     
  0.986858471888074     
  0.986747349862278     
  0.986576618473191     
  0.986537590395300     
  0.986462225550720     
  0.986471500200894     
  0.986438044518742     
  0.986529180452891     
  0.986605916430252     
  0.986658329487057     
  0.986889313596714     
  0.986967014355416     
  0.987257874604644     
  0.987397857896237     
  0.987712781214273     
  0.987948915599362     
  0.988256398157648     
  0.988571153567288     
  0.988902823969757     
  0.989239757483655     
  0.989621416745179     
  0.989953966901171     
  0.990375232126928     
  0.990700072841053     
  0.991148826357855     
  0.991426561895048     
  0.991896030375369     
  0.992092680608891     
  0.992597048184789     
  0.992731351492943     
  0.993270604317060     
  0.993334388943763     
  0.993929177854292     
  0.993956309862057     
  0.994486093632048     
  0.994610022721278     
  0.994895781512078     
  0.995131079784163     
  0.995290818358062     
  0.995576238784212     
  0.995676160804568     
  0.995954670986379     
  0.996091255157117     
  0.996257740918450     
  0.996461335670632     
  0.996592464876333     
  0.996737599266783     
  0.996903986958560     
  0.996996766481641     
  0.997171806706671     
  0.997237518510297     
  0.997422259671631     
  0.997456064952087     
  0.997636195356093     
  0.997665804364659     
  0.997718611794237     
  0.997393778925773     
  0.996447590011926     
  0.995402800004809     
  0.994306609715496     
  0.993300862648294     
  0.992396984088853     
  0.991240571504594     
  0.990214645871509     
  0.989409366448260     
  0.988430833390853     
  0.987566019411625     
  0.986925122498883     
  0.985523349412003     
  0.985556846516204     
  0.983811461785401     
  0.983943122488254     
  0.982565586464396     
  0.982291653628500     
  0.981495752160595     
  0.980816753097147     
  0.980437654235211     
  0.979623009025044     
  0.979235874236390     
  0.978781489468171     
  0.977788462018140     
  0.978396590248943     
  0.976132268666443     
  0.978623299248870     
  0.974471522938057     
  0.979458341907542     
  0.973216339229488     
  0.980506457392203     
  0.972456623686573     
  0.981076501485476     
  0.971994236906041     
  0.980208551442722     
  0.972421144973511     
  0.978216957839101     
  0.974103648073365     
  0.976028498572275     
  0.977137173529627     
  0.974387363897063     
  0.979393675737696     
  0.974650079610854     
  0.980037145687377     
  0.975447696830012     
  0.980140699410201     
  0.976691333410226     
  0.979841679849277     
  0.978340219192243     
  0.979982145710446     
  0.979882831588368     
  0.980941066595873     
  0.981092371706823     
  0.982359192491027     
  0.982296513838505     
  0.983996819159752     
  0.983735403865916     
  0.985470734070757     
  0.985680058311930     
  0.986849701511328     
  0.987784799215784     
  0.988669679438521     
  0.989767569290134     
  0.990709833863654     
  0.991812298540078     
  0.993019423856282     
  0.994290133938221     
  0.995363751008600     
  0.996698095079917     
  0.997665964922334     
  0.998633258672607     
  0.998604788356294     
  0.998911664859741     
  0.998650000613557     
  0.998967738348020     
  0.998708432552110     
  0.998920458103079     
  0.998819083002176     
  0.998845997089980     
  0.998904032177817     
  0.998807466771397     
  0.998943040554826     
  0.998742763961856     
  0.998890153469683     
  0.998610513114554     
  0.998783213893626     
  0.998539206001331     
  0.998640431120962     
  0.998501677894420     
  0.998497219055073     
  0.998444259260457     
  0.998432310263907     
