  0.983181596135412     
  0.983141094708398     
  0.983339469120937     
  0.983759534973322     
  0.984431616610204     
  0.985287117976808     
  0.986268897137803     
  0.987339498235148     
  0.988080269013820     
  0.988224376189428     
  0.988011785720530     
  0.987925082098664     
  0.987871091406320     
  0.987629929615614     
  0.987430517209349     
  0.987425047261940     
  0.987328935077819     
  0.987133380179575     
  0.987097776592310     
  0.987371045340947     
  0.987461266416697     
  0.987321440326762     
  0.987431872828660     
  0.987756378101228     
  0.987903738570556     
  0.988079309236470     
  0.988413552281237     
  0.988763385082975     
  0.989046696616834     
  0.989410666532628     
  0.989885064755044     
  0.990398161990530     
  0.990914233118356     
  0.991458025945839     
  0.992087749328714     
  0.992776589258539     
  0.993500160539105     
  0.994279650732327     
  0.995115830121308     
  0.995990578447953     
  0.996887309265955     
  0.997594932317338     
  0.997786008278981     
  0.997807293309301     
  0.997850596780146     
  0.997933618251274     
  0.998043405754102     
  0.998129259890103     
  0.998183773855023     
  0.998269435840915     
  0.998341633370454     
  0.998323357964814     
  0.998368717792211     
  0.998455056483243     
  0.998432289455817     
  0.998334240893841     
  0.998353497652998     
  0.998415081048964     
  0.998332314480230     
  0.998237576632687     
  0.998222338798543     
  0.998184076352401     
  0.998091341037583     
  0.998011585422044     
  0.997937773356622     
  0.997830017176223     
  0.997697425821157     
  0.997576672237437     
  0.997488307881605     
  0.997435271806758     
  0.997414627696268     
  0.997454966038765     
  0.997570262093724     
  0.997731538324872     
  0.997872929604627     
  0.997984606999858     
  0.998112229057336     
  0.998212538613003     
  0.998207008904774     
  0.998131069232910     
  0.998060797908856     
  0.997954233945025     
  0.997808350640929     
  0.997681140555782     
  0.997577373854865     
  0.997459307421415     
  0.997337472173979     
  0.997234328711102     
  0.997154329629437     
  0.997098720289133     
  0.997038642456560     
  0.996984303063941     
  0.996959355884323     
  0.996927124844318     
  0.996877508710000     
  0.996838582669694     
  0.996820828408671     
  0.996818074595799     
  0.996842331035710     
  0.996814613563256     
  0.996331723182570     
  0.995468543619727     
  0.994566251441125     
  0.993604149624559     
  0.992594309648949     
  0.991671381128960     
  0.990671112918364     
  0.989331867735974     
  0.988136559941333     
  0.987225183690996     
  0.986282207327291     
  0.985362873748745     
  0.984605440851253     
  0.984002040605829     
  0.983499513597218     
  0.982969254473305     
  0.982171701113134     
  0.981338837309474     
  0.980455508670216     
  0.979045883618412     
  0.977135379049067     
  0.975292962829965     
  0.973498838728576     
  0.971568371678325     
  0.969797952894243     
  0.968246147560716     
  0.966732157311213     
  0.965319582105751     
  0.964000845949947     
  0.962816717118518     
  0.961935464243769     
  0.960829408704617     
  0.959018685665350     
  0.956951916502035     
  0.955247225037109     
  0.953550943784476     
  0.951139110746123     
  0.948551480962145     
  0.947230249820034     
  0.946153590321138     
  0.943478014972358     
  0.941175118582362     
  0.940438052672938     
  0.939436173617148     
  0.936983913328263     
  0.934428178096285     
  0.931691408195156     
  0.927976245007275     
  0.922637658470893     
  0.916660763752436     
  0.910283720824999     
  0.903264523385802     
  0.895268118082860     
  0.887217029820973     
  0.879751837966747     
  0.872246591684720     
  0.864525674484697     
  0.857418128649806     
  0.851219445283222     
  0.845414451956805     
  0.840054602703497     
  0.835291290293896     
  0.831056024273306     
  0.827318335389197     
  0.823876394352990     
  0.820847124740541     
  0.818453079376299     
  0.816906869886995     
  0.816135657956783     
  0.816360808139633     
  0.817586355975927     
  0.819428643936859     
  0.821969966705674     
  0.825493178922407     
  0.829792682954726     
  0.834705360848967     
  0.840243816190759     
  0.846226202013521     
  0.852615259896416     
  0.859464919852502     
  0.866749898896990     
  0.874381026579448     
  0.882225484325547     
  0.890251846152043     
  0.898416418073369     
  0.906698176694739     
  0.915061237354473     
  0.923465858201338     
  0.931824550781049     
  0.940064594948975     
  0.948068079575948     
  0.955607100349549     
  0.962412315234575     
  0.968190773755355     
  0.972866875277998     
  0.976556203033374     
  0.979454046286040     
  0.981746381058090     
  0.983646999269917     
  0.985257173120510     
  0.986635596000227     
  0.987666387519327     
  0.988707384706992     
  0.989596452616535     
  0.990360064688845     
  0.991035976574276     
  0.991643473566389     
  0.992195154943775     
  0.992687255672075     
  0.993102648793408     
  0.993485684283492     
  0.993867791011168     
  0.994215167220467     
  0.994481347027963     
  0.994559725064993     
  0.994230347582215     
  0.993693446439258     
  0.993175397109294     
  0.992750114243676     
  0.992398680077039     
  0.992060695204159     
  0.991753086548146     
  0.991468394695520     
  0.991182799984382     
  0.990339845825271     
  0.988680212122582     
  0.986538531608454     
  0.984410763526256     
  0.982202361257166     
  0.979780143395965     
  0.977675555534529     
  0.976204312937682     
  0.974285308682229     
  0.972414071969700     
  0.971379695526676     
  0.970542981741089     
  0.969094474412625     
  0.967867113732111     
  0.968192769575529     
  0.967275910640631     
  0.966427488619489     
  0.966311271030641     
  0.966107006305384     
  0.965794380271132     
  0.965918686191354     
  0.965965311804940     
  0.966159106174046     
  0.966710332995232     
  0.966663748101580     
  0.967368863847529     
  0.968468001628017     
  0.968690631834626     
  0.969155755986226     
  0.970369753159309     
  0.971326554969252     
  0.972206915490437     
  0.973513578367888     
  0.974910618669873     
  0.976184894076889     
  0.977820889585581     
  0.979712509654807     
  0.981328181687127     
  0.982597609661990     
  0.984038994817476     
  0.985698759632399     
  0.987483510861501     
  0.989326965149551     
  0.991218890733351     
  0.993134732746971     
  0.995117635548423     
  0.997062408267515     
  0.998367074763571     
  0.999058972047559     
  0.999180849921616     
  0.999216380781502     
  0.999235653624911     
  0.999239589965940     
  0.999193929780930     
  0.999062527194246     
  0.998907063929572     
  0.998721655481931     
  0.998416249043578     
  0.998014760732662     
  0.997631669830790     
  0.997277376399034     
  0.996969032284959     
  0.996748082629753     
  0.996624796129401     
  0.996558500816508     
  0.996504976949122     
  0.996341686562910     
  0.996132491821430     
  0.995867251472998     
  0.995616138804393     
  0.995441861289321     
  0.995254262605798     
  0.995037361783914     
  0.994886420476385     
  0.994795113382453     
  0.994670644847610     
  0.994596300556163     
  0.994556806440788     
  0.994423088610623     
  0.994252761601965     
  0.994221274431973     
  0.994229299911575     
  0.994053620936376     
  0.993763650738891     
  0.993643911172656     
  0.993601452452873     
  0.993281121538413     
  0.992922230102009     
  0.992887798896738     
  0.992795124917221     
  0.992436527497474     
  0.992303083375946     
  0.992471151118210     
  0.992564584447650     
  0.992681778138293     
  0.993052430681834     
  0.993527082310360     
  0.993969975361580     
  0.994414776944365     
  0.994838230589605     
  0.995265911412838     
  0.995691640445249     
  0.996051466408320     
  0.996345406362805     
  0.996668078969451     
  0.997019725748865     
  0.997423409495082     
  0.997866704048128     
  0.998312641582357     
  0.998767381132726     
  0.999212219535827     
  0.999417546342072     
  0.999434819560568     
  0.999416669874763     
  0.999421172909446     
  0.999409819644189     
  0.999383519691821     
  0.999379578076094     
  0.999384091807272     
  0.999372683208071     
  0.999356735183794     
  0.999347914707663     
  0.999326523920897     
  0.999288309473295     
  0.999262720653143     
  0.999242073383044     
  0.999204539403760     
  0.999178541615872     
  0.999187116646421     
  0.999210280625777     
  0.999236716533086     
  0.999278006748997     
  0.999329458946226     
  0.999380188417798     
  0.999423253007715     
  0.999455706604190     
  0.999490217040257     
  0.999529322024224     
  0.999551556699476     
  0.999556560202667     
  0.999580852868783     
  0.999599809057762     
  0.999549707958130     
  0.999442022751693     
  0.999214059051329     
  0.998911654608054     
  0.998575670563763     
  0.998269155593498     
  0.998010674975180     
  0.997781811329163     
  0.997597201738927     
  0.997492071272511     
  0.997458148752116     
  0.997473760775017     
  0.997502926827910     
  0.997487136858765     
  0.997385545497636     
  0.997206943532100     
  0.997076640228868     
  0.996787968793786     
  0.996354744359266     
  0.996208613170053     
  0.996210728619293     
  0.995766420008533     
  0.995341701863466     
  0.995633113962946     
  0.995837209918980     
  0.995203321959002     
  0.994928705343145     
  0.995255939289112     
  0.995148997180169     
  0.994836256651536     
  0.994937935391552     
  0.994942254376103     
  0.994692114773239     
  0.994627370442558     
  0.994682580413628     
  0.994583009540686     
  0.994573795921138     
  0.994727409219342     
  0.994761315826251     
  0.994850288920441     
  0.995166871391312     
  0.995447473292047     
  0.995599163755122     
  0.995893756676079     
  0.996219489100338     
  0.996454202478484     
  0.996721227015316     
  0.997002719754652     
  0.997123858087551     
  0.997191297092984     
  0.997284380145168     
  0.997386687559457     
  0.997515362624268     
  0.997696861325502     
  0.997917359376596     
  0.998157394737100     
  0.998416938090546     
  0.998695632113330     
  0.998983901205664     
  0.999275028594873     
  0.999522542800597     
  0.999583740007218     
  0.999543982034155     
  0.999479185514125     
  0.999413621643242     
  0.999357133795145     
  0.999296548851047     
  0.999199895452005     
  0.999027432629197     
  0.998853462111108     
  0.998688187794956     
  0.998514517522487     
  0.998384062444322     
  0.998280064256103     
  0.998142860171421     
  0.997974225095544     
  0.997853664640435     
  0.997785362975442     
  0.997719945888033     
  0.997623927275887     
  0.997532978046772     
  0.997516208211552     
  0.997565979847948     
  0.997607712585297     
  0.997627358223641     
  0.997719636784232     
  0.997857731255860     
  0.997898819871800     
  0.997925048943632     
  0.998091400252668     
  0.998230427830992     
  0.998223977635766     
  0.998302230716295     
  0.998461252969965     
  0.998466856612124     
  0.998386493052367     
  0.998374369629454     
  0.998249830512675     
  0.997930244721705     
  0.997550374113053     
  0.997114849310265     
  0.996495122233235     
  0.995714681086385     
  0.994861980448201     
  0.993909413685606     
  0.992881936627811     
  0.991845028558590     
  0.990588070536416     
  0.989051154104927     
  0.987657574100981     
  0.986463425292375     
  0.985456776368778     
  0.984628678485396     
  0.983921649121894     
  0.983266965289106     
  0.982760990668661     
  0.982404023139765     
  0.982142914302658     
  0.981936135921798     
  0.981876209731356     
  0.982025925711307     
  0.981978279534660     
  0.981491684053945     
  0.981410682261422     
  0.981648051174582     
  0.981266987393331     
  0.981573052820144     
  0.982140935441522     
  0.981728562021200     
  0.981840471814464     
  0.982944398738138     
  0.983026701019153     
  0.982337410063881     
  0.982359981120743     
  0.982266908690018     
  0.981142945531837     
  0.980081773082122     
  0.979373734806700     
  0.978363514180269     
  0.977112059517750     
  0.976115364456284     
  0.975362873618413     
  0.974541423660390     
  0.973688797077375     
  0.973005883714164     
  0.972352757836284     
  0.971763961009976     
  0.971389392234299     
  0.971152572076363     
  0.971023594970827     
  0.971177267524320     
  0.971609230705281     
  0.972184499800257     
  0.972682411420711     
  0.972976942690150     
  0.973397685017563     
  0.973961059739137     
  0.974698375710196     
  0.975630698471505     
  0.976731075697829     
  0.977954102613641     
  0.979199078109550     
  0.980389126016006     
  0.981573195429741     
  0.982775266426511     
  0.983908091945677     
  0.984974805832662     
  0.985870807008747     
  0.986499252837941     
  0.987064335868919     
  0.987601784839984     
  0.988177006859248     
  0.988823505384714     
  0.989462942636129     
  0.990066932652270     
  0.990696758228087     
  0.991336032607666     
  0.991940573599464     
  0.992543643927949     
  0.993198238267772     
  0.993868167060883     
  0.994510972857567     
  0.995145228601382     
  0.995763022335835     
  0.996349707480202     
  0.996889145689099     
  0.997368699809469     
  0.997774720359550     
  0.998092596568250     
  0.998321881140217     
  0.998477317129806     
  0.998553577884774     
  0.998570641082271     
  0.998554935831357     
  0.998508167514474     
  0.998432600854525     
  0.998371949022528     
  0.998304796064760     
  0.998215855580799     
  0.998114883031007     
  0.997979459864952     
  0.997776580949739     
  0.997524783332765     
  0.997124398580398     
  0.996575192014768     
  0.995938293586131     
  0.995311490303319     
  0.994782773795726     
  0.994287904677242     
  0.993941123075506     
  0.993715385451427     
  0.993400172419634     
  0.993100671368003     
  0.992911477939224     
  0.992704715335060     
  0.992493948211991     
  0.992450017509188     
  0.992482326717446     
  0.992393693423954     
  0.992332119186827     
  0.992457874338509     
  0.992543176538159     
  0.992603026566878     
  0.992906911415193     
  0.993154136710600     
  0.993421439562020     
  0.993945564530232     
  0.994563581264162     
  0.995211965373807     
  0.995719929324160     
  0.996085799188320     
  0.996543349229664     
  0.996959785818772     
  0.997171541145610     
  0.997299135900772     
  0.997458955735368     
  0.997484864354288     
  0.997288042813439     
  0.997065631011379     
  0.996437508810289     
  0.995452527998481     
  0.994456139545532     
  0.993590233551883     
  0.992819002869443     
  0.992073174231934     
  0.991441757525127     
  0.990934175152852     
  0.990456204941505     
  0.989979023064352     
  0.989439718552080     
  0.988822169219804     
  0.987977658876774     
  0.987005004866127     
  0.986542741504302     
  0.986175252503529     
  0.985467417770391     
  0.985001284758733     
  0.985053295204349     
  0.984668399982313     
  0.984041648911312     
  0.984169775757157     
  0.984146651980487     
  0.983607999217834     
  0.983631898216267     
  0.983981636610582     
  0.983791059827598     
  0.983665472165994     
  0.984022256376495     
  0.984306344735278     
  0.984429180619782     
  0.984693409063483     
  0.985130970038522     
  0.985498174476206     
  0.985873415141444     
  0.986402406076958     
  0.986946452593896     
  0.987469652909701     
  0.988113492270766     
  0.988863656448035     
  0.989633337815544     
  0.990478380316400     
  0.991420316133487     
  0.992414700083428     
  0.993302876434400     
  0.994056785397879     
  0.994237762517219     
  0.994235241736084     
  0.994201503720280     
  0.994146250375129     
  0.994100081637775     
  0.994063045694251     
  0.994041525716141     
  0.994097206104391     
  0.994194928089473     
  0.994038340416482     
  0.993629040444477     
  0.993287160826556     
  0.992961607401022     
  0.992590320663508     
  0.992330140428848     
  0.992189035330402     
  0.991961069514387     
  0.991726716909084     
  0.991661179672810     
  0.991614850739066     
  0.991444519436482     
  0.991332458869117     
  0.991338484887970     
  0.991296915460367     
  0.991235502377094     
  0.991317780487999     
  0.991401519805973     
  0.991426783439282     
  0.991553396067295     
  0.991717870852289     
  0.991883704692023     
  0.992064016419108     
  0.992238803444428     
  0.992366415563053     
  0.992457272952563     
  0.992515909476223     
  0.992482834094856     
  0.992396314599278     
  0.992306186730470     
  0.992161296691823     
  0.991882893926923     
  0.991528098608206     
  0.991121815696238     
  0.990619265935538     
  0.990036002311841     
  0.989415877265110     
  0.988736418707442     
  0.987978949509251     
  0.987146424189623     
  0.986248539198058     
  0.985283549585603     
  0.984249287712602     
  0.983141741252614     
  0.981930208759296     
  0.980646999891524     
  0.979302808375335     
  0.977886084380558     
  0.976396430464296     
  0.974844791574783     
  0.973246552209535     
  0.971612393776047     
  0.969959410263479     
  0.968311990359113     
  0.966711288825992     
  0.965173636636142     
  0.963713010758500     
  0.962367598970429     
  0.961165237939595     
  0.960108442148683     
  0.959217948362808     
  0.958525928739565     
  0.958038293015170     
  0.957757992984020     
  0.957692846299187     
  0.957851694881259     
  0.958231268909716     
  0.958817885016531     
  0.959592181122370     
  0.960532575255666     
  0.961626052578342     
  0.962839063414066     
  0.964132108018079     
  0.965541678263061     
  0.967031834978272     
  0.968577561365336     
  0.970163921465539     
  0.971754477427280     
  0.973326915385444     
  0.974855021887390     
  0.976310133581418     
  0.977689407052077     
  0.979000574905867     
  0.980219969340754     
  0.981308315568031     
  0.982290505974848     
  0.983238040402646     
  0.984120491612263     
  0.984876383354807     
  0.985585854631244     
  0.986320354824263     
  0.986937397435812     
  0.987430188202993     
  0.987972835618830     
  0.988475308175742     
  0.988925589485829     
  0.989393859865495     
  0.989899798245289     
  0.990343581268098     
  0.990745027631986     
  0.991172768331843     
  0.991590836095855     
  0.991968581325514     
  0.992328413848937     
  0.992673366183036     
  0.993006492810205     
  0.993328830302861     
  0.993629423921899     
  0.993915597436493     
  0.994211026945764     
  0.994520799616172     
  0.994830318588814     
  0.995131600242554     
  0.995433424238563     
  0.995736542464394     
  0.996014260110848     
  0.996281965943446     
  0.996570761483107     
  0.996861973813017     
  0.997122032514048     
  0.997341721353044     
  0.997537496159459     
  0.997725280704378     
  0.997870308548467     
  0.997962255587682     
  0.998041256435855     
  0.998091355964109     
  0.997824543100533     
  0.996498119055744     
  0.994192540883636     
  0.991818871827790     
  0.989529932972830     
  0.987388825243706     
  0.985412957317513     
  0.983519559829667     
  0.981611077348542     
  0.979864244274735     
  0.978278857995588     
  0.976809183887459     
  0.975401415861672     
  0.973879907595584     
  0.972293317398206     
  0.971101988232463     
  0.970345450219344     
  0.969515510676205     
  0.968741895763788     
  0.968543082757930     
  0.968505232032117     
  0.967927800950488     
  0.967297158543733     
  0.967604742067182     
  0.968218476615027     
  0.968399344044791     
  0.968113131446200     
  0.968337287768456     
  0.968869965481561     
  0.969193520199928     
  0.969841443796261     
  0.970892165985672     
  0.971987476035000     
  0.973083008339140     
  0.974474819666030     
  0.976039517086153     
  0.977522347347239     
  0.978876472175822     
  0.980283762675378     
  0.981956251892634     
  0.983836309990447     
  0.985777413906860     
  0.987856207184716     
  0.990134173710173     
  0.992609243772010     
  0.995137016095488     
  0.997311330065280     
  0.998252561136037     
  0.998417431753388     
  0.998528723258214     
  0.998628834939870     
  0.998693637373196     
  0.998743886887641     
  0.998791615493092     
  0.998852145999802     
  0.998916519194552     
  0.998970955725720     
  0.999016645518632     
  0.999069871719399     
  0.999123843943298     
  0.999148920098321     
  0.999174905866731     
  0.999234489702255     
  0.999280688020069     
  0.999269564526938     
  0.999277540484732     
  0.999324106726084     
  0.999339089204653     
  0.999313919560009     
  0.999305820987634     
  0.999324276141454     
  0.999312155665533     
  0.999258432676579     
  0.999228668981345     
  0.999228895918640     
  0.999200049278152     
  0.999145059964079     
  0.999116379691473     
  0.999112473250860     
  0.999102402533184     
  0.999099736767532     
