  0.976944957842766     
  0.976554585123420     
  0.978346045009383     
  0.977872336820200     
  0.979844473055103     
  0.979598254792871     
  0.981165179778767     
  0.981222311116233     
  0.982889587016669     
  0.982507959573614     
  0.984562344115351     
  0.983341797853247     
  0.985939777166831     
  0.984411948775589     
  0.987535140087062     
  0.985513352129745     
  0.989284635348268     
  0.986547971954753     
  0.990834652221837     
  0.987598598665158     
  0.991222141159865     
  0.988263655985827     
  0.990723018470846     
  0.989167582204155     
  0.990225159335495     
  0.989489656455518     
  0.990217990652238     
  0.989700625493866     
  0.990314413651926     
  0.989912187659003     
  0.990544995157476     
  0.990119935177647     
  0.990840170054823     
  0.990423890770920     
  0.991216306317253     
  0.990836298720693     
  0.991623244359044     
  0.991465210190949     
  0.992008770167800     
  0.992266550254437     
  0.992556508084938     
  0.993015868683226     
  0.993383932560833     
  0.993808119846576     
  0.994301708474950     
  0.994687120698459     
  0.995165800429551     
  0.995671727485179     
  0.996160952976202     
  0.996650116263023     
  0.997151906053990     
  0.997505258503708     
  0.997953582329171     
  0.997740721313802     
  0.998042586195322     
  0.997739265889515     
  0.997807130758161     
  0.997886132467544     
  0.997765179449923     
  0.997754403887210     
  0.997712913273787     
  0.997707727304274     
  0.997677136866888     
  0.997632235702398     
  0.997651506346009     
  0.997561444837777     
  0.997617797200902     
  0.997494790481510     
  0.997569897033277     
  0.997451135871349     
  0.997493320765574     
  0.997415510866167     
  0.997416575719844     
  0.997373242969102     
  0.997381922929839     
  0.997317202680724     
  0.997342667836558     
  0.997264072457406     
  0.997374785753883     
  0.997251715943180     
  0.997390693440914     
  0.997308316984841     
  0.997452290202659     
  0.997391765396932     
  0.997436375539508     
  0.997422333599088     
  0.997496594829050     
  0.997406225318311     
  0.997472957639776     
  0.997272630694134     
  0.996919283059909     
  0.996434390372579     
  0.995928800515121     
  0.995499890163493     
  0.994830603938557     
  0.994448842192535     
  0.993559564667153     
  0.992892676449440     
  0.991987706060759     
  0.991195429121919     
  0.990077797214551     
  0.989641251529790     
  0.988216637227625     
  0.988004150992734     
  0.986904033926972     
  0.986239432645522     
  0.985664933822344     
  0.984612321335085     
  0.983992260964437     
  0.982544257967383     
  0.981879282717887     
  0.979744580119219     
  0.979614937176160     
  0.976831639004032     
  0.977457014153526     
  0.974323713161530     
  0.975209133886872     
  0.971435292811904     
  0.973276560290863     
  0.968997273966030     
  0.970895049074527     
  0.966232030731176     
  0.968817943386039     
  0.962950104963314     
  0.966102636576099     
  0.959763033142350     
  0.962919387930647     
  0.956050527984929     
  0.959746893145293     
  0.952025366743778     
  0.955842491405471     
  0.948697865568413     
  0.951416813199587     
  0.944677237267121     
  0.947609478292182     
  0.939764495154650     
  0.943283328349353     
  0.933553994122422     
  0.937347489085022     
  0.925560908792315     
  0.930198600741143     
  0.916018272471267     
  0.921302993374302     
  0.908335524526015     
  0.911135023083995     
  0.900798844629643     
  0.901922866987026     
  0.893577641829080     
  0.894012117128798     
  0.886314364423881     
  0.886781621452389     
  0.879373515873017     
  0.880598904230126     
  0.873138344073222     
  0.874705060855107     
  0.868488389485414     
  0.868982095980688     
  0.864029021371204     
  0.863962036496155     
  0.860575355700250     
  0.859958315285424     
  0.858416950700765     
  0.857189790137150     
  0.856682959195169     
  0.856043808208555     
  0.855365203253677     
  0.855830269502570     
  0.856037777564308     
  0.856433983047452     
  0.857575208067912     
  0.858529471438023     
  0.860269747982632     
  0.861433804908247     
  0.863810971136600     
  0.865486368407296     
  0.867948956794351     
  0.870112014004632     
  0.872593992572077     
  0.875328088718806     
  0.878444851615471     
  0.881557905407874     
  0.885110291541673     
  0.888786757772976     
  0.892709744467134     
  0.896834824689442     
  0.901064843806629     
  0.905501912796660     
  0.909875917427580     
  0.914373690533147     
  0.918804747571320     
  0.923380300181735     
  0.927924669822911     
  0.932394083204334     
  0.936898927330507     
  0.941287894246755     
  0.945798494507970     
  0.950212687336949     
  0.954590140776144     
  0.959044587939363     
  0.963351915763701     
  0.967558244159621     
  0.971164579407187     
  0.974840020952143     
  0.978363835786853     
  0.980867911230295     
  0.982873322320746     
  0.984170707580772     
  0.985396682101545     
  0.986047442365619     
  0.986888751597996     
  0.987070153193387     
  0.987951290949390     
  0.988010658820845     
  0.988495604145697     
  0.987747338680830     
  0.987848570432616     
  0.986184327311407     
  0.986008151411166     
  0.984319786857532     
  0.984241600976623     
  0.982466567208976     
  0.982531611575269     
  0.981039917415296     
  0.980642014171562     
  0.979446189900925     
  0.979285488876554     
  0.977194349272390     
  0.978537499873125     
  0.975471885168420     
  0.976857728677170     
  0.974590876270669     
  0.975583784978708     
  0.973988612155261     
  0.974094495667211     
  0.973764672598618     
  0.972937816809382     
  0.973648297524675     
  0.971930336386521     
  0.972040438911319     
  0.971929257512827     
  0.971211588744265     
  0.971905519693233     
  0.970650095730742     
  0.972334196390966     
  0.969817020975363     
  0.973638810288572     
  0.969070416437685     
  0.974384249219999     
  0.968942607355776     
  0.975149394149577     
  0.970093638121156     
  0.975668279855874     
  0.970957092596976     
  0.976689734987680     
  0.971867831614007     
  0.977391498000896     
  0.973056612325477     
  0.978049675388045     
  0.974507496311207     
  0.978879531356040     
  0.976042423125948     
  0.980257250760873     
  0.977724381241321     
  0.981556574110051     
  0.980000534919720     
  0.982955309375400     
  0.982308615916697     
  0.983948147415679     
  0.984891647658013     
  0.985398078289167     
  0.987429959423514     
  0.987684884005331     
  0.988836463218317     
  0.989562729318455     
  0.990102300524008     
  0.990950338675765     
  0.991768304182204     
  0.992612622968184     
  0.993366435420966     
  0.994233988963704     
  0.994992687416816     
  0.995522729193037     
  0.995740236106289     
  0.995601480469490     
  0.995308049984203     
  0.995104652946685     
  0.994741442992640     
  0.994645383196473     
  0.994270872896183     
  0.994383144422664     
  0.993709355170232     
  0.994135993258098     
  0.993457222511559     
  0.993708857012188     
  0.993368345419634     
  0.993378300149534     
  0.993212776812167     
  0.993194407962231     
  0.992962508918183     
  0.993178702625201     
  0.992637280771434     
  0.993220150129921     
  0.992444445415349     
  0.993119495196625     
  0.992416832560371     
  0.992940355555060     
  0.992492104897328     
  0.992672732881756     
  0.992657475453673     
  0.992400292216246     
  0.992848103698838     
  0.992310536864017     
  0.992628283317276     
  0.992700961861302     
  0.992389317033655     
  0.992837715574101     
  0.992587182552872     
  0.992828997323964     
  0.992826509052152     
  0.992877661586493     
  0.993117204622014     
  0.993055938013834     
  0.993413321114757     
  0.993444390786260     
  0.993722205345813     
  0.993983374617884     
  0.994115071259128     
  0.994621155398837     
  0.994596415120491     
  0.995326202667351     
  0.995246997611599     
  0.995961472165560     
  0.996063270314061     
  0.996483427787844     
  0.996831052944838     
  0.997085358881378     
  0.997347514599360     
  0.997714995664651     
  0.997770158101206     
  0.998074874619805     
  0.998212585158785     
  0.998526484735399     
  0.998670241151520     
  0.998962613171577     
  0.999115560428255     
  0.999349640392322     
  0.999290925448156     
  0.999409241058251     
  0.999270093811085     
  0.999405668569392     
  0.999270474319356     
  0.999382490735937     
  0.999294944470216     
  0.999362468586668     
  0.999314334815038     
  0.999343757931220     
  0.999309105204310     
  0.999257855591308     
  0.999115003142387     
  0.999000524951053     
  0.998845748372067     
  0.998732091728390     
  0.998613305107546     
  0.998478469811099     
  0.998264828251240     
  0.998155644380717     
  0.998235341051715     
  0.997894870576932     
  0.997922656160310     
  0.997875431304232     
  0.997649870087608     
  0.997465836467345     
  0.997347563424616     
  0.996907053950553     
  0.997054317603874     
  0.996415851167939     
  0.996774074097220     
  0.996036136939753     
  0.996466041369374     
  0.995676995726613     
  0.996297556519552     
  0.995244652997621     
  0.996140946977993     
  0.994975701625445     
  0.995899135875421     
  0.994773545301729     
  0.995735886125257     
  0.994583505030926     
  0.995546627924661     
  0.994308520551894     
  0.995708419243501     
  0.994064703558116     
  0.995541600908820     
  0.994386204304866     
  0.995266662748661     
  0.994761985115765     
  0.995009979631915     
  0.995044460457013     
  0.994826231548877     
  0.995319993812104     
  0.994609730928255     
  0.995645056038958     
  0.994356357769919     
  0.995871123676647     
  0.994463149561483     
  0.995710984005135     
  0.994763083831182     
  0.995713117029887     
  0.994953497023724     
  0.995787121212441     
  0.995213408192897     
  0.995962657954528     
  0.995466360825791     
  0.996271562820366     
  0.995762104561189     
  0.996393426216295     
  0.996264168145867     
  0.996755232407449     
  0.996526246616960     
  0.997054426125586     
  0.996920889554673     
  0.997459065419846     
  0.997336405722390     
  0.997738674356355     
  0.997697284627772     
  0.997737522378885     
  0.997842054743768     
  0.997819306925017     
  0.997863155627430     
  0.997961256355741     
  0.997956959477614     
  0.998035542803970     
  0.998110109689491     
  0.998173110630784     
  0.998192636606610     
  0.998387842399981     
  0.998286351749972     
  0.998467213637516     
  0.998307019538538     
  0.998282511275058     
  0.998261070292252     
  0.998115316974527     
  0.998270281893342     
  0.997897758890903     
  0.998299649527211     
  0.997922921559538     
  0.998198523256048     
  0.997878538435004     
  0.998233681337006     
  0.997806428070904     
  0.998249129890246     
  0.997701959684892     
  0.998227179401212     
  0.997550804115083     
  0.998168675799896     
  0.997302867861483     
  0.998026047286274     
  0.997072348813310     
  0.997699986253317     
  0.996898398317016     
  0.997345610094951     
  0.996546548585716     
  0.996954973737300     
  0.995875268505975     
  0.995858489590288     
  0.994855558619767     
  0.994729608799269     
  0.993874387962807     
  0.993604465738468     
  0.992870053928684     
  0.992736121082053     
  0.992057520053621     
  0.991548509908498     
  0.991380163637985     
  0.990984349372809     
  0.990303299796390     
  0.990626042460492     
  0.989328624111149     
  0.989434570145509     
  0.988544301729196     
  0.988159736269896     
  0.988045175105485     
  0.986912210221836     
  0.987661207853192     
  0.985898224500643     
  0.987165645774482     
  0.985157326317244     
  0.986480174327086     
  0.985022833890626     
  0.985443062861635     
  0.985227852141448     
  0.983800650221484     
  0.986233061921748     
  0.982217273557202     
  0.986526803225907     
  0.980893165537560     
  0.986333067693236     
  0.980619008623439     
  0.985112857009495     
  0.980551441963797     
  0.984308017777514     
  0.980223012315532     
  0.983711703014639     
  0.979843241769134     
  0.983265929640455     
  0.979414739759529     
  0.982950697279609     
  0.978939715273075     
  0.982767864918563     
  0.978635232848732     
  0.982389633720537     
  0.978774556263388     
  0.981860766771999     
  0.979177322589041     
  0.981395773790534     
  0.979776545906235     
  0.981091478135313     
  0.980405528329168     
  0.981406471799189     
  0.980511558061611     
  0.982126197162865     
  0.981136994779768     
  0.982441502831518     
  0.982131772972536     
  0.983210956412735     
  0.983145723570624     
  0.984128094211111     
  0.984460205838120     
  0.985315687299634     
  0.985881107623045     
  0.986567442016310     
  0.986998287844968     
  0.987552510434192     
  0.987933740348409     
  0.988732107511950     
  0.988899372456527     
  0.989884292374367     
  0.990009593026537     
  0.991009282273907     
  0.991238667108544     
  0.992225617973307     
  0.992493195211014     
  0.993458970917230     
  0.993791569794405     
  0.994485106467479     
  0.994635336989456     
  0.995090510754433     
  0.995248967015828     
  0.995618259881766     
  0.995765476778506     
  0.996061793719032     
  0.996186458164471     
  0.996492044622565     
  0.996591260404620     
  0.996825149670988     
  0.996998210563996     
  0.997108717326777     
  0.997288431264807     
  0.997378563090365     
  0.997402348435936     
  0.997441965988523     
  0.997284775848132     
  0.997254269765008     
  0.997031756917699     
  0.996937284544601     
  0.996668718128794     
  0.996700116424855     
  0.996501097118799     
  0.996394123258978     
  0.996250029377149     
  0.996200479573335     
  0.995753877085150     
  0.996260186481679     
  0.995286493217984     
  0.996209748037224     
  0.994971769658268     
  0.996070290894598     
  0.994960351587808     
  0.995557529471930     
  0.995273402677259     
  0.995039903248429     
  0.995456669692365     
  0.994777777919476     
  0.995460369716162     
  0.994786754829685     
  0.995372445765098     
  0.994899712319145     
  0.995286516490768     
  0.995592424042141     
  0.994307317244789     
  0.996242228638988     
  0.993944057697395     
  0.996415736018252     
  0.993678624606247     
  0.996135854118693     
  0.992925717677749     
  0.995139022144582     
  0.992199571277864     
  0.994124581901654     
  0.991651801530698     
  0.993406226608759     
  0.991357072710027     
  0.992563280123730     
  0.991111347846193     
  0.991940513868620     
  0.989923826227462     
  0.991354871015489     
  0.988986374589552     
  0.990313212593886     
  0.988384763633916     
  0.988999953469423     
  0.988281712870805     
  0.987614485292594     
  0.988272256306806     
  0.986400120309703     
  0.988136598119859     
  0.985606827830813     
  0.988008761960034     
  0.984674010516224     
  0.988018103811125     
  0.984028618817114     
  0.988076726772223     
  0.983775514707402     
  0.988073774888029     
  0.983493119406175     
  0.988569472009586     
  0.982979760662822     
  0.988587225629584     
  0.982812196856324     
  0.988739175238842     
  0.983134346774624     
  0.988085576331321     
  0.983627996022219     
  0.987830506973706     
  0.983919730994497     
  0.987956383323810     
  0.984122355117674     
  0.988109607999863     
  0.984582394009768     
  0.988145831194197     
  0.985011930254755     
  0.988516328502344     
  0.985381212590833     
  0.988919818498586     
  0.986083639634603     
  0.988947768241996     
  0.987225802577147     
  0.988544406706525     
  0.988430689707267     
  0.988829771676797     
  0.989002149845433     
  0.989740892385184     
  0.989566925508064     
  0.990303114831383     
  0.990553572970290     
  0.990953771837079     
  0.991521379469239     
  0.991934389922403     
  0.992518293523251     
  0.993109098633268     
  0.993430764626028     
  0.993949431725365     
  0.993852779679018     
  0.994112024863306     
  0.994125637037748     
  0.994339079784523     
  0.994448528390799     
  0.994679370281927     
  0.994845024979392     
  0.995081335491623     
  0.995315421910269     
  0.995284706943295     
  0.995260579102615     
  0.995223539058873     
  0.995161039521320     
  0.995080540334438     
  0.995167306869759     
  0.994909261308803     
  0.995043388041767     
  0.994776520492430     
  0.994878431096189     
  0.994659016579105     
  0.994721327392371     
  0.994529791078924     
  0.994534739751079     
  0.994371707273699     
  0.994352653582651     
  0.994142837196209     
  0.994159481637406     
  0.993809431030287     
  0.993896519128220     
  0.993492693946891     
  0.993411685253524     
  0.993107793046761     
  0.992915927172458     
  0.992546827152945     
  0.992301078248377     
  0.991925833833308     
  0.991609509703314     
  0.991184584314851     
  0.990803419722280     
  0.990342638276420     
  0.989850559552530     
  0.989357118591691     
  0.988767790491380     
  0.988217228482543     
  0.987567478697656     
  0.987028573804164     
  0.986349674933217     
  0.985827753117671     
  0.985161825809884     
  0.984667531744419     
  0.984038859574003     
  0.983578454648509     
  0.983038680965185     
  0.982622970324733     
  0.982158966041495     
  0.981824510931514     
  0.981452164514522     
  0.981185430762936     
  0.980909336817221     
  0.980730842885288     
  0.980572553544741     
  0.980496591060757     
  0.980450180320444     
  0.980473826968142     
  0.980577855807681     
  0.980693653421854     
  0.980867243827856     
  0.981123355074542     
  0.981410306568613     
  0.981691131480519     
  0.982102815861520     
  0.982450312183556     
  0.982950111210691     
  0.983384174791425     
  0.983906175031830     
  0.984427288187118     
  0.984935830139359     
  0.985544484091528     
  0.986042390097863     
  0.986692091996300     
  0.987186062888595     
  0.987832701542817     
  0.988299945511104     
  0.988936884075659     
  0.989359720638933     
  0.989987082026996     
  0.990355246054663     
  0.990970107695580     
  0.991222678870500     
  0.991913604840213     
  0.992027630145794     
  0.992708270333985     
  0.992831832570900     
  0.993339274793014     
  0.993531643178972     
  0.993951510007336     
  0.994148216756569     
  0.994503959755362     
  0.994650067430664     
  0.995042544930507     
  0.995068578458024     
  0.995503848327456     
  0.995500038156057     
  0.995862431503564     
  0.995902088449974     
  0.996205297984055     
  0.996243484422412     
  0.996521110687941     
  0.996589141197427     
  0.996800270392898     
  0.996935651232446     
  0.997055305178378     
  0.997225260972298     
  0.997335474172023     
  0.997372659093625     
  0.997131577735426     
  0.996206039663725     
  0.995032873259446     
  0.993874765755408     
  0.992748146010472     
  0.991743662339074     
  0.990711169234277     
  0.989577781883943     
  0.988470064880702     
  0.987698310310401     
  0.986589848232103     
  0.985775806908407     
  0.985024223754389     
  0.983715153692017     
  0.983622451190573     
  0.982035456530745     
  0.981925464594513     
  0.980858134215596     
  0.980116827995944     
  0.979933075636634     
  0.978461316024403     
  0.979173703051993     
  0.977041771964951     
  0.978544098617619     
  0.975896860512390     
  0.978061784182181     
  0.975010921068132     
  0.977717096170290     
  0.974310930153368     
  0.977500500504849     
  0.973687634904300     
  0.977721573489162     
  0.972879232846792     
  0.977910689415047     
  0.972681869719942     
  0.977981786606747     
  0.973078280084095     
  0.977343678990793     
  0.974259363780258     
  0.976397661342120     
  0.975381217248041     
  0.976611762226344     
  0.976276811947990     
  0.977172261744830     
  0.977183332526586     
  0.977903900721821     
  0.978458247800897     
  0.978918839095324     
  0.979585831428019     
  0.980396499278584     
  0.980608375549360     
  0.982110858709253     
  0.981979560568648     
  0.983606899770832     
  0.983886658846484     
  0.985001378057556     
  0.985956366598594     
  0.986859465530311     
  0.987930455004363     
  0.988966888480779     
  0.990041790121122     
  0.991429676390137     
  0.992586396905698     
  0.993973235660157     
  0.995112704869958     
  0.996642737475056     
  0.997687591952955     
  0.998672187798290     
  0.998660061525837     
  0.998907288943152     
  0.998733300044228     
  0.999027748886573     
  0.998745301665560     
  0.999125153064386     
  0.998773260028037     
  0.999118338182054     
  0.998848022673312     
  0.999087179848246     
  0.998894042674439     
  0.999059500130251     
  0.998897386018240     
  0.999026452068408     
  0.998919706342062     
  0.998928943582702     
  0.998846335889222     
  0.998803388818973     
  0.998712297655212     
  0.998692130495714     
  0.998623618135300     
  0.998573892454895     
  0.998586721657171     
