  0.977690395804605     
  0.978504418052838     
  0.979486737462104     
  0.979751378429656     
  0.980782374434766     
  0.981627800400312     
  0.981825637927690     
  0.983259725340661     
  0.982977110193734     
  0.984169880472205     
  0.984135348692254     
  0.985388449531127     
  0.985930052877129     
  0.986604108778145     
  0.987694314050640     
  0.987877481196802     
  0.989476620100194     
  0.988201350539521     
  0.990326986721647     
  0.988188160173498     
  0.990682997287814     
  0.988442174142880     
  0.990333120139828     
  0.988968348668990     
  0.990245428394304     
  0.989325755211949     
  0.990165488195787     
  0.989763543719842     
  0.990088634376292     
  0.990216035277102     
  0.990121935366142     
  0.990646674013704     
  0.990393409292082     
  0.990942149132098     
  0.990908820326577     
  0.991201230459775     
  0.991557945808171     
  0.991722255260020     
  0.992184805077998     
  0.992582263309944     
  0.992975812523267     
  0.993593823854943     
  0.994024725437870     
  0.994587183770664     
  0.995149641982741     
  0.995757022180536     
  0.996415824155094     
  0.996973839046329     
  0.997666676057025     
  0.997948536963340     
  0.998174037624152     
  0.997992145438562     
  0.998220103064150     
  0.997872624174980     
  0.998255936105065     
  0.997876702427299     
  0.997951649993796     
  0.998068522721648     
  0.997890309611203     
  0.997969189755605     
  0.997821120341400     
  0.997928293081405     
  0.997783233436929     
  0.997849300206163     
  0.997743517567374     
  0.997778433122560     
  0.997681689210119     
  0.997692539094644     
  0.997603511531914     
  0.997590627223622     
  0.997504486931964     
  0.997521227045931     
  0.997407544238607     
  0.997454895082562     
  0.997331338636085     
  0.997409170264881     
  0.997349110255520     
  0.997376700044403     
  0.997425258226840     
  0.997362124877986     
  0.997526727324853     
  0.997390656098935     
  0.997561904570186     
  0.997441992280781     
  0.997586495574042     
  0.997510834253892     
  0.997564895428576     
  0.997464849492343     
  0.997472529780128     
  0.997408700310724     
  0.997321747758514     
  0.997310086453612     
  0.996916904107924     
  0.996543154492396     
  0.995796526286721     
  0.995283676696698     
  0.994744946439997     
  0.994033981893680     
  0.993474698687190     
  0.992440569445876     
  0.991745690457998     
  0.990655822623742     
  0.989693360159710     
  0.988776281331709     
  0.988045520074254     
  0.987046084034096     
  0.986693307344879     
  0.985799991505103     
  0.985165969259324     
  0.984738063019089     
  0.983199015240319     
  0.983093720319485     
  0.981039136961183     
  0.980492146571194     
  0.978294869393112     
  0.977812919336369     
  0.975693103542478     
  0.975226869738611     
  0.973500564158950     
  0.972037202789695     
  0.971769264896830     
  0.969033451622618     
  0.970113987169095     
  0.966117744287648     
  0.967615433733506     
  0.963835068687175     
  0.963938888824541     
  0.961484130553035     
  0.960244869591084     
  0.958688917125244     
  0.955942303548889     
  0.955786346736237     
  0.951237713665008     
  0.951934176229905     
  0.947452240030767     
  0.946913616637462     
  0.944089818464531     
  0.941380502210544     
  0.940382182242840     
  0.934805875894427     
  0.935555519115364     
  0.925474237011114     
  0.927451403324912     
  0.917566292935985     
  0.916618839289294     
  0.909370870484570     
  0.906213135363522     
  0.900996377983994     
  0.897292239690192     
  0.892584856027228     
  0.888588178113561     
  0.884441734647444     
  0.880842831882925     
  0.876602121550834     
  0.872732512745145     
  0.869452053385796     
  0.865386148239332     
  0.862655721157116     
  0.859733835335622     
  0.857210791110121     
  0.854506685371540     
  0.853459658621417     
  0.850507193725318     
  0.850227473664419     
  0.848643065064442     
  0.848695797582084     
  0.848205413633019     
  0.848601503651525     
  0.849306357419360     
  0.850057376540062     
  0.851555004195655     
  0.852696631534293     
  0.854381105066042     
  0.856173394474571     
  0.858337067706281     
  0.860450246955966     
  0.863490673669046     
  0.866363467671598     
  0.869889180565851     
  0.873510559709008     
  0.877559565283712     
  0.881835649605589     
  0.886340830434568     
  0.891168575313232     
  0.895991941737095     
  0.901054783148092     
  0.906032698458814     
  0.911197675801051     
  0.916423154843352     
  0.921569885853589     
  0.926757893295043     
  0.931794267921359     
  0.936898828315632     
  0.941968622324497     
  0.947028115980773     
  0.952066608173484     
  0.957039072837386     
  0.961940828818221     
  0.966692189746537     
  0.971168507078851     
  0.975147026444126     
  0.978163407625874     
  0.980922156963346     
  0.983259840809494     
  0.985057059594900     
  0.986467453145954     
  0.987763376410702     
  0.988305403674514     
  0.988832716289195     
  0.989094697245728     
  0.989387396121080     
  0.989537173891961     
  0.989736721235050     
  0.989885126350697     
  0.990075184301549     
  0.990058815493717     
  0.989615238118194     
  0.989219933926909     
  0.987984299345351     
  0.986888273056082     
  0.985625649383183     
  0.984701378921375     
  0.983417580485893     
  0.982385650685193     
  0.981201829457477     
  0.980213723941339     
  0.978916042588605     
  0.978448710482058     
  0.976896208049986     
  0.976352926809986     
  0.976003000905227     
  0.974523308368269     
  0.974887609011783     
  0.973360559649461     
  0.972959862393488     
  0.973459356132245     
  0.971309764630054     
  0.973296909491806     
  0.970802091514838     
  0.972858810613102     
  0.969571379861659     
  0.973358760522349     
  0.968772519276838     
  0.973755789015070     
  0.968188800735976     
  0.974312196053802     
  0.968079213262219     
  0.973742734902398     
  0.969143493018446     
  0.972614389601460     
  0.971556781100621     
  0.972064216473323     
  0.973174749020712     
  0.972600273212153     
  0.974449479010553     
  0.973433733090353     
  0.975998235332205     
  0.974468458531500     
  0.977532558061598     
  0.976042014411969     
  0.979066108969484     
  0.977883396507603     
  0.980600766270993     
  0.980469118870882     
  0.981585770697580     
  0.983304742948240     
  0.983706215835021     
  0.985626457757837     
  0.986652744261462     
  0.987752771090418     
  0.988911507800335     
  0.989761121694340     
  0.990590947615334     
  0.991629696233275     
  0.992463800001635     
  0.993426769854597     
  0.994356005560703     
  0.995366084122461     
  0.996317161614119     
  0.996828631647700     
  0.997116958194659     
  0.996891463674182     
  0.996697837918081     
  0.996362190621816     
  0.995925171909652     
  0.995778857789201     
  0.995322817179089     
  0.995229547221006     
  0.994892874216192     
  0.994734723526735     
  0.994588970957633     
  0.994348798010697     
  0.994362826937545     
  0.993902758489423     
  0.994298195518767     
  0.993659143952533     
  0.993973993698688     
  0.993704783638068     
  0.993556434120432     
  0.993797178972900     
  0.993214525372630     
  0.993787071354847     
  0.993139187791643     
  0.993564732009363     
  0.993267023155379     
  0.993314277595617     
  0.993406410198482     
  0.992935862071268     
  0.993592077115854     
  0.992573924680424     
  0.993714187879471     
  0.992487869277721     
  0.993207917394678     
  0.993097823884175     
  0.992612346932175     
  0.993345785406465     
  0.992528797776866     
  0.993420868308122     
  0.992610541602530     
  0.993476829552607     
  0.992894426346471     
  0.993587499663176     
  0.993359006161748     
  0.993764225043084     
  0.994020961270618     
  0.994094496060177     
  0.994746481586192     
  0.994749088021186     
  0.995369996300309     
  0.995633359763374     
  0.995922941851174     
  0.996411089643014     
  0.996632771438701     
  0.996991620850309     
  0.997297851430610     
  0.997571825090455     
  0.997740148551334     
  0.998021446964787     
  0.998247552278268     
  0.998525688158467     
  0.998778443580677     
  0.999045813962501     
  0.999268211167251     
  0.999346445445845     
  0.999362859104207     
  0.999340535744408     
  0.999323133225321     
  0.999337211508875     
  0.999295462850131     
  0.999342193704239     
  0.999294822457939     
  0.999325487935779     
  0.999306570601670     
  0.999330671111788     
  0.999328179205623     
  0.999343271923402     
  0.999344993419277     
  0.999373703991983     
  0.999341771668658     
  0.999341585885811     
  0.999201895538691     
  0.999089269584021     
  0.998875512940080     
  0.998787262721570     
  0.998561063296621     
  0.998479030419948     
  0.998273561080262     
  0.998048962774092     
  0.998154873271351     
  0.997938258696727     
  0.997821258808349     
  0.997772178655032     
  0.997829008420942     
  0.997385474116868     
  0.997452058653788     
  0.997084738850818     
  0.996872655601701     
  0.996837175455244     
  0.996396620635889     
  0.996586056744418     
  0.995985491946205     
  0.996258738797197     
  0.995802216953463     
  0.995876706858835     
  0.995640693639032     
  0.995556331912386     
  0.995638395246815     
  0.995110011067041     
  0.995714849061811     
  0.994555281527042     
  0.996126972453421     
  0.994219479124498     
  0.995838645593351     
  0.994628188989332     
  0.995463177003759     
  0.994914060368013     
  0.995206809481663     
  0.995188650011678     
  0.994948756288472     
  0.995488366244780     
  0.994631008375481     
  0.995849696795737     
  0.994282510793795     
  0.996038547336323     
  0.994461999463186     
  0.995639702544189     
  0.995075319835837     
  0.995421584079801     
  0.995403853535924     
  0.995492992873591     
  0.995627319108587     
  0.995859655310392     
  0.995840640166507     
  0.996041687439494     
  0.996421417410379     
  0.996347754322007     
  0.996805136939072     
  0.996715078554358     
  0.997168341864594     
  0.997195070300144     
  0.997444606127950     
  0.997696315953646     
  0.997677645457835     
  0.997876633164237     
  0.997953314189056     
  0.997994030169696     
  0.998132622423421     
  0.998131668624579     
  0.998225618148663     
  0.998263289284340     
  0.998350242455031     
  0.998434483668595     
  0.998484368769771     
  0.998598787531588     
  0.998629680953319     
  0.998635814664476     
  0.998429383236211     
  0.998469709943676     
  0.998286258945250     
  0.998244483455781     
  0.998194533468931     
  0.998134652412484     
  0.998073251913170     
  0.998004737505166     
  0.998058883620374     
  0.998119464772768     
  0.997909427970567     
  0.998085905662240     
  0.997942561569892     
  0.998050010937154     
  0.997988655974228     
  0.998011837775140     
  0.998060968841980     
  0.997919944930153     
  0.998109324454019     
  0.997706579611029     
  0.998108242067816     
  0.997504593280373     
  0.997803723992890     
  0.997334784022380     
  0.997392354943682     
  0.996938923644555     
  0.997013205469284     
  0.996476414550667     
  0.996357116602707     
  0.995806208477305     
  0.995115973444491     
  0.994443108863169     
  0.993610336412065     
  0.993060115928321     
  0.992254138755332     
  0.991671531403800     
  0.991121025298711     
  0.990531514256926     
  0.989888954395327     
  0.989424417614382     
  0.989240220182973     
  0.988600163732627     
  0.988203819711411     
  0.988339574286447     
  0.986936953574497     
  0.987305948269885     
  0.986242264209202     
  0.986038401064158     
  0.986060756942607     
  0.984839949693342     
  0.985895395032134     
  0.983973531076880     
  0.985512989721608     
  0.983149889337329     
  0.985223980846023     
  0.982483880300304     
  0.984904916558985     
  0.981750262279534     
  0.984897272442587     
  0.980708721065335     
  0.984381950232743     
  0.980911889771273     
  0.982560224953797     
  0.981140599068285     
  0.981438086520943     
  0.980884763780170     
  0.980571939609657     
  0.980503262710760     
  0.979872939236896     
  0.980013398296443     
  0.979382804734467     
  0.979320251825064     
  0.979170371771319     
  0.978491257168164     
  0.978901118582593     
  0.977894662227077     
  0.978709818272549     
  0.977769249620381     
  0.978407707144178     
  0.978208351586603     
  0.977935995573963     
  0.978639683929312     
  0.978409347696480     
  0.978934651469787     
  0.978812944570960     
  0.979666765420815     
  0.979691450245818     
  0.980487352347541     
  0.980874886228006     
  0.981628288953669     
  0.982410831773273     
  0.983064854917390     
  0.983578281232940     
  0.984163605384046     
  0.984661891313159     
  0.985410083382894     
  0.986000392986778     
  0.986741569815515     
  0.987442612109721     
  0.988065393996298     
  0.988853248550519     
  0.989418033606700     
  0.990295263294454     
  0.990932766429505     
  0.991791880769260     
  0.992364662546190     
  0.992979102020099     
  0.993360871432412     
  0.993826858344270     
  0.994240443269421     
  0.994581799435937     
  0.994937509721060     
  0.995201356769905     
  0.995544132859650     
  0.995784387585006     
  0.996106988104075     
  0.996362433921719     
  0.996598307669900     
  0.996817067538414     
  0.997007142943720     
  0.997165467886539     
  0.997351922919335     
  0.997540273856535     
  0.997616672343555     
  0.997786560751071     
  0.997760790435412     
  0.997659462465516     
  0.997556171800965     
  0.997245306868873     
  0.997103552405940     
  0.996763224311125     
  0.996619098104344     
  0.996382091980718     
  0.996291327908689     
  0.996015731393327     
  0.995800544781924     
  0.995692966565643     
  0.995336273137923     
  0.995468532331277     
  0.995014307192699     
  0.995186993788945     
  0.994986239718837     
  0.994721002756024     
  0.994900749191525     
  0.994739295847981     
  0.994466297043401     
  0.994941255661688     
  0.994037889818296     
  0.995206715528672     
  0.993763415285672     
  0.995400729163386     
  0.993682249738326     
  0.995540572940030     
  0.993400512042647     
  0.995739011161534     
  0.993420380645081     
  0.995819603641719     
  0.993907283257539     
  0.995642290599468     
  0.994715047689845     
  0.995156910988481     
  0.995002234299836     
  0.994034754121464     
  0.994548329202515     
  0.993001537955048     
  0.993966791206613     
  0.992366721742553     
  0.993290976420235     
  0.991943161423346     
  0.992337163852111     
  0.991821555168244     
  0.991008958443668     
  0.990920362821190     
  0.989987886085443     
  0.989498253712313     
  0.989430023941094     
  0.988285043165911     
  0.988393651184944     
  0.987900733210192     
  0.986912631671248     
  0.987969405101700     
  0.985842680634505     
  0.987581379072926     
  0.985318003008505     
  0.987310904556315     
  0.984953174923634     
  0.987059533251902     
  0.985084481627620     
  0.986313672864477     
  0.986060213513818     
  0.984603764263578     
  0.987163304395547     
  0.983157936735210     
  0.988286492050784     
  0.983127599951511     
  0.987977167350859     
  0.983544983989873     
  0.987749114249725     
  0.984053188500693     
  0.987505768732713     
  0.984835929818099     
  0.986828914678176     
  0.986259097361320     
  0.986036981821330     
  0.987465824214677     
  0.986219233928905     
  0.987857674935199     
  0.987191417002194     
  0.987731477561976     
  0.988080537525207     
  0.988518358962142     
  0.988308612402986     
  0.989336395311337     
  0.989159008576205     
  0.989691331154806     
  0.990113299752960     
  0.990340693868413     
  0.990926155545147     
  0.991254327602130     
  0.991824879491379     
  0.992441770505818     
  0.992819669216647     
  0.993305626960758     
  0.993342924002056     
  0.993397420170629     
  0.993457980772929     
  0.993579995799966     
  0.993671551804267     
  0.993861028716554     
  0.994006700102961     
  0.994237107591309     
  0.994472393688841     
  0.994495738093542     
  0.994473536919029     
  0.994400281179001     
  0.994283092517013     
  0.994204627200491     
  0.994215912233232     
  0.994076001022205     
  0.994078488990789     
  0.994017783163375     
  0.994017463283218     
  0.993886518144393     
  0.993931648340944     
  0.993779008624618     
  0.993784478968673     
  0.993668143572806     
  0.993652577394284     
  0.993525350215432     
  0.993516297962880     
  0.993356908917895     
  0.993284278411480     
  0.993193791386826     
  0.992916583030614     
  0.992893919191613     
  0.992532216905328     
  0.992380885687902     
  0.992029841903472     
  0.991752827479047     
  0.991369783169214     
  0.991004829863796     
  0.990562424283692     
  0.990095424568073     
  0.989567385053557     
  0.988956282273842     
  0.988353235181814     
  0.987616668723524     
  0.986931424610295     
  0.986092171271262     
  0.985319493596760     
  0.984418790659850     
  0.983606371038976     
  0.982680667969418     
  0.981847846558118     
  0.980961415450331     
  0.980147470010064     
  0.979348603477958     
  0.978556742182961     
  0.977867167408347     
  0.977163886611212     
  0.976560747288614     
  0.975972557225410     
  0.975491024982286     
  0.975046219601109     
  0.974693767293498     
  0.974402596656641     
  0.974171711306066     
  0.974050604004132     
  0.973978220906706     
  0.974034892267091     
  0.974147448707562     
  0.974354358304191     
  0.974665504347605     
  0.975020475787548     
  0.975447898303037     
  0.975950919458248     
  0.976515392071822     
  0.977116576866831     
  0.977765350792673     
  0.978519082701025     
  0.979198250206417     
  0.980030399966688     
  0.980798904270681     
  0.981579009858346     
  0.982435571374566     
  0.983124645707808     
  0.984040773666796     
  0.984679617534703     
  0.985587545542629     
  0.986192266597114     
  0.986999601403521     
  0.987597241364456     
  0.988278540935843     
  0.988872167288679     
  0.989348119432495     
  0.990060849950894     
  0.990313512971380     
  0.991042173484729     
  0.991222572613916     
  0.991842168023325     
  0.992076490652733     
  0.992586098722406     
  0.992847365380559     
  0.993236652473379     
  0.993512139395854     
  0.993860827278556     
  0.994065601085909     
  0.994366241538044     
  0.994623296834391     
  0.994818191508624     
  0.995094804212127     
  0.995285805906783     
  0.995485791521665     
  0.995746031258000     
  0.995862619790083     
  0.996110799877530     
  0.996289630790780     
  0.996460113242709     
  0.996650629633464     
  0.996824066058625     
  0.997023784628364     
  0.997144599940847     
  0.997303308602289     
  0.997244535518711     
  0.996688661612087     
  0.995433391441151     
  0.994159440165702     
  0.992842135437626     
  0.991637922024981     
  0.990421508003269     
  0.989149243381708     
  0.987917498671658     
  0.986913369962881     
  0.985985411163706     
  0.984748670110289     
  0.983924671815690     
  0.982931473330817     
  0.981790176214126     
  0.981348264520087     
  0.979872638997851     
  0.979565741370121     
  0.978618154363704     
  0.977555518757786     
  0.977711207826838     
  0.975822900446295     
  0.976993820640037     
  0.974565122032385     
  0.976247414226897     
  0.973853515644383     
  0.975437983147674     
  0.973715927273607     
  0.974499962205375     
  0.974461187873724     
  0.973066468797269     
  0.975342910194181     
  0.972404613257766     
  0.976422340046499     
  0.972360508310449     
  0.976274199972550     
  0.973074625825106     
  0.976360229156215     
  0.973892522305669     
  0.976504509128295     
  0.975124782442905     
  0.976771756159729     
  0.976708734165221     
  0.977416414617233     
  0.978228294138512     
  0.978480714583356     
  0.979883958487487     
  0.979984530788624     
  0.981426899106573     
  0.982045919766873     
  0.982978432000104     
  0.983975042522572     
  0.984960233959483     
  0.986138349570795     
  0.987162272993733     
  0.988361354315987     
  0.989581017203801     
  0.991066167351874     
  0.992515671812738     
  0.993963445469067     
  0.995581775893995     
  0.996988017703835     
  0.998298247665542     
  0.998632288610879     
  0.998841952351644     
  0.998770002604008     
  0.998943101667307     
  0.998886890955403     
  0.998947070255984     
  0.999054059875085     
  0.998890292869082     
  0.999230575626484     
  0.998891382484919     
  0.999263056573379     
  0.998973587376171     
  0.999221475006794     
  0.999019825550012     
  0.999166460854101     
  0.999048111790076     
  0.999090519354705     
  0.999102354096504     
  0.998961881269967     
  0.999138572020405     
  0.998900406085820     
  0.999006095548716     
  0.998802883254046     
  0.998811680601587     
  0.998704812153324     
  0.998681345427804     
