  0.990799102492478     
  0.991993163339484     
  0.992591306529391     
  0.992611152258172     
  0.991924790823954     
  0.990798562315535     
  0.989755093593150     
  0.988867010068007     
  0.988086300413140     
  0.987386847215568     
  0.986749804868251     
  0.986186926175826     
  0.985736007375034     
  0.985330642740959     
  0.984994053190967     
  0.984750446687466     
  0.984589245898871     
  0.984505586946916     
  0.984527176399691     
  0.984642448205425     
  0.984789056032357     
  0.984954724408298     
  0.985164029844672     
  0.985428900445636     
  0.985778765278215     
  0.986174179519997     
  0.986649824275369     
  0.987231779237550     
  0.987902922693123     
  0.988675858151883     
  0.989638146496183     
  0.990888632173659     
  0.992309795990197     
  0.993890979872903     
  0.995636580374213     
  0.997443433881044     
  0.998826048394063     
  0.999221693801130     
  0.999216515507244     
  0.999073554169156     
  0.998833258595102     
  0.998515143047552     
  0.998150873229761     
  0.997782933727398     
  0.997496565679103     
  0.997381785862532     
  0.997402917269323     
  0.997531902552679     
  0.997723387280368     
  0.997925970885245     
  0.998094001889193     
  0.998214513519772     
  0.998315322891112     
  0.998383594487492     
  0.998428824341676     
  0.998464003897437     
  0.998487627227851     
  0.998491341513454     
  0.998491164603500     
  0.998457771016354     
  0.998395656805698     
  0.998279534770667     
  0.998075518532682     
  0.997835064841961     
  0.997590570880728     
  0.997366782803045     
  0.997200076840345     
  0.997156988009527     
  0.997299911415210     
  0.997540209329375     
  0.997834840101136     
  0.998137836221489     
  0.998401846171236     
  0.998583748542494     
  0.998651623992686     
  0.998656662869006     
  0.998616937054497     
  0.998552508170580     
  0.998475154041495     
  0.998383969675696     
  0.998269674849163     
  0.998115752666303     
  0.997931373998989     
  0.997730472145185     
  0.997521817028188     
  0.997319988446095     
  0.997137401629207     
  0.996985521727007     
  0.996867270504028     
  0.996773261283986     
  0.996678046244019     
  0.996595180372389     
  0.996553689485937     
  0.996554815463257     
  0.996579387019454     
  0.996621208782060     
  0.996691811490447     
  0.996749544629198     
  0.996817556841831     
  0.996908093325540     
  0.997014910386955     
  0.997127417289405     
  0.997225686450552     
  0.997293046231724     
  0.997235620684168     
  0.996419592960410     
  0.994955034641026     
  0.993378792047553     
  0.991716893401436     
  0.990142551107326     
  0.988723812888675     
  0.987486380505883     
  0.986337388416701     
  0.985449344652427     
  0.984603930520908     
  0.983657874869932     
  0.982772293963315     
  0.981908724038676     
  0.981150279595378     
  0.980462490339230     
  0.979813562829429     
  0.978900505040133     
  0.977717569472895     
  0.976273037798588     
  0.974279067133829     
  0.971657905243359     
  0.968684533942282     
  0.965824678520137     
  0.963083263411434     
  0.960417007937934     
  0.958043840335568     
  0.956287082623154     
  0.955187303230035     
  0.954604901264183     
  0.954729484221330     
  0.955289161642451     
  0.955723072359367     
  0.955572901926253     
  0.955023390257934     
  0.954191969217643     
  0.952605943180858     
  0.950166492851701     
  0.947587893364093     
  0.945214940696122     
  0.943019506525936     
  0.940816765362364     
  0.938274196704300     
  0.935296083519016     
  0.931670308395595     
  0.927560318551251     
  0.922879941258343     
  0.917676257160437     
  0.911570607287482     
  0.904473747651261     
  0.896681656858041     
  0.888391846108038     
  0.879387015658344     
  0.869699380416132     
  0.859783929780294     
  0.849369623288995     
  0.838593574041500     
  0.827753749030793     
  0.817634087187949     
  0.808543153909678     
  0.800726223803415     
  0.794399235270450     
  0.789806002134125     
  0.786931365140531     
  0.785605475527077     
  0.785825416528556     
  0.787466504445400     
  0.790162424382169     
  0.793850576557158     
  0.798825471309490     
  0.805060424325397     
  0.812506397940279     
  0.820971110976503     
  0.830307897444194     
  0.840464270718170     
  0.851371589464664     
  0.862875463252904     
  0.874862092117696     
  0.887213577183693     
  0.899761272744962     
  0.912253488150537     
  0.924461060949627     
  0.936072224547985     
  0.946539449513765     
  0.955351003011065     
  0.962408863643518     
  0.967914555851674     
  0.972171681756629     
  0.975593983659805     
  0.978445076932706     
  0.980848899289444     
  0.982882323962416     
  0.984614626970554     
  0.986101640687056     
  0.987381061703006     
  0.988490049981567     
  0.989465856176951     
  0.990199153386798     
  0.990884345383164     
  0.991473395294050     
  0.992023450070518     
  0.992531668710560     
  0.992998961677118     
  0.993425791214072     
  0.993779360784935     
  0.994055871502433     
  0.994312153816486     
  0.994559070754358     
  0.994807827068257     
  0.995046461391434     
  0.995271551486241     
  0.995479935903807     
  0.995673201787750     
  0.995854195302398     
  0.996016412161560     
  0.995887609447090     
  0.995105978938003     
  0.994151861645117     
  0.993253328696474     
  0.992444061433266     
  0.991724501655580     
  0.991049592091200     
  0.990424736595724     
  0.989836734706810     
  0.989214657515344     
  0.987920105393536     
  0.985650707021057     
  0.982753583714899     
  0.979112476730388     
  0.975665214632280     
  0.972430095416313     
  0.969418296799468     
  0.966864495208143     
  0.965005044792010     
  0.963920374791732     
  0.962599821683496     
  0.961481338166693     
  0.960632593500707     
  0.960046452105634     
  0.959717080374800     
  0.959598625733785     
  0.959697936903073     
  0.960037145961063     
  0.960588483258107     
  0.961266498288195     
  0.962071040318744     
  0.963048529479756     
  0.964244400777793     
  0.965710010144257     
  0.967484692198792     
  0.969544313039349     
  0.971783699858842     
  0.973657884097418     
  0.975172715624033     
  0.976746555796072     
  0.978602079054587     
  0.980964929393364     
  0.983748948350922     
  0.986807121798733     
  0.989927216009804     
  0.993171712834316     
  0.996170405099600     
  0.998094462023035     
  0.999053866870812     
  0.999174688675202     
  0.999198501246843     
  0.999221396225384     
  0.999238788662246     
  0.999248170000637     
  0.999257735585299     
  0.999256244282696     
  0.999260644120949     
  0.999272672234912     
  0.999286951014525     
  0.999301342163505     
  0.999316345409655     
  0.999326050879014     
  0.999330137255400     
  0.999254211742959     
  0.999024473847773     
  0.998756974528307     
  0.998464953318768     
  0.998009926261525     
  0.997415023285059     
  0.996893229614095     
  0.996526827888786     
  0.996300885404270     
  0.996213739233557     
  0.996324169842835     
  0.996645367522172     
  0.996979466108718     
  0.996937747172770     
  0.996667472050980     
  0.996318820329273     
  0.995942474298966     
  0.995550740243811     
  0.995159003570785     
  0.994855613297575     
  0.994609065638362     
  0.994374967956332     
  0.994126171558366     
  0.993854509687971     
  0.993527959248532     
  0.993145379882868     
  0.992748690677438     
  0.992332815612439     
  0.991908271158279     
  0.991569747038445     
  0.991365608090762     
  0.991278585840200     
  0.991343928143401     
  0.991645105007580     
  0.992171927322349     
  0.992774524059582     
  0.993276396211621     
  0.993768911615859     
  0.994301760858631     
  0.994718207768781     
  0.994972787918848     
  0.995274747564223     
  0.995738625221775     
  0.996315281798642     
  0.996971681697615     
  0.997700887663687     
  0.998478032284485     
  0.999199701316004     
  0.999533810438641     
  0.999606442678303     
  0.999587427439738     
  0.999555478369506     
  0.999523247909347     
  0.999486370106186     
  0.999448059452112     
  0.999410651650462     
  0.999376151133603     
  0.999345117011118     
  0.999318464893702     
  0.999295656017205     
  0.999277401590494     
  0.999264717151999     
  0.999258595782514     
  0.999259450137458     
  0.999264885997453     
  0.999273339623235     
  0.999285979401729     
  0.999292533440061     
  0.999279437616610     
  0.999258290142777     
  0.999235767633274     
  0.999212252470315     
  0.999188847997041     
  0.999191143970028     
  0.999238449210694     
  0.999309669673210     
  0.999388839799483     
  0.999468521246056     
  0.999540401448234     
  0.999591652422081     
  0.999621363277622     
  0.999634951448543     
  0.999647489414811     
  0.999660364493871     
  0.999672401907820     
  0.999678695744268     
  0.999671706723989     
  0.999658529026450     
  0.999624459712815     
  0.999536644355221     
  0.999357323427815     
  0.998897578453422     
  0.998301988484881     
  0.997745809140110     
  0.997297954920369     
  0.997021431658466     
  0.996917471974232     
  0.996972910721945     
  0.997114447237691     
  0.997289345334998     
  0.997462267120119     
  0.997606362626519     
  0.997707585987459     
  0.997685106230059     
  0.997329626138969     
  0.996844821774883     
  0.996378209729366     
  0.995947083488018     
  0.995546421756522     
  0.995136524790567     
  0.994793786719126     
  0.994519715289748     
  0.994293210493423     
  0.994091507269435     
  0.993912082373074     
  0.993747098038760     
  0.993612625337276     
  0.993549295475163     
  0.993611930317354     
  0.993808978594059     
  0.994110893653262     
  0.994464235381574     
  0.994849766065189     
  0.995250988683255     
  0.995649143369090     
  0.996024521200173     
  0.996334798999410     
  0.996423061799816     
  0.996462260806757     
  0.996512834233800     
  0.996584455945767     
  0.996684583102512     
  0.996828415705914     
  0.997054146792878     
  0.997392864872925     
  0.997780921836902     
  0.998203242927512     
  0.998672578486983     
  0.999183868823998     
  0.999609354516561     
  0.999713019738132     
  0.999708623597849     
  0.999707485658846     
  0.999709313091380     
  0.999713314438583     
  0.999705231260578     
  0.999681020587059     
  0.999641663941430     
  0.999589393234243     
  0.999522017652352     
  0.999424847003226     
  0.999320052055274     
  0.999200223417456     
  0.999068525425949     
  0.998936164098624     
  0.998809098904334     
  0.998681512445039     
  0.998449712227899     
  0.998176150742921     
  0.997956266358694     
  0.997789859389683     
  0.997664297952122     
  0.997517706729683     
  0.997377140876322     
  0.997279219819987     
  0.997204413733963     
  0.997151446760844     
  0.997136077049040     
  0.997210284512698     
  0.997344780860933     
  0.997513927906498     
  0.997707934929550     
  0.997911576369573     
  0.998100079434210     
  0.998273303019958     
  0.998415489812317     
  0.998512323217068     
  0.998586436673345     
  0.998639450830807     
  0.998671952951131     
  0.998677718035432     
  0.998660610643847     
  0.998630826766851     
  0.998560013659566     
  0.998377773879170     
  0.998055026975359     
  0.997587108321424     
  0.996954885507564     
  0.996038185365153     
  0.994836765863447     
  0.993493372129793     
  0.992049604327136     
  0.990479373058500     
  0.988787653926502     
  0.987175414134381     
  0.985698463127884     
  0.983995615867248     
  0.981941609133156     
  0.980217106631458     
  0.978842329425846     
  0.977813410473395     
  0.977108035033765     
  0.976690461883086     
  0.976632820220111     
  0.976870006958839     
  0.977344022150557     
  0.978083125812265     
  0.979097213142958     
  0.980339322790603     
  0.981638474937635     
  0.982825956578155     
  0.983659372917118     
  0.984253600753953     
  0.984749130301265     
  0.985139725818912     
  0.985224095430565     
  0.984998563237599     
  0.984662707701265     
  0.984179826186516     
  0.983387815460891     
  0.982217540847316     
  0.980814322484312     
  0.979170109802436     
  0.977211933185381     
  0.975109810988038     
  0.973119862509058     
  0.971403007245766     
  0.969973268462564     
  0.968844921391751     
  0.968148211498533     
  0.967755352713102     
  0.967608705650597     
  0.967361631955276     
  0.966703111254894     
  0.966195932736725     
  0.965897449898341     
  0.966001600396113     
  0.966582011163892     
  0.967543960779456     
  0.968865669978695     
  0.970638969006204     
  0.972728948178757     
  0.974911277033641     
  0.977045231787391     
  0.979138976301226     
  0.981082788062255     
  0.982312074223137     
  0.982969441843641     
  0.983502091804716     
  0.983938111161730     
  0.984249045699599     
  0.984517363810660     
  0.984936844134272     
  0.985499322373399     
  0.986117143370598     
  0.986759978992533     
  0.987436797643347     
  0.988135181265623     
  0.988822375157900     
  0.989583033876394     
  0.990532920094886     
  0.991548019068647     
  0.992496248825984     
  0.993375349943578     
  0.994193793818446     
  0.994945839776454     
  0.995629835974075     
  0.996310997623708     
  0.997025278692944     
  0.997707974869974     
  0.998301588248713     
  0.998794056442353     
  0.999152708102845     
  0.999409382749040     
  0.999557797034242     
  0.999614609204422     
  0.999601043632256     
  0.999473075455539     
  0.999250151659411     
  0.998982431590407     
  0.998709958507579     
  0.998449750237218     
  0.998229590502614     
  0.998123764043235     
  0.998091048595790     
  0.998047497976658     
  0.997951350500599     
  0.997782581059276     
  0.997481201475354     
  0.997008042742586     
  0.996422645523972     
  0.995739889991376     
  0.994904597617692     
  0.993961219268278     
  0.993053196037898     
  0.992159214824077     
  0.991452601884013     
  0.990940574486870     
  0.990565946777418     
  0.990280347565956     
  0.990075552413517     
  0.989941120236331     
  0.989915314128267     
  0.990021520211524     
  0.990263229323416     
  0.990647442381700     
  0.991097752706121     
  0.991740701497257     
  0.992647799535665     
  0.993661560880155     
  0.994704808296993     
  0.995720250452182     
  0.996583012830696     
  0.997225819108043     
  0.997700410132212     
  0.998009761615943     
  0.998216116479491     
  0.998344009624258     
  0.998342257757437     
  0.998230970321363     
  0.998083555242020     
  0.997931939465315     
  0.997768153317786     
  0.997606271852684     
  0.997462998677911     
  0.997352007099745     
  0.997176264722583     
  0.996966752974575     
  0.996238492576337     
  0.994887253860691     
  0.993682535712383     
  0.992416479977335     
  0.991255938151397     
  0.990198687079384     
  0.989242502376042     
  0.988501726740068     
  0.987881977975045     
  0.987190809386645     
  0.986050947588860     
  0.984832387214041     
  0.983809245625112     
  0.983017266569321     
  0.982460836115723     
  0.982101404115470     
  0.981891840034989     
  0.981759508980484     
  0.981578850629013     
  0.981517110090028     
  0.981575811797557     
  0.981679838847122     
  0.981840795793942     
  0.982095841878800     
  0.982423236785628     
  0.982822745013394     
  0.983252879695871     
  0.983780059510177     
  0.984427306401865     
  0.985209657845314     
  0.986233338330449     
  0.987400020654806     
  0.988739706038784     
  0.990246066919645     
  0.991694793322474     
  0.992999619395939     
  0.993454049757726     
  0.993726376022549     
  0.994031479183709     
  0.994378541359634     
  0.994762867196429     
  0.995249548183569     
  0.995860074357609     
  0.996536193696555     
  0.997177500994203     
  0.997340480135516     
  0.996998819706511     
  0.996481674789635     
  0.995826424302170     
  0.995084919297460     
  0.994260942211731     
  0.993387419609097     
  0.992550929451211     
  0.991798995789526     
  0.991127093808910     
  0.990546847700982     
  0.990065608155573     
  0.989688526436436     
  0.989415364844569     
  0.989247624053536     
  0.989172937187221     
  0.989168713291084     
  0.989214040891398     
  0.989293015397169     
  0.989411260957051     
  0.989584597955666     
  0.989785388068853     
  0.990059558084996     
  0.990347966007892     
  0.990752792691965     
  0.991219277032269     
  0.991679159229441     
  0.992123299283829     
  0.992509300035052     
  0.992794692784525     
  0.993001153541089     
  0.993103697252156     
  0.993082461978789     
  0.992945215227209     
  0.992714486912708     
  0.992424223590761     
  0.992060155765629     
  0.991597281420332     
  0.991060638013412     
  0.990453856264494     
  0.989781469239804     
  0.989059672763452     
  0.988265093323359     
  0.987408156974962     
  0.986499984071335     
  0.985537517085824     
  0.984519196935545     
  0.983452019500642     
  0.982332479081552     
  0.981099498207783     
  0.979756367805879     
  0.978299773714171     
  0.976721251405825     
  0.975006746091022     
  0.973155677810562     
  0.971192557150964     
  0.969125290284256     
  0.966974116260680     
  0.964762201824381     
  0.962525830007575     
  0.960308642237248     
  0.958153685659268     
  0.956115596133894     
  0.954245156858959     
  0.952586301823121     
  0.951179179593632     
  0.950062389339870     
  0.949273567549132     
  0.948828921129256     
  0.948739588195900     
  0.949013826844452     
  0.949640372866989     
  0.950575430437900     
  0.951793730447770     
  0.953286745602435     
  0.955024805718242     
  0.956931804797831     
  0.958947074221534     
  0.961104400780861     
  0.963305444084904     
  0.965483832046308     
  0.967620660364271     
  0.969663460821204     
  0.971580252592036     
  0.973388131628751     
  0.975069763536082     
  0.976621593195102     
  0.978054661961108     
  0.979381944220601     
  0.980596367932877     
  0.981688001501681     
  0.982651981358298     
  0.983492531347890     
  0.984213651928553     
  0.984815962374142     
  0.985368069833964     
  0.985909091862459     
  0.986405828567322     
  0.986862944425239     
  0.987239508834720     
  0.987692692452779     
  0.988177472006819     
  0.988693545598195     
  0.989224362267630     
  0.989742539081080     
  0.990230901168544     
  0.990683224281838     
  0.991116036583150     
  0.991507507233464     
  0.991851039802135     
  0.992168127512037     
  0.992482464303685     
  0.992821482698507     
  0.993194814344580     
  0.993605263207844     
  0.994013187528018     
  0.994416930625680     
  0.994807933085684     
  0.995220657026084     
  0.995667847306273     
  0.996089004101883     
  0.996461333729270     
  0.996783826552635     
  0.997053118082662     
  0.997266739678303     
  0.997437979871032     
  0.997588011227899     
  0.997720288400595     
  0.997832841646919     
  0.997930990228836     
  0.998017695112495     
  0.998090632553789     
  0.998150802256936     
  0.998200099956478     
  0.998240934235264     
  0.998270734563841     
  0.998231704506223     
  0.997783705086494     
  0.995729665902325     
  0.992023378224720     
  0.988262724714519     
  0.984794420173733     
  0.981620277872262     
  0.978530852377013     
  0.975693340998538     
  0.973188590459579     
  0.970685476496923     
  0.968225135294463     
  0.965943952393992     
  0.964030450717055     
  0.962497764532607     
  0.961425880438307     
  0.960770033374448     
  0.960407091533511     
  0.960174292345560     
  0.960249594608583     
  0.960472095036274     
  0.960635633385229     
  0.961044538835144     
  0.961573465876076     
  0.962333230462378     
  0.963481496349918     
  0.965113574504994     
  0.967131340458557     
  0.969436193152174     
  0.971813084971520     
  0.974174398050220     
  0.976529267289017     
  0.979307235712168     
  0.982292101444542     
  0.985531612437546     
  0.989246193564897     
  0.993237285969394     
  0.996665696125427     
  0.998109688492222     
  0.998370441825868     
  0.998537547846127     
  0.998667143639875     
  0.998712001747066     
  0.998679737599099     
  0.998632268614682     
  0.998597017626612     
  0.998586926659049     
  0.998612596038740     
  0.998687143124796     
  0.998796928338821     
  0.998920324004652     
  0.999032648115470     
  0.999101509834947     
  0.999146771148995     
  0.999169073131808     
  0.999178105246954     
  0.999185099247860     
  0.999199240235779     
  0.999230797125531     
  0.999273427335414     
  0.999316072491357     
  0.999351667261044     
  0.999370689508003     
  0.999372134265129     
  0.999353662618755     
  0.999315766401987     
  0.999261819610397     
  0.999208526358570     
  0.999171455027371     
  0.999152226806146     
  0.999161343308673     
  0.999209552892472     
  0.999289504504064     
  0.999377837237594     
  0.999448501071625     
  0.999489569274647     
  0.999504881633830     
