  0.999621440384093     
  0.999614309013721     
  0.999609219884809     
  0.999606627599048     
  0.999603139963187     
  0.999491762871562     
  0.998894748891981     
  0.997852109182798     
  0.996941130516855     
  0.996117371552641     
  0.995589431844279     
  0.995346885663499     
  0.992127260352982     
  0.982390818292419     
  0.973318308144436     
  0.969625214770725     
  0.968587708117113     
  0.966611345311457     
  0.964720180233924     
  0.963790828275772     
  0.963727616568647     
  0.964206248362789     
  0.967022339570019     
  0.975150268419076     
  0.987598812491431     
  0.995799649104944     
  0.998114544957798     
  0.999193855483750     
  0.999472698874473     
  0.999496780858338     
  0.999504326654790     
  0.999504866488015     
  0.999502977996559     
  0.999498008836623     
  0.999490938103106     
  0.999488271573366     
  0.999493291333135     
  0.999498915133594     
  0.999493650631522     
  0.999487544587291     
  0.999482203665619     
  0.999475787645117     
  0.999468375597226     
  0.999459307093760     
  0.999428035398746     
  0.999281240986634     
  0.999000809737850     
  0.998714589713321     
  0.998494526385150     
  0.998186297898288     
  0.997162934757470     
  0.995525398008055     
  0.994739082069477     
  0.995509161913654     
  0.996661899603480     
  0.997744432608174     
  0.998407045045097     
  0.998205510979678     
  0.997123116575117     
  0.995611062005913     
  0.995582285982419     
  0.996974316801137     
  0.998071779132189     
  0.998768341131822     
  0.999164335896599     
  0.999217452087386     
  0.999213590771051     
  0.999204048519359     
  0.999189285322728     
  0.999173850090503     
  0.999152032946798     
  0.999109272866300     
  0.999012779130777     
  0.998705687192439     
  0.998458356714231     
  0.998372639713476     
  0.998397961269286     
  0.998432648388351     
  0.998441420543098     
  0.998446624651757     
  0.998442668325805     
  0.998390623729659     
  0.998301452149915     
  0.998209800761962     
  0.998255462354351     
  0.998298873039096     
  0.998116620296788     
  0.997745555690238     
  0.997002043367010     
  0.995892793196515     
  0.994909776093059     
  0.994248370718069     
  0.994021566151983     
  0.994262504469567     
  0.994921878809007     
  0.995881925132309     
  0.996784343615284     
  0.997434446456886     
  0.997920555161124     
  0.998094251914529     
  0.998083842812221     
  0.998014422567492     
  0.997829448758993     
  0.997792630810982     
  0.997727494703547     
  0.997643769713360     
  0.997566227282110     
  0.997499060332392     
  0.997439878547091     
  0.997382202495218     
  0.997312299125010     
  0.997221210950641     
  0.997094899565550     
  0.996972501441564     
  0.996952268473793     
  0.996723218584188     
  0.993768955883652     
  0.983254886620409     
  0.973744803858932     
  0.973837718217618     
  0.979331815561580     
  0.982953250653125     
  0.982722887643483     
  0.975368258110145     
  0.964252261641563     
  0.953946371703431     
  0.948548794295113     
  0.953005129353194     
  0.961823858289960     
  0.965247502886530     
  0.965408647099421     
  0.965072066044688     
  0.964616061287321     
  0.964978952125608     
  0.967647791821351     
  0.965532222729342     
  0.960263050267832     
  0.953494484562454     
  0.949284227363242     
  0.950808802857660     
  0.954176866269712     
  0.955017130371540     
  0.954314307423209     
  0.952831911734653     
  0.949886851556416     
  0.945039055322725     
  0.946861356775298     
  0.952630575372125     
  0.953994962510537     
  0.946900014809242     
  0.940137997391808     
  0.936340183317866     
  0.931607998299087     
  0.923297004552199     
  0.912910870788296     
  0.901811303742914     
  0.890244032964850     
  0.880016578961560     
  0.875534000391523     
  0.877218910349941     
  0.879691930587379     
  0.878549632172050     
  0.873903137641975     
  0.861519783073964     
  0.836817177384329     
  0.799615729676376     
  0.754448740551091     
  0.708233084198619     
  0.667703654895839     
  0.638294857587196     
  0.624368604959382     
  0.626569923123535     
  0.643890494884454     
  0.676005773163770     
  0.718975680762354     
  0.767701832695801     
  0.814665473757926     
  0.854189702300964     
  0.884478749709523     
  0.906591535513500     
  0.922721610953697     
  0.935147804782234     
  0.945193660607322     
  0.953339044985203     
  0.959909906338668     
  0.965229218301814     
  0.969498451321119     
  0.972917814298747     
  0.975719762711484     
  0.978101082466378     
  0.980136695726818     
  0.981894570122085     
  0.983470933796191     
  0.984912199138221     
  0.986222075777845     
  0.987400463015076     
  0.988431797450870     
  0.989382378183684     
  0.990307659314289     
  0.991164398834281     
  0.991928067177075     
  0.992505228685364     
  0.993091452547174     
  0.993579736753881     
  0.993967952306319     
  0.994338255635765     
  0.994743102561447     
  0.995103036810050     
  0.995391477770992     
  0.995638261937352     
  0.995870349471103     
  0.996099373289330     
  0.996314245986422     
  0.996263570587638     
  0.995823617536676     
  0.995679905677684     
  0.995797260155316     
  0.996001281494975     
  0.996142287430464     
  0.996190804552958     
  0.995838139590691     
  0.995601326701301     
  0.995537997414973     
  0.995698950037367     
  0.996097043506001     
  0.996771338570136     
  0.997253900238817     
  0.997400479130100     
  0.997421257976600     
  0.997389826654620     
  0.997274087904258     
  0.994897348709027     
  0.988254248177374     
  0.981253864539986     
  0.976515359946504     
  0.973298339635177     
  0.970834836120447     
  0.969835779710068     
  0.970280467700208     
  0.972237577704255     
  0.974773817630243     
  0.972079684836676     
  0.962635803337934     
  0.948914206948053     
  0.936286736499589     
  0.926806987632082     
  0.921725493803603     
  0.918832948196719     
  0.918861837785756     
  0.922056969411893     
  0.926850019170711     
  0.935411842999590     
  0.950980249558270     
  0.971366943205446     
  0.987689013490594     
  0.997019367969056     
  0.998828812068464     
  0.998904045689944     
  0.998988683741315     
  0.999095305129327     
  0.999093958178312     
  0.999132695913017     
  0.999165135395530     
  0.999190413160579     
  0.999212015203775     
  0.999241250219682     
  0.999282240849390     
  0.999325168302858     
  0.999343039956352     
  0.999329204178955     
  0.999315297530332     
  0.999304736812262     
  0.999349091445821     
  0.999337714303694     
  0.999315498726006     
  0.999308660965619     
  0.999308849331839     
  0.999307129144145     
  0.999284364745612     
  0.999276286596070     
  0.999299762544606     
  0.999335839737654     
  0.999375968507147     
  0.999409982797219     
  0.999423720888187     
  0.999399925633271     
  0.999387500480196     
  0.999415410295351     
  0.999456869703287     
  0.999516829649591     
  0.999544888270559     
  0.999543554841590     
  0.999531296531011     
  0.999298380472048     
  0.997928296643535     
  0.996427786437335     
  0.996414220799826     
  0.997048657606787     
  0.996071757612795     
  0.995030148873288     
  0.996070686731690     
  0.998083127246295     
  0.998741417970520     
  0.998258598799494     
  0.998038764953220     
  0.997601604792007     
  0.993288153625743     
  0.986687136068418     
  0.983865313500546     
  0.985097655774871     
  0.986158066523316     
  0.986252090399994     
  0.986287454595142     
  0.986351525438593     
  0.986296375601463     
  0.986483860847112     
  0.988789437589638     
  0.993612059656095     
  0.997930775216164     
  0.999355607314976     
  0.999685307123758     
  0.999704309317498     
  0.999715826209966     
  0.999737758726520     
  0.999741043158488     
  0.999731459253341     
  0.999709195354219     
  0.999686972966364     
  0.999670330379295     
  0.999646253311304     
  0.999598795995924     
  0.999594309453118     
  0.999591575853775     
  0.999597247688202     
  0.999614898977702     
  0.999641710937410     
  0.999668293473812     
  0.999696927443945     
  0.999694431371866     
  0.999575104358338     
  0.999347256247700     
  0.999158364170809     
  0.998987241532071     
  0.998846180626659     
  0.998739570507493     
  0.998702330596227     
  0.998738647639774     
  0.998833306221570     
  0.998984884177733     
  0.999135832651203     
  0.999216456102030     
  0.999302151915510     
  0.999424888412224     
  0.999558946481187     
  0.999678284222012     
  0.999771356522434     
  0.999804039728769     
  0.999806091895306     
  0.999802295863187     
  0.999802424022975     
  0.999776391033118     
  0.999479089747379     
  0.999003370207876     
  0.998959248785894     
  0.999340887486239     
  0.999656999845735     
  0.999780415705525     
  0.999759093040286     
  0.999581095360626     
  0.999208454442261     
  0.998906628821370     
  0.999126252969098     
  0.999579331733166     
  0.999723530153825     
  0.999671465767360     
  0.999646461637464     
  0.999646756205118     
  0.999647548757058     
  0.999655388231749     
  0.999668283695997     
  0.999681068367284     
  0.999669495001098     
  0.999303735910662     
  0.998379932434179     
  0.996830867267818     
  0.994554315752240     
  0.994457238227905     
  0.995403381460610     
  0.996097623073913     
  0.996043867490167     
  0.995254995571091     
  0.993980913771465     
  0.993126091554801     
  0.993144999084217     
  0.994145207729585     
  0.995672264531463     
  0.997779472148728     
  0.997344073442716     
  0.994010078318451     
  0.991511344746735     
  0.991117558965878     
  0.991478096214410     
  0.991529317017008     
  0.991510815848885     
  0.991500734461229     
  0.991423451205984     
  0.991280010358558     
  0.992195952489637     
  0.994961014175040     
  0.998350672883215     
  0.999711434705501     
  0.999785874907407     
  0.999750121816965     
  0.999663014818582     
  0.999585100373607     
  0.999545717586645     
  0.999541049029304     
  0.999574552821284     
  0.999630951359054     
  0.999684887630518     
  0.999720190793667     
  0.999738059117786     
  0.999754748417190     
  0.999785352936671     
  0.999799338810153     
  0.999803964540915     
  0.999813603122231     
  0.999823453812149     
  0.999830960856583     
  0.999814672009686     
  0.999794740967008     
  0.999804389665395     
  0.999816644059865     
  0.999766594974299     
  0.999685281952767     
  0.999658611779673     
  0.999648835873381     
  0.999634701973963     
  0.999563928810226     
  0.999119590261697     
  0.998177771874410     
  0.997310937480652     
  0.996505150385332     
  0.995947593444379     
  0.995766089328880     
  0.995983210237693     
  0.996510993567310     
  0.997214578456614     
  0.998048635144992     
  0.998871115101934     
  0.998830822822700     
  0.997990646604618     
  0.997681135910770     
  0.997884225548229     
  0.998231167855890     
  0.998012108081098     
  0.997184841913665     
  0.996787422013700     
  0.997096116933981     
  0.997300857355900     
  0.997315582930130     
  0.997601141593751     
  0.998309497650540     
  0.998316742599999     
  0.997893550174788     
  0.998193933680845     
  0.999046524524922     
  0.999507456082410     
  0.999548358348880     
  0.999542063574919     
  0.999560916339465     
  0.999656951730630     
  0.999777215153121     
  0.999796572469068     
  0.999790637573000     
  0.999785681697534     
  0.999553063605726     
  0.997459839190313     
  0.990674874252670     
  0.980202178418494     
  0.969381284314721     
  0.959165498986789     
  0.951626399410033     
  0.949208893030389     
  0.952529473799997     
  0.960178060803840     
  0.969916735057560     
  0.979755078007733     
  0.987769042458239     
  0.991565534009478     
  0.989352111913185     
  0.985725561894683     
  0.983694028441991     
  0.983481607786651     
  0.983121141424237     
  0.982343821868394     
  0.982198019841705     
  0.982714566963621     
  0.983570588863562     
  0.984389721872101     
  0.986865886997397     
  0.992043288671406     
  0.997911218701449     
  0.999091643305898     
  0.995387906227558     
  0.988356946035332     
  0.983106899465428     
  0.981457641255405     
  0.979969345460511     
  0.973614366371566     
  0.961979488160338     
  0.949512161608427     
  0.937620105220081     
  0.928284425394137     
  0.927069205183590     
  0.936348348788866     
  0.949472337284609     
  0.958567332191508     
  0.967135289809540     
  0.975541477967864     
  0.979228613871739     
  0.979797063037557     
  0.981111956946945     
  0.983204018225008     
  0.982768402960121     
  0.979642443836155     
  0.978366345209455     
  0.978749579964714     
  0.977717719414968     
  0.976161148217899     
  0.975828808184754     
  0.977148615871129     
  0.979463262775080     
  0.982855004710909     
  0.988107590635875     
  0.992265841630096     
  0.991865135939910     
  0.988729122322579     
  0.985326067800189     
  0.982613959972744     
  0.981348528426690     
  0.981670066183907     
  0.984164526177952     
  0.988532517530947     
  0.993188693378938     
  0.997183792799725     
  0.999250892444915     
  0.999675522402342     
  0.999687908871792     
  0.999676554185300     
  0.999671981990703     
  0.999680551586306     
  0.999680135456102     
  0.999673702747490     
  0.999686589393433     
  0.999703887094847     
  0.999723495621755     
  0.999738277632943     
  0.999741725667853     
  0.999740363011613     
  0.999737116042879     
  0.999733125845779     
  0.999731320770838     
  0.999736692910335     
  0.999743647231818     
  0.999740338701821     
  0.999727486736819     
  0.999581674635200     
  0.999193665450578     
  0.998959014732841     
  0.998706089446616     
  0.997205911786998     
  0.995724921342439     
  0.996067424914701     
  0.996903238653841     
  0.997185325833050     
  0.996986881402295     
  0.996102984039371     
  0.993012362048237     
  0.987352995378256     
  0.982031095428588     
  0.979132218198836     
  0.977966235303572     
  0.977927960768671     
  0.979977104948158     
  0.983939595137187     
  0.987827243920683     
  0.992726717977328     
  0.995554865905322     
  0.996788349300153     
  0.997422684020206     
  0.997680847820690     
  0.997867765056141     
  0.997942219207887     
  0.997903367564156     
  0.997771229105711     
  0.997521591422320     
  0.997346557291451     
  0.998228548283002     
  0.998295569071024     
  0.999303809449576     
  0.999550473418278     
  0.999537390492343     
  0.999523973249818     
  0.999485674571459     
  0.999468055529586     
  0.999460066522107     
  0.999450797969904     
  0.999430530526848     
  0.999399325139124     
  0.999341040141314     
  0.999151459890087     
  0.998070015862898     
  0.996755544372218     
  0.995994166902076     
  0.995665660982604     
  0.995506680193877     
  0.995328769513773     
  0.995032932037181     
  0.994662264970880     
  0.993003987247935     
  0.990591002657005     
  0.983208841756150     
  0.975897490074715     
  0.971778074526249     
  0.970218830003541     
  0.969058781164293     
  0.968615043391917     
  0.969076079037857     
  0.970600278238779     
  0.972814234859966     
  0.974508770169860     
  0.977582624714726     
  0.983737095059570     
  0.987684536300003     
  0.987356368966183     
  0.986314873676488     
  0.985158234797805     
  0.984281571379893     
  0.983726140016245     
  0.983690192899398     
  0.985091114328784     
  0.989145750049359     
  0.994612623151790     
  0.997020451719843     
  0.998057925814025     
  0.998621168966206     
  0.998723163501963     
  0.998695238763905     
  0.998656800333639     
  0.998602357096233     
  0.998511528910755     
  0.998379187989610     
  0.998219767920419     
  0.998058893483907     
  0.997957953358520     
  0.997909712129320     
  0.997902603357809     
  0.997924208921272     
  0.997960977794392     
  0.997976642464636     
  0.997873091794913     
  0.997417688058640     
  0.996892499143714     
  0.995692334940006     
  0.992295048866704     
  0.987576224751105     
  0.983460581607810     
  0.979729672434325     
  0.976523444191798     
  0.975065537127508     
  0.975733489833040     
  0.978353274112460     
  0.982159034051371     
  0.986419996100104     
  0.989992151746777     
  0.991778991896296     
  0.992950405912003     
  0.994013149704998     
  0.994726757919704     
  0.994716276005819     
  0.994783618487358     
  0.994900346729236     
  0.994808932690503     
  0.994508761841423     
  0.993854909823396     
  0.993187686117832     
  0.992967544835677     
  0.992934680280392     
  0.992721769591951     
  0.992324623108378     
  0.991774235980870     
  0.991046404203523     
  0.990153195716336     
  0.989437770655674     
  0.989162665105479     
  0.988891639150442     
  0.988309008748235     
  0.987606186259778     
  0.986854537797022     
  0.986043019894673     
  0.985159095247041     
  0.984185567933604     
  0.982983746218819     
  0.981421933669650     
  0.979623116118584     
  0.977639140194286     
  0.975628357891442     
  0.973474519028542     
  0.971246693936332     
  0.969026659560619     
  0.966789340639587     
  0.964491694653861     
  0.962132398394888     
  0.959805345690111     
  0.957287853276808     
  0.954130188109357     
  0.950597983463411     
  0.946905659519589     
  0.943134726027730     
  0.939461567524937     
  0.936129164761237     
  0.933464911805045     
  0.931760190473289     
  0.931215473182081     
  0.931890283744033     
  0.933690743784728     
  0.936422875199685     
  0.939801780303669     
  0.943513631514037     
  0.947291743173370     
  0.950918661198395     
  0.954345735013960     
  0.957697864894829     
  0.960887778344294     
  0.963875301721509     
  0.966659814185691     
  0.969237379766530     
  0.971603145118025     
  0.973752509116027     
  0.975715638193218     
  0.977550484843939     
  0.979252046058237     
  0.980774060327451     
  0.981891648990337     
  0.982148063150363     
  0.981704106176239     
  0.981414777996782     
  0.981272277338262     
  0.981522729520834     
  0.982293343929972     
  0.983561079727395     
  0.985196641124249     
  0.986985373843458     
  0.988677147059917     
  0.990185011746259     
  0.990281313569398     
  0.988980563111778     
  0.987726455140315     
  0.987036923111079     
  0.986778109364128     
  0.986937903634299     
  0.987360713138552     
  0.988091214731373     
  0.989069046646361     
  0.990342936359539     
  0.992152750346632     
  0.993232038514492     
  0.993446274836244     
  0.993614844726909     
  0.994003283061567     
  0.994600851237205     
  0.995303359209624     
  0.996017765012855     
  0.996609036461005     
  0.996914381787004     
  0.997062028442128     
  0.997177805493759     
  0.997296410121095     
  0.997408959726964     
  0.997498123926863     
  0.997593756851381     
  0.997686215129211     
  0.997737262931336     
  0.997776505213190     
  0.997838643430698     
  0.997912812319632     
  0.997987582814335     
  0.998062513083206     
  0.998126610536047     
  0.998184241771268     
  0.998230777625014     
  0.998288410441545     
  0.998345351155386     
  0.998416303252908     
  0.998500682733330     
  0.998529386465261     
  0.998530886721985     
  0.998512937685402     
  0.998497335770604     
  0.998494982712809     
  0.998476460621169     
  0.998364860659644     
  0.997103746471328     
  0.989795304110650     
  0.966712155666533     
  0.938331014006352     
  0.919281836599195     
  0.908217848189767     
  0.899297445888995     
  0.894748259872614     
  0.896421560787930     
  0.903831373036018     
  0.914108794521604     
  0.929875235308871     
  0.955680159825656     
  0.982106433716070     
  0.995828534860860     
  0.996822799447558     
  0.996695946128487     
  0.996969818505562     
  0.997274126251204     
  0.997468858884579     
  0.997685867558032     
  0.997982380441955     
  0.998352716395488     
  0.998715362190749     
  0.998946211146651     
  0.998984189801390     
  0.998769844652771     
  0.998481735939948     
  0.998293757591931     
  0.998244233463596     
  0.998328020024221     
  0.998555581379813     
  0.998882288746704     
  0.999186226527928     
  0.999377386690977     
  0.999470199108375     
  0.999506842111915     
  0.999512343433387     
  0.999437923489199     
  0.999288651401096     
  0.999175332514772     
  0.999050860123447     
  0.998576151600635     
  0.998337303271576     
  0.998700261308998     
  0.999328831070841     
  0.999650620545817     
  0.999627613848606     
  0.999456543510642     
  0.999110790895960     
  0.998511927616762     
  0.997905658509274     
  0.997992645655902     
  0.998813099079289     
  0.999547419194617     
  0.999963540284295     
   1.00014319662046     
   1.00013273905798     
  0.999933804615382     
  0.999542115958986     
  0.999169568419026     
  0.999084111695561     
  0.999341909780271     
  0.999599203438323     
  0.999702640654523     
