  0.998811488361780     
  0.999165833367858     
  0.999156157714944     
  0.998923952536825     
  0.998669932823285     
  0.998349435610851     
  0.997223942700564     
  0.994141691424020     
  0.990605074107369     
  0.987555688924452     
  0.985052807509739     
  0.983348208738176     
  0.982187861998134     
  0.981256096134077     
  0.980550581399531     
  0.979968256887853     
  0.979568250661658     
  0.979357209417346     
  0.979313858345535     
  0.979367775970584     
  0.979518693937912     
  0.979802170228944     
  0.980237477449611     
  0.980752134109926     
  0.981478427662039     
  0.982560671091182     
  0.984113720794302     
  0.986536338963506     
  0.989658970638167     
  0.993300350697748     
  0.997008057055835     
  0.998949913083428     
  0.999324501436600     
  0.999450597433381     
  0.999485408671663     
  0.999485119228943     
  0.999481898847953     
  0.999477226301694     
  0.999467243067322     
  0.999428140061952     
  0.999370718508951     
  0.999302397534231     
  0.999226261308836     
  0.999117471796821     
  0.998837492180770     
  0.998335683209091     
  0.997669695572474     
  0.996959886835017     
  0.996550277801112     
  0.996555822240593     
  0.996826075986421     
  0.997241438264966     
  0.997679583564947     
  0.998022475000381     
  0.998266160436705     
  0.998425497741644     
  0.998512330893163     
  0.998526500312432     
  0.998472915762477     
  0.998316422730760     
  0.998014621716287     
  0.997581641820834     
  0.997140224981746     
  0.996833837434623     
  0.996914505813001     
  0.997361436144681     
  0.997948202072981     
  0.998449540050348     
  0.998704078498131     
  0.998790089245453     
  0.998801820933001     
  0.998768502670982     
  0.998742024591622     
  0.998725454529041     
  0.998714164408508     
  0.998699377395725     
  0.998676311677559     
  0.998638359866343     
  0.998585794383889     
  0.998523285529222     
  0.998453753958894     
  0.998372973793409     
  0.998255532213104     
  0.998080806427854     
  0.997826340219922     
  0.997468791254810     
  0.997078780315354     
  0.996705841446548     
  0.996404177506409     
  0.996205566293769     
  0.996108541048532     
  0.996046093474018     
  0.995989564725931     
  0.995988929109093     
  0.996052108597250     
  0.996181496844616     
  0.996342829533238     
  0.996620201174938     
  0.996945413389017     
  0.997231737837709     
  0.997436348314089     
  0.997562411352039     
  0.997648096882114     
  0.997678177994571     
  0.997662181723204     
  0.997615899307611     
  0.997546819942309     
  0.997470313244382     
  0.997388054660755     
  0.997283010881056     
  0.996646837884078     
  0.994036342289301     
  0.990507531584886     
  0.987131104410345     
  0.984488409454565     
  0.983656815858724     
  0.984164478875201     
  0.984063437435467     
  0.983227635584214     
  0.981983009605880     
  0.979964650474065     
  0.977901294160490     
  0.976217928652308     
  0.974678258180601     
  0.973345618922015     
  0.972005676891932     
  0.970116626431195     
  0.966982331027217     
  0.963540820445867     
  0.959763225686710     
  0.956531653756450     
  0.954356677822004     
  0.953397875871824     
  0.953389481715250     
  0.953951740443272     
  0.954336838741017     
  0.955229594340316     
  0.956904287151457     
  0.958700844907120     
  0.960223795608338     
  0.961520094792531     
  0.961052527589672     
  0.958954649160996     
  0.955478106940864     
  0.950842974793885     
  0.945474713841380     
  0.940051014025494     
  0.935441951284170     
  0.930933621396995     
  0.927331451781522     
  0.924982775463017     
  0.923361576529882     
  0.922051173839734     
  0.919946212382315     
  0.916420008699509     
  0.910942169811909     
  0.904246651330298     
  0.895682916870786     
  0.884282366854231     
  0.869788463299806     
  0.852860644511802     
  0.834668071043381     
  0.816775156635576     
  0.800185437213957     
  0.785072239627621     
  0.771563164364885     
  0.759525354972780     
  0.749245689618670     
  0.741766954109592     
  0.737463666808443     
  0.736418455951348     
  0.738258413928160     
  0.743094678347574     
  0.751521420008444     
  0.763280173063778     
  0.778208660449843     
  0.795808271916940     
  0.815506477787964     
  0.836733166989918     
  0.858799623807456     
  0.880775330693195     
  0.901455330915973     
  0.919432983340900     
  0.934009521305587     
  0.945285477003362     
  0.953829525576307     
  0.960391694263812     
  0.965660478138483     
  0.970011344295661     
  0.973619656833924     
  0.976621420059959     
  0.979122838286065     
  0.981229640607005     
  0.983026203666379     
  0.984591981077066     
  0.985981909337927     
  0.987219732066728     
  0.988324582338992     
  0.989312053938355     
  0.990200825643473     
  0.991002800873889     
  0.991622838119232     
  0.992272778253624     
  0.992860108790082     
  0.993389046191675     
  0.993857711814464     
  0.994268028359344     
  0.994547910784793     
  0.994654595290308     
  0.994784727446045     
  0.994953766559639     
  0.995148125054041     
  0.995374505053257     
  0.995596276940330     
  0.995698016221499     
  0.995762542807195     
  0.995842000231844     
  0.995942945546440     
  0.996053596078747     
  0.996167765141009     
  0.996277055326511     
  0.996375312462521     
  0.996474218907982     
  0.996567079675278     
  0.996596111404160     
  0.995782008491547     
  0.993757230179117     
  0.991743065360318     
  0.990097218412478     
  0.988658881878530     
  0.987489951952099     
  0.986531423236852     
  0.985449395034844     
  0.984416601255895     
  0.983353730914586     
  0.980514850488208     
  0.975874508830247     
  0.970005025910452     
  0.964667052150267     
  0.958813528260061     
  0.954151830546834     
  0.950993968880549     
  0.949203998885330     
  0.948218692305967     
  0.947735111099898     
  0.947694787630351     
  0.948249898081683     
  0.949412073778181     
  0.951408378145030     
  0.953992581255627     
  0.956474285520404     
  0.958309261752535     
  0.960120430956977     
  0.962223368102938     
  0.964686805607404     
  0.967956138387440     
  0.972540757239602     
  0.978122774319874     
  0.984478837849183     
  0.990840972428106     
  0.995581538946779     
  0.998405904348050     
  0.999100141043855     
  0.999147498063368     
  0.999188519994417     
  0.999225913209140     
  0.999240626972951     
  0.999250902064142     
  0.999258467322498     
  0.999267401998524     
  0.999279061056842     
  0.999289474295342     
  0.999289140736666     
  0.999287328946876     
  0.999284763938809     
  0.999281569962933     
  0.999282123362536     
  0.999295154972494     
  0.999326633428849     
  0.999331038163627     
  0.999322278746113     
  0.999336853669469     
  0.999358500132614     
  0.999379640025755     
  0.999399692125531     
  0.999418068643771     
  0.999434072376644     
  0.999400297557757     
  0.999054242210110     
  0.998487583672494     
  0.997959028717959     
  0.997393932519797     
  0.996637151217498     
  0.996027638933907     
  0.995712262851144     
  0.995738156646602     
  0.996225218923191     
  0.997092691699624     
  0.998096142891516     
  0.998972328440642     
  0.999034085993824     
  0.998003898110554     
  0.996543132055235     
  0.994964165860505     
  0.993380168263550     
  0.992038440565003     
  0.990902762837339     
  0.989992831585558     
  0.989318292471905     
  0.988876737213916     
  0.988768404619386     
  0.989133270263590     
  0.989785244488476     
  0.990538015066005     
  0.991417698682899     
  0.992208802913063     
  0.992517060352075     
  0.992592367253387     
  0.992767256653144     
  0.993128278445048     
  0.993902968251480     
  0.995086018346173     
  0.996523024359038     
  0.998115465236916     
  0.999248362587558     
  0.999587337794882     
  0.999654756116048     
  0.999656006958296     
  0.999656217137877     
  0.999656780925963     
  0.999652913641782     
  0.999650967603008     
  0.999649195379036     
  0.999641040561417     
  0.999622131438033     
  0.999589444894331     
  0.999541193287275     
  0.999483501421385     
  0.999403582188597     
  0.999324942656046     
  0.999259363389342     
  0.999204304555894     
  0.999154777691877     
  0.999106668623559     
  0.999063852222051     
  0.999037257133302     
  0.999039125137558     
  0.999076906167436     
  0.999125859593786     
  0.999187881845383     
  0.999261542555309     
  0.999335422450720     
  0.999409290679283     
  0.999485066122269     
  0.999548512501433     
  0.999550515293095     
  0.999478206725418     
  0.999366388620727     
  0.999260422969166     
  0.999241494517360     
  0.999329682088137     
  0.999464491426378     
  0.999588386146553     
  0.999673096774560     
  0.999725604982148     
  0.999757487849983     
  0.999767372166847     
  0.999753852188322     
  0.999712213044623     
  0.999653285651107     
  0.999584388472575     
  0.999483401314610     
  0.999362259909008     
  0.999256443372817     
  0.999210823348345     
  0.999275387816639     
  0.999333194202546     
  0.999263317388038     
  0.998888063256288     
  0.997852626507072     
  0.996900787176506     
  0.996401829164445     
  0.996376158554962     
  0.996634508143687     
  0.996961654265512     
  0.997239095299391     
  0.997411586753473     
  0.997460287370290     
  0.997448950609021     
  0.997385192163515     
  0.997247617464866     
  0.996679208224734     
  0.995449055933696     
  0.994117413841959     
  0.992869158157933     
  0.991863509176599     
  0.991385005304855     
  0.991437222223713     
  0.991906332607967     
  0.992582674908041     
  0.993291034125346     
  0.994067795545964     
  0.994833185151960     
  0.995117969624717     
  0.995206586153453     
  0.995256367851399     
  0.995289815463524     
  0.995305949482719     
  0.995281767431345     
  0.995305272782005     
  0.995432428143821     
  0.995750678067243     
  0.996379164229499     
  0.997230990077606     
  0.998228225206497     
  0.999227800965874     
  0.999644363498821     
  0.999673469548253     
  0.999686562123937     
  0.999701451403481     
  0.999717889284163     
  0.999734406418396     
  0.999748495600414     
  0.999757058394967     
  0.999760498843464     
  0.999761083937765     
  0.999762562719232     
  0.999758373214709     
  0.999740708107123     
  0.999737388781396     
  0.999738904624402     
  0.999740227394918     
  0.999732572799664     
  0.999680549424868     
  0.999577709721609     
  0.999412578554270     
  0.999164569475166     
  0.998912161786945     
  0.998630816286969     
  0.998347754066755     
  0.998090285309420     
  0.997874402515276     
  0.997711654142177     
  0.997600851177482     
  0.997448541183828     
  0.997117713825863     
  0.996899094796644     
  0.996845726739586     
  0.996938963708595     
  0.997086428704340     
  0.997220768843773     
  0.997334536608966     
  0.997417856683423     
  0.997574749120776     
  0.997795467842577     
  0.998026880050857     
  0.998229380689800     
  0.998363280728748     
  0.998442885831160     
  0.998483090991206     
  0.998480154186723     
  0.998427684843556     
  0.998353011969104     
  0.998280541238913     
  0.998227161758968     
  0.998193776031998     
  0.998203486402615     
  0.998328659302666     
  0.998612864067529     
  0.998864021075289     
  0.999086459035495     
  0.999124618096343     
  0.998696282033104     
  0.997591942910285     
  0.995589664317938     
  0.992730454052661     
  0.989276249939582     
  0.985427908028283     
  0.981651167941247     
  0.978299631888746     
  0.975575088499609     
  0.973545402714668     
  0.972246834989228     
  0.971569712274770     
  0.970400291302637     
  0.969775933790312     
  0.970297403908836     
  0.971641431753361     
  0.973801045129077     
  0.976592922275020     
  0.979449218359989     
  0.982030726520951     
  0.984359305706852     
  0.986233024651608     
  0.987561803261611     
  0.988384731945555     
  0.988965144099851     
  0.989399858941661     
  0.988917030264505     
  0.987525995624952     
  0.985994272868238     
  0.984555196172618     
  0.983475281279116     
  0.982647545171541     
  0.981797264480611     
  0.980657329037490     
  0.978806882098114     
  0.976650508105792     
  0.974072671442743     
  0.970006648016038     
  0.965738925200724     
  0.961976169361951     
  0.958807856424788     
  0.956272808470224     
  0.954725632998593     
  0.954361892700732     
  0.955138809959737     
  0.957014162440739     
  0.960002982081572     
  0.963828652149157     
  0.968018170281506     
  0.972087362869017     
  0.975597887500742     
  0.977779596204156     
  0.978889809355219     
  0.979539842610234     
  0.980025289662501     
  0.980526286579075     
  0.981072764326192     
  0.981651068079469     
  0.982438508606347     
  0.983269513812615     
  0.983772896318957     
  0.984040088717735     
  0.984046807591998     
  0.983955320451309     
  0.984077037845826     
  0.984565636813365     
  0.985632006705096     
  0.987069252861578     
  0.988357855162463     
  0.989381291710568     
  0.990139174802335     
  0.990826645951317     
  0.991727164055149     
  0.992899728210872     
  0.994315868673238     
  0.995800115573084     
  0.997136842455125     
  0.998283347400505     
  0.999046188774804     
  0.999448751597228     
  0.999641340549647     
  0.999692086578105     
  0.999701265953547     
  0.999708172117719     
  0.999715867905409     
  0.999726292491371     
  0.999732356541194     
  0.999736863282737     
  0.999740831441484     
  0.999720224335594     
  0.999642113668075     
  0.999526910076002     
  0.999333204498602     
  0.998927580832595     
  0.998421312452179     
  0.997892808927628     
  0.997505447057838     
  0.997503808217697     
  0.997715964458058     
  0.997896203593949     
  0.997833336213758     
  0.997401657429822     
  0.996558085363360     
  0.995332492527950     
  0.993882221357654     
  0.992236795279090     
  0.990534027299475     
  0.988991717456560     
  0.987363981100160     
  0.986133263935213     
  0.985203665391851     
  0.984807943808174     
  0.985208030761986     
  0.986335907870800     
  0.987856878390630     
  0.989615669853166     
  0.991290463523030     
  0.992877189220343     
  0.994473311649918     
  0.995873834419761     
  0.997008782235482     
  0.997774213393314     
  0.998201319714347     
  0.998393783987990     
  0.998443002935958     
  0.998417864426649     
  0.998376092803318     
  0.998328278038452     
  0.998262182094712     
  0.998181319100559     
  0.998146652757600     
  0.998327866542477     
  0.998721375179473     
  0.998914560164815     
  0.999080395323887     
  0.998839421984854     
  0.998514636375095     
  0.998197929568413     
  0.997951869945547     
  0.997737431196341     
  0.997520268346904     
  0.997287951438100     
  0.996634265401010     
  0.995678953735230     
  0.993135722011925     
  0.990229817089821     
  0.987784222572310     
  0.985642334351768     
  0.984073269023059     
  0.983065431224477     
  0.982298643406437     
  0.981788755119899     
  0.981367434693991     
  0.980445629476805     
  0.979033819878031     
  0.978011923400369     
  0.977457253654846     
  0.977443837375642     
  0.977501949555400     
  0.977648274652834     
  0.977920763986130     
  0.978354856884747     
  0.979101678801271     
  0.980197033855913     
  0.982006620680115     
  0.984301505463841     
  0.986704326313804     
  0.989136670835571     
  0.990360357787691     
  0.990519460593943     
  0.990738551745595     
  0.991108383240064     
  0.991613982947981     
  0.992269640856307     
  0.993193829325782     
  0.994541532808318     
  0.996308465699166     
  0.997881671548938     
  0.998330318114518     
  0.998375302527302     
  0.998362192793261     
  0.998313445692670     
  0.998254726345202     
  0.998177285177525     
  0.998013754087904     
  0.997838455968138     
  0.997562662921163     
  0.997039048118153     
  0.996269289716319     
  0.995178226158904     
  0.993843020214736     
  0.992394776130237     
  0.990789179619398     
  0.989136146055234     
  0.987667490702519     
  0.986438961506082     
  0.985467315166600     
  0.984875445612325     
  0.984689567844306     
  0.984875721235327     
  0.985326911676905     
  0.986000803264913     
  0.986869138901793     
  0.987878112498785     
  0.988825977975080     
  0.989939863192512     
  0.990938295636527     
  0.992043749428932     
  0.992821134969030     
  0.993243429812828     
  0.993507732481756     
  0.993617083423952     
  0.993650021703965     
  0.993658232624870     
  0.993595008251933     
  0.993444654699018     
  0.993198562725453     
  0.992849269371747     
  0.992430693420849     
  0.991961122095780     
  0.991444977948101     
  0.990879734048133     
  0.990255575105287     
  0.989564052783495     
  0.988831740485000     
  0.988030676915507     
  0.987187913020018     
  0.986370416308716     
  0.985524223935920     
  0.984583974381766     
  0.983510772280342     
  0.982300977648196     
  0.980941494264004     
  0.979465758119203     
  0.977872755403045     
  0.976154753660286     
  0.974304860129862     
  0.972320036479392     
  0.970196315537849     
  0.967922468067309     
  0.965501516772190     
  0.962935791241306     
  0.960231316471834     
  0.957424648118254     
  0.954559808442927     
  0.951713071825004     
  0.948986029581231     
  0.946454870849265     
  0.944202014873236     
  0.942312173677979     
  0.940838642171144     
  0.939918971563443     
  0.939631133913700     
  0.939995581338115     
  0.940988614339518     
  0.942548945327594     
  0.944605378425675     
  0.947057663782611     
  0.949795804470943     
  0.952657786055230     
  0.955546806749008     
  0.958502931811595     
  0.961400973211945     
  0.964167945433978     
  0.966785677738693     
  0.969245781028083     
  0.971523077985976     
  0.973569997923822     
  0.975322645274922     
  0.976816501854963     
  0.978094075661755     
  0.979242529227792     
  0.980245546431368     
  0.981151443895748     
  0.981996348640682     
  0.982800890254835     
  0.983578998910175     
  0.984330312413256     
  0.984991504587239     
  0.985519932630670     
  0.985896368542751     
  0.986152049576756     
  0.986450607140918     
  0.986883761063623     
  0.987336127350347     
  0.987838293752006     
  0.988438954117200     
  0.989067848756630     
  0.989580190801702     
  0.989949214390827     
  0.990203555309792     
  0.990405265431772     
  0.990605629241639     
  0.990891390251676     
  0.991333667245802     
  0.991911809986247     
  0.992543667277547     
  0.993230590864022     
  0.994032509308488     
  0.994761145863135     
  0.995331421654902     
  0.995767742771107     
  0.996104159386891     
  0.996416237137508     
  0.996716032234506     
  0.996978611481994     
  0.997198260285095     
  0.997367579099015     
  0.997502534225779     
  0.997608476269363     
  0.997699863803273     
  0.997784194652249     
  0.997865016966090     
  0.997943760102829     
  0.998011201444010     
  0.998077274779967     
  0.998140476514534     
  0.998194860975513     
  0.998249463290344     
  0.998293322877650     
  0.998329851785981     
  0.998358363389465     
  0.998378836298692     
  0.998386766441499     
  0.998370179947109     
  0.998027692171608     
  0.996105218589974     
  0.990084882758775     
  0.982438968439732     
  0.975389936265314     
  0.968700159058201     
  0.963084604704470     
  0.958192591307307     
  0.953492453227943     
  0.949597226909084     
  0.946620729863090     
  0.944890856329650     
  0.944135987177264     
  0.943949168986068     
  0.944264767018592     
  0.944815205463100     
  0.946233014950157     
  0.948650349084054     
  0.951771693544537     
  0.955702636100827     
  0.960303725249156     
  0.965203390935580     
  0.971443568605626     
  0.978504407907178     
  0.986118270381409     
  0.993015735740571     
  0.996880629648381     
  0.997592300508207     
  0.997860967049239     
  0.998104184922088     
  0.998288278554551     
  0.998403858471364     
  0.998494428933089     
  0.998571768266489     
  0.998644163197069     
  0.998717116344848     
  0.998800142879280     
  0.998878084288530     
  0.998920748996997     
  0.998959507621873     
  0.999017179048865     
  0.999054223568565     
  0.998966145373109     
  0.998850370386861     
  0.998759909666691     
  0.998736280211816     
  0.998821441001280     
  0.998994577981212     
  0.999190123814973     
  0.999360650090527     
  0.999466111298269     
  0.999456857538183     
  0.999371138875653     
  0.999266546628853     
  0.999166221103611     
  0.999098725485934     
  0.999080510917097     
  0.999080964887961     
  0.999067842633308     
  0.999042072678900     
  0.999032634074699     
  0.999086876462999     
  0.999219958332903     
  0.999384055342567     
  0.999562228643723     
  0.999710308675545     
  0.999713060055896     
  0.999636908267864     
  0.999539351295232     
  0.999449280577383     
  0.999400895156223     
