  0.980028011712418     
  0.980532622340255     
  0.981470962577173     
  0.981982362422073     
  0.982254111157840     
  0.982729843124109     
  0.983255498385762     
  0.983921479240559     
  0.984738375637198     
  0.985384007260901     
  0.986377667400221     
  0.987258270070507     
  0.988015260758408     
  0.988646088307115     
  0.988300556647926     
  0.988866697930668     
  0.988580383906433     
  0.988475136222094     
  0.988912858327501     
  0.988289443589167     
  0.989149943470999     
  0.988530950257618     
  0.988742670407422     
  0.989143433156943     
  0.988835466136412     
  0.989388655352000     
  0.989276925889341     
  0.989562749455093     
  0.989887200718313     
  0.989914835328070     
  0.990282114509904     
  0.990480356789977     
  0.990669246020970     
  0.990992010617683     
  0.991209195409605     
  0.991507502724006     
  0.991914630639944     
  0.992306557186253     
  0.992729838458976     
  0.993289415666334     
  0.993946926998604     
  0.994664790359076     
  0.995418648683398     
  0.996216950120553     
  0.997070758028226     
  0.997780535694853     
  0.998135511965899     
  0.998247619463983     
  0.998224527023632     
  0.998319826274418     
  0.998256470417993     
  0.998301304500520     
  0.998300865042198     
  0.998181471063690     
  0.998359938466200     
  0.998113197298352     
  0.998071657246138     
  0.998278707931890     
  0.998052837450580     
  0.998118144015345     
  0.998071819512542     
  0.998007517887403     
  0.998018851858243     
  0.997941770984359     
  0.997936364174742     
  0.997863547711424     
  0.997785411042232     
  0.997764187482332     
  0.997638652169410     
  0.997580512202351     
  0.997554906395582     
  0.997442167170514     
  0.997448231890712     
  0.997415678198250     
  0.997442771120679     
  0.997542238162544     
  0.997509346944718     
  0.997656503802279     
  0.997678641922478     
  0.997661077710696     
  0.997791881691248     
  0.997695013578785     
  0.997722489817381     
  0.997694838631924     
  0.997575638914265     
  0.997580085547903     
  0.997470145448680     
  0.997411095737895     
  0.997354712956547     
  0.997283353266203     
  0.997281707904071     
  0.997157746015353     
  0.997148239448404     
  0.997154661524721     
  0.997001155728744     
  0.996840903511059     
  0.996389213252861     
  0.995638316603989     
  0.994931332475540     
  0.994275821017440     
  0.993496165721579     
  0.992865182564175     
  0.991893832252479     
  0.990747445964543     
  0.989812942256313     
  0.988679831330836     
  0.987909687818034     
  0.987011411460732     
  0.986270219963637     
  0.985754020661893     
  0.984804682504034     
  0.984525585433714     
  0.983783713063923     
  0.982692789560224     
  0.982322533100376     
  0.980610912624882     
  0.979209332730622     
  0.978285648500534     
  0.975801322664221     
  0.975160568573724     
  0.973470423791966     
  0.971447424924052     
  0.971557264794208     
  0.969009095136368     
  0.967797416061818     
  0.967641550101035     
  0.965455184925544     
  0.964875439163580     
  0.963449323747463     
  0.961562122715223     
  0.960660005331915     
  0.958230280044465     
  0.956716518701077     
  0.954374236314801     
  0.952090442938133     
  0.950288079659223     
  0.947027349057168     
  0.945915453622968     
  0.942496684113645     
  0.941429311905817     
  0.939460508057898     
  0.934765914849569     
  0.935238169176072     
  0.930456430613427     
  0.926161133487477     
  0.923233979802956     
  0.916294604588870     
  0.913372951378900     
  0.906876137677842     
  0.901673794931707     
  0.896668694083070     
  0.889870905347773     
  0.885552812180387     
  0.879031830207682     
  0.874117053974155     
  0.869567326635446     
  0.863865951410074     
  0.859552887180219     
  0.854601095779855     
  0.850809066425722     
  0.847428559525881     
  0.844043156436619     
  0.841949959770969     
  0.839871570363871     
  0.838469990669001     
  0.837758134604268     
  0.837102594170515     
  0.837041103410256     
  0.837236886010311     
  0.837788477902240     
  0.838486022036576     
  0.839649732877360     
  0.841333091376355     
  0.843515962476504     
  0.846501894990373     
  0.849651751874272     
  0.853409284792213     
  0.857688654144069     
  0.862204803242763     
  0.867285472976448     
  0.872594774982515     
  0.878113551532973     
  0.883824994146575     
  0.889712615988410     
  0.895830007940126     
  0.902029973647596     
  0.908274431171728     
  0.914569368699178     
  0.920857453025301     
  0.927144802667914     
  0.933439797926716     
  0.939684921481356     
  0.945843304277287     
  0.951906251514105     
  0.957837046616036     
  0.963506387826667     
  0.968759191296588     
  0.973304245659625     
  0.977042862391724     
  0.980004286306999     
  0.982312299116194     
  0.983952138794808     
  0.985540133310963     
  0.986904239084183     
  0.988056495258868     
  0.989066578127032     
  0.989985814108220     
  0.990709232518868     
  0.991397765298908     
  0.991950076850286     
  0.992119542161197     
  0.992187223546757     
  0.991939564770068     
  0.991772218216619     
  0.991789736229074     
  0.991447061064525     
  0.991441485143050     
  0.991324725506543     
  0.991082047257621     
  0.991189776459839     
  0.990075526865059     
  0.989085684965064     
  0.987763333305108     
  0.985847445099952     
  0.984482130705994     
  0.982865148305391     
  0.981267947282510     
  0.979877876796639     
  0.978440420290946     
  0.977179861283683     
  0.976003391281992     
  0.975087818214390     
  0.974206683245233     
  0.973131444061531     
  0.972382061075950     
  0.972294574775155     
  0.970913799191628     
  0.970445416399300     
  0.970394687286432     
  0.969579901984260     
  0.970315072115714     
  0.968655858281314     
  0.969840983044067     
  0.968829810665945     
  0.968564896479270     
  0.970805612585079     
  0.967930226464754     
  0.971256372941779     
  0.969065476694907     
  0.969664826161114     
  0.971941063650035     
  0.969962891393908     
  0.973091125430350     
  0.971666884522847     
  0.973275288075638     
  0.973866362555741     
  0.973769922160474     
  0.976055033879424     
  0.975813399498554     
  0.977342111034236     
  0.978375823800652     
  0.979126800506835     
  0.980866218713325     
  0.982075145965975     
  0.983455139440470     
  0.985009083713704     
  0.986282415804282     
  0.987363996340249     
  0.988574285004250     
  0.989964791433373     
  0.991253433126643     
  0.992660095794887     
  0.994118123146265     
  0.995518921311342     
  0.996937680418887     
  0.997949242717703     
  0.998464549496985     
  0.998462298321130     
  0.998171325308001     
  0.997870514769473     
  0.997627262002982     
  0.997373534958506     
  0.997121682686705     
  0.996979378609571     
  0.996822903911758     
  0.996608655728604     
  0.996315379380559     
  0.995971694519331     
  0.995757622217405     
  0.995455252193248     
  0.995225719756872     
  0.995122519840063     
  0.994838211165516     
  0.994802700631858     
  0.994581296961201     
  0.994458206393136     
  0.994524189182470     
  0.994198920108969     
  0.994295549750652     
  0.994236462338523     
  0.994065794512051     
  0.994095019873413     
  0.994043037923558     
  0.993891717417529     
  0.993822550983309     
  0.994022188602838     
  0.993568201897983     
  0.993787454832647     
  0.993655595257280     
  0.993282343098874     
  0.993866788498962     
  0.992939300010463     
  0.993286259782704     
  0.993451166215572     
  0.992592745422071     
  0.993280070340578     
  0.992824525500813     
  0.992817130801829     
  0.993184980843333     
  0.992871908723921     
  0.993340145001104     
  0.993451553868028     
  0.993647539230671     
  0.994191006834192     
  0.994394729291960     
  0.994796958185370     
  0.995300479917104     
  0.995606289703387     
  0.995923413836194     
  0.996340532344526     
  0.996717879053587     
  0.996959666849863     
  0.997259202094156     
  0.997528380663678     
  0.997817411133602     
  0.998177673485771     
  0.998468796310523     
  0.998831076345713     
  0.999174073411745     
  0.999362892188662     
  0.999429048744801     
  0.999412448929569     
  0.999396671323112     
  0.999374729915507     
  0.999352224451225     
  0.999326484209806     
  0.999312827799007     
  0.999280802006852     
  0.999262814368633     
  0.999282739817794     
  0.999241058794773     
  0.999268769031349     
  0.999298045454601     
  0.999275967383429     
  0.999309804036288     
  0.999327383183718     
  0.999338861058584     
  0.999379611252824     
  0.999395163622634     
  0.999407520147128     
  0.999454171915086     
  0.999431760636363     
  0.999439103564750     
  0.999388629845140     
  0.999132739756376     
  0.999001001283521     
  0.998756777428306     
  0.998486116648355     
  0.998389657587042     
  0.998163582899226     
  0.997986771064121     
  0.997841768991441     
  0.997745184449027     
  0.997811907448227     
  0.997714951948646     
  0.997566512938623     
  0.997598096495963     
  0.997407064713900     
  0.997017262365016     
  0.996973284242634     
  0.996699495756683     
  0.996309368762666     
  0.996422326983463     
  0.995992669376898     
  0.995846028452715     
  0.995904314672756     
  0.995386891206363     
  0.995860431038255     
  0.995291780391753     
  0.995215600404230     
  0.996071762346681     
  0.994814349982984     
  0.995395140586256     
  0.995537973480226     
  0.994899870276756     
  0.995549617327999     
  0.994972707131916     
  0.995117627586400     
  0.995354806755999     
  0.994754827536482     
  0.995299899614324     
  0.995036983619237     
  0.994680229498523     
  0.995519691262149     
  0.994812435840909     
  0.994984626869246     
  0.995484942382751     
  0.995092724204242     
  0.995588486324992     
  0.995515031487261     
  0.995890970427076     
  0.996022301142222     
  0.996113345404941     
  0.996507253878142     
  0.996582622881968     
  0.996878775791307     
  0.997175934636923     
  0.997302278002266     
  0.997502791698249     
  0.997607164342195     
  0.997653338873747     
  0.997766972819905     
  0.997922087585411     
  0.998067344099729     
  0.998200930341432     
  0.998358467086120     
  0.998545109664404     
  0.998705618112316     
  0.998892076024061     
  0.999065787969214     
  0.999121927859631     
  0.999141419422075     
  0.999013766617551     
  0.998872628444594     
  0.998820404385764     
  0.998635708514428     
  0.998564471184711     
  0.998452339467107     
  0.998275921475681     
  0.998305058068323     
  0.998113906681504     
  0.998032425254284     
  0.997991907588162     
  0.997823173610584     
  0.997918800181985     
  0.997917039592407     
  0.997838597990739     
  0.997811672873392     
  0.997890686236810     
  0.997871665611430     
  0.997868368474351     
  0.998008095622556     
  0.997866127484875     
  0.998079578378292     
  0.998044756595402     
  0.997958805082086     
  0.998301141157739     
  0.997970552851619     
  0.998036962934023     
  0.998120005370752     
  0.997690933038362     
  0.997724113822168     
  0.997469778302185     
  0.997120450435248     
  0.996902579069032     
  0.996356581988428     
  0.995993882864674     
  0.995457976994012     
  0.994750496499064     
  0.993942058565441     
  0.992786613096566     
  0.991707490278169     
  0.990809284296694     
  0.989837079911098     
  0.988982713590376     
  0.988232434163015     
  0.987553014694040     
  0.987039235830560     
  0.986550016526847     
  0.986002727610095     
  0.985788671687388     
  0.985817586967518     
  0.985337336139809     
  0.984906915803968     
  0.984903063708116     
  0.983967130750583     
  0.983654647555961     
  0.983838680260184     
  0.982698066805350     
  0.983457994604475     
  0.982150954750929     
  0.982868519628933     
  0.981957144654240     
  0.982056399224319     
  0.982966323570234     
  0.980834747688878     
  0.983102903960622     
  0.981541031524586     
  0.980985564073273     
  0.981944129741322     
  0.980169502935965     
  0.980933674934498     
  0.979715705064149     
  0.979298446094784     
  0.979136187031781     
  0.978085912849180     
  0.978035130567422     
  0.977323347860742     
  0.976976964892361     
  0.976439495921051     
  0.976258179685035     
  0.975588543937953     
  0.975248436000893     
  0.975528937828957     
  0.974890722148453     
  0.975035941453990     
  0.975125233611650     
  0.975104839900378     
  0.975563398773511     
  0.975687965950713     
  0.976204788793977     
  0.976841710939013     
  0.977393889256921     
  0.978296823607523     
  0.978818004156700     
  0.979305247466921     
  0.979992064486928     
  0.980604524962158     
  0.981367239686599     
  0.982217710076120     
  0.983108915457853     
  0.984026276070288     
  0.984836646142317     
  0.985809713210547     
  0.986658335547016     
  0.987510131028669     
  0.988434739984537     
  0.989218820751456     
  0.989989834280232     
  0.990531290902268     
  0.991035979526199     
  0.991622087112785     
  0.992161609119880     
  0.992665364393278     
  0.993154358568031     
  0.993651929931449     
  0.994116861302466     
  0.994577149466127     
  0.995054856269730     
  0.995519226107359     
  0.995923759806127     
  0.996274591383209     
  0.996611390088210     
  0.996920870135071     
  0.997178519736716     
  0.997433982913478     
  0.997643482016072     
  0.997771520459677     
  0.997868299234661     
  0.997952695097117     
  0.998020467140504     
  0.998046018137705     
  0.998062445655532     
  0.998077931144660     
  0.997965713562216     
  0.997771363655116     
  0.997527304849854     
  0.997059037778844     
  0.996711957385013     
  0.996276959366888     
  0.995874968786357     
  0.995654198741421     
  0.995154282435388     
  0.995127103550027     
  0.994922416668669     
  0.994499506801572     
  0.994676010831196     
  0.994196704524879     
  0.994098562906032     
  0.994130350030293     
  0.993931446569194     
  0.993801138475366     
  0.993875569438429     
  0.993773367828151     
  0.993608951583064     
  0.994034822283490     
  0.993485397389559     
  0.994011647117591     
  0.993772101082205     
  0.993938312514675     
  0.994418899238164     
  0.993530003572219     
  0.994939631643998     
  0.994101947730504     
  0.994707622394329     
  0.995381273574301     
  0.994731929475889     
  0.996072760472384     
  0.995632255415031     
  0.995965233263431     
  0.996287318507623     
  0.995273582411171     
  0.995188194301938     
  0.994507837825340     
  0.993902699396579     
  0.993538067032771     
  0.992953536296928     
  0.992548073302480     
  0.992100121651338     
  0.991636589751814     
  0.991102880744942     
  0.990510589311264     
  0.989431138827939     
  0.989026301410442     
  0.988650510291041     
  0.987371109282683     
  0.987866208795611     
  0.987196220151082     
  0.986156314793355     
  0.987569871118078     
  0.985878944712168     
  0.986303881988772     
  0.986646391615171     
  0.984604752282865     
  0.987051016024409     
  0.984613427942382     
  0.984932839784241     
  0.986129320822649     
  0.983268127758429     
  0.986480492334717     
  0.984649174890695     
  0.984359111538514     
  0.985996621263242     
  0.984182774107632     
  0.985805752792373     
  0.985552154332190     
  0.984855184447850     
  0.986623051302888     
  0.985813853997143     
  0.986129946205072     
  0.987193878084190     
  0.986727395287379     
  0.987483479230543     
  0.987882829047654     
  0.988072149413436     
  0.988713122220455     
  0.988980593264576     
  0.989496105674815     
  0.989990571323603     
  0.990393054104932     
  0.991006493170933     
  0.991574427122117     
  0.992125710698942     
  0.992733443248655     
  0.993220152400855     
  0.993273950439614     
  0.993246575441536     
  0.993173264901174     
  0.993086737735875     
  0.993182078582361     
  0.993172819591298     
  0.993324037844150     
  0.993516994006276     
  0.993647414559026     
  0.993901926496505     
  0.993712001417054     
  0.993638712505976     
  0.993552451922437     
  0.993250741883551     
  0.993277944705206     
  0.993157937560931     
  0.992984714182717     
  0.992964755021124     
  0.992872805147731     
  0.992846246242585     
  0.992750375351943     
  0.992794300095993     
  0.992775518309923     
  0.992684903678911     
  0.992773502188790     
  0.992734889024698     
  0.992721230620996     
  0.992779346505386     
  0.992755298057656     
  0.992731072066081     
  0.992722148784936     
  0.992672716765737     
  0.992626365577364     
  0.992461116411096     
  0.992310081041408     
  0.992200517391314     
  0.991885630939575     
  0.991628004118710     
  0.991365686345281     
  0.990961527303188     
  0.990555216702070     
  0.990051235799271     
  0.989483040177258     
  0.988851957841094     
  0.988134481736940     
  0.987362976345698     
  0.986541094886699     
  0.985651386440831     
  0.984698571532838     
  0.983692082743694     
  0.982569952372913     
  0.981451994927632     
  0.980295065957802     
  0.979049064050789     
  0.977896090283735     
  0.976668993529073     
  0.975469325146629     
  0.974337662672658     
  0.973155720853405     
  0.972117984381725     
  0.971093675460224     
  0.970116502580660     
  0.969282541913185     
  0.968475134910913     
  0.967806869427246     
  0.967251064502187     
  0.966789321580897     
  0.966493167935498     
  0.966307622357114     
  0.966251455148012     
  0.966332312088901     
  0.966529821530185     
  0.966862487537592     
  0.967327803815986     
  0.967904904101228     
  0.968591970771591     
  0.969368911353563     
  0.970216700913909     
  0.971177088719506     
  0.972198848143769     
  0.973248621994697     
  0.974362755322577     
  0.975506118042756     
  0.976608174180880     
  0.977721253881797     
  0.978877291215124     
  0.979937031009680     
  0.980966727840319     
  0.982012910778756     
  0.982917308773535     
  0.983873157818406     
  0.984733209928449     
  0.985479351972708     
  0.986343686196935     
  0.986934282935989     
  0.987641483005476     
  0.988315330721223     
  0.988718670073309     
  0.989404917297792     
  0.989767182323158     
  0.990286110227792     
  0.990776636414102     
  0.991115714429315     
  0.991616112551956     
  0.991922260342805     
  0.992311263835589     
  0.992701890445211     
  0.992931409039857     
  0.993309627263891     
  0.993621505120500     
  0.993856305212957     
  0.994166237682937     
  0.994430842151659     
  0.994662280603574     
  0.994912955829576     
  0.995169961649825     
  0.995417140258861     
  0.995646666825709     
  0.995897910046195     
  0.996133931947342     
  0.996335077692253     
  0.996579227462437     
  0.996788024350592     
  0.996969027770840     
  0.997194513052418     
  0.997346492738305     
  0.997528548951706     
  0.997626843393414     
  0.997311338932603     
  0.996178734661572     
  0.994467545707370     
  0.992798824258559     
  0.991207088540977     
  0.989616397936360     
  0.988204559997410     
  0.986770985295631     
  0.985293351233848     
  0.983894630185713     
  0.982738793113480     
  0.981693972815218     
  0.980375605971549     
  0.979277721545738     
  0.978303639560228     
  0.977007553596814     
  0.976311107185299     
  0.975322230191435     
  0.974276334886529     
  0.974196634036358     
  0.973001792839733     
  0.973046819586182     
  0.972884240046335     
  0.971709298917254     
  0.972882841945740     
  0.971546622289187     
  0.971611845235483     
  0.972080936703047     
  0.971258826599500     
  0.973031627307654     
  0.971706301535213     
  0.972210947485995     
  0.972811704201582     
  0.972352380394202     
  0.973563739910591     
  0.973420028674244     
  0.974294430191501     
  0.975137815158054     
  0.975633811623000     
  0.976800989004265     
  0.977644508063982     
  0.978598160281293     
  0.979618429176323     
  0.980676861275281     
  0.981868828815120     
  0.982963530438449     
  0.984089532367713     
  0.985410191178239     
  0.986926711728112     
  0.988477489108242     
  0.990102723274905     
  0.991855731075884     
  0.993681093795542     
  0.995603320664638     
  0.997373627368414     
  0.998381098231877     
  0.998632278616461     
  0.998717838579424     
  0.998756645503944     
  0.998871466961446     
  0.998870322502238     
  0.998924605405403     
  0.999028725784251     
  0.998954315098384     
  0.999110380193831     
  0.999110612014260     
  0.999092537548784     
  0.999267974291838     
  0.999123722782817     
  0.999201164300373     
  0.999265167025578     
  0.999163223146603     
  0.999278958982899     
  0.999238192333915     
  0.999189119853297     
  0.999285359885275     
  0.999169318239088     
  0.999143596942534     
  0.999190858537664     
  0.999056231696147     
  0.999080022166951     
  0.999051657197644     
  0.998968873285271     
  0.998988399429654     
  0.998868772504645     
