  0.975144900229881     
  0.976843375975827     
  0.976264546981714     
  0.978021403445173     
  0.977854541716077     
  0.979251057318051     
  0.979717739754740     
  0.980473462957032     
  0.981640802237028     
  0.981862726838702     
  0.983411105624501     
  0.983172230737182     
  0.985120400755867     
  0.983581758029531     
  0.987236136886415     
  0.984211009860838     
  0.989175836733409     
  0.985102175126168     
  0.990637719447155     
  0.986603166666667     
  0.990948811643847     
  0.988269728706035     
  0.990197734255544     
  0.989868612085199     
  0.989374601234449     
  0.990590011605186     
  0.989275504142684     
  0.990874531133796     
  0.989360837805490     
  0.991037526974549     
  0.989627569848570     
  0.991122314624931     
  0.989994686828287     
  0.991276918742553     
  0.990425617204421     
  0.991503966287188     
  0.990981525143286     
  0.991768749456218     
  0.991661501119648     
  0.992106768797082     
  0.992437320187806     
  0.992624925986059     
  0.993131685707641     
  0.993422814105420     
  0.993787945581487     
  0.994253485226238     
  0.994501456548061     
  0.995092028316270     
  0.995390015145205     
  0.995953638390710     
  0.996209454712478     
  0.996770979362838     
  0.997198194669803     
  0.997563461608024     
  0.997800128271520     
  0.997706796005920     
  0.997664553955815     
  0.997732590953372     
  0.997694829354852     
  0.997491153477734     
  0.997690607073876     
  0.997415195921450     
  0.997668339707984     
  0.997372984996714     
  0.997635623356593     
  0.997347140321270     
  0.997588535871259     
  0.997316862086244     
  0.997554933676356     
  0.997274354582268     
  0.997524396043594     
  0.997229192479326     
  0.997502264348238     
  0.997185945157527     
  0.997458513851613     
  0.997172377515810     
  0.997399939753854     
  0.997213188239984     
  0.997374369184561     
  0.997262050639025     
  0.997334064055101     
  0.997308667734546     
  0.997388020387697     
  0.997367925612008     
  0.997330665169993     
  0.997481761827211     
  0.997286357558871     
  0.997484528899302     
  0.996934188658961     
  0.996847257257007     
  0.996161170706026     
  0.996008126487956     
  0.995270066042982     
  0.995110134082642     
  0.994190836861230     
  0.993792292972359     
  0.992668104181337     
  0.992268092822665     
  0.991046036644639     
  0.990349484296477     
  0.989605266088370     
  0.988555481406817     
  0.988027414746693     
  0.987141509153609     
  0.986219003492861     
  0.985545977636871     
  0.984646070574198     
  0.983396533647108     
  0.982774920961313     
  0.980867807005156     
  0.980388448111105     
  0.978264049720753     
  0.977985408202272     
  0.975336168783750     
  0.976133194165927     
  0.972611778352174     
  0.974079338487694     
  0.969499783938539     
  0.972946322901353     
  0.965742892338560     
  0.971610754570745     
  0.962067866635403     
  0.969247454745725     
  0.959283412840351     
  0.965265877958646     
  0.957040147512214     
  0.960567475913859     
  0.954373965674810     
  0.956104817824432     
  0.951079878484872     
  0.951746132775204     
  0.947696602761088     
  0.947314348903643     
  0.943414196874233     
  0.943157652211078     
  0.937565090628103     
  0.938138821872830     
  0.929718566571558     
  0.931953229040694     
  0.920739722031143     
  0.925134077764384     
  0.911463527548758     
  0.916860984745969     
  0.904377765926064     
  0.906979832123056     
  0.898069818316645     
  0.897584672891150     
  0.892254737271028     
  0.889554556834240     
  0.885802083242447     
  0.883133866145123     
  0.879715974882981     
  0.877716805456089     
  0.874381422531672     
  0.872838960983689     
  0.870127495913579     
  0.868815313395605     
  0.866292556623010     
  0.865635648417402     
  0.862762492142613     
  0.863145355654748     
  0.860277488180527     
  0.861682121744977     
  0.859068888431846     
  0.860680144951318     
  0.859070983295352     
  0.859953981179405     
  0.860133416272286     
  0.860827671311634     
  0.861239810833166     
  0.862849815556885     
  0.863871502629789     
  0.865555638012086     
  0.867276660245749     
  0.869433814721981     
  0.871479524503494     
  0.873748837314320     
  0.876318047958974     
  0.878421385979745     
  0.881455047631798     
  0.884044516888144     
  0.887280243217953     
  0.890405682781551     
  0.894082575008473     
  0.897518258095665     
  0.901482233696496     
  0.905223477512974     
  0.909430506320132     
  0.913434287672934     
  0.917690470363090     
  0.921746993099907     
  0.925980583322536     
  0.930184204665766     
  0.934301882467031     
  0.938517101231376     
  0.942668210726137     
  0.946759045273461     
  0.950940335931522     
  0.954974591513966     
  0.959100444504484     
  0.963215744598776     
  0.966585981343189     
  0.970367737478022     
  0.973744466961172     
  0.976792338623646     
  0.979359913354864     
  0.981464716134625     
  0.983052928871017     
  0.984370746115740     
  0.985150041565007     
  0.985723624744048     
  0.986699068462305     
  0.986512857661307     
  0.986635924781877     
  0.985711858670138     
  0.985529041256585     
  0.984134551419137     
  0.984184368346424     
  0.982552399627703     
  0.982702902219728     
  0.980994312326673     
  0.981382498105878     
  0.979681125274122     
  0.979669044528985     
  0.978985383762934     
  0.977530161291984     
  0.978494988269539     
  0.975807500261363     
  0.977085157730893     
  0.974634891737754     
  0.975539529965837     
  0.973736175839035     
  0.974653070962506     
  0.973327274466674     
  0.973804466485551     
  0.972936545793524     
  0.973582949624782     
  0.971654001924448     
  0.974697922170765     
  0.969561467752591     
  0.974352750796754     
  0.969328031959245     
  0.973694293159870     
  0.970043366529535     
  0.972425076367844     
  0.972131913392585     
  0.970840080914653     
  0.974249607719468     
  0.969103715929939     
  0.976563816628629     
  0.968982984000721     
  0.977306759601040     
  0.969807167584976     
  0.977233265011809     
  0.971539885435472     
  0.976772612515176     
  0.973865378253849     
  0.976268767399053     
  0.976331791480124     
  0.976305600122294     
  0.978407664137035     
  0.977301413346808     
  0.980046538393990     
  0.978739104203922     
  0.981407379213275     
  0.980793715802867     
  0.982409079836783     
  0.982663584895189     
  0.983689710073149     
  0.984890620769289     
  0.985033195705806     
  0.987078831355143     
  0.987089540136209     
  0.988536468643385     
  0.989201033947210     
  0.989561018607995     
  0.990687821088500     
  0.991182937357516     
  0.991825252266603     
  0.992459567318570     
  0.993076815842561     
  0.993871532127912     
  0.994297817285448     
  0.994911088061263     
  0.994718012813277     
  0.994886515204364     
  0.994200056470939     
  0.994404798613489     
  0.993847352191622     
  0.993946919136299     
  0.993374771039476     
  0.993740346789431     
  0.992839541657607     
  0.993662739986675     
  0.992376474073030     
  0.993603720619706     
  0.992048776244424     
  0.993513443295907     
  0.991785901501609     
  0.993482714545754     
  0.991537556952993     
  0.993459075711932     
  0.991436989771218     
  0.993267494876482     
  0.991494981121975     
  0.992936680286680     
  0.991710727776304     
  0.992469038687578     
  0.992062849096281     
  0.991958668277847     
  0.992528476788435     
  0.991591477496537     
  0.992710357001757     
  0.991692765186123     
  0.992826200166442     
  0.991737229849050     
  0.993143324544181     
  0.991827502053605     
  0.993323910044321     
  0.992091303798402     
  0.993441221068480     
  0.992497092568209     
  0.993572803899578     
  0.992966819187370     
  0.993881322302960     
  0.993449706753928     
  0.994317333765417     
  0.994005877406317     
  0.994817032323078     
  0.994617376701770     
  0.995380804107786     
  0.995322747359674     
  0.995889822431699     
  0.996146575706433     
  0.996384347900137     
  0.996926915046508     
  0.996924626270861     
  0.997453029357013     
  0.997629404822796     
  0.997817989681145     
  0.998013076639781     
  0.998269536574128     
  0.998408786564225     
  0.998661764702348     
  0.998823822197148     
  0.999071854178049     
  0.999217699851983     
  0.999350547354807     
  0.999317217209289     
  0.999368776657113     
  0.999313884280368     
  0.999357191807689     
  0.999330883341021     
  0.999336781245489     
  0.999320999087573     
  0.999281322973216     
  0.999197168253564     
  0.999031119645472     
  0.998950631836488     
  0.998741338499261     
  0.998689257270668     
  0.998498087414786     
  0.998534787611630     
  0.998287562571462     
  0.998145231727605     
  0.998124408012228     
  0.998095610377260     
  0.997722103153497     
  0.997998554390140     
  0.997451584994407     
  0.997495406770115     
  0.997193904368679     
  0.996952462395432     
  0.996912202606979     
  0.996468546076423     
  0.996600126465773     
  0.996144672395831     
  0.996226058660653     
  0.995948876806717     
  0.995964093921305     
  0.995706065539994     
  0.995631697362066     
  0.995721132606429     
  0.995129807313704     
  0.995875691214557     
  0.994517300083367     
  0.996009654873229     
  0.993939015472934     
  0.995997555281272     
  0.993439152269906     
  0.996160769222752     
  0.993210595150085     
  0.996030705018073     
  0.993736272365223     
  0.995655477796538     
  0.994493513334767     
  0.995020119513146     
  0.995061864168802     
  0.994444786184407     
  0.995584791771345     
  0.993915472179958     
  0.996113203970048     
  0.993524460192248     
  0.996436396233686     
  0.993624974292537     
  0.996298880206418     
  0.994031931848023     
  0.996097715018099     
  0.994573637998228     
  0.995775852360072     
  0.995241143191193     
  0.995533290678820     
  0.995877158608396     
  0.995491918905697     
  0.996345555848379     
  0.995692405341980     
  0.996566158298822     
  0.996206232363136     
  0.996763365013308     
  0.996468163196146     
  0.997179603369125     
  0.996882187739020     
  0.997409267326579     
  0.997196547795706     
  0.997549725821872     
  0.997544845546948     
  0.997621339673061     
  0.997735591599903     
  0.997689688550962     
  0.997765360422366     
  0.997820825016687     
  0.997864520948402     
  0.997917997945427     
  0.997948305211747     
  0.998103726082202     
  0.998069219471405     
  0.998199819642244     
  0.998262759921140     
  0.998289583311637     
  0.998349366385328     
  0.998226319853897     
  0.998226053765183     
  0.998214414934402     
  0.998030355547602     
  0.998229535532607     
  0.998045693264467     
  0.998146090502832     
  0.997986797759356     
  0.998203859938908     
  0.997810087265038     
  0.998254111222654     
  0.997588670566836     
  0.998269980286900     
  0.997317086743722     
  0.998192308573668     
  0.997045545966144     
  0.998023143404123     
  0.996878560935599     
  0.997665659757806     
  0.996825903965361     
  0.997269882205210     
  0.996461274851636     
  0.996414527997795     
  0.995657550389830     
  0.995337221836987     
  0.994895084829725     
  0.994404050984343     
  0.994148633515169     
  0.993410846446612     
  0.993344227146322     
  0.992989451019012     
  0.992290438180681     
  0.992262067870917     
  0.991960472542201     
  0.991243540571188     
  0.991620355794744     
  0.990110272386553     
  0.990711993821364     
  0.989134206962321     
  0.989801746090188     
  0.988166273394928     
  0.989083588783874     
  0.987201464173666     
  0.988533718410513     
  0.986293401120303     
  0.988232305515198     
  0.985188796640098     
  0.988340608455542     
  0.984141087162025     
  0.987932120150711     
  0.984064040678923     
  0.986282555275206     
  0.985918373625786     
  0.983794727930022     
  0.986959163195216     
  0.981927021049998     
  0.987189136511685     
  0.981361742370544     
  0.986159046423507     
  0.981496279309055     
  0.985118181248172     
  0.981697731948340     
  0.984026735948804     
  0.981887106115640     
  0.983085865634312     
  0.981811593077173     
  0.982616124054242     
  0.981379269445119     
  0.982680124978580     
  0.980852732490379     
  0.982889721384443     
  0.980541182322123     
  0.983105310462579     
  0.980418780502473     
  0.983363677725270     
  0.980413017937186     
  0.983613866713544     
  0.980778977226349     
  0.983727599626222     
  0.981693390186737     
  0.983414479529184     
  0.982991197469767     
  0.983435806753054     
  0.983912560371658     
  0.984274581647522     
  0.984743730747816     
  0.985084861955791     
  0.985803400022752     
  0.986214595323480     
  0.986882486698610     
  0.987585787779837     
  0.988063263903166     
  0.988834833885108     
  0.988890641740293     
  0.989772823765197     
  0.989727503123411     
  0.990705521658212     
  0.990649954242972     
  0.991690643603019     
  0.991664143462518     
  0.992736591219689     
  0.992765264584996     
  0.993742379695985     
  0.993900262879410     
  0.994706419616302     
  0.994991064128646     
  0.995452836243861     
  0.995608009461114     
  0.995910925064692     
  0.996089828027500     
  0.996276490358412     
  0.996478603757933     
  0.996621344193600     
  0.996780092971521     
  0.996972067559306     
  0.997044984359580     
  0.997265248523419     
  0.997246101844234     
  0.997329037840983     
  0.997244197807307     
  0.997182263043554     
  0.997105385165052     
  0.997049983036298     
  0.996971873335947     
  0.996795849875328     
  0.996694228846537     
  0.996663909614799     
  0.996402232256833     
  0.996529404316022     
  0.996298730073203     
  0.996061437517485     
  0.996375716773660     
  0.995749672226367     
  0.996129482627658     
  0.995763782763467     
  0.995792302149487     
  0.995720038360559     
  0.995782190447207     
  0.995322034420024     
  0.996018383272232     
  0.994916143058247     
  0.996254383132213     
  0.994435266547740     
  0.996399429601161     
  0.993921734736801     
  0.996426172051127     
  0.993662343889328     
  0.996413024266544     
  0.994539252996731     
  0.995569595987163     
  0.996074196963338     
  0.994611079206029     
  0.996485576811606     
  0.993155824259704     
  0.995745232471680     
  0.991728122124843     
  0.994903300659810     
  0.991154349832365     
  0.994050216689642     
  0.990922556035701     
  0.993498331589758     
  0.990786962851675     
  0.992483480412710     
  0.990850813046157     
  0.990617170789123     
  0.990802336548287     
  0.989123505226784     
  0.990240362165495     
  0.987935660016211     
  0.989715076399845     
  0.987025249754672     
  0.989000836559572     
  0.986254508542233     
  0.988443602452892     
  0.985568289438726     
  0.988036641255284     
  0.984683377462395     
  0.988223012694144     
  0.983589794702634     
  0.988465443334719     
  0.982997720749183     
  0.988558027464255     
  0.982764548684275     
  0.988547204974904     
  0.982667308131369     
  0.988753297882516     
  0.982897837506153     
  0.987969589739224     
  0.983841726260834     
  0.987025323156664     
  0.984972773560486     
  0.985619094408579     
  0.985990672688817     
  0.985075823628745     
  0.986469404619735     
  0.985314385907142     
  0.986577104082478     
  0.985808477569847     
  0.986757581163098     
  0.986164476650089     
  0.987021684970477     
  0.986433739341117     
  0.987402008137048     
  0.986722089732852     
  0.987688943465312     
  0.987314979517712     
  0.987762083118795     
  0.988144771549273     
  0.987755581155296     
  0.989149063266591     
  0.988228944137471     
  0.989701827574208     
  0.989406565848238     
  0.989988162559573     
  0.990206275629103     
  0.990969485094345     
  0.990873703691666     
  0.991966344865455     
  0.991870663750240     
  0.992951316419738     
  0.992989235859763     
  0.993891129262975     
  0.994015751491445     
  0.994536707134104     
  0.994341019607286     
  0.994755594315247     
  0.994673846724256     
  0.994991867448958     
  0.995134394891677     
  0.995295889395383     
  0.995643795375770     
  0.995679309212071     
  0.996008802286226     
  0.995808449631649     
  0.995973601950350     
  0.995656650219368     
  0.995959090661424     
  0.995488082823828     
  0.995808178592469     
  0.995425944686862     
  0.995642201171820     
  0.995339848997930     
  0.995504894594769     
  0.995217809089565     
  0.995360228180155     
  0.995059006690762     
  0.995200404533956     
  0.994865136555375     
  0.995008283126569     
  0.994594845906768     
  0.994776360809704     
  0.994315839737711     
  0.994410503668454     
  0.993984725438151     
  0.994003019691100     
  0.993588079489980     
  0.993481980410168     
  0.993135923607958     
  0.992936081552875     
  0.992595356257810     
  0.992295895553560     
  0.992000780508267     
  0.991596631964346     
  0.991320477178142     
  0.990816184776883     
  0.990527298596949     
  0.989948909250791     
  0.989670850398299     
  0.989077399245569     
  0.988796711781450     
  0.988241432562084     
  0.987951852740461     
  0.987443507187904     
  0.987154784379636     
  0.986722187063899     
  0.986453051402765     
  0.986094745082706     
  0.985847091366084     
  0.985583069529494     
  0.985367805374510     
  0.985195157182089     
  0.985046418138769     
  0.984965237211941     
  0.984883742061474     
  0.984859256578630     
  0.984888243600491     
  0.984958312301529     
  0.985017869111249     
  0.985160661530146     
  0.985348270587195     
  0.985477890698993     
  0.985787724284273     
  0.985951265784218     
  0.986330160836310     
  0.986563868506266     
  0.986991156862718     
  0.987271402412993     
  0.987734401886448     
  0.988043570148566     
  0.988538603532564     
  0.988867915658524     
  0.989387556701589     
  0.989708595781915     
  0.990252829453452     
  0.990538391153239     
  0.991085303042862     
  0.991310701958666     
  0.991876952577229     
  0.992056905803071     
  0.992635766773131     
  0.992740455760094     
  0.993371324189362     
  0.993415286080915     
  0.993994016252094     
  0.994117776351269     
  0.994465605320553     
  0.994689694519471     
  0.994925734113257     
  0.995196618762766     
  0.995350786061751     
  0.995603813313536     
  0.995777034141307     
  0.995962121418340     
  0.996146001920559     
  0.996321373931253     
  0.996461639232744     
  0.996640660252211     
  0.996761999051785     
  0.996917437878198     
  0.997030990367653     
  0.997183731605582     
  0.997287097574306     
  0.997414734235304     
  0.997539178317399     
  0.997571905029268     
  0.997540318422462     
  0.996876458376759     
  0.995820636799257     
  0.994760683015421     
  0.993632450383838     
  0.992538746200304     
  0.991457834016782     
  0.990683510413507     
  0.989681944672958     
  0.988634865683765     
  0.987902436417155     
  0.986825174890587     
  0.986061373602232     
  0.985468610624329     
  0.984001027241494     
  0.984274079838141     
  0.982226672544458     
  0.982921780688282     
  0.980788138007978     
  0.981551483845778     
  0.979509373623674     
  0.980364700357679     
  0.978233410033157     
  0.979491877393826     
  0.976887460342835     
  0.979030978255483     
  0.975533295832371     
  0.979063323488029     
  0.974303560698233     
  0.979485833734644     
  0.973387475862950     
  0.979959885324627     
  0.972787713649874     
  0.980190089194388     
  0.972290947925976     
  0.979603499274853     
  0.972522806662959     
  0.978266480634906     
  0.973757847751876     
  0.976485494692185     
  0.976220691359188     
  0.974872485864329     
  0.978298908260234     
  0.975008279198862     
  0.979362095966371     
  0.975626410666218     
  0.979971692432225     
  0.976595677801849     
  0.980344486383324     
  0.977871552369619     
  0.980818264923662     
  0.979262943738270     
  0.981758500360341     
  0.980686628230169     
  0.982934078581178     
  0.982263875241347     
  0.984112941668111     
  0.984171742253670     
  0.985300404259502     
  0.986302263835208     
  0.986871246841909     
  0.988143626457395     
  0.988946954655755     
  0.990186134617353     
  0.991249744261708     
  0.992387835631249     
  0.993423701345433     
  0.994759701032344     
  0.995908546259693     
  0.997268074845417     
  0.998160111479203     
  0.998783147161833     
  0.998653572431912     
  0.998926693516166     
  0.998697998720826     
  0.998993235421407     
  0.998741913448325     
  0.998960586924346     
  0.998828222581635     
  0.998912728864751     
  0.998894879570348     
  0.998876525261505     
  0.998930946370602     
  0.998834327567512     
  0.998898235389382     
  0.998691517775051     
  0.998807946364316     
  0.998590827906082     
  0.998672048299966     
  0.998530826581305     
  0.998537274837401     
  0.998512806163280     
  0.998428892359384     
