  0.979089175525942     
  0.979495456130403     
  0.979482190463607     
  0.980232325801632     
  0.980412145912178     
  0.980795500250749     
  0.981638129451763     
  0.981569092481161     
  0.982549386500175     
  0.982944649131147     
  0.983254638244147     
  0.984422555321491     
  0.984531379969337     
  0.985669831526253     
  0.985685011441477     
  0.986919286123109     
  0.987301081909506     
  0.987567898391375     
  0.988844693043545     
  0.988329083178170     
  0.989852847756780     
  0.989233542433601     
  0.990122110275404     
  0.990389753228701     
  0.990650333124709     
  0.991287280086323     
  0.991162912768748     
  0.991961402535536     
  0.991773859482410     
  0.992123955410498     
  0.992211151642831     
  0.992160313974145     
  0.992490708046083     
  0.992358135642359     
  0.992608221482686     
  0.992714389860538     
  0.992748152599131     
  0.992991246872906     
  0.993080635903055     
  0.993200704709172     
  0.993466727324562     
  0.993549831767187     
  0.993733721386268     
  0.994005347645109     
  0.994099084899500     
  0.994419699478066     
  0.994587285946213     
  0.994857770514448     
  0.995088321384882     
  0.995297668532068     
  0.995572314516067     
  0.995739258527925     
  0.996088085312071     
  0.996217247327377     
  0.996690371974715     
  0.996764728200318     
  0.996960471779740     
  0.997403644459700     
  0.997403862189880     
  0.997678663333544     
  0.997835040992994     
  0.997943182748337     
  0.997941370389134     
  0.997932146663428     
  0.997889284217272     
  0.997864976494697     
  0.997840571233293     
  0.997754916712278     
  0.997748743368751     
  0.997658918477819     
  0.997669672803983     
  0.997563120327052     
  0.997556742151507     
  0.997540284195110     
  0.997400500596480     
  0.997546952533080     
  0.997362546726269     
  0.997445887061328     
  0.997379925987473     
  0.997227325883166     
  0.997398376054828     
  0.997109567101683     
  0.997040606793053     
  0.996807512849961     
  0.996686277283269     
  0.996492289885390     
  0.996083324095697     
  0.996037352897872     
  0.995459012172748     
  0.995192777741321     
  0.994834069932408     
  0.994167838564572     
  0.994006147634399     
  0.993277503901982     
  0.992802562901265     
  0.992319262162742     
  0.991629629449971     
  0.991319060474319     
  0.990415498226532     
  0.990044443535058     
  0.989287811594515     
  0.988390206834119     
  0.987968330110109     
  0.986692985471111     
  0.986306779113423     
  0.985341810611091     
  0.984510096428448     
  0.983907123153609     
  0.982848730792865     
  0.982232445365792     
  0.981116938088443     
  0.980381643935299     
  0.979424463603056     
  0.978546677378087     
  0.977594809794543     
  0.976230356172716     
  0.975365308097510     
  0.974333295926251     
  0.972503537244016     
  0.971845397218985     
  0.970233944850358     
  0.968349912879439     
  0.967958939692125     
  0.965639116332415     
  0.964129862356738     
  0.963318352961694     
  0.960572828761687     
  0.959152784987416     
  0.957286641189024     
  0.953703843095301     
  0.952233588699082     
  0.948314662010532     
  0.945432710459409     
  0.942675445476604     
  0.938511221621027     
  0.936598966512759     
  0.931789082105447     
  0.930165509344199     
  0.925519387257017     
  0.923153074572186     
  0.921084813444359     
  0.914581385219744     
  0.915432549986290     
  0.910427456535101     
  0.907360562324014     
  0.906340885874878     
  0.901548112599966     
  0.901306925004178     
  0.897324759375065     
  0.895953070379718     
  0.893503659139266     
  0.891187493065801     
  0.890363962572010     
  0.887085686440767     
  0.886809459888493     
  0.884780376382352     
  0.883203348870377     
  0.882722485617748     
  0.880877847951872     
  0.880653466124855     
  0.879681879521776     
  0.878908901005225     
  0.879018403742207     
  0.878200141477867     
  0.878393363670704     
  0.878579495325186     
  0.878396870700626     
  0.878975503539729     
  0.879215463561518     
  0.880129404894056     
  0.880772527620248     
  0.881578304557465     
  0.882794578177069     
  0.883645185782324     
  0.885426769404456     
  0.886491021255598     
  0.888201483638776     
  0.890065593651313     
  0.891738749137140     
  0.893938180829030     
  0.895879717743182     
  0.898209424379478     
  0.900397251124275     
  0.902751492382311     
  0.905292465697399     
  0.907639825449950     
  0.910348622515964     
  0.912983876950025     
  0.915743773229596     
  0.918692728505083     
  0.921600374333833     
  0.924661948637390     
  0.927662232087771     
  0.930794749503327     
  0.933974719572081     
  0.936872997398442     
  0.939818822952496     
  0.942743488734112     
  0.945561634563442     
  0.948473557749766     
  0.951365883532173     
  0.953715440627577     
  0.956571384415882     
  0.959252634683960     
  0.961870639040953     
  0.964347324556700     
  0.966377715826798     
  0.968403550347738     
  0.970054022630441     
  0.971771255809334     
  0.973585857651179     
  0.974854863462531     
  0.976148236078754     
  0.977108615690814     
  0.977892451020666     
  0.977899165637022     
  0.978303839365957     
  0.978383372334838     
  0.977876456128431     
  0.978278629922677     
  0.977678148621059     
  0.977627215247285     
  0.977362751339307     
  0.977095503398964     
  0.976793956005812     
  0.976284274676600     
  0.976609856822214     
  0.975539065057611     
  0.975772358063734     
  0.975653185176605     
  0.974580319161971     
  0.975838132799325     
  0.973903971809670     
  0.974851664468204     
  0.974341783664737     
  0.973515969065568     
  0.975631401091050     
  0.972245957206036     
  0.975829778910195     
  0.972133623410207     
  0.974744059562350     
  0.972912118306076     
  0.973140100974612     
  0.974872140693168     
  0.971730174404469     
  0.977147110327318     
  0.971103539878178     
  0.976364591484865     
  0.972298766846907     
  0.973661077371606     
  0.975477129815434     
  0.972437632879809     
  0.977282498934092     
  0.973116612795784     
  0.977492108124240     
  0.974483948248742     
  0.976776087524296     
  0.976121647372800     
  0.976209745010251     
  0.977645580478464     
  0.976591000112101     
  0.978936231867431     
  0.977759296012148     
  0.979089710605988     
  0.979169866901646     
  0.979040707113545     
  0.980908729200614     
  0.980181341234779     
  0.980964773732640     
  0.981912995489578     
  0.981741009520009     
  0.983009055440073     
  0.983260066088456     
  0.983573717469698     
  0.984528828963537     
  0.984939451434651     
  0.985604785235766     
  0.986270268726920     
  0.987036287314384     
  0.987768125655634     
  0.988307497035747     
  0.989067353205832     
  0.989534370901750     
  0.990031303513453     
  0.990683716035344     
  0.990981187926078     
  0.991887166050280     
  0.992339774887496     
  0.992853601128688     
  0.993681567605322     
  0.993917267718065     
  0.994488913771152     
  0.994288665752918     
  0.994535758107257     
  0.994296294475715     
  0.994156555279591     
  0.994484583164523     
  0.993823660516512     
  0.994483672728602     
  0.993890969464401     
  0.994038232525060     
  0.994278281478591     
  0.993647209690043     
  0.994351009109008     
  0.993646452242092     
  0.994227816749406     
  0.993893847498350     
  0.993791744916979     
  0.994301182204610     
  0.993462545266350     
  0.994547089169956     
  0.993523708749594     
  0.993981603040120     
  0.994355685967105     
  0.993434066309053     
  0.994486023954769     
  0.993757031588461     
  0.994164307527952     
  0.994217728480970     
  0.993952797704881     
  0.994440234424107     
  0.994111287995131     
  0.994506274504943     
  0.994417906394057     
  0.994500500084555     
  0.994774693718563     
  0.994653613836665     
  0.995028700099508     
  0.995042234849944     
  0.995173825890762     
  0.995506382808506     
  0.995447132945721     
  0.995862819542715     
  0.995984803560593     
  0.996067873618814     
  0.996464674607822     
  0.996489261971403     
  0.996797667808466     
  0.996975158683450     
  0.997195310757169     
  0.997438327780585     
  0.997534907705433     
  0.997850801449656     
  0.997939554317987     
  0.998186298488702     
  0.998326429211589     
  0.998424869256774     
  0.998602841401334     
  0.998622500248982     
  0.998799613321437     
  0.998794354777395     
  0.998877099091366     
  0.998909020914230     
  0.998913807496081     
  0.998960140259620     
  0.998854508429970     
  0.998820396931080     
  0.998727812355596     
  0.998654335274285     
  0.998567222021066     
  0.998560370761191     
  0.998459774384710     
  0.998281212944037     
  0.998168789445016     
  0.998068423638551     
  0.998014121607134     
  0.997746872580846     
  0.997665209386297     
  0.997638649831936     
  0.997401517060540     
  0.997392111272536     
  0.997270442483608     
  0.997060660342465     
  0.997101860781957     
  0.996909766527576     
  0.996871646451183     
  0.996828697517101     
  0.996599468744032     
  0.996781765019253     
  0.996398499224814     
  0.996546118714952     
  0.996423293518756     
  0.996260232802974     
  0.996440014529539     
  0.996075674331713     
  0.996396851504261     
  0.995975188147199     
  0.996326344239141     
  0.995996232738014     
  0.995809453015567     
  0.996673748175337     
  0.995483677723538     
  0.996213444582934     
  0.996071362041580     
  0.995892068079647     
  0.996162381985212     
  0.995915386804087     
  0.996025594675325     
  0.996013691853456     
  0.995979536717150     
  0.996006232735894     
  0.996181685754470     
  0.995783263976822     
  0.996381314656998     
  0.995974443175232     
  0.996044081689001     
  0.996317709972092     
  0.996054655092117     
  0.996359345274056     
  0.996164681141554     
  0.996422413047001     
  0.996268555380632     
  0.996578122609694     
  0.996389337074987     
  0.996574796756536     
  0.996683273215817     
  0.996477780245443     
  0.996781331483806     
  0.996679848925287     
  0.996795505044396     
  0.996813907567316     
  0.996842553541978     
  0.997047054878829     
  0.996977533258331     
  0.997068481904088     
  0.997175782742060     
  0.997150959968738     
  0.997313101571422     
  0.997341718191719     
  0.997365717564134     
  0.997503350842026     
  0.997516486229610     
  0.997594961018343     
  0.997642005520490     
  0.997752841945166     
  0.997673677192111     
  0.997797668634228     
  0.997871622997551     
  0.997726858672087     
  0.998036141928653     
  0.997883781173361     
  0.998049758180231     
  0.998106907281045     
  0.997941693924776     
  0.998326345703930     
  0.998097347175806     
  0.998226960395434     
  0.998125692683699     
  0.998060822281041     
  0.998166351955138     
  0.997849149415530     
  0.998141095334094     
  0.997701520534412     
  0.997867144955492     
  0.997516875754326     
  0.996981218310677     
  0.997166969070512     
  0.996279027280102     
  0.996325046079179     
  0.995919660437871     
  0.995469391329073     
  0.995305942066900     
  0.994910059165900     
  0.994723642619220     
  0.994307284014051     
  0.994171247571338     
  0.993655712348192     
  0.993417841228729     
  0.993167285889559     
  0.992818623503787     
  0.992269799013556     
  0.991956196959623     
  0.991874768256003     
  0.991084239662773     
  0.990885066710803     
  0.990880003867026     
  0.990004959261090     
  0.990034882329233     
  0.989817410791327     
  0.989023376586451     
  0.989515223161530     
  0.988460176029341     
  0.988569160590032     
  0.988613597478901     
  0.987499749908187     
  0.988589092171964     
  0.986965290839821     
  0.987981103650557     
  0.986706949631831     
  0.987264150008361     
  0.986803536421887     
  0.986613574359692     
  0.986688701591579     
  0.985481448305950     
  0.988002139404872     
  0.984024470651131     
  0.987893095829086     
  0.984929366282721     
  0.985288453464194     
  0.986382432141715     
  0.984136748532548     
  0.986686733637079     
  0.984022782432456     
  0.985943610085376     
  0.984499379679602     
  0.984739236531758     
  0.985261167643080     
  0.983830109784800     
  0.985799704939033     
  0.983784947462494     
  0.985085354996964     
  0.984666797721884     
  0.984046168995989     
  0.985410926050874     
  0.984130210886878     
  0.985031160530819     
  0.984915616758114     
  0.984711421656059     
  0.985332485653154     
  0.985171614347569     
  0.985378863600415     
  0.985612953895664     
  0.985990920941603     
  0.985921936807576     
  0.986292496939091     
  0.986777583368842     
  0.986876712026430     
  0.987319108545090     
  0.987572234326246     
  0.988049415065997     
  0.988485335175040     
  0.988798149206975     
  0.989320990859983     
  0.989794424600491     
  0.990237508716999     
  0.990800021358627     
  0.991296273370212     
  0.991757247900341     
  0.992397454790483     
  0.992889766924016     
  0.993198628710353     
  0.993534090657638     
  0.993867194410217     
  0.994217251088803     
  0.994515457038731     
  0.994841461581286     
  0.995161758299809     
  0.995453824142213     
  0.995813002310245     
  0.996059870337740     
  0.996245756802109     
  0.996432049552393     
  0.996485462610113     
  0.996514435006592     
  0.996454895657810     
  0.996463007914205     
  0.996383058507555     
  0.996358344245029     
  0.996350740708205     
  0.996269150792839     
  0.996390641564381     
  0.996353699324367     
  0.996256558807158     
  0.996132975999834     
  0.996034387394338     
  0.996180913981632     
  0.995981579256197     
  0.995989760053582     
  0.996043579090361     
  0.995680024225508     
  0.995857595596741     
  0.995918079056396     
  0.995392898116772     
  0.995858152401512     
  0.995607990955991     
  0.995186313931433     
  0.996058742153373     
  0.994820364339166     
  0.995685102038082     
  0.995276497821978     
  0.994876681670999     
  0.995922640073656     
  0.994275994716630     
  0.995921032506065     
  0.994297530182284     
  0.994938503772053     
  0.994345765306813     
  0.993215721171526     
  0.994241419419292     
  0.992231060113611     
  0.994190604662266     
  0.990717984036797     
  0.993676425392765     
  0.990802674698170     
  0.991920765711939     
  0.991823504799194     
  0.989724084832843     
  0.991709339921061     
  0.988732929831201     
  0.990690069760847     
  0.988745183992762     
  0.988996738474354     
  0.989328098017689     
  0.987552456270944     
  0.988809840885848     
  0.987488803359317     
  0.987723980539385     
  0.987537812448441     
  0.987057578643770     
  0.987044909878517     
  0.986996602681291     
  0.986401988407991     
  0.986917208501779     
  0.985904673586289     
  0.986219798042082     
  0.986592024283199     
  0.985023500648258     
  0.987169443531363     
  0.984727007782301     
  0.985894877190058     
  0.986048664129902     
  0.984244899349579     
  0.987496636801695     
  0.983705131874250     
  0.987183161039211     
  0.984683138473975     
  0.984634342976985     
  0.986981649904844     
  0.983174651578290     
  0.988359385048129     
  0.984532013479583     
  0.986402363405741     
  0.986475072992888     
  0.985228282538982     
  0.987634744217710     
  0.985786864370165     
  0.987497364652043     
  0.986879050984906     
  0.986749226040837     
  0.987379181588178     
  0.986597289599671     
  0.987681539159052     
  0.987250120379733     
  0.987201494049604     
  0.987995639840646     
  0.987203631448990     
  0.988030025594166     
  0.988175588915672     
  0.987670713543355     
  0.988686942738020     
  0.988463796112458     
  0.988494618689760     
  0.989133511152016     
  0.989090812671732     
  0.989411623693486     
  0.989700885315582     
  0.989868848458567     
  0.990329508740160     
  0.990514182851299     
  0.990933210628936     
  0.991267971274538     
  0.991465486178364     
  0.991990313370339     
  0.992205842234019     
  0.992807920778457     
  0.993096580028798     
  0.993628995234295     
  0.994159022771446     
  0.994369107171992     
  0.995039997476138     
  0.995197762404278     
  0.995397264171949     
  0.995470314788718     
  0.995589783790418     
  0.995764679983184     
  0.995705954805950     
  0.996012652815858     
  0.995954076527339     
  0.996144080683433     
  0.996158065818134     
  0.996195708617734     
  0.996166378714288     
  0.996011122127175     
  0.996017642959700     
  0.995869198711504     
  0.995795155464794     
  0.995720614913794     
  0.995567237054133     
  0.995460196994918     
  0.995328366606327     
  0.995201998393956     
  0.995010718926392     
  0.994869702195509     
  0.994668026452081     
  0.994445962024469     
  0.994297311937690     
  0.994024684739838     
  0.993788580603212     
  0.993546389557031     
  0.993288099543420     
  0.993036152068589     
  0.992713796744605     
  0.992461482144272     
  0.992118792044290     
  0.991827186810883     
  0.991500068903450     
  0.991144066438583     
  0.990877382260898     
  0.990481148210404     
  0.990212935467882     
  0.989863018853797     
  0.989496361708175     
  0.989236520090619     
  0.988851523170801     
  0.988630609049228     
  0.988339382581640     
  0.988065751994475     
  0.987883649569941     
  0.987642437055351     
  0.987536814633958     
  0.987375222786220     
  0.987261320193254     
  0.987163612666148     
  0.987067848483223     
  0.987133712556872     
  0.987115373572246     
  0.987111634559387     
  0.987205104380678     
  0.987335437213855     
  0.987408428487761     
  0.987539166820785     
  0.987797480800897     
  0.987880735962076     
  0.988170092415535     
  0.988432215138230     
  0.988567196226272     
  0.989003515161569     
  0.989200084478426     
  0.989531251952375     
  0.989929700756804     
  0.990078972887858     
  0.990648213188994     
  0.990821959568374     
  0.991260822793481     
  0.991644282180766     
  0.991791004012110     
  0.992387804998835     
  0.992417281868394     
  0.993058355703988     
  0.993221886207029     
  0.993516688463728     
  0.994040301151787     
  0.993886270680290     
  0.994585771459109     
  0.994445485326246     
  0.994959906066429     
  0.995121646459594     
  0.995333171853488     
  0.995699199606383     
  0.995589119295239     
  0.996048894258102     
  0.996077385761606     
  0.996332092743090     
  0.996460274734465     
  0.996580479931849     
  0.996843420533265     
  0.996730174129800     
  0.996991003451167     
  0.996749962412000     
  0.996233470033518     
  0.995849671126688     
  0.995006406447775     
  0.994555416720311     
  0.993877213130294     
  0.993181163928513     
  0.992636199496918     
  0.991886665005597     
  0.991312059711402     
  0.990405684151018     
  0.989916581958802     
  0.989369865191569     
  0.988796938499566     
  0.988190866062557     
  0.987323197037868     
  0.987307607608704     
  0.986363104768645     
  0.985806397202606     
  0.985764791176436     
  0.984915368225817     
  0.984342294195897     
  0.984369863996138     
  0.983436756440595     
  0.983046376358897     
  0.983294611428425     
  0.981870528652437     
  0.982574527242566     
  0.981650840957285     
  0.981045175087220     
  0.981853300122072     
  0.979924868297381     
  0.981502251379674     
  0.979801469019220     
  0.980284144761711     
  0.980469176402204     
  0.978859949833897     
  0.981170668157527     
  0.977961402878349     
  0.980925086612360     
  0.978828671150188     
  0.978765354935427     
  0.980526068313036     
  0.977571064291623     
  0.981623300267501     
  0.977878791521842     
  0.980209087347372     
  0.979253980386924     
  0.979465101217449     
  0.980540233913484     
  0.978829381428555     
  0.981264228001892     
  0.979376797305995     
  0.981039360968360     
  0.980575813590006     
  0.980872033525175     
  0.981787903940663     
  0.981025620784571     
  0.982651247798238     
  0.982046171545961     
  0.982786968719663     
  0.983586023405834     
  0.983282014047090     
  0.984407222899576     
  0.984780373973056     
  0.984960646363369     
  0.985820018521331     
  0.986373514241678     
  0.986835945017136     
  0.987370534625213     
  0.988240228623402     
  0.988788751888210     
  0.989532430706508     
  0.990204426023795     
  0.990787780419969     
  0.991671686059300     
  0.992270424844441     
  0.993233622585358     
  0.993894287620472     
  0.994755350136791     
  0.995571430097995     
  0.996227698607820     
  0.997219421247543     
  0.997710237592197     
  0.998444890420137     
  0.998798840351868     
  0.998829569802114     
  0.998913102142326     
  0.998821512182587     
  0.998844681982070     
  0.998797219610474     
  0.998814258802107     
  0.998746123972724     
  0.998771062496866     
  0.998754173932188     
  0.998705592561602     
  0.998702856977499     
  0.998656545095926     
  0.998663475633739     
  0.998614970380520     
