  0.979187101853926     
  0.979689774167512     
  0.979611268622876     
  0.980430522712931     
  0.980591814005913     
  0.980929578862280     
  0.981783759257442     
  0.981871942329609     
  0.982736680073824     
  0.983131439345947     
  0.983656008984434     
  0.984451388441694     
  0.984865635007717     
  0.985978380046545     
  0.985896394466955     
  0.987110334453463     
  0.987509623954305     
  0.987894416195101     
  0.988946716029495     
  0.988549045232983     
  0.989912202177891     
  0.989457863747731     
  0.990201118693230     
  0.990650715165362     
  0.990739217256312     
  0.991481317916205     
  0.991360310230419     
  0.991990064229439     
  0.991907581664889     
  0.992047563935610     
  0.992300856267258     
  0.992108784763501     
  0.992456996742486     
  0.992441831124727     
  0.992504587213981     
  0.992782331648874     
  0.992759365509293     
  0.992974457831985     
  0.993170698883507     
  0.993206772030702     
  0.993493497794537     
  0.993635322766153     
  0.993789715652725     
  0.994046097142585     
  0.994197188491252     
  0.994486832176815     
  0.994669052045161     
  0.994963330604680     
  0.995188102968545     
  0.995403045213916     
  0.995698066430275     
  0.995892782181095     
  0.996222648929711     
  0.996411499176999     
  0.996840968611356     
  0.996937513910594     
  0.997132032873829     
  0.997584400257825     
  0.997576169904077     
  0.997855574081402     
  0.997994815336087     
  0.997988927283153     
  0.998031794250832     
  0.997957113303913     
  0.997944974428080     
  0.997949541550313     
  0.997859653885859     
  0.997856981973008     
  0.997788525564477     
  0.997691259723254     
  0.997742039893142     
  0.997596133085833     
  0.997612258429520     
  0.997584398524782     
  0.997456874787902     
  0.997538982656216     
  0.997357125991654     
  0.997437170487964     
  0.997363348297864     
  0.997280337584174     
  0.997458843806084     
  0.997142191595484     
  0.997091711955473     
  0.996988472686697     
  0.996728693343887     
  0.996534040050269     
  0.996295706476418     
  0.996105399749383     
  0.995580788614208     
  0.995395244078394     
  0.994935280042971     
  0.994397435569132     
  0.994133499573986     
  0.993362837228642     
  0.992993449750758     
  0.992412212921819     
  0.991791888049945     
  0.991399357593422     
  0.990590853293562     
  0.990270434312934     
  0.989402385177381     
  0.988784498394214     
  0.988157820019232     
  0.986997949019938     
  0.986738728140382     
  0.985512236381090     
  0.984889729791749     
  0.984299182446127     
  0.983001284532049     
  0.982628668728620     
  0.981460845295150     
  0.980759346082798     
  0.980056444011088     
  0.978805819900117     
  0.978043998959833     
  0.976866149636547     
  0.975975782238792     
  0.974829022056964     
  0.973221494225844     
  0.972752955471641     
  0.970772977607722     
  0.969182708446817     
  0.968921477662520     
  0.966236515635329     
  0.965166181420265     
  0.964311037079598     
  0.961296962296790     
  0.960610813546443     
  0.958389822580088     
  0.955229165481617     
  0.953909121382592     
  0.949883394138506     
  0.947277063461327     
  0.944165586651989     
  0.940526979828804     
  0.937991993562566     
  0.933467452953832     
  0.931720677944881     
  0.926867070888519     
  0.924677287943119     
  0.922173369613615     
  0.915891891088464     
  0.916204870844149     
  0.911619092388171     
  0.908032762083198     
  0.906972774830916     
  0.902361787450002     
  0.901523096762457     
  0.897875156597384     
  0.896052557143717     
  0.893726248150598     
  0.891192441765081     
  0.890304910504984     
  0.886913133665951     
  0.886509174771780     
  0.884636551402549     
  0.882570411119295     
  0.882418977528212     
  0.880363572749405     
  0.879862640917842     
  0.879251280633746     
  0.878059428268436     
  0.878220313112017     
  0.877574945378112     
  0.877375077545106     
  0.877526007787908     
  0.877558451073583     
  0.878012564563428     
  0.878072657743890     
  0.879053242309307     
  0.879883471204693     
  0.880526709831524     
  0.881740664138926     
  0.882633696076014     
  0.884320935457615     
  0.885592393574274     
  0.887263851043250     
  0.889204092019447     
  0.890989073188094     
  0.893197524731440     
  0.895186516814915     
  0.897539440205389     
  0.899891304830656     
  0.902206217905054     
  0.904810182530575     
  0.907272216127195     
  0.910019848883201     
  0.912823202547941     
  0.915669001718792     
  0.918732036864498     
  0.921745676562126     
  0.924882860253202     
  0.928060968709312     
  0.931270915680910     
  0.934554189144670     
  0.937680023100825     
  0.940731989461670     
  0.943679535810456     
  0.946636876466416     
  0.949624344633989     
  0.952469951868439     
  0.954975926598460     
  0.957798122905593     
  0.960537735892359     
  0.963409973966375     
  0.965887898311632     
  0.968036718027978     
  0.970095812140647     
  0.971856383179785     
  0.973724991942874     
  0.975084497212077     
  0.976281998260045     
  0.977606737513408     
  0.978254779594833     
  0.978734379087593     
  0.978868502220767     
  0.979137929417575     
  0.978880371981088     
  0.978591010463544     
  0.978823273249802     
  0.978028604116485     
  0.978215552643359     
  0.977839107579390     
  0.977260619757318     
  0.977279195296319     
  0.976901302489768     
  0.976465132676042     
  0.976026023164880     
  0.976396405175791     
  0.975383196547563     
  0.975283267113815     
  0.975538344638182     
  0.974259058867228     
  0.975602709765689     
  0.973921747636984     
  0.974300676944888     
  0.975297679099809     
  0.972701337396892     
  0.975678339029349     
  0.972577907013816     
  0.975214829524659     
  0.972853512444738     
  0.973892961845342     
  0.974271819119408     
  0.972404414045515     
  0.976870290942916     
  0.971539888735642     
  0.976408539276111     
  0.972738043029100     
  0.973713636183628     
  0.975905867336941     
  0.972656109996789     
  0.977454764132767     
  0.973666404704310     
  0.977021638446071     
  0.975249228015339     
  0.976046015024234     
  0.976915819778106     
  0.976036302752205     
  0.978300182993870     
  0.976993355672153     
  0.978949102623282     
  0.978369725565415     
  0.978634725047999     
  0.980181758862749     
  0.979290237398323     
  0.980640745978022     
  0.981072180617814     
  0.981018969165463     
  0.982320360508770     
  0.982243094112729     
  0.982950717059203     
  0.983774159853680     
  0.984105117502172     
  0.984806023492883     
  0.985416988217884     
  0.986173380101741     
  0.986693483024160     
  0.987504176125280     
  0.988380395607784     
  0.988880008904911     
  0.989593989046374     
  0.990004580472876     
  0.990528732354844     
  0.991193947788890     
  0.991554624500961     
  0.992386861425022     
  0.992848523050873     
  0.993506457652650     
  0.994213090967412     
  0.994357401589444     
  0.994788547671716     
  0.994524341902011     
  0.994656800127398     
  0.994526628903299     
  0.994437724262128     
  0.994545351537041     
  0.994152142064628     
  0.994595272465766     
  0.994144440919463     
  0.994310893206983     
  0.994399169499176     
  0.993998189924922     
  0.994449033078305     
  0.993978995680339     
  0.994395351414862     
  0.994096363128750     
  0.994129711609153     
  0.994393636283169     
  0.993803535709590     
  0.994651681078371     
  0.993782691201610     
  0.994203601093452     
  0.994521821391242     
  0.993667915121906     
  0.994617141101636     
  0.994020503455439     
  0.994227476319382     
  0.994440271426682     
  0.994096706791899     
  0.994571085491326     
  0.994242342050359     
  0.994565486994577     
  0.994597589500978     
  0.994509378568312     
  0.994913884064447     
  0.994744117362488     
  0.995034537204070     
  0.995180017009943     
  0.995178005609002     
  0.995569406371097     
  0.995556757667518     
  0.995835059402638     
  0.996081161486760     
  0.996158236789055     
  0.996455147600311     
  0.996586590002263     
  0.996873654073087     
  0.997028936017902     
  0.997258378466758     
  0.997524150022376     
  0.997627576270119     
  0.997909538777644     
  0.998019437140758     
  0.998233431875965     
  0.998406244501653     
  0.998487629874659     
  0.998668241694042     
  0.998728227931263     
  0.998861146791854     
  0.998898080780495     
  0.998952976653776     
  0.999012587929793     
  0.999013694905724     
  0.998985208654601     
  0.998909243811253     
  0.998853272898987     
  0.998760359852106     
  0.998723060853688     
  0.998643838115059     
  0.998541930043743     
  0.998447782302351     
  0.998350624855526     
  0.998267026797058     
  0.998122948652483     
  0.997992965161692     
  0.997866159489921     
  0.997785290045359     
  0.997610802612128     
  0.997511093220630     
  0.997483919399397     
  0.997254328626151     
  0.997223717480044     
  0.997159602020422     
  0.996923253032472     
  0.996992274662146     
  0.996825648365419     
  0.996768349765501     
  0.996758698595826     
  0.996471721160078     
  0.996691657694821     
  0.996386628952166     
  0.996418751116435     
  0.996493414806245     
  0.996142505955786     
  0.996453590882876     
  0.996062103079055     
  0.996374212625943     
  0.996074394216546     
  0.995914642833952     
  0.996715806871320     
  0.995635961469886     
  0.996165867567236     
  0.996272265738583     
  0.995869920000505     
  0.996286694329722     
  0.995956881268481     
  0.996071127026053     
  0.996172588224528     
  0.995959028624035     
  0.996206555490222     
  0.996135384175361     
  0.995915700688495     
  0.996439804791549     
  0.996012290334197     
  0.996180106489718     
  0.996328947096227     
  0.996123975455583     
  0.996403947250672     
  0.996196634370013     
  0.996533030202630     
  0.996265177235602     
  0.996557371753324     
  0.996555846227508     
  0.996480506858935     
  0.996756863868848     
  0.996626437413100     
  0.996739893796061     
  0.996740831845488     
  0.996847813641246     
  0.996931523171957     
  0.996853126403153     
  0.997028315082675     
  0.997052970793836     
  0.997105727960836     
  0.997232866764568     
  0.997230484727674     
  0.997298777054959     
  0.997370455645365     
  0.997475894888764     
  0.997509140929363     
  0.997541422561145     
  0.997677421925756     
  0.997664518352761     
  0.997708584875033     
  0.997726986388847     
  0.997839350416741     
  0.997826117069364     
  0.997813317307947     
  0.998053415665936     
  0.997916699440678     
  0.998108228256191     
  0.998105672798043     
  0.998041649881880     
  0.998333539600306     
  0.998147645078783     
  0.998269918424284     
  0.998131694361366     
  0.998110589099392     
  0.998139154153914     
  0.997898361152254     
  0.998120889471431     
  0.997752755791569     
  0.997908749788470     
  0.997638413104327     
  0.997140543166422     
  0.997224879065057     
  0.996442704053869     
  0.996358113066358     
  0.996008328145799     
  0.995464099692668     
  0.995291895413912     
  0.994896861834754     
  0.994660723928959     
  0.994230065598072     
  0.993935480837158     
  0.993617683181841     
  0.993390357118972     
  0.993032118671695     
  0.992514868102150     
  0.992209934573563     
  0.992030968089345     
  0.991413516977261     
  0.990937739690701     
  0.991001369953931     
  0.990300342187022     
  0.989886802685611     
  0.990083216642817     
  0.989130552281044     
  0.989080731042910     
  0.989181055684430     
  0.988033088175433     
  0.988660650697072     
  0.987880909767714     
  0.987442870970761     
  0.988140289524464     
  0.986650929701061     
  0.987782121344975     
  0.986224621086615     
  0.987149955651140     
  0.986116045831236     
  0.986479047467438     
  0.985947818454141     
  0.985386296071272     
  0.987184014417304     
  0.983775443286688     
  0.987225314583528     
  0.984543097591034     
  0.984699161415600     
  0.985876821479899     
  0.983686132921384     
  0.985964980717420     
  0.983703890530096     
  0.984997014995532     
  0.984231712346861     
  0.983904923651515     
  0.984882454451238     
  0.983349472474066     
  0.985010871935021     
  0.983576922558763     
  0.984050440330598     
  0.984465689839207     
  0.983423547274535     
  0.984662149008443     
  0.983911092205122     
  0.984073298772756     
  0.984519329432472     
  0.984253726770907     
  0.984485018797519     
  0.984707389338285     
  0.984935466839492     
  0.984827245640914     
  0.985361280211407     
  0.985584206996111     
  0.985585548944363     
  0.986124736535409     
  0.986360794341012     
  0.986740723039198     
  0.987117384502277     
  0.987424179624006     
  0.987986908685593     
  0.988368538638831     
  0.988824118788479     
  0.989415069629902     
  0.989827867280455     
  0.990399196330871     
  0.990978179409428     
  0.991467296653270     
  0.992096676174161     
  0.992513803997461     
  0.992858612814082     
  0.993211231061448     
  0.993540295977969     
  0.993923518841742     
  0.994237850080678     
  0.994595400962963     
  0.994943029312475     
  0.995261210098121     
  0.995620795054875     
  0.995877762343580     
  0.996168745817887     
  0.996361548884217     
  0.996428611420663     
  0.996438611340939     
  0.996398214410477     
  0.996385979905911     
  0.996345979192631     
  0.996350821251754     
  0.996338606071820     
  0.996268889740616     
  0.996252321646675     
  0.996101282555915     
  0.996102835959751     
  0.996171223997589     
  0.996149681138851     
  0.996107094525460     
  0.995934487704135     
  0.996004473106681     
  0.995912947185577     
  0.995743665377687     
  0.995949914472616     
  0.995621330303406     
  0.995498779701975     
  0.995931123067221     
  0.995281218837530     
  0.995558069729931     
  0.995652477857349     
  0.994970191468544     
  0.995736150293300     
  0.994892085349676     
  0.995317378214502     
  0.995427269666139     
  0.994527547526709     
  0.995797711018928     
  0.994171305045824     
  0.995371285711321     
  0.994169029337402     
  0.993821689073076     
  0.994023827292064     
  0.992741335602104     
  0.994060205351112     
  0.991066777211291     
  0.993661895645797     
  0.991079366799623     
  0.991907404481496     
  0.991921579316151     
  0.989825408518668     
  0.991917809228812     
  0.989173439587503     
  0.990443446243588     
  0.989413193563623     
  0.988901783007942     
  0.989557453852223     
  0.987688037092180     
  0.989148445128833     
  0.987660086744923     
  0.987617805042467     
  0.988308911508835     
  0.986635763852791     
  0.987945533973756     
  0.986808390263295     
  0.986537861541774     
  0.987586021878644     
  0.985665121877987     
  0.986968380907677     
  0.986368658745782     
  0.985451133595506     
  0.987393954810940     
  0.984752592966971     
  0.986600001648694     
  0.985840972977162     
  0.984841215663658     
  0.987264045988127     
  0.983870918096603     
  0.987521023005737     
  0.985082208846643     
  0.985071196974214     
  0.987210732058131     
  0.983470861736897     
  0.988301807090052     
  0.985106399962291     
  0.986088969956629     
  0.987186750847321     
  0.985193388771292     
  0.987991838556210     
  0.986230297776667     
  0.987122634296829     
  0.987486335127615     
  0.986340585609756     
  0.987766502729252     
  0.986904504600695     
  0.987360780220448     
  0.987748319513777     
  0.986949118620801     
  0.988116090967452     
  0.987597199983174     
  0.987596764156252     
  0.988496962269874     
  0.987843581447683     
  0.988365357038008     
  0.988708529472405     
  0.988544396302694     
  0.989018289412832     
  0.989107332672234     
  0.989420805022639     
  0.989739237296298     
  0.989879941426000     
  0.990314239791280     
  0.990478067137275     
  0.990864387253882     
  0.991223388917154     
  0.991545311540488     
  0.992017973417489     
  0.992251419511541     
  0.992851839808298     
  0.993096938658635     
  0.993659936183225     
  0.994193863936429     
  0.994361877279834     
  0.994967508133912     
  0.995015574531801     
  0.995158446135720     
  0.995266489035322     
  0.995349186365496     
  0.995548214569261     
  0.995487719685452     
  0.995775902446775     
  0.995738949221377     
  0.995871550088698     
  0.995909574725786     
  0.995808645468266     
  0.995800311374994     
  0.995637011404853     
  0.995586377934266     
  0.995492380197421     
  0.995334959520077     
  0.995254895359618     
  0.995115731964635     
  0.994927988959173     
  0.994819092529217     
  0.994674811954031     
  0.994408440602699     
  0.994256716498893     
  0.994058035428576     
  0.993770722534569     
  0.993548819987424     
  0.993278193243886     
  0.993020443472656     
  0.992698122913694     
  0.992376702008289     
  0.992073244468671     
  0.991712223144199     
  0.991393758602245     
  0.991003513080041     
  0.990653152129295     
  0.990249494981713     
  0.989849887280547     
  0.989502671743113     
  0.989053327023181     
  0.988732013759476     
  0.988313005503454     
  0.987894909147417     
  0.987570560731074     
  0.987130403264867     
  0.986857279559263     
  0.986525279650270     
  0.986210357893849     
  0.985999514406199     
  0.985717193015621     
  0.985562738947821     
  0.985371890760983     
  0.985231287205515     
  0.985175591089526     
  0.985102651538477     
  0.985108021539611     
  0.985052653087577     
  0.985112885248025     
  0.985263980686910     
  0.985300832285990     
  0.985426759470548     
  0.985679702041895     
  0.985832382644005     
  0.986015530415523     
  0.986365332591016     
  0.986568844258214     
  0.986879359068614     
  0.987286194636383     
  0.987496371595667     
  0.987997966329577     
  0.988344161392883     
  0.988640671104389     
  0.989207189057700     
  0.989423225922856     
  0.990007236594442     
  0.990365496168668     
  0.990683412130321     
  0.991249404234841     
  0.991371497423164     
  0.992076030986885     
  0.992256026362941     
  0.992647447834211     
  0.993184973128009     
  0.993106762551427     
  0.993808332214758     
  0.993797999198472     
  0.994325501205928     
  0.994592530752887     
  0.994709624411002     
  0.995128776142754     
  0.995107367871506     
  0.995600645195644     
  0.995685435482027     
  0.995814463434237     
  0.996169309580426     
  0.996174532319649     
  0.996409705498847     
  0.996550137109757     
  0.996663603091760     
  0.996656552709908     
  0.996371950480073     
  0.995897099057213     
  0.995275391300580     
  0.994654217732099     
  0.993939816386432     
  0.993393208344921     
  0.992599532709291     
  0.991918880541877     
  0.991390687664431     
  0.990528544995376     
  0.990160673725272     
  0.989494296536133     
  0.988790676437553     
  0.988221331974111     
  0.987625415775818     
  0.987242540297928     
  0.986240413485379     
  0.986115550456798     
  0.985710237603296     
  0.984696079720411     
  0.984767147776183     
  0.984151770865176     
  0.983287381698870     
  0.983537007594910     
  0.982773754156889     
  0.982138118023848     
  0.982596591020279     
  0.981215455875116     
  0.981608218031746     
  0.981332917805931     
  0.980238978309225     
  0.981442994981862     
  0.979547986358429     
  0.980735446333489     
  0.979976035175612     
  0.979299814726336     
  0.980917112939334     
  0.978123143065485     
  0.981017804153341     
  0.978781464555709     
  0.978850860701498     
  0.980473922615360     
  0.977815831391573     
  0.981340726628327     
  0.978302285392593     
  0.979899041848223     
  0.979670290106935     
  0.979097659480236     
  0.980812253323692     
  0.978881635368849     
  0.981080596207163     
  0.979853353792392     
  0.980525949184815     
  0.981165032234560     
  0.980444196422397     
  0.982034333371317     
  0.981120901920774     
  0.982309717480891     
  0.982588032499652     
  0.982433350475493     
  0.983677216039721     
  0.983699063974529     
  0.984075699345133     
  0.985007479494992     
  0.985330557043401     
  0.985717161917559     
  0.986490773612754     
  0.987158428563749     
  0.987637037739884     
  0.988355738825245     
  0.988937910930915     
  0.989692614591645     
  0.990470366044294     
  0.991199475307658     
  0.992052010063042     
  0.992728292169591     
  0.993613383299229     
  0.994300352927160     
  0.995173266893873     
  0.995993004271944     
  0.996698460031533     
  0.997641537457749     
  0.998153420708546     
  0.998754011960920     
  0.998938275671135     
  0.998873286277822     
  0.998954814089257     
  0.998873831609071     
  0.998880783380359     
  0.998858840391519     
  0.998818848374699     
  0.998815664626930     
  0.998808738436135     
  0.998768828896420     
  0.998773936739436     
  0.998739992226216     
  0.998690572095066     
  0.998702470556181     
  0.998636601175081     
