  0.979537480859064     
  0.979802171099218     
  0.980442748591385     
  0.980569162988648     
  0.981008413082764     
  0.981676216094334     
  0.981900277579073     
  0.982571357292717     
  0.983269639968063     
  0.983606013982558     
  0.984402444909441     
  0.984940555166141     
  0.985753334426333     
  0.986478404900381     
  0.986729383156346     
  0.987853415368029     
  0.988091168613714     
  0.988457294780582     
  0.989173290022949     
  0.989195502372890     
  0.990195167147525     
  0.990192859262352     
  0.990587541514025     
  0.991306472299822     
  0.991230226475342     
  0.991817182207438     
  0.991841473809736     
  0.991875197277236     
  0.992126962916787     
  0.991960984023254     
  0.992149586368160     
  0.992267555632968     
  0.992200569151922     
  0.992424488622595     
  0.992543185027815     
  0.992613022856916     
  0.992842083485931     
  0.992998737304711     
  0.993135181126128     
  0.993380140210157     
  0.993572461247122     
  0.993733500068647     
  0.993985675805034     
  0.994190167459148     
  0.994425088501917     
  0.994704395016578     
  0.994934457929936     
  0.995252555198281     
  0.995523891202344     
  0.995787704570847     
  0.996094029764631     
  0.996331489941729     
  0.996658185249750     
  0.996965178993632     
  0.997310543093853     
  0.997497034804753     
  0.997697402341887     
  0.998075959037434     
  0.998144804342000     
  0.998186022113346     
  0.998214378745411     
  0.998149615602488     
  0.998144955933945     
  0.998125109035506     
  0.998086707806354     
  0.998051648825154     
  0.998028073922117     
  0.998005151535109     
  0.997920550325830     
  0.997901267404063     
  0.997815041384214     
  0.997715037806896     
  0.997750313895627     
  0.997605727277352     
  0.997545592512115     
  0.997562698136259     
  0.997405143605348     
  0.997457456430219     
  0.997394331237745     
  0.997295682795463     
  0.997408520925308     
  0.997269080596264     
  0.997233294209405     
  0.997234205598245     
  0.997047453839069     
  0.996891601330482     
  0.996612395593787     
  0.996404099438368     
  0.996200686138129     
  0.995738533747907     
  0.995475545257709     
  0.995055808721363     
  0.994461583589791     
  0.994090834740366     
  0.993392929535932     
  0.992718226860494     
  0.992346909313093     
  0.991558012498122     
  0.991053757089089     
  0.990651679921257     
  0.989869184301297     
  0.989517603125151     
  0.988754756155993     
  0.988041346809652     
  0.987496859575710     
  0.986379174757870     
  0.985980997466579     
  0.985019162058753     
  0.984148377077845     
  0.983652728939867     
  0.982343988905250     
  0.981939309143793     
  0.981086911849160     
  0.979827401577812     
  0.979500039409041     
  0.978128122280166     
  0.977367235295194     
  0.976671785158212     
  0.974852110093548     
  0.974456754230023     
  0.973054547673477     
  0.971202422625879     
  0.970835383671665     
  0.968799967097627     
  0.967320375210247     
  0.966547955355951     
  0.964245581173214     
  0.963003886508553     
  0.961451427378762     
  0.959150223536287     
  0.957443014688609     
  0.954805800621927     
  0.951856851261105     
  0.948928204190472     
  0.945782705663314     
  0.942109279232404     
  0.938860801630165     
  0.935552514822951     
  0.931230951508854     
  0.929135321506259     
  0.925034369105557     
  0.920076381052003     
  0.918625697171153     
  0.914566627390481     
  0.910633347603670     
  0.908520689085713     
  0.904566436732961     
  0.902364533500836     
  0.899321930046847     
  0.896435687424439     
  0.894192578159864     
  0.891363196499571     
  0.889599971517360     
  0.886940617842181     
  0.885101528552399     
  0.883795282485740     
  0.881419665522283     
  0.880284229546986     
  0.879114648959635     
  0.877631284429995     
  0.876753479482267     
  0.875992600208728     
  0.875332533273098     
  0.874651458708225     
  0.874315788552724     
  0.874312139100065     
  0.874331802203896     
  0.874527915757376     
  0.874897871344914     
  0.875584470439910     
  0.876373456060717     
  0.877255587119401     
  0.878230938040435     
  0.879435914810483     
  0.881114365787528     
  0.882603318426502     
  0.884385455864491     
  0.886513194647675     
  0.888484098704804     
  0.890767944037876     
  0.893099761196528     
  0.895426086703840     
  0.898008930421026     
  0.900579816757774     
  0.903301564630602     
  0.906228096229805     
  0.909227738939814     
  0.912383979114139     
  0.915627270672725     
  0.918946662108129     
  0.922405126922072     
  0.925845622108998     
  0.929317176003902     
  0.932890389483028     
  0.936416650056733     
  0.939887719851879     
  0.943419648819306     
  0.946820374570289     
  0.949984308536044     
  0.953042108732868     
  0.956088279960852     
  0.958637766598083     
  0.961558008411710     
  0.964533439141346     
  0.967390987670023     
  0.970248211712756     
  0.973051821624835     
  0.975349608162776     
  0.977429637001019     
  0.978976148661102     
  0.979910187824636     
  0.980723563683763     
  0.981108023109410     
  0.981516050381896     
  0.981588315578869     
  0.981089493394971     
  0.981167089468213     
  0.980874073498500     
  0.980236847150868     
  0.980152844241893     
  0.979651973154320     
  0.979265647758626     
  0.978974549223854     
  0.978405367048477     
  0.978143422620506     
  0.977688731977630     
  0.977395986810809     
  0.977035054023083     
  0.976481410811936     
  0.976477039985270     
  0.976096809949810     
  0.975549711332993     
  0.975967277719687     
  0.975048452762105     
  0.974717709446809     
  0.975674998088049     
  0.974250180493362     
  0.974454973103473     
  0.974334940357913     
  0.974151443484218     
  0.974806048812360     
  0.973516000034826     
  0.975185368998069     
  0.973534911563556     
  0.973897017489796     
  0.975573834893612     
  0.972929911963302     
  0.976110026079084     
  0.973680664795648     
  0.974039783696009     
  0.976340419422773     
  0.973827952638341     
  0.976669686291018     
  0.975170719989084     
  0.975714678000300     
  0.976746959716907     
  0.975921658433952     
  0.977988701830578     
  0.976888743035737     
  0.978084528880501     
  0.978615069301673     
  0.978202374955722     
  0.979786159311507     
  0.979729497424979     
  0.979980141711898     
  0.980969320378802     
  0.981074397857533     
  0.981644498548478     
  0.982405435055508     
  0.982871950670231     
  0.983351892149656     
  0.984144609269146     
  0.984810639990685     
  0.985311275931885     
  0.986148146720225     
  0.986927983683171     
  0.987562800966814     
  0.988314515318315     
  0.989027082092651     
  0.989603873585702     
  0.990187418789557     
  0.990704682246702     
  0.991301733569292     
  0.992028584579658     
  0.992549099123836     
  0.993215982228169     
  0.993989789265417     
  0.994485349433493     
  0.995021966188196     
  0.995231428788795     
  0.995171203325515     
  0.995214915926307     
  0.995018433795112     
  0.995120592845699     
  0.995064628039723     
  0.994912988268273     
  0.995057836502988     
  0.994882656066063     
  0.994889780632874     
  0.994954881469063     
  0.994772608045349     
  0.994873422035202     
  0.994881663807574     
  0.994648471187788     
  0.994849826191803     
  0.994885510510338     
  0.994599174995850     
  0.994923724027108     
  0.994689329212892     
  0.994592683806918     
  0.995020888620600     
  0.994391324687779     
  0.994719446453346     
  0.994946941710772     
  0.994330454058825     
  0.994826364073221     
  0.994650067971917     
  0.994496069763234     
  0.994838281758439     
  0.994541465202249     
  0.994703853446506     
  0.994745360473226     
  0.994640393659127     
  0.994843284040605     
  0.994800616498919     
  0.994894855233479     
  0.995058345284551     
  0.995098790440296     
  0.995257812646305     
  0.995466780433501     
  0.995596373283739     
  0.995748880969565     
  0.996041013153292     
  0.996174513855005     
  0.996339071646310     
  0.996663023078874     
  0.996802786575750     
  0.997035660630192     
  0.997305709594909     
  0.997471763208062     
  0.997727816812908     
  0.997913492764048     
  0.998064931644697     
  0.998268136392816     
  0.998389721384537     
  0.998515752784992     
  0.998700685176542     
  0.998812713847484     
  0.998941632559441     
  0.999101945321514     
  0.999168260722277     
  0.999250827373774     
  0.999249668590889     
  0.999164402168017     
  0.999138856603215     
  0.999019368785934     
  0.998925497836308     
  0.998899824914941     
  0.998764299146502     
  0.998678707038008     
  0.998626980258283     
  0.998508309351054     
  0.998473551755123     
  0.998412873371771     
  0.998284402665510     
  0.998199701163916     
  0.998016147207801     
  0.997902709160793     
  0.997893253399924     
  0.997682677265543     
  0.997551139692321     
  0.997568674542591     
  0.997371006573252     
  0.997259949423708     
  0.997272861022564     
  0.997045901850735     
  0.997003090617186     
  0.997002668992424     
  0.996770923762135     
  0.996845095817833     
  0.996688574471923     
  0.996582592646211     
  0.996721754328394     
  0.996405542480988     
  0.996548403254698     
  0.996520702234481     
  0.996193424246838     
  0.996665514294956     
  0.996111821717079     
  0.996132706873336     
  0.996939362426082     
  0.995846724295557     
  0.996221132890527     
  0.996582449275034     
  0.995908735027946     
  0.996535720166379     
  0.996135794582968     
  0.996181801871933     
  0.996518002356237     
  0.995980624878036     
  0.996495684076711     
  0.996303104488298     
  0.996014753508385     
  0.996688835901841     
  0.996156143371493     
  0.996245113734052     
  0.996608313130706     
  0.996138137766940     
  0.996555029554650     
  0.996390094636338     
  0.996397205822476     
  0.996601358739962     
  0.996456866090773     
  0.996637505834787     
  0.996646256109023     
  0.996759560389579     
  0.996865432659757     
  0.996801085260004     
  0.996957106443615     
  0.996984825398668     
  0.997022612409823     
  0.997134809849920     
  0.997122073787017     
  0.997197719288117     
  0.997287462244673     
  0.997323293535681     
  0.997400171130523     
  0.997450149972401     
  0.997533468917321     
  0.997602110491832     
  0.997617890603878     
  0.997696209716280     
  0.997683489167229     
  0.997720005623961     
  0.997805355273515     
  0.997746527242731     
  0.997892510077485     
  0.997965683393349     
  0.997889298031217     
  0.998079762577125     
  0.998145948818872     
  0.998122127469164     
  0.998218887827132     
  0.998249012721918     
  0.998286611591403     
  0.998330590822272     
  0.998224870673480     
  0.998183907132208     
  0.998244541896902     
  0.998085436760730     
  0.998111304330884     
  0.998078041407160     
  0.997839367007479     
  0.997996733987771     
  0.997734906682273     
  0.997566280981178     
  0.997614333072690     
  0.996883216059393     
  0.996610620803060     
  0.996363095912481     
  0.995604828906506     
  0.995382280504309     
  0.994991272701293     
  0.994468393495705     
  0.994199966648025     
  0.993676005746313     
  0.993360129807050     
  0.993058931919528     
  0.992580973630524     
  0.992308381088407     
  0.991845550323119     
  0.991458045137558     
  0.991239901649164     
  0.990553656921790     
  0.990123483942175     
  0.990068098914001     
  0.989461349810025     
  0.988897783728361     
  0.988956408269067     
  0.988461228980720     
  0.987799529107663     
  0.988028130255595     
  0.987414226840751     
  0.986933433578511     
  0.987331298232622     
  0.986283309852725     
  0.986413273038305     
  0.986408802358728     
  0.985506525656044     
  0.986484191748510     
  0.984855936546393     
  0.985956059945335     
  0.984497529711145     
  0.984836825880612     
  0.985338593887732     
  0.983153830678586     
  0.985390713719447     
  0.983809336541872     
  0.983026684207084     
  0.984535974659309     
  0.982777370512819     
  0.983533989310762     
  0.983201399223933     
  0.982610895192239     
  0.983340046854019     
  0.982610288427516     
  0.982765660487986     
  0.982805144654222     
  0.982551328079799     
  0.982709946142364     
  0.982628690756307     
  0.982413591234872     
  0.982571802426712     
  0.982644615253417     
  0.982355989995715     
  0.982792722844383     
  0.982725905064208     
  0.982522433588331     
  0.983136720899123     
  0.983021118640379     
  0.983061696161860     
  0.983485116298496     
  0.983563386158061     
  0.983940435847366     
  0.984133608717372     
  0.984390774827619     
  0.984908730354253     
  0.985177481530040     
  0.985609034155421     
  0.986112852263617     
  0.986552518526188     
  0.987118314765189     
  0.987671465186228     
  0.988280726955395     
  0.988886947034574     
  0.989530564983171     
  0.990215076914397     
  0.990664848771222     
  0.991133614843028     
  0.991609539327163     
  0.991986293507102     
  0.992406237277473     
  0.992850034997503     
  0.993242156641062     
  0.993655751791193     
  0.994076429918355     
  0.994446222024684     
  0.994851799798438     
  0.995224367235241     
  0.995540051605080     
  0.995871252397920     
  0.996091488101366     
  0.996239543809311     
  0.996316860875738     
  0.996309735892888     
  0.996347227013795     
  0.996316757374517     
  0.996265427705981     
  0.996319672778007     
  0.996260039892260     
  0.996206761838574     
  0.996239654903802     
  0.996199191667669     
  0.996193655609879     
  0.996228107458470     
  0.996100379171880     
  0.995927703546457     
  0.995862273316091     
  0.995872340499712     
  0.995827167215713     
  0.995700424526831     
  0.995642109998284     
  0.995556234787341     
  0.995413171765244     
  0.995568399583628     
  0.995259552354347     
  0.995297209401574     
  0.995481376513289     
  0.994832360507902     
  0.995231958358157     
  0.995289496488440     
  0.994549529768157     
  0.995364074391264     
  0.994736265771857     
  0.994676409719119     
  0.995398335294344     
  0.994009616210010     
  0.995086196012049     
  0.993785656371059     
  0.993969411751866     
  0.993888984612790     
  0.992040094904415     
  0.993677445419585     
  0.991785479731355     
  0.991934809991493     
  0.992468400565312     
  0.990539655142542     
  0.991869873755124     
  0.990694111079858     
  0.990126174784248     
  0.990589199970961     
  0.989153437858565     
  0.989738739922984     
  0.989189747740644     
  0.988479694358831     
  0.989107773276849     
  0.988165349731737     
  0.988036912555940     
  0.988405038240970     
  0.987511899553941     
  0.987641714137904     
  0.987903624743051     
  0.986851151089684     
  0.987395013600110     
  0.987342143172542     
  0.986214008915085     
  0.987481908894276     
  0.986494500832288     
  0.985866665437634     
  0.987480447802727     
  0.985617362146576     
  0.986591620361923     
  0.986524891359745     
  0.984878662430906     
  0.987735963120015     
  0.985325074269698     
  0.985856474952717     
  0.987434746512420     
  0.984549235848996     
  0.987902460556998     
  0.986547573848062     
  0.985811081080935     
  0.988244326975015     
  0.986141416357271     
  0.987513792366727     
  0.987664464152881     
  0.986319367889448     
  0.988165956383446     
  0.987123489335987     
  0.987032947056706     
  0.988138836485923     
  0.987073912011266     
  0.987692794023851     
  0.988027773014869     
  0.987458615841617     
  0.988087743069884     
  0.988104000173387     
  0.988019037054120     
  0.988371056135239     
  0.988405395571972     
  0.988624617591512     
  0.988829344745248     
  0.988893522404531     
  0.989222528857754     
  0.989455117212258     
  0.989625480339240     
  0.990081140419428     
  0.990283746420404     
  0.990518952370477     
  0.990966312766246     
  0.991159695354990     
  0.991649912854727     
  0.992049402940329     
  0.992375496904379     
  0.992983999227147     
  0.993248082401461     
  0.993821772159835     
  0.994236530759467     
  0.994193733538261     
  0.994520530944976     
  0.994562787948599     
  0.994587921427836     
  0.994811218566249     
  0.994829748778764     
  0.995004159143601     
  0.995069073579530     
  0.995157059104343     
  0.995240814391509     
  0.995066632563408     
  0.995077959681229     
  0.994937144722989     
  0.994787862190947     
  0.994743193014164     
  0.994559615767486     
  0.994418167188187     
  0.994320475857221     
  0.994099489916283     
  0.993932105813092     
  0.993771495410666     
  0.993538208464330     
  0.993333542835649     
  0.993076630578385     
  0.992801328753796     
  0.992535892669124     
  0.992177066050445     
  0.991825984264576     
  0.991493789682290     
  0.991075487007637     
  0.990666675424053     
  0.990228013464322     
  0.989737058389163     
  0.989278522042787     
  0.988757823013474     
  0.988234285460931     
  0.987708932845289     
  0.987112901802675     
  0.986573029294015     
  0.985999919283829     
  0.985386071971225     
  0.984856131249394     
  0.984254748650579     
  0.983703296419973     
  0.983198454929678     
  0.982620952898968     
  0.982175272843743     
  0.981727721447345     
  0.981283989840739     
  0.980955057187772     
  0.980606198784329     
  0.980333873741741     
  0.980114239399554     
  0.979914379344077     
  0.979809865308467     
  0.979722947348526     
  0.979679255635804     
  0.979683920107438     
  0.979729708414130     
  0.979880531848258     
  0.980063111631952     
  0.980224741082084     
  0.980448960541314     
  0.980809924962574     
  0.981099950809945     
  0.981403591033922     
  0.981910396128605     
  0.982321658598543     
  0.982706430842393     
  0.983332421358351     
  0.983810252652824     
  0.984278635160649     
  0.984977646661827     
  0.985447500572239     
  0.986041197348058     
  0.986714312113156     
  0.987132184187582     
  0.987883183198602     
  0.988403457791142     
  0.988844554532027     
  0.989616009064209     
  0.989909521900583     
  0.990543629144664     
  0.991138066146847     
  0.991288808934963     
  0.992024271974096     
  0.992245272444905     
  0.992670961432598     
  0.993158946268542     
  0.993272584432487     
  0.993786588752797     
  0.994040247856185     
  0.994309595242637     
  0.994717066434886     
  0.994775243663995     
  0.995091837114623     
  0.995409488086966     
  0.995478325411082     
  0.995732447015745     
  0.995938766808940     
  0.996053256818154     
  0.996202859207963     
  0.996225865964374     
  0.995902268294835     
  0.995288056117552     
  0.994734395184948     
  0.994002408476245     
  0.993216196865291     
  0.992667602274398     
  0.991873379880246     
  0.991155844899528     
  0.990592139442938     
  0.989735724578230     
  0.989186981762490     
  0.988512998496786     
  0.987925400446554     
  0.987575847064186     
  0.986674679364987     
  0.986142506457300     
  0.985813568902857     
  0.985195938177694     
  0.984586814987658     
  0.984089057651653     
  0.983900414389527     
  0.983063760064516     
  0.982658109555208     
  0.982678752224889     
  0.981587717716695     
  0.981696719149627     
  0.981584719277442     
  0.980419114861713     
  0.981222256701390     
  0.980411517613165     
  0.979850589356050     
  0.980851326041718     
  0.979242206708474     
  0.980146405101319     
  0.980017191747447     
  0.978677121391478     
  0.980707669253200     
  0.978780318748139     
  0.978989723758133     
  0.980090169353208     
  0.978384989570439     
  0.980642543255373     
  0.979211675799885     
  0.979007056887603     
  0.980421942322806     
  0.978775133548466     
  0.980424047180408     
  0.979811394274374     
  0.979721217604385     
  0.980878419443564     
  0.980050766440831     
  0.980959006874978     
  0.981121946607277     
  0.980951725481276     
  0.982016559559124     
  0.981901397458251     
  0.982277717043866     
  0.983212716814720     
  0.983360943087361     
  0.983788614468876     
  0.984685252121747     
  0.985075458731288     
  0.985592076167949     
  0.986292989001094     
  0.986860620524882     
  0.987602460015423     
  0.988333790093654     
  0.988943870824892     
  0.989699222515357     
  0.990417857833396     
  0.991198761413176     
  0.992107263916496     
  0.992911322225318     
  0.993812311287575     
  0.994729956210675     
  0.995551428446054     
  0.996540618166429     
  0.997343999279370     
  0.998093860137334     
  0.998839654240116     
  0.998937666311185     
  0.999027565378867     
  0.999120730541575     
  0.998979438773231     
  0.999083850849734     
  0.999052949418555     
  0.998934719368775     
  0.999032477705712     
  0.998945559399368     
  0.998886973135392     
  0.998952576307493     
  0.998851307154408     
  0.998847079874988     
  0.998872282410317     
  0.998780514577226     
  0.998784532297218     
  0.998761770009216     
