  0.999674315500495     
  0.999662106128607     
  0.999653288709708     
  0.999664253650596     
  0.999575866501248     
  0.999637246680456     
  0.999569053623336     
  0.999639378360557     
  0.999548488197686     
  0.998062305889263     
  0.991716640941958     
  0.985488091395714     
  0.996461962488623     
  0.999211369247660     
  0.999490700476856     
  0.999143365552806     
  0.995785233029667     
  0.964607689537334     
  0.838192856637499     
  0.920100152983265     
  0.982634871887137     
  0.983495065327328     
  0.985470025309512     
  0.996104630946206     
  0.999084611103826     
  0.999510075154237     
  0.999566263382387     
  0.999578018412448     
  0.999583122004979     
  0.999583021593623     
  0.999551294893786     
  0.999367174792365     
  0.999560465642290     
  0.999575788252793     
  0.999573491919343     
  0.999569269719154     
  0.999564914937351     
  0.999560043234112     
  0.999550694067448     
  0.999538873065257     
  0.999544193059154     
  0.999495148754689     
  0.999494207971956     
  0.999523138210634     
  0.999506050490815     
  0.999510875545617     
  0.999501803348726     
  0.999488513631576     
  0.999406373557078     
  0.998914749474034     
  0.995944575869066     
  0.995305355088632     
  0.998659508800193     
  0.999508199355347     
   1.00094153599553     
  0.991978001872707     
  0.992091288082695     
  0.997472728798277     
  0.994603358960850     
  0.999638065057905     
  0.999254969063111     
  0.999345823133706     
  0.999347499576699     
  0.999348155819014     
  0.999336913598300     
  0.999323689000425     
  0.999311236370673     
  0.999297941347272     
  0.999284480422688     
  0.999269345202400     
  0.999203404357535     
  0.999236717566981     
  0.999216520468597     
  0.999192797148408     
  0.999112321994044     
  0.998807001563814     
  0.998758064071423     
  0.998896528030110     
  0.995615071037645     
  0.997191292858362     
  0.998950494738920     
  0.999026851170212     
  0.999018564359839     
  0.998881074682223     
  0.998961005685345     
  0.998903573527674     
  0.998514536157891     
  0.996958749431440     
  0.997573310578698     
  0.998081620411565     
  0.996922212399943     
  0.992944612127769     
  0.990667142034701     
  0.988467378140005     
  0.995510770111223     
  0.998134010897189     
  0.998554144070496     
  0.998490925710527     
  0.998214558742393     
  0.998024368657967     
  0.998323178537160     
  0.998338338534536     
  0.998293706343205     
  0.998173423247127     
  0.998088899588211     
  0.997861665920872     
  0.997712389617346     
  0.996295373849442     
  0.997274259295990     
  0.997796264666600     
  0.997737120358161     
  0.997654759091878     
  0.997563555313240     
  0.997464441719667     
  0.997359489344497     
  0.997210007795134     
  0.997100246602195     
  0.996943385519044     
  0.996762257558664     
  0.996618236265854     
  0.997762669977919     
  0.986013717484653     
  0.867584846988613     
  0.975310713557664     
  0.997213718386258     
  0.995388501066850     
  0.993850045575948     
  0.982613621655042     
  0.893441770199402     
  0.939035812832839     
  0.983865047551517     
  0.938280430780327     
  0.974053803184693     
  0.991463571541048     
  0.991973617027396     
  0.991368931161503     
  0.989610200067125     
  0.976966246107013     
  0.919425848292450     
  0.972239728038269     
  0.916498197699928     
  0.947266958004457     
  0.883845050111846     
  0.981757055712194     
  0.981721344065938     
  0.977659452109061     
  0.969370395656829     
  0.950885171296962     
  0.964433448498376     
  0.964619440162512     
  0.961302830261785     
  0.955703774289032     
  0.943083673442547     
  0.920454903149539     
  0.879897204961955     
  0.920543224865622     
  0.903456550645518     
  0.882452195850277     
  0.865343490172732     
  0.864768043863788     
  0.879421720830468     
  0.893753137179740     
  0.904366300000350     
  0.904566516013058     
  0.896585014020872     
  0.876137484475382     
  0.832822397586626     
  0.755198398751799     
  0.622368899002577     
  0.497988474862479     
  0.464960487651937     
  0.493214241646693     
  0.565580999836823     
  0.669235551450018     
  0.769344892679545     
  0.832379904279674     
  0.864589669528457     
  0.889856898385877     
  0.909708377587658     
  0.922887462667479     
  0.935538808928129     
  0.947229742952364     
  0.957031233201417     
  0.962148322894386     
  0.966890822190432     
  0.971228813231892     
  0.974760212708998     
  0.977002399458892     
  0.979052096411607     
  0.980895654881859     
  0.982608751095324     
  0.984121785776475     
  0.985516778658050     
  0.986788378240013     
  0.987953709892871     
  0.989015184568551     
  0.989922398154184     
  0.990904268526137     
  0.991704050767955     
  0.992307915776394     
  0.992749845470309     
  0.992775170099339     
  0.994017224267933     
  0.994397912446660     
  0.994855876082407     
  0.995119151760439     
  0.995537606251504     
  0.995762727070696     
  0.995929521243578     
  0.995960190142360     
  0.996134213279539     
  0.996516998919275     
  0.996776829892154     
  0.996797763698354     
  0.997138830603828     
  0.997280151198848     
  0.997398031197830     
  0.997438749006633     
  0.996171524921486     
  0.987188723611162     
  0.995958354883427     
  0.996966579953927     
  0.997694532533012     
  0.998050684814056     
  0.998104697706508     
  0.994215869985147     
  0.996074156800536     
  0.998327596602757     
  0.998513274180543     
  0.998044114219232     
  0.998370501364419     
  0.998539969298335     
  0.998460707183884     
  0.998204359148661     
  0.997776351416410     
  0.992687243818375     
  0.952325316049182     
  0.883699418884603     
  0.909353141469012     
  0.986202217546911     
  0.997106811632962     
  0.998423586629282     
  0.998651917879992     
  0.998608120578855     
  0.997226728382903     
  0.982005908334729     
  0.888703833110157     
  0.761310439450485     
  0.814413990168498     
  0.833681518452559     
  0.977414484094117     
  0.996102486904262     
  0.998049039976268     
  0.998386381886012     
  0.999031641633264     
  0.999172892696437     
  0.999223139634444     
  0.999250450684900     
  0.999247653109487     
  0.999112012534085     
  0.999200412327024     
  0.998822058553700     
  0.999311762985355     
  0.999378147787908     
  0.999390141785599     
  0.999058468503096     
  0.999094797165996     
  0.999435755279823     
  0.999443613814259     
  0.999465426040324     
  0.999477083049572     
  0.999484413411822     
  0.999459778021761     
  0.999284607968057     
  0.999214989878806     
  0.999460816093056     
  0.999482901854712     
  0.999311382104645     
  0.999115705181033     
  0.999487752024480     
  0.999566381701254     
  0.999571091408711     
  0.999499142426204     
  0.998803692491269     
  0.999360168249974     
  0.999594176728204     
  0.999615269839662     
  0.999621972925244     
  0.999598034596146     
  0.999574215107457     
  0.999612475867379     
  0.998487041223306     
  0.999638484795791     
  0.999645621563516     
  0.999649647221332     
  0.999645223658414     
  0.999646824398889     
  0.999977203377511     
   1.00213875271349     
  0.990083792676311     
  0.993943480657261     
   1.00302031351916     
   1.00216680986830     
  0.985722810411594     
   1.00016843695500     
   1.00210402525642     
  0.999752188234597     
  0.999629311312692     
  0.999619401893016     
  0.999384324364849     
  0.997066394966122     
  0.962233939166199     
  0.937272423060827     
  0.981710407903182     
  0.996607694728020     
  0.999400010199865     
  0.999531260446873     
  0.999531253813502     
  0.999746800215871     
  0.999757355665308     
  0.999763029866665     
  0.999767082196261     
  0.999770178432321     
  0.999772176394515     
  0.999762193967450     
  0.999706369622161     
  0.999779641081305     
  0.999782893495153     
  0.999711282507741     
  0.999608310127574     
  0.999499554084812     
  0.999708075058188     
  0.999638707091985     
  0.999621833340849     
  0.999528596500588     
  0.998867045566913     
  0.999758723230471     
  0.999796559291510     
  0.999802514538896     
  0.999788741353429     
  0.999797484164952     
  0.999747391637852     
  0.999335552184813     
  0.997858107528717     
  0.997241827102950     
  0.998950209162903     
  0.999659657328162     
  0.999678190140954     
  0.999158261147531     
  0.997387538520301     
  0.999149029243552     
  0.999716874631904     
  0.999812684602716     
  0.999808191360500     
  0.999823701671197     
  0.999807534201163     
  0.999810466199900     
  0.999828533650764     
  0.999830375734228     
  0.999831545604237     
  0.999832870717174     
  0.999833587229948     
  0.999824009904951     
  0.999744860935163     
  0.999871595093925     
   1.00041599597600     
  0.996274498431588     
  0.999064018198116     
   1.00016990649614     
  0.999839302098997     
  0.999840717509182     
  0.999841990677430     
  0.999842609689013     
  0.999817069609962     
  0.999722333604615     
  0.999752818992703     
  0.999709074180950     
  0.999514077014523     
  0.999233590777081     
  0.999324629229043     
  0.999172926484590     
  0.999841045679303     
  0.999847093402916     
  0.999841541955378     
  0.999806965233962     
  0.999765965534801     
   1.00058771521646     
  0.996735632320578     
  0.997006052909593     
  0.988147719279839     
  0.964166995404315     
  0.998434521959922     
  0.999650664068796     
  0.999600407043403     
  0.998673479580330     
  0.995004935322976     
  0.997989085810010     
  0.999426435325678     
  0.999812546140117     
  0.999836726646868     
  0.999767141229869     
  0.998905621893677     
  0.986749083540738     
  0.945803986746768     
  0.991782793932922     
  0.999070526530546     
  0.999360423727209     
  0.999657971346905     
  0.999807015691415     
  0.999835984030177     
  0.999840344829027     
  0.999850665599409     
  0.999854583663039     
  0.999852864245855     
  0.999780097388210     
  0.999359340119886     
  0.998800353757914     
  0.999091327922279     
  0.999697159039628     
  0.999881268178865     
  0.999860995301211     
  0.999856472362984     
  0.999832085259359     
  0.999695917608155     
  0.999734239309916     
  0.999836657080921     
  0.999859994436568     
  0.999862629393249     
  0.999862436206152     
  0.999856421798539     
  0.999823437286695     
  0.999863568081312     
  0.999874421581557     
  0.999891934543760     
  0.999509536641039     
  0.999883206253530     
  0.999819552572860     
  0.999640517743107     
  0.999613512132767     
  0.998061487553592     
  0.999833110254943     
  0.999791912640617     
  0.998782219566632     
  0.993763453060696     
  0.983075310083035     
  0.996001073351012     
  0.999369638183059     
  0.999571774545351     
  0.998737628471191     
  0.997941480993204     
  0.999141021033524     
  0.999725598151694     
  0.999830096748852     
  0.999816163554629     
  0.999806048969698     
  0.998211105858893     
  0.985054269857046     
  0.997626999709268     
  0.999845064802625     
   1.00031935692325     
  0.995291131827482     
  0.995034382941805     
   1.00001715274799     
  0.999888333613337     
  0.999801765574687     
  0.998808866783178     
  0.998000235894279     
  0.999690823799070     
  0.999807599159846     
  0.999683208217178     
  0.999844229615797     
  0.999845323048446     
  0.999843071930870     
  0.999839598168096     
  0.999831833818257     
  0.999721505223286     
  0.999745936352235     
  0.999772562676661     
  0.999776469145662     
  0.999372720887157     
  0.993226726339801     
  0.959526929399984     
  0.896037944511939     
  0.887182733597724     
  0.952508760304805     
  0.987246210089903     
  0.976872166916841     
  0.972153110368945     
  0.991809796143263     
  0.998440129360736     
  0.999433244395908     
  0.998730194664453     
  0.999612828174497     
  0.999437094428755     
  0.996132876890362     
  0.970959016939752     
  0.882517223922577     
  0.988114155350674     
  0.998100029115981     
  0.999583420439920     
  0.999764823438898     
  0.999791515237990     
  0.999788501025809     
  0.999722975384882     
  0.999239939128908     
  0.998847023026054     
  0.998436675278278     
  0.998920798511434     
  0.995869442828095     
  0.949120891292020     
  0.905705333817562     
  0.984860206416916     
  0.970235773893467     
  0.901490900706996     
  0.850462071987211     
  0.918154011448220     
  0.978458744000606     
  0.986291310416138     
  0.976954834962250     
  0.991040837101862     
  0.987686468093354     
  0.956079321045708     
  0.956151130020055     
  0.988711503532744     
  0.998073353556960     
  0.999447209893087     
  0.998996942572684     
  0.994341600636802     
  0.973599056786379     
  0.933666414226989     
  0.945515399453369     
  0.986386055159392     
  0.997269661596053     
  0.995649870231753     
  0.989979877538360     
  0.994945847618034     
  0.999242526732918     
  0.999471110590980     
  0.991190868810987     
  0.980062272202833     
  0.947764678702265     
  0.964543128234184     
  0.990865058683393     
  0.998896655556436     
  0.999696386285287     
  0.999399241083661     
  0.999714546358924     
  0.999780780374434     
  0.999686078778888     
  0.999784899875884     
  0.999739499671570     
  0.999642922324083     
  0.999535239317758     
  0.999663856710142     
  0.999762606886104     
  0.999773546992089     
  0.999755303215142     
  0.999731892477369     
  0.999598040624917     
  0.999758784220538     
  0.999764476802067     
  0.999758001500047     
  0.999755065162654     
  0.999750869806237     
  0.999734567209286     
  0.999744538354827     
  0.999740554769661     
  0.999736473429660     
  0.999731801827269     
  0.999720149732083     
  0.999670114575767     
  0.999658549255955     
  0.999020595308581     
  0.996786649027378     
   1.00032081532696     
  0.998566783700670     
  0.975549013193330     
  0.998655892643530     
  0.999892290256627     
  0.999596945883200     
  0.998023284437353     
  0.985599265515361     
  0.950664246323003     
  0.939586170637633     
  0.977637410630678     
  0.996041361795478     
  0.999287448607208     
  0.999074105391927     
  0.998724286963774     
  0.999077041133776     
  0.999463270809258     
  0.997145182550456     
  0.986571068572599     
  0.998359784844969     
  0.983125446292342     
  0.999527357656445     
  0.999571137257827     
  0.999580728715101     
  0.999582489634101     
  0.999576265227194     
  0.999570611872618     
  0.999562480440527     
  0.999544536849144     
  0.999511081041120     
  0.999483860674006     
  0.999490402636877     
  0.999468192856584     
  0.999496796252892     
  0.999480662685823     
  0.999306061741960     
  0.999322585480225     
  0.999402501921225     
  0.999250953047402     
  0.999226562441669     
  0.999279366334882     
  0.998437525458139     
  0.994563398214796     
  0.981241304837727     
  0.994517851531577     
  0.998747625695434     
  0.998956037414678     
  0.997367045889241     
  0.993831244431356     
  0.995540928829217     
  0.996414564042350     
  0.968949552017140     
  0.972789198404578     
  0.857570995154419     
  0.925609145541018     
  0.991667383329563     
  0.998508087742599     
  0.999073509568151     
  0.999075078742534     
  0.999029246337144     
  0.998777021586297     
  0.996547917253116     
  0.971682841830594     
  0.929243811782638     
  0.987511385455638     
  0.993988619894634     
  0.986311430338311     
  0.988809739256826     
  0.996475068097507     
  0.998587908826802     
  0.998780457953198     
  0.998787357934547     
  0.998737324192502     
  0.998689307895737     
  0.998686693903108     
  0.998648471574578     
  0.998602830514485     
  0.998563647095837     
  0.998501436089325     
  0.998375443393969     
  0.998067537251939     
  0.997434047766978     
  0.997531110595861     
  0.998038040594807     
  0.998153382873635     
  0.997461645828966     
  0.998037853040590     
  0.997997850590896     
  0.997890740334588     
  0.997738309565380     
  0.997755097608880     
  0.997552694253169     
  0.996812183666497     
  0.988603527296841     
  0.981608989960502     
  0.952505383803323     
  0.945485829175036     
  0.983532334038466     
  0.990470729261879     
  0.979623793912664     
  0.987933741290826     
  0.993955660885984     
  0.991929460993740     
  0.995476775495904     
  0.995547868333287     
  0.995862386677803     
  0.995553462933689     
  0.995305505010137     
  0.995045924699039     
  0.994721849756040     
  0.994461098386573     
  0.994138852789934     
  0.993741348220398     
  0.993396802278181     
  0.993161376619823     
  0.993155791079212     
  0.987858998008050     
  0.992158001228575     
  0.991159292981031     
  0.990385456673832     
  0.989677447591169     
  0.989237679753838     
  0.988674480422378     
  0.987982241188126     
  0.987162935158856     
  0.986321615706980     
  0.985579153786506     
  0.984734413798401     
  0.983662772886661     
  0.982530568318293     
  0.981330717098802     
  0.979995207798964     
  0.978375230603551     
  0.976384197216940     
  0.972209688707794     
  0.964397241622416     
  0.963472002536386     
  0.965833640870391     
  0.964448514359480     
  0.961637646230944     
  0.957847455866988     
  0.954786038721487     
  0.950830459755273     
  0.946770782813153     
  0.942123843663982     
  0.937266227144513     
  0.932362633408214     
  0.927520276235494     
  0.922927459422967     
  0.919354206296250     
  0.917999115222855     
  0.919670814963431     
  0.923424293048074     
  0.928031381117914     
  0.932999102421934     
  0.937885576111003     
  0.942485057467317     
  0.946785088346643     
  0.950970344223694     
  0.955022135668716     
  0.958505950116241     
  0.961963683662813     
  0.964917783927913     
  0.967750789332712     
  0.970315890378878     
  0.972569133856930     
  0.974734933826437     
  0.976704411544335     
  0.978505528059704     
  0.980286742693634     
  0.981192802837519     
  0.982851774227701     
  0.983879408678228     
  0.984576766202264     
  0.982331337354085     
  0.972029844345740     
  0.971846305161542     
  0.981460917466911     
  0.988285000707437     
  0.989279680697860     
  0.990016889205743     
  0.990575437715662     
  0.991175760227945     
  0.991713098399083     
  0.992096520910328     
  0.991800941024034     
  0.987214353883711     
  0.971518610530044     
  0.981182106271072     
  0.991978888151604     
  0.994294232003934     
  0.994821539770483     
  0.995033584310061     
  0.994365464141952     
  0.991080479484685     
  0.988616232220518     
  0.993488257501456     
  0.995776819150927     
  0.996330711299073     
  0.996581860735115     
  0.996753151206414     
  0.996893572605003     
  0.997026185326337     
  0.997148337672415     
  0.997268124318764     
  0.997377404953338     
  0.997479353239589     
  0.997571301475419     
  0.997433682435004     
  0.997736030510452     
  0.997802428140267     
  0.997906562787963     
  0.997460192515597     
  0.998028541382642     
  0.997970013837555     
  0.997586237889501     
  0.998225509657676     
  0.998300735495457     
  0.998355059696933     
  0.998403971252033     
  0.998449430527071     
  0.998476095412461     
  0.998529701572050     
  0.998563655742032     
  0.998588952547940     
  0.998577399804545     
  0.998458988816784     
  0.998387741235814     
  0.998521401925104     
  0.998434825889337     
  0.998572906183738     
  0.998437469673770     
  0.998158460554444     
  0.996832936059072     
  0.977377352344889     
  0.875112867027863     
  0.585329121087952     
  0.769071207740886     
  0.966688046161362     
  0.995946967872786     
  0.995786101996237     
  0.995406154139876     
  0.997266134409373     
  0.998536291347550     
  0.999120944925350     
  0.998882878827352     
  0.997979698700512     
  0.995014518966041     
  0.995559846981648     
  0.997256020544918     
  0.998429754113040     
  0.999054772978170     
  0.999214190822816     
  0.999301156125648     
  0.999298665471439     
  0.999324259310414     
  0.999034679714342     
  0.997753672307478     
  0.996412533706464     
  0.997725424177423     
  0.999098152184404     
  0.999328742260308     
  0.999264910336406     
  0.999487067697367     
  0.999500273130094     
  0.999511952461366     
  0.999520339471342     
  0.999532828258207     
  0.999540270004172     
  0.999549364446166     
  0.999554257621563     
  0.999545563936148     
  0.998504237572656     
  0.997787620840458     
  0.999928260503841     
   1.00116865816702     
  0.995650481787795     
  0.999854879738342     
  0.998523009939066     
  0.998511844119884     
  0.999375029696530     
  0.999618006258674     
  0.999649284485147     
  0.999692900819775     
   1.00041790144480     
  0.998509030524808     
  0.999409190681203     
   1.00026535797074     
  0.999743175402065     
  0.999688270850170     
  0.999682350230082     
  0.999697393229909     
  0.999705582448842     
  0.999739521189369     
