  0.999650476493853     
  0.999647571396384     
  0.999645033307295     
  0.999642435840499     
  0.999587817348851     
  0.999237375134177     
  0.998418749234831     
  0.997637517908883     
  0.996876829016776     
  0.996246992814169     
  0.995718710977383     
  0.992530828820188     
  0.984822627907770     
  0.977649381319925     
  0.974535257630486     
  0.974536056412176     
  0.974362808428538     
  0.973540712713532     
  0.972695850265843     
  0.971731586286766     
  0.971083016627245     
  0.971027105652865     
  0.971101147668575     
  0.973358170487470     
  0.980360172875282     
  0.990110446245742     
  0.996677170170208     
  0.998702994186664     
  0.999387082492757     
  0.999535364506117     
  0.999550798626484     
  0.999554736689045     
  0.999553447895786     
  0.999550656313148     
  0.999543488256543     
  0.999535764223212     
  0.999533858521976     
  0.999535481341860     
  0.999540255232735     
  0.999539027929934     
  0.999534095380408     
  0.999528146865785     
  0.999520474789060     
  0.999469698025934     
  0.999366862201474     
  0.999192543752029     
  0.998972513729304     
  0.998797059140228     
  0.998545145565317     
  0.997842491626887     
  0.996572311390789     
  0.995699447279652     
  0.996166929581262     
  0.997161535981642     
  0.998150208923362     
  0.998962616674061     
  0.999380180034352     
  0.999374409721339     
  0.998919626301244     
  0.997635072476593     
  0.996384972215509     
  0.996674065088638     
  0.997708721555475     
  0.998496401354303     
  0.999010066246551     
  0.999253528742799     
  0.999283660914461     
  0.999278787661591     
  0.999271807854758     
  0.999256025544917     
  0.999224765832398     
  0.999116890539656     
  0.998815750724722     
  0.998622651397471     
  0.998550954453061     
  0.998568352958987     
  0.998594769764610     
  0.998597361209930     
  0.998605459938109     
  0.998607620531742     
  0.998604181822041     
  0.998570911816803     
  0.998409037334261     
  0.998212179326013     
  0.998148047075827     
  0.998199540939105     
  0.998166257618901     
  0.997671365443177     
  0.996788743066899     
  0.995873503235539     
  0.995211821830859     
  0.994790455399971     
  0.994621140462028     
  0.994744333969255     
  0.995140159336833     
  0.995827279354372     
  0.996668162784447     
  0.997354993400335     
  0.997847435662068     
  0.998175113327322     
  0.998178412370409     
  0.997931790739735     
  0.997937000112332     
  0.997898806208100     
  0.997839059513886     
  0.997768666140979     
  0.997704006104855     
  0.997652687402772     
  0.997599629382262     
  0.997551764400388     
  0.997496658150303     
  0.997423382187369     
  0.997314335512952     
  0.997142560319039     
  0.996921461736401     
  0.994881612491536     
  0.987163224902093     
  0.979154945956869     
  0.977883241366539     
  0.982931904240634     
  0.987224167923943     
  0.988416212257721     
  0.984463143886500     
  0.977931064190268     
  0.971626573061248     
  0.964393383956398     
  0.956305508985249     
  0.954955728440673     
  0.962259267100921     
  0.970168085270827     
  0.972729038460017     
  0.971420379783436     
  0.967171944250619     
  0.964235952389600     
  0.963047216214252     
  0.961858729519957     
  0.957437691476266     
  0.954917004085631     
  0.958416305542274     
  0.963364430605517     
  0.965345870299834     
  0.965074001961016     
  0.962532964614858     
  0.959422146012727     
  0.955953416761436     
  0.951601624119772     
  0.947312118307169     
  0.947254893865756     
  0.948077112428184     
  0.947543300669062     
  0.945759992176043     
  0.942662259709298     
  0.937139428452860     
  0.929573217400884     
  0.920608692637377     
  0.911625701843710     
  0.902945708593449     
  0.894308587910294     
  0.887130846368359     
  0.884469870255245     
  0.884331144381780     
  0.881420921524938     
  0.870679233309165     
  0.851113421452885     
  0.822920165249596     
  0.788434769461113     
  0.751495070395519     
  0.716131513723513     
  0.685738571321324     
  0.663564818499847     
  0.652877116569709     
  0.654352896967647     
  0.667528762367662     
  0.692261542681380     
  0.725571302144823     
  0.765142465993110     
  0.807505184380057     
  0.847270473294525     
  0.880334973749466     
  0.905552478115519     
  0.923924026580034     
  0.937170246958595     
  0.947188861993521     
  0.955199088911662     
  0.961650261803097     
  0.966837236980635     
  0.971045647073641     
  0.974466485316052     
  0.977250353503560     
  0.979563478773599     
  0.981550944328612     
  0.983264341950915     
  0.984763298753459     
  0.986094639719454     
  0.987302741370736     
  0.988370057882331     
  0.989332352983184     
  0.990255407995088     
  0.991116846572919     
  0.991896919971399     
  0.992592163860964     
  0.993117304771702     
  0.993653825159729     
  0.994111856100005     
  0.994484630094684     
  0.994792058048069     
  0.995107502859634     
  0.995443054621966     
  0.995741579305727     
  0.995982180010594     
  0.996202938412464     
  0.996399900225968     
  0.996290774197138     
  0.995928082786384     
  0.995874912130668     
  0.996020431515586     
  0.996265406574457     
  0.996439169280829     
  0.996492751492983     
  0.996216597450935     
  0.996050512106316     
  0.996080226208783     
  0.996185605159142     
  0.996210731273850     
  0.996257126433355     
  0.996525606840359     
  0.997150271594316     
  0.997691558819090     
  0.997765841099584     
  0.997308095515324     
  0.993939380408326     
  0.988752061809649     
  0.984124894112053     
  0.980923628485131     
  0.978688754017219     
  0.976794582536659     
  0.975594823386644     
  0.975246673287266     
  0.975393382763259     
  0.975542359406702     
  0.971151158131805     
  0.961489264938671     
  0.947443720979817     
  0.938508147666897     
  0.936113249869394     
  0.936768179568004     
  0.935118083618249     
  0.933200600522159     
  0.933215663648154     
  0.935201824732734     
  0.938449715949970     
  0.941860351118982     
  0.948646466726315     
  0.960069705434279     
  0.975773998530615     
  0.988800920766600     
  0.996523487607184     
  0.998924883324817     
  0.999013473377256     
  0.999001799430376     
  0.999127888479433     
  0.999193682978185     
  0.999225099520982     
  0.999250132247062     
  0.999270260981791     
  0.999287861839680     
  0.999311967730013     
  0.999334537327921     
  0.999345192931562     
  0.999353393780746     
  0.999349919926970     
  0.999336713290891     
  0.999303668133568     
  0.999366326302937     
  0.999383105762180     
  0.999380782970093     
  0.999373891737265     
  0.999346688779539     
  0.999329848180042     
  0.999341055605948     
  0.999372296771844     
  0.999408189926426     
  0.999435492667209     
  0.999467507499462     
  0.999409904486992     
  0.999398037187422     
  0.999435365370561     
  0.999449331600108     
  0.999465225872215     
  0.999496900534704     
  0.999540129454814     
  0.999553452083639     
  0.999333502605260     
  0.998252188972146     
  0.997096046069580     
  0.996919950820601     
  0.997361067297999     
  0.996978421145525     
  0.996624014162328     
  0.997808478441780     
   1.00031971698062     
   1.00224275308397     
   1.00271523609426     
   1.00177793961054     
   1.00016207731242     
  0.997115532455825     
  0.992296766356061     
  0.987147134641230     
  0.984998442207949     
  0.986377237143636     
  0.988677012204522     
  0.989973480493632     
  0.990158682536259     
  0.989995706167672     
  0.989722566059152     
  0.989271336613565     
  0.989229689358497     
  0.991233506803551     
  0.994880577336677     
  0.998216339644896     
  0.999420040021707     
  0.999707180414767     
  0.999719529908907     
  0.999728629906260     
  0.999750010284025     
  0.999737084895577     
  0.999717734887460     
  0.999702447190552     
  0.999663564748665     
  0.999610856707556     
  0.999602903161202     
  0.999595577979484     
  0.999593567231816     
  0.999599295625155     
  0.999612561022689     
  0.999636808673298     
  0.999670255152692     
  0.999684616707094     
  0.999636443544470     
  0.999488324538324     
  0.999306515910287     
  0.999137096430791     
  0.999020939939748     
  0.998943939204341     
  0.998869302727664     
  0.998818608583171     
  0.998826902986850     
  0.998913133649748     
  0.999062314432006     
  0.999237390819192     
  0.999352565410586     
  0.999404947633604     
  0.999469864711338     
  0.999559070170621     
  0.999650051450715     
  0.999718972581141     
  0.999774498045609     
  0.999808491538089     
  0.999812646130744     
  0.999796563688998     
  0.999613867988121     
  0.999247664691976     
  0.999105207796212     
  0.999413134730918     
  0.999738095835631     
  0.999910198247342     
  0.999980940766781     
  0.999963110275865     
  0.999859628784341     
  0.999647903195493     
  0.999290355865901     
  0.999075930445892     
  0.999277104984020     
  0.999531795414908     
  0.999624420184696     
  0.999639042344639     
  0.999641851323647     
  0.999643481490212     
  0.999649051229672     
  0.999657185782411     
  0.999654884054560     
  0.999439962645999     
  0.998782410181647     
  0.997401951231976     
  0.995446489068297     
  0.995200418035153     
  0.996161733271864     
  0.997153064895814     
  0.997567789262273     
  0.997494105198671     
  0.996949905081748     
  0.995953413524153     
  0.994859108726780     
  0.994219898423997     
  0.994301340555081     
  0.995059940335022     
  0.995099271108889     
  0.994257690390375     
  0.992969047638999     
  0.992448012548545     
  0.993028019932065     
  0.993543599402606     
  0.993840495490579     
  0.993933282743337     
  0.993815069158909     
  0.993605372956960     
  0.993296728174684     
  0.992984434192786     
  0.993763123297093     
  0.995914403381574     
  0.998462248320265     
  0.999660101773210     
  0.999685799257245     
  0.999615198024889     
  0.999556516747332     
  0.999512047478124     
  0.999499311651066     
  0.999524304784228     
  0.999578971479282     
  0.999651480875141     
  0.999717547366900     
  0.999751501569517     
  0.999765049291388     
  0.999779379650784     
  0.999803260845909     
  0.999817427658821     
  0.999823972803644     
  0.999827143606049     
  0.999817493400875     
  0.999806432133421     
  0.999814894568270     
  0.999830193028334     
  0.999765469471547     
  0.999700534228090     
  0.999692119015778     
  0.999694232324942     
  0.999697666197749     
  0.999658892659367     
  0.999377444254460     
  0.998652726060275     
  0.997912856089387     
  0.997212497321288     
  0.996586798151033     
  0.996181736030537     
  0.995982752435660     
  0.996053799269250     
  0.996475811966485     
  0.997111364868774     
  0.997763514890589     
  0.998094371618334     
  0.997820912485693     
  0.997693751179532     
  0.997856818914434     
  0.998207806055383     
  0.998263063114329     
  0.997788543871042     
  0.997403415901261     
  0.997701568105977     
  0.998088618513459     
  0.998079404043363     
  0.997850840661100     
  0.997729989538704     
  0.997887437574924     
  0.998469320357436     
  0.998585090969062     
  0.998282156942213     
  0.998664453876297     
  0.999276454647833     
  0.999550517735265     
  0.999566540464267     
  0.999560494950879     
  0.999573200207546     
  0.999650702089129     
  0.999766541360707     
  0.999787577056676     
  0.999680019308053     
  0.998631461148080     
  0.994361721052344     
  0.986314633301008     
  0.977156755466937     
  0.967824068061330     
  0.959487181439274     
  0.954164312473733     
  0.952553449950784     
  0.954721540103520     
  0.960627813831122     
  0.968981601830964     
  0.977466987618486     
  0.984868226846518     
  0.986404525271383     
  0.985157810654867     
  0.983801077338204     
  0.984109454240608     
  0.985306676678291     
  0.985670755242181     
  0.985623092347158     
  0.985609240814440     
  0.985782371088713     
  0.986206735233210     
  0.986683538063511     
  0.986982958548131     
  0.988962778552015     
  0.992173927681850     
  0.993963390463496     
  0.990979672924647     
  0.986769263589917     
  0.985412912060978     
  0.985116856660842     
  0.981827159791142     
  0.973626191192193     
  0.963161489297807     
  0.952270020584708     
  0.941765492256496     
  0.934028997724788     
  0.931337663121651     
  0.935398169054116     
  0.944218374467605     
  0.954967898660641     
  0.964558260936057     
  0.973560499375388     
  0.980368142651619     
  0.983093996984001     
  0.983661031049483     
  0.983387582304466     
  0.981602321398304     
  0.979199480688486     
  0.978571207419312     
  0.979668310975523     
  0.980488200105688     
  0.980400613412301     
  0.980250827426828     
  0.980730471820140     
  0.981880373060549     
  0.983725524045180     
  0.986540779650710     
  0.989302089806426     
  0.989845019950992     
  0.988059995166481     
  0.985399091193090     
  0.983498671121435     
  0.982890216514543     
  0.983280315807023     
  0.984692507767590     
  0.987674536731228     
  0.991583020316839     
  0.995391568480059     
  0.998321354540600     
  0.999491551107594     
  0.999675614240081     
  0.999675855148415     
  0.999666905435592     
  0.999666578833060     
  0.999674892862915     
  0.999683149454182     
  0.999687874175955     
  0.999704787079822     
  0.999720778267612     
  0.999734758136024     
  0.999742987330099     
  0.999743085571064     
  0.999741047104609     
  0.999737257569630     
  0.999731756353080     
  0.999726212448604     
  0.999735582840374     
  0.999737770846190     
  0.999651159072001     
  0.999381036835622     
  0.999113250722611     
  0.998955130522458     
  0.998079829260237     
  0.996784095978685     
  0.996857735380867     
  0.997803540182911     
  0.998325690596754     
  0.998474995241203     
  0.997988679530316     
  0.995947402572003     
  0.991929327218929     
  0.987206743391329     
  0.982168543583268     
  0.978938264236780     
  0.978560700040476     
  0.979373310073229     
  0.980580136924847     
  0.982129171098841     
  0.985878610949399     
  0.989185824281013     
  0.992849737720236     
  0.995841310487020     
  0.997083981961443     
  0.997409146701763     
  0.997546785269849     
  0.997623022280423     
  0.997618844419968     
  0.997521726864834     
  0.997317623931683     
  0.996906264930563     
  0.996652593193962     
  0.997577530973748     
  0.997839224955372     
  0.998978386498214     
  0.999524126011951     
  0.999487935984167     
  0.999472114617579     
  0.999466019084678     
  0.999459838676592     
  0.999446469360269     
  0.999419669194536     
  0.999365500043771     
  0.999215009713297     
  0.998430937630327     
  0.997409964563774     
  0.996756642418021     
  0.996552888730895     
  0.996515783038967     
  0.996511290161940     
  0.996317110568535     
  0.995558125004266     
  0.993573945403879     
  0.990538588446283     
  0.983675871774678     
  0.978463330082388     
  0.975440232873442     
  0.975196546808514     
  0.974777606280915     
  0.974227368612447     
  0.974264940935534     
  0.974643221249697     
  0.974920587368358     
  0.973586427637369     
  0.971085719685145     
  0.972208390655947     
  0.978147181190562     
  0.984548739246500     
  0.988998103143040     
  0.988717668702968     
  0.987874862990938     
  0.986948935390577     
  0.986273321019155     
  0.985919551908837     
  0.985920304716912     
  0.987113664951591     
  0.990467579998353     
  0.995178503650988     
  0.997514395413786     
  0.998324996215498     
  0.998642479529001     
  0.998676365098436     
  0.998633496288814     
  0.998562392066868     
  0.998460595033756     
  0.998319779694722     
  0.998172937669737     
  0.998075707133345     
  0.998009036607683     
  0.997958173691956     
  0.997916487989071     
  0.997897998313332     
  0.997914738233432     
  0.997822441693589     
  0.997492932599979     
  0.997143492588793     
  0.996411435293896     
  0.994206532698278     
  0.990437761276626     
  0.986849212735962     
  0.983561147168134     
  0.980218224523977     
  0.977759705118052     
  0.976835797303485     
  0.977436983997402     
  0.979893640460543     
  0.983367291991303     
  0.986725353406346     
  0.989952730828347     
  0.991834764956863     
  0.992970076846890     
  0.993631467207691     
  0.994499362065124     
  0.994737457842105     
  0.994609837366155     
  0.994609370571612     
  0.994553748065502     
  0.994156139881387     
  0.993572841422650     
  0.993254633249213     
  0.993192927825086     
  0.993013502417778     
  0.992688591381919     
  0.992256654828384     
  0.991723929710561     
  0.991077878536233     
  0.990282747529415     
  0.989373200292715     
  0.988700288913641     
  0.988322395344369     
  0.987849403063093     
  0.987151171081764     
  0.986344303111866     
  0.985472299254574     
  0.984536681291332     
  0.983405882220360     
  0.982021716519624     
  0.980420393928008     
  0.978568897496861     
  0.976630782223589     
  0.974553418153505     
  0.972328849421083     
  0.970016221344424     
  0.967625312571342     
  0.965138326418652     
  0.962531163448948     
  0.959757517258659     
  0.956834122142017     
  0.953850118896369     
  0.950543877162565     
  0.946643133778300     
  0.942389142776893     
  0.938005929482573     
  0.933742523923224     
  0.929927632275422     
  0.926858880496914     
  0.924887024647868     
  0.924248491277885     
  0.925022143881764     
  0.927113861517927     
  0.930281501047854     
  0.934188187351619     
  0.938483669109951     
  0.942866244486535     
  0.947047858418399     
  0.950947234122053     
  0.954704758324046     
  0.958243693625604     
  0.961525458231834     
  0.964560153657441     
  0.967366735309458     
  0.969940539229838     
  0.972277033897156     
  0.974435971232196     
  0.976437593546173     
  0.978252736655971     
  0.979769826147111     
  0.980589254167357     
  0.980623207444244     
  0.980706015366715     
  0.980776596421089     
  0.980936689825309     
  0.981401219489675     
  0.982211418335874     
  0.983345026906399     
  0.984776718629320     
  0.986377530967677     
  0.987766140258186     
  0.989062153774184     
  0.988980701807157     
  0.988097022505093     
  0.987830407705621     
  0.988154163510835     
  0.988688123343780     
  0.989242721222670     
  0.989518040722098     
  0.989531485667138     
  0.989575318832982     
  0.989972130319174     
  0.991058860263924     
  0.992578176573391     
  0.993392216216277     
  0.993719160398660     
  0.994051817686958     
  0.994520847810617     
  0.995112335757671     
  0.995734725776201     
  0.996344002184587     
  0.996784656826311     
  0.996992692049992     
  0.997114817885709     
  0.997237641951818     
  0.997292087612703     
  0.997419214389522     
  0.997526560508284     
  0.997580115362384     
  0.997636237427293     
  0.997711267191134     
  0.997793161816648     
  0.997871703736315     
  0.997942269125049     
  0.998007215986084     
  0.998076461331154     
  0.998133769774971     
  0.998188209658781     
  0.998219332676299     
  0.998284557618265     
  0.998362742403220     
  0.998414105612108     
  0.998476745706612     
  0.998482031036699     
  0.998469935883094     
  0.998464273708584     
  0.998441505509433     
  0.998248880648374     
  0.996694398947818     
  0.989701074250004     
  0.972219305025156     
  0.951769786465624     
  0.936688866901039     
  0.929783603652484     
  0.924381523060197     
  0.920983307703404     
  0.920057354983146     
  0.920355186657230     
  0.922499761094959     
  0.927382657066547     
  0.933133128419833     
  0.944234531550274     
  0.963756099679056     
  0.983679433949049     
  0.995346758485653     
  0.996798322635333     
  0.996895835693342     
  0.997208494928575     
  0.997495360400492     
  0.997715023711010     
  0.997951685115144     
  0.998235040289201     
  0.998510067021575     
  0.998681215068825     
  0.998692291139125     
  0.998619336862815     
  0.998503326084813     
  0.998431131409597     
  0.998423437184526     
  0.998469484796525     
  0.998586441134282     
  0.998799958976703     
  0.999069512818811     
  0.999290834702294     
  0.999414975433244     
  0.999458409226422     
  0.999400760014190     
  0.999324808518208     
  0.999233678567435     
  0.999107055566790     
  0.998757742309488     
  0.998544001256992     
  0.998778441334422     
  0.999352716084927     
  0.999778385551858     
  0.999925453547903     
  0.999847515721576     
  0.999639547371962     
  0.999366871930015     
  0.998773322990989     
  0.998115304133839     
  0.998005165924762     
  0.998674229670143     
  0.999597728299518     
   1.00008931726268     
   1.00021801434253     
   1.00021726121310     
   1.00010718320489     
  0.999856065316740     
  0.999439745560372     
  0.999129593256011     
  0.999178326997976     
  0.999485174703064     
  0.999738677336436     
