  0.985772857319340     
  0.985651118151134     
  0.985880054761351     
  0.986481713878775     
  0.987324043960473     
  0.988250450005456     
  0.988994042851408     
  0.989260469938390     
  0.989159696866701     
  0.989004198088511     
  0.988814431580326     
  0.988574129256776     
  0.988391525982258     
  0.988261183438521     
  0.988178022036407     
  0.988132325578186     
  0.988107902688378     
  0.988093553296625     
  0.988120813257152     
  0.988158727771535     
  0.988201172138474     
  0.988270479526345     
  0.988364393840271     
  0.988477345303203     
  0.988607087121675     
  0.988775037893445     
  0.988992874230240     
  0.989252856573955     
  0.989525377132701     
  0.989856187799947     
  0.990246604056787     
  0.990711005614457     
  0.991331668920005     
  0.992167120342664     
  0.993105437553642     
  0.994132998481291     
  0.995267472369802     
  0.996430059079706     
  0.997478623134012     
  0.998203244321332     
  0.998348173137285     
  0.998133914617971     
  0.997940346076573     
  0.997882038246186     
  0.997940123748815     
  0.998090670485514     
  0.998290894913426     
  0.998484606279297     
  0.998642374899078     
  0.998765657693973     
  0.998856168857842     
  0.998924106221941     
  0.998980803811201     
  0.999018377507714     
  0.999039820503029     
  0.999057786372278     
  0.999066050372632     
  0.999054122351627     
  0.999006543228685     
  0.998926513960929     
  0.998844906074832     
  0.998762839265135     
  0.998672283553745     
  0.998561768164616     
  0.998417898987029     
  0.998225056647628     
  0.998007644411736     
  0.997797806864868     
  0.997629832116164     
  0.997564588655956     
  0.997654680987423     
  0.997833692120118     
  0.998043483724113     
  0.998247576694520     
  0.998417398227269     
  0.998536521214870     
  0.998590241712122     
  0.998575805962544     
  0.998509222434420     
  0.998391497145852     
  0.998237127828110     
  0.998064754885968     
  0.997885060327759     
  0.997717281853007     
  0.997573333015172     
  0.997450446428063     
  0.997333485304474     
  0.997176930963677     
  0.997053693539220     
  0.996967411851854     
  0.996907308533847     
  0.996859630283165     
  0.996820715589231     
  0.996792781010029     
  0.996775955016206     
  0.996769421641950     
  0.996777543350738     
  0.996803962703311     
  0.996852161283839     
  0.996917837745058     
  0.996979364129717     
  0.996932482682879     
  0.996480248606643     
  0.995634729812909     
  0.994580616332649     
  0.993456960467147     
  0.992395365411321     
  0.991365849526425     
  0.990129232473610     
  0.989003191663836     
  0.988272842039623     
  0.987691187733333     
  0.987204791899455     
  0.986807776099580     
  0.986362222723449     
  0.985887993396882     
  0.985527923757326     
  0.985174722929170     
  0.984662245977716     
  0.984050131478484     
  0.983156556910482     
  0.981876510075106     
  0.980171685417535     
  0.978213121777316     
  0.976199426290989     
  0.974283162408076     
  0.972531466048764     
  0.970928015258068     
  0.969497996753814     
  0.968417393821615     
  0.967573610966803     
  0.966697263120581     
  0.965608167847394     
  0.964253696369691     
  0.962538518795679     
  0.960705591036928     
  0.959136293012530     
  0.957806651342514     
  0.956362935141734     
  0.954838862021736     
  0.953309324311685     
  0.951799896532266     
  0.950401207411377     
  0.948724709153712     
  0.946581119427558     
  0.944251570251631     
  0.941744476057233     
  0.939101746058516     
  0.935511639635639     
  0.930704532341481     
  0.924423267548077     
  0.916930414860053     
  0.908614340474815     
  0.899862830739146     
  0.891018873102023     
  0.882439955900811     
  0.874313022762299     
  0.866633502479693     
  0.859314159942946     
  0.852248495083743     
  0.845352358521449     
  0.838724717141852     
  0.832303545650949     
  0.826153605638518     
  0.820568022827214     
  0.815926907339941     
  0.812399525178032     
  0.810149428310596     
  0.809221336790324     
  0.809484169910756     
  0.810784274642797     
  0.812909380338203     
  0.815983885313622     
  0.820101131663798     
  0.824963237983491     
  0.830501833755141     
  0.836691663856955     
  0.843613297778352     
  0.851225793417094     
  0.859416057412969     
  0.868050818422589     
  0.877031886149663     
  0.886243329880899     
  0.895630656652331     
  0.905135064444076     
  0.914677062285128     
  0.924129591810178     
  0.933392870447695     
  0.942371126769924     
  0.950921467873415     
  0.958776370056752     
  0.965508814914546     
  0.970984331226953     
  0.975289406497255     
  0.978629329517870     
  0.981263134294913     
  0.983419419974036     
  0.985228601433742     
  0.986709326064167     
  0.987901679772647     
  0.988926358980558     
  0.989701480234704     
  0.990504324858929     
  0.991224381814608     
  0.991872771641855     
  0.992430028910534     
  0.992913683628850     
  0.993347018133076     
  0.993742458746158     
  0.994095195613168     
  0.994419253885891     
  0.994715411735930     
  0.994995799512362     
  0.995250449823349     
  0.995482561415504     
  0.995654741267893     
  0.995398073464884     
  0.994653492413802     
  0.993915742736321     
  0.993318488167721     
  0.992846754252206     
  0.992476156669395     
  0.992106645611232     
  0.991722601779064     
  0.991349576723469     
  0.990809867184080     
  0.989482703376622     
  0.987476577858996     
  0.984868821593622     
  0.982283277361023     
  0.979911684002813     
  0.977817528865220     
  0.975595035041368     
  0.973483511154096     
  0.971713237664581     
  0.970265263198353     
  0.969180768107897     
  0.968371820541127     
  0.967791285401749     
  0.967159874787204     
  0.966674083787731     
  0.966325011568906     
  0.966049447035478     
  0.965858289716525     
  0.965773024198635     
  0.965812801596286     
  0.966062426398884     
  0.966519537821649     
  0.967176912600322     
  0.967762248881642     
  0.968254947626972     
  0.968805594713876     
  0.969510352031188     
  0.970354040703262     
  0.971356669971924     
  0.972568226724914     
  0.973967166982386     
  0.975505222445848     
  0.977211294957234     
  0.978882286803172     
  0.980222220172773     
  0.981551808951257     
  0.983197032802400     
  0.985125592414047     
  0.987206781380883     
  0.989311999890181     
  0.991498950586797     
  0.993715312474182     
  0.995979536561730     
  0.997761506599198     
  0.998840265700874     
  0.999195660723542     
  0.999212008793718     
  0.999234050240008     
  0.999266034840208     
  0.999285029256875     
  0.999297957229761     
  0.999310388560358     
  0.999313215237341     
  0.999238000729474     
  0.999083148222312     
  0.998896648817507     
  0.998663149486830     
  0.998306938639201     
  0.997890056858804     
  0.997493557926503     
  0.997187731169515     
  0.997017075290006     
  0.996945321930874     
  0.996983384184820     
  0.997173536730891     
  0.997408228669382     
  0.997496947830513     
  0.997481954380206     
  0.997416075012397     
  0.997311550242925     
  0.997176632474979     
  0.997035660792950     
  0.996903801267943     
  0.996849989296436     
  0.996849373312233     
  0.996859457135968     
  0.996859299959142     
  0.996837345956529     
  0.996754500149366     
  0.996628504759144     
  0.996461593274133     
  0.996246032684233     
  0.995966243156907     
  0.995615104220490     
  0.995224135992241     
  0.994827916566355     
  0.994431438549678     
  0.994028548773203     
  0.993703187116063     
  0.993470768629640     
  0.993372600915589     
  0.993473769750489     
  0.993760623035568     
  0.994141413301406     
  0.994544255701761     
  0.994887150616322     
  0.995205112548118     
  0.995546015578706     
  0.995850445435021     
  0.996081087907143     
  0.996378143935578     
  0.996752780776630     
  0.997178462665351     
  0.997647966514173     
  0.998159544119542     
  0.998680358805424     
  0.999138951518184     
  0.999400303848927     
  0.999455536514585     
  0.999447801512294     
  0.999425973974722     
  0.999406058810392     
  0.999389751941356     
  0.999373092275333     
  0.999359408883604     
  0.999350537615416     
  0.999346239535193     
  0.999343341550392     
  0.999346237953533     
  0.999351750219933     
  0.999352351664753     
  0.999341790219968     
  0.999320116092540     
  0.999288803061593     
  0.999252324790241     
  0.999214208179808     
  0.999185313516089     
  0.999183997718939     
  0.999225727040515     
  0.999296296697316     
  0.999382482320565     
  0.999465308052298     
  0.999535910593093     
  0.999580910341566     
  0.999613553891892     
  0.999645343465398     
  0.999673458759643     
  0.999696032794370     
  0.999712469280204     
  0.999723006640646     
  0.999729983986806     
  0.999722707075492     
  0.999690095027085     
  0.999578900262369     
  0.999297467741416     
  0.998915510572327     
  0.998503883159993     
  0.998126372905536     
  0.997826461223820     
  0.997634557897007     
  0.997557303029874     
  0.997577669405508     
  0.997655148299121     
  0.997772882403520     
  0.997904582813801     
  0.998035452492537     
  0.998056136887870     
  0.997891133749345     
  0.997634250826382     
  0.997342138496520     
  0.997047122965430     
  0.996766151820906     
  0.996504698139612     
  0.996279955726131     
  0.996136890576280     
  0.996028979427923     
  0.995945844479818     
  0.995888502061110     
  0.995845811017364     
  0.995787792708169     
  0.995715838594048     
  0.995620564878864     
  0.995501455084606     
  0.995368931750121     
  0.995251283529778     
  0.995190310264670     
  0.995200187774967     
  0.995306660122395     
  0.995500776726624     
  0.995721327615035     
  0.995955758058632     
  0.996191484885450     
  0.996440334964365     
  0.996699726422463     
  0.996946692435585     
  0.997146232671900     
  0.997240428307138     
  0.997240139441993     
  0.997255255782163     
  0.997291248504101     
  0.997362792709143     
  0.997496910604553     
  0.997698883287230     
  0.997930642322410     
  0.998207707472605     
  0.998530291985993     
  0.998888500776047     
  0.999246274003298     
  0.999544677143481     
  0.999681182861551     
  0.999680992219874     
  0.999655233088188     
  0.999617016543791     
  0.999563026238602     
  0.999483699793884     
  0.999396755788105     
  0.999297590006425     
  0.999186063297839     
  0.999070202835737     
  0.998917998943273     
  0.998671130802645     
  0.998433292724900     
  0.998238333179014     
  0.998079296308793     
  0.997943663632806     
  0.997819375725171     
  0.997705075080813     
  0.997606490603792     
  0.997515990664987     
  0.997428662186863     
  0.997356972389676     
  0.997323379086904     
  0.997357677285149     
  0.997439657087653     
  0.997556478730189     
  0.997695629297984     
  0.997841653621829     
  0.997986890630994     
  0.998134276537167     
  0.998279106809771     
  0.998416165757397     
  0.998543895457480     
  0.998671162498070     
  0.998784807192679     
  0.998876132804214     
  0.998929325684996     
  0.998942778194660     
  0.998897737442610     
  0.998769747358169     
  0.998524804057146     
  0.998129258156210     
  0.997561406652326     
  0.996753129489758     
  0.995667195950030     
  0.994381848222174     
  0.992916736742051     
  0.991336394840292     
  0.989787398952918     
  0.988316572544206     
  0.986524918283976     
  0.984801391602774     
  0.983372627340050     
  0.982107810888845     
  0.981012145800153     
  0.980115688632038     
  0.979389693797541     
  0.978846153589611     
  0.978558086507807     
  0.978471020851829     
  0.978550304351045     
  0.978806399276854     
  0.979195904418138     
  0.979633874115092     
  0.979954378584624     
  0.980230463074793     
  0.980573918449731     
  0.981062365165931     
  0.981747447572452     
  0.982521437117776     
  0.983253346846176     
  0.983916164830416     
  0.984497480157814     
  0.984796744787030     
  0.984679335167186     
  0.984116316772971     
  0.983204081169496     
  0.981933512604551     
  0.980347246871284     
  0.978634952812693     
  0.976962158590784     
  0.975388434921507     
  0.973968131135862     
  0.972702351972923     
  0.971641111914481     
  0.970774956733738     
  0.970043139199436     
  0.969382604205144     
  0.968832486733476     
  0.968431999910105     
  0.968254101409689     
  0.968448284903304     
  0.968971853895575     
  0.969205853750821     
  0.969403680008006     
  0.969813599136025     
  0.970466924972447     
  0.971402872249792     
  0.972642563584051     
  0.974237293191360     
  0.976082181553309     
  0.977919278139763     
  0.979622803761279     
  0.981111012757413     
  0.982446642326105     
  0.983547066613717     
  0.984393115399009     
  0.984950770682514     
  0.985401618548274     
  0.985811719225766     
  0.986220209815201     
  0.986722231258265     
  0.987304912768315     
  0.987908262056239     
  0.988536256092881     
  0.989172229771711     
  0.989808919513058     
  0.990450236935336     
  0.991151876640668     
  0.991983974158143     
  0.992851805592772     
  0.993655291785903     
  0.994386346392315     
  0.995048645011593     
  0.995670309290093     
  0.996269971932729     
  0.996870800583386     
  0.997477829210395     
  0.998044526656207     
  0.998519090000685     
  0.998875270422563     
  0.999083854521369     
  0.999167175055803     
  0.999137285852255     
  0.999014212261070     
  0.998846326289490     
  0.998670073610976     
  0.998510857337946     
  0.998442430580745     
  0.998452888699960     
  0.998464152890529     
  0.998432486126244     
  0.998330837540870     
  0.998102686243702     
  0.997727692390382     
  0.997205870801301     
  0.996362014294819     
  0.995464330924255     
  0.994448109297207     
  0.993629713348307     
  0.992979202760578     
  0.992495936164050     
  0.992137641005275     
  0.991841792655564     
  0.991575303939081     
  0.991350988230749     
  0.991167134203101     
  0.991034221570948     
  0.990944515021312     
  0.990901952679804     
  0.990899755542739     
  0.990937414377192     
  0.991069511918577     
  0.991268075243458     
  0.991553935574747     
  0.992030307788711     
  0.992685567044825     
  0.993439102422350     
  0.994274280999114     
  0.995105305450395     
  0.995877659828948     
  0.996547668020990     
  0.997053161184822     
  0.997376209047275     
  0.997544287367734     
  0.997633384739217     
  0.997656327413309     
  0.997617671434248     
  0.997528980463847     
  0.997371762505644     
  0.996989874815845     
  0.996386405673096     
  0.995188087089960     
  0.994012123320874     
  0.992984614885888     
  0.992133293958540     
  0.991469184423130     
  0.990985360032443     
  0.990697038708297     
  0.990367608136088     
  0.990162929997336     
  0.989656100741761     
  0.988732083449860     
  0.987798425043809     
  0.986970655646676     
  0.986280370425092     
  0.985751114013490     
  0.985353125570516     
  0.985064290191243     
  0.984855496924206     
  0.984726283706220     
  0.984631081142542     
  0.984504071376465     
  0.984286596906980     
  0.984180099074877     
  0.984189567723325     
  0.984267427063038     
  0.984386465285979     
  0.984519053642895     
  0.984685801708559     
  0.984915178237253     
  0.985224127685087     
  0.985546081613504     
  0.985882293382784     
  0.986227451411027     
  0.986622464438849     
  0.987112613380353     
  0.987768024782377     
  0.988481002004381     
  0.989286521547495     
  0.990240050603911     
  0.991375017392812     
  0.992518556484823     
  0.993620063243133     
  0.994229151550271     
  0.994349430168731     
  0.994426803312519     
  0.994496704164678     
  0.994582852147437     
  0.994702321967532     
  0.994839906871593     
  0.994940268655549     
  0.994987866173400     
  0.994790056062769     
  0.994187714091588     
  0.993491541926811     
  0.992859418746920     
  0.992280295628441     
  0.991774331935100     
  0.991353970134667     
  0.991027289987838     
  0.990788104140702     
  0.990620981196691     
  0.990499456744403     
  0.990405763317143     
  0.990333633539518     
  0.990279627619373     
  0.990242756335181     
  0.990224441041139     
  0.990223773963625     
  0.990242597672394     
  0.990283069050033     
  0.990377806926300     
  0.990519742449965     
  0.990739060723041     
  0.990997295110030     
  0.991285075221856     
  0.991570312207160     
  0.991817904116767     
  0.992041860867114     
  0.992197894690818     
  0.992259502647208     
  0.992257865933291     
  0.992198576741510     
  0.992014686534564     
  0.991704373342245     
  0.991308655650208     
  0.990831014254919     
  0.990277880578628     
  0.989652986336565     
  0.988958576244884     
  0.988206142985558     
  0.987383540181848     
  0.986484093105357     
  0.985499126873930     
  0.984429208663426     
  0.983276356157731     
  0.982040034682586     
  0.980720913377450     
  0.979284906742179     
  0.977754766662593     
  0.976114276083063     
  0.974351571064620     
  0.972458288727452     
  0.970434658854138     
  0.968291958882681     
  0.966046609113453     
  0.963730363643572     
  0.961376620402872     
  0.959024617360635     
  0.956724162342952     
  0.954513605032739     
  0.952437495529722     
  0.950541937487357     
  0.948869667959722     
  0.947463732125155     
  0.946357793027289     
  0.945571171166986     
  0.945121905340422     
  0.945022985227830     
  0.945269357193641     
  0.945855929752354     
  0.946775291626984     
  0.948007613300702     
  0.949518719455005     
  0.951260941651286     
  0.953124510584716     
  0.955119586488226     
  0.957289919818356     
  0.959550787867239     
  0.961828317602695     
  0.964072197378748     
  0.966271562915868     
  0.968391814164594     
  0.970410227096340     
  0.972311890323830     
  0.974099078553087     
  0.975755924974182     
  0.977269958565192     
  0.978635404370979     
  0.979859111313897     
  0.980940917866866     
  0.981885114311415     
  0.982739099458495     
  0.983548358591881     
  0.984297167942960     
  0.984995158040711     
  0.985652168747239     
  0.986288775605883     
  0.986853612000044     
  0.987486237838790     
  0.988106142172704     
  0.988706465092833     
  0.989282672623331     
  0.989831736741534     
  0.990353191012635     
  0.990848999765799     
  0.991312932787785     
  0.991733375675292     
  0.992122492196864     
  0.992449105999927     
  0.992729463266118     
  0.992990727379471     
  0.993227288349952     
  0.993470056878728     
  0.993753090233945     
  0.994085639799385     
  0.994468426002938     
  0.994845733483720     
  0.995195543058533     
  0.995562673445922     
  0.995954578748960     
  0.996322925070106     
  0.996652008354583     
  0.996928914992144     
  0.997157416057072     
  0.997346001731992     
  0.997505855679723     
  0.997645054494441     
  0.997764837510043     
  0.997858857295123     
  0.997928485404109     
  0.997970876982978     
  0.997842599265370     
  0.997218142236611     
  0.995281104560503     
  0.992632293962804     
  0.989945546748548     
  0.987426180894731     
  0.985137258424024     
  0.983044315006336     
  0.980994983736736     
  0.979065650817278     
  0.977416409739481     
  0.975741077956000     
  0.974051323500629     
  0.972578510441134     
  0.971399174434197     
  0.970588909500246     
  0.970170323447183     
  0.969991308371638     
  0.969954291624300     
  0.969996122136390     
  0.970044018246084     
  0.970040189945951     
  0.970064909307204     
  0.970119573628293     
  0.969998742329869     
  0.970006132827823     
  0.970027542482826     
  0.970084923606757     
  0.970238698495258     
  0.970571805876662     
  0.971199749202702     
  0.972193260185832     
  0.973446483911802     
  0.974954964009834     
  0.976471682185789     
  0.977949570814715     
  0.979505153060215     
  0.981377074810028     
  0.983390385748960     
  0.985606226803394     
  0.988133765138429     
  0.990945978561492     
  0.993880482203036     
  0.996454012682524     
  0.997981000515413     
  0.998308442424545     
  0.998408992527938     
  0.998481703898435     
  0.998537262840040     
  0.998598533503987     
  0.998688590913359     
  0.998784972487899     
  0.998878002174204     
  0.998974877091738     
  0.999070137380606     
  0.999144713541420     
  0.999197581952901     
  0.999240806520973     
  0.999281475229606     
  0.999329363316799     
  0.999386298586742     
  0.999446780131523     
  0.999501266465839     
  0.999545481635459     
  0.999571860427223     
  0.999585089098915     
  0.999587016174238     
  0.999579814163055     
  0.999567979003365     
  0.999556391088464     
  0.999532409238372     
  0.999493975236868     
  0.999441937746253     
  0.999396590792656     
  0.999361221753914     
  0.999341026177021     
  0.999340523205678     
  0.999349233377119     
  0.999354367396249     
  0.999359079574594     
