  0.980580881537109     
  0.981040100475356     
  0.981558449320205     
  0.982103520592056     
  0.982678748253820     
  0.983262295628449     
  0.983896060582030     
  0.984608546510413     
  0.985276617787419     
  0.985786455454249     
  0.986309604543167     
  0.986904869299533     
  0.987536469261820     
  0.988234306161235     
  0.988964326094819     
  0.989652449107720     
  0.990185664813604     
  0.990594325172920     
  0.990924476037583     
  0.991219829830726     
  0.991340608513186     
  0.991326875181415     
  0.991312303604818     
  0.991389688850741     
  0.991478427382107     
  0.991505190235479     
  0.991530309001770     
  0.991577741209869     
  0.991631832425952     
  0.991666898555231     
  0.991710672477142     
  0.991784899055054     
  0.991871138840301     
  0.991950402177336     
  0.992041848024953     
  0.992189154253804     
  0.992402921740307     
  0.992663907482035     
  0.992960572430412     
  0.993308726522993     
  0.993729573727592     
  0.994188207556665     
  0.994647350966344     
  0.995117926247624     
  0.995626421822462     
  0.996168482843492     
  0.996698505717663     
  0.997192558047607     
  0.997684229420454     
  0.998149867354941     
  0.998481483719690     
  0.998637328277901     
  0.998707532799375     
  0.998736413123172     
  0.998682997183032     
  0.998613089745707     
  0.998624835699121     
  0.998663850401021     
  0.998636517991103     
  0.998575512629887     
  0.998553428513874     
  0.998545504098328     
  0.998513443479269     
  0.998467597726594     
  0.998427404853173     
  0.998390647604099     
  0.998345022751707     
  0.998293239374563     
  0.998237781935381     
  0.998165080712837     
  0.998069200301669     
  0.997967293654488     
  0.997869140829575     
  0.997762094882020     
  0.997642611341588     
  0.997533108603912     
  0.997452126910498     
  0.997414137250150     
  0.997381836296942     
  0.997372580102376     
  0.997411025028460     
  0.997469258387776     
  0.997503617933913     
  0.997515362240877     
  0.997526080257643     
  0.997544657885698     
  0.997545218214145     
  0.997510057173289     
  0.997453575678062     
  0.997398003416082     
  0.997278473012831     
  0.997016894284058     
  0.996662973305588     
  0.996241075854089     
  0.995748240889329     
  0.995200272140814     
  0.994633860451591     
  0.994025575806171     
  0.993346863706511     
  0.992535264789653     
  0.991666368135682     
  0.990873412467509     
  0.990209491796214     
  0.989566369656562     
  0.989021318106439     
  0.988695096519833     
  0.988438953452424     
  0.987955149233482     
  0.987501969672057     
  0.987120320796709     
  0.986545249276823     
  0.985658970615256     
  0.984696916057099     
  0.983830872427697     
  0.982930493631556     
  0.981897727834838     
  0.980883676471413     
  0.980020248751348     
  0.979188931386120     
  0.978209629366446     
  0.977202320139927     
  0.976314141226297     
  0.975503622027708     
  0.974600158914756     
  0.973604295262435     
  0.972607744699523     
  0.971528196004629     
  0.970147574369235     
  0.968564433558075     
  0.967043493002249     
  0.965571013197287     
  0.963801200272881     
  0.961697989450678     
  0.959756291147253     
  0.958066990464999     
  0.956081505311980     
  0.953488680333198     
  0.950799653589106     
  0.948137300317005     
  0.944764091730217     
  0.940246984645686     
  0.935553124258044     
  0.931383279100965     
  0.927334624338225     
  0.922826658229645     
  0.918171246356101     
  0.913913693631843     
  0.910230279063046     
  0.905900398191696     
  0.901599161546556     
  0.897685910426777     
  0.893921280539254     
  0.889979871505010     
  0.886081411498857     
  0.882497045818735     
  0.879021491890506     
  0.875493849286295     
  0.872108578503488     
  0.869116727076190     
  0.866478734701557     
  0.864079437043439     
  0.861936700453132     
  0.860157753191707     
  0.858841578954650     
  0.857867532601232     
  0.857199357246759     
  0.856941505979925     
  0.857074034976916     
  0.857449506419237     
  0.858102598016050     
  0.859089902796733     
  0.860258478122417     
  0.861597216706013     
  0.863223677253777     
  0.865091112393017     
  0.867242383280718     
  0.869663622481670     
  0.872378281082835     
  0.875426678773123     
  0.878768630370916     
  0.882386903546997     
  0.886248378052958     
  0.890375336352603     
  0.894725583099891     
  0.899265483590976     
  0.903943847045176     
  0.908720512470574     
  0.913549655583657     
  0.918429992229045     
  0.923347795979620     
  0.928252882571705     
  0.933085360182109     
  0.937859910610214     
  0.942554490689687     
  0.947170123635378     
  0.951730035438271     
  0.956238569929075     
  0.960676562492838     
  0.965009933792359     
  0.969204243196605     
  0.973219823945607     
  0.976431023951444     
  0.979755587431261     
  0.982565113604604     
  0.984784503093021     
  0.986291064356898     
  0.987260714999800     
  0.987973255792338     
  0.988523517110299     
  0.988957038031433     
  0.989341970404895     
  0.989658370709782     
  0.989903184260045     
  0.990106128000690     
  0.990118539314125     
  0.989723346362770     
  0.988906709462257     
  0.987875344868149     
  0.986885076040425     
  0.985902464168309     
  0.984905152546675     
  0.984042316573106     
  0.983186577324069     
  0.982184237752890     
  0.981082432576933     
  0.980092373512292     
  0.979389226634773     
  0.978765428769767     
  0.977976259628637     
  0.977214958762136     
  0.976837830019673     
  0.976477078737164     
  0.975739903904334     
  0.975262217088039     
  0.975220780413955     
  0.974962331569199     
  0.974186434607673     
  0.973617417844882     
  0.974325558478005     
  0.974003372861306     
  0.973310877110024     
  0.973314167349149     
  0.973588311104923     
  0.973579229326284     
  0.973246048623635     
  0.973406140148555     
  0.973769043260823     
  0.973912544080232     
  0.973563901471071     
  0.974024034410784     
  0.974651065430179     
  0.974809524480091     
  0.974860856232180     
  0.975330706869519     
  0.975966380135003     
  0.976318192174418     
  0.976749080366220     
  0.977289544213437     
  0.977806648610142     
  0.978251241096018     
  0.978905724247206     
  0.979604145455045     
  0.980308244087755     
  0.981047053950392     
  0.981805966867429     
  0.982662611881715     
  0.983635848988719     
  0.984670452838353     
  0.985694755188226     
  0.986776968866866     
  0.987971952681315     
  0.989022507846053     
  0.989790543268152     
  0.990497557543244     
  0.991268544595297     
  0.992093596779050     
  0.992928567447177     
  0.993761515669155     
  0.994669374952765     
  0.995624788502620     
  0.996415151965166     
  0.996801945265509     
  0.996881864561315     
  0.996729903401818     
  0.996566534893334     
  0.996434417802314     
  0.996373565469060     
  0.996337269438083     
  0.996256494113847     
  0.996169025295806     
  0.996149830544589     
  0.996154081044655     
  0.996119452241555     
  0.996076683091994     
  0.996100336662976     
  0.996144226459706     
  0.996151345262414     
  0.996154780708024     
  0.996202836065566     
  0.996247169216740     
  0.996261297357245     
  0.996232442883673     
  0.996182790332138     
  0.996157020476237     
  0.996186932585698     
  0.996203990608929     
  0.996132083828560     
  0.996033767130910     
  0.996005721370720     
  0.995983135709642     
  0.995874863522004     
  0.995762754710573     
  0.995742606920882     
  0.995689482766068     
  0.995509094492625     
  0.995319961944432     
  0.995226979277504     
  0.995149563609626     
  0.994999596528655     
  0.994846708538515     
  0.994777040981339     
  0.994774116301136     
  0.994786184319758     
  0.994817100860840     
  0.994907427425418     
  0.995079881873608     
  0.995297207042340     
  0.995508127654972     
  0.995713457583926     
  0.995947316663611     
  0.996235489623346     
  0.996518560814953     
  0.996760437849242     
  0.997006403492656     
  0.997306420016509     
  0.997584095965823     
  0.997782012208920     
  0.997953179512772     
  0.998167298792450     
  0.998392661434525     
  0.998603630536963     
  0.998804180566062     
  0.999002081378493     
  0.999176405183209     
  0.999293183867787     
  0.999322785327773     
  0.999319718936095     
  0.999317128696650     
  0.999331103730525     
  0.999343640649807     
  0.999336728807614     
  0.999336594529333     
  0.999364221181670     
  0.999395957373990     
  0.999405586242866     
  0.999405474637681     
  0.999416066233439     
  0.999429178564294     
  0.999393495975962     
  0.999300422573380     
  0.999188928083045     
  0.999071185971298     
  0.998934615394165     
  0.998787941854269     
  0.998653688492223     
  0.998547094776175     
  0.998448427412294     
  0.998353450769820     
  0.998280087126125     
  0.998251567961057     
  0.998248334161800     
  0.998196995703242     
  0.998086782708154     
  0.997954896229673     
  0.997825786502490     
  0.997706172044131     
  0.997592066264063     
  0.997480059143349     
  0.997345132954117     
  0.997199435661159     
  0.997080932161727     
  0.997004282845963     
  0.996898583592480     
  0.996753596246317     
  0.996680797371837     
  0.996716604414291     
  0.996670041772538     
  0.996482955672988     
  0.996440454147560     
  0.996677688634106     
  0.996844895156222     
  0.996609792753698     
  0.996393923031838     
  0.996503548043321     
  0.996651948772639     
  0.996579068945827     
  0.996498007104460     
  0.996545271900520     
  0.996601856695847     
  0.996565153715987     
  0.996479456106949     
  0.996450698279923     
  0.996493481817679     
  0.996503206011252     
  0.996410087219671     
  0.996319055382581     
  0.996330548793553     
  0.996384117512931     
  0.996355428919847     
  0.996343556255544     
  0.996419608466564     
  0.996512703279989     
  0.996600527117022     
  0.996716602358633     
  0.996850181072745     
  0.996981767911929     
  0.997111686381243     
  0.997244609659734     
  0.997381291726319     
  0.997527057126207     
  0.997669672645709     
  0.997799583757494     
  0.997911015177025     
  0.997996368546376     
  0.998014824854669     
  0.998007383972015     
  0.998017017286845     
  0.998034002106693     
  0.998048294028308     
  0.998073814645634     
  0.998128020593654     
  0.998195605280206     
  0.998246391724215     
  0.998289968710402     
  0.998352647009495     
  0.998404517049062     
  0.998383327065934     
  0.998289202808293     
  0.998237426158328     
  0.998213694832283     
  0.998156751604203     
  0.998089841429317     
  0.998089828683020     
  0.998139842554333     
  0.998152263091677     
  0.998122008950093     
  0.998122059308706     
  0.998160304774512     
  0.998180791164126     
  0.998167753128697     
  0.998181364750656     
  0.998236722949466     
  0.998252360671968     
  0.998197491718085     
  0.998167846491334     
  0.998177385139654     
  0.998121324954280     
  0.997954895323840     
  0.997799659422408     
  0.997662499265655     
  0.997454982459877     
  0.997152654474013     
  0.996853374061389     
  0.996425435950899     
  0.995645190812354     
  0.994786272964547     
  0.993977976940614     
  0.993169986003083     
  0.992338805313446     
  0.991580005403443     
  0.990892151979343     
  0.990220049485417     
  0.989571432832647     
  0.988988157092430     
  0.988472161863762     
  0.987997007996457     
  0.987561246176938     
  0.987111543569920     
  0.986608656473433     
  0.986119907629197     
  0.985675077594479     
  0.985270872051079     
  0.984882649690756     
  0.984500124417180     
  0.984221850060284     
  0.984074092518133     
  0.983909111478493     
  0.983583535503449     
  0.983410090834851     
  0.983451933549099     
  0.983195434656772     
  0.982833786148998     
  0.982961013865829     
  0.982711537655531     
  0.982022494769954     
  0.981721407385230     
  0.981860745371209     
  0.981529834770051     
  0.980797122301821     
  0.980511092462404     
  0.980571394978372     
  0.980326270452324     
  0.979934993621807     
  0.979778632217894     
  0.979707366685739     
  0.979411955910675     
  0.979033922038441     
  0.978751490124708     
  0.978505411292865     
  0.978231254905651     
  0.977982379690665     
  0.977727525393739     
  0.977512999933493     
  0.977391979243741     
  0.977341674047352     
  0.977255970125452     
  0.977167354637970     
  0.977191903114444     
  0.977350813556260     
  0.977520680369093     
  0.977695560901745     
  0.977948101578022     
  0.978300403988139     
  0.978703131012801     
  0.979140199703612     
  0.979680403801617     
  0.980337848496512     
  0.981102642626617     
  0.981918915866425     
  0.982712543940888     
  0.983393080957187     
  0.984109750619706     
  0.984866879444307     
  0.985640520990119     
  0.986395432398492     
  0.987121930086431     
  0.987842399712327     
  0.988544322242919     
  0.989236751382064     
  0.989942335218766     
  0.990643483862987     
  0.991325977674885     
  0.991965898910784     
  0.992524990050788     
  0.992990381229747     
  0.993427773972114     
  0.993828240961632     
  0.994191715519300     
  0.994529292995401     
  0.994851437159030     
  0.995159882495879     
  0.995467973133612     
  0.995770807201078     
  0.996066625529652     
  0.996350558123650     
  0.996608055832129     
  0.996857958721181     
  0.997113822589591     
  0.997362360687584     
  0.997538911606189     
  0.997570569536977     
  0.997528044566519     
  0.997343283622563     
  0.997105487135108     
  0.996839026635680     
  0.996601771813906     
  0.996373184193579     
  0.996137910265810     
  0.995894783526124     
  0.995696710393523     
  0.995534391986673     
  0.995350041006283     
  0.995137257512175     
  0.994932543418978     
  0.994749677779092     
  0.994602366399818     
  0.994547038178224     
  0.994565822751732     
  0.994444131837472     
  0.994215499397057     
  0.994055207887768     
  0.994108687107865     
  0.994193017962365     
  0.994081158713067     
  0.993932819968562     
  0.993986817416089     
  0.994107102437995     
  0.994003231294505     
  0.993892732448934     
  0.994134019541292     
  0.994103024680912     
  0.993878733727195     
  0.993852905367441     
  0.994149588749952     
  0.994246137196626     
  0.993839496167542     
  0.993228386638627     
  0.992957027003040     
  0.992816221109252     
  0.992548977452598     
  0.992286539050835     
  0.992232778299356     
  0.992194443706725     
  0.991996689639352     
  0.991696319223813     
  0.991427661424261     
  0.991114287102569     
  0.990679519414779     
  0.990146454345337     
  0.989726855444140     
  0.989436782215916     
  0.989197841120535     
  0.988840965881056     
  0.988437855858583     
  0.988177788784829     
  0.988028916568433     
  0.987799505653960     
  0.987446498541716     
  0.987209486070103     
  0.987202169680821     
  0.987137051155374     
  0.986943449662527     
  0.986928854092051     
  0.987151009234082     
  0.987256644774190     
  0.987112942629781     
  0.987124267490153     
  0.987302449831348     
  0.987207141580321     
  0.987091456983679     
  0.987127339408329     
  0.987175184090550     
  0.987155573334512     
  0.987162878266937     
  0.987251660300877     
  0.987338544789731     
  0.987401830667152     
  0.987463045549907     
  0.987530514070499     
  0.987637021510604     
  0.987800234691548     
  0.987983383711515     
  0.988134394688278     
  0.988258221826484     
  0.988388179496333     
  0.988530644073277     
  0.988684483455056     
  0.988861343146668     
  0.989039900367777     
  0.989224757450339     
  0.989393231244630     
  0.989544065660125     
  0.989724626240630     
  0.989969674912329     
  0.990263690199413     
  0.990576928523868     
  0.990933589738013     
  0.991391169500013     
  0.991899096644739     
  0.992304138597551     
  0.992546984797772     
  0.992596160548674     
  0.992681848326057     
  0.992727443565598     
  0.992767841354053     
  0.992929905429910     
  0.993140531726423     
  0.993256467064478     
  0.993357699582602     
  0.993528422941346     
  0.993606082934504     
  0.993510881658693     
  0.993379273283961     
  0.993315375309962     
  0.993276216334613     
  0.993189898808803     
  0.993102174382097     
  0.993042324096639     
  0.992961184022991     
  0.992828528497502     
  0.992710383405072     
  0.992604523781163     
  0.992487304058245     
  0.992355102477435     
  0.992219490915498     
  0.992076264487959     
  0.991916934701496     
  0.991742920649531     
  0.991558644650087     
  0.991348913270996     
  0.991083785933293     
  0.990759733044936     
  0.990386774119181     
  0.989962371792104     
  0.989487540377072     
  0.988963819983993     
  0.988398955535895     
  0.987775231513356     
  0.987086190469341     
  0.986327006081829     
  0.985501966589573     
  0.984596649353556     
  0.983617286647660     
  0.982567620666967     
  0.981430307251799     
  0.980242220794273     
  0.979018811027215     
  0.977765930212954     
  0.976498214007699     
  0.975238068701010     
  0.974001354459344     
  0.972783893260857     
  0.971600130743427     
  0.970468098937042     
  0.969411949343154     
  0.968423556089460     
  0.967502468216509     
  0.966665208553302     
  0.965936499569100     
  0.965310643700494     
  0.964767909585480     
  0.964333597418662     
  0.964022679717068     
  0.963837550149105     
  0.963774404568199     
  0.963823669720721     
  0.963993928174554     
  0.964295378133064     
  0.964713614700217     
  0.965236113974362     
  0.965861559268367     
  0.966572790816131     
  0.967358065489236     
  0.968244155311041     
  0.969211600802403     
  0.970249452490579     
  0.971349900798803     
  0.972481785563929     
  0.973616192067145     
  0.974747078256075     
  0.975900816382470     
  0.977104102995410     
  0.978287747430944     
  0.979388546964661     
  0.980437429132832     
  0.981528711737963     
  0.982599990126234     
  0.983533549929241     
  0.984368060487176     
  0.985271264444210     
  0.986200721377309     
  0.986973877457028     
  0.987598911744054     
  0.988278690372819     
  0.988949208433154     
  0.989509818324797     
  0.989988562606798     
  0.990539303834683     
  0.991074333973088     
  0.991507529940067     
  0.991873191340509     
  0.992268735951582     
  0.992670142262677     
  0.993014554269006     
  0.993302650566468     
  0.993585567768418     
  0.993887347146178     
  0.994187215826755     
  0.994463281115257     
  0.994705878229297     
  0.994914386697012     
  0.995098954492923     
  0.995289109972628     
  0.995513273532059     
  0.995739527240959     
  0.995921869886751     
  0.996071196887909     
  0.996149103332416     
  0.995944317765555     
  0.995159983541328     
  0.994121794611012     
  0.993070907830433     
  0.992113531234549     
  0.991121827097624     
  0.990104707682626     
  0.989166476014870     
  0.988354842923365     
  0.987485746805753     
  0.986570741117211     
  0.985709590002988     
  0.985004141444130     
  0.984295780775878     
  0.983514855668560     
  0.982743964915584     
  0.981982345320511     
  0.981167216748092     
  0.980448726913352     
  0.979952920948486     
  0.979572699662897     
  0.979130659932736     
  0.978698707691265     
  0.978541298360451     
  0.978545844570215     
  0.978293802723739     
  0.977932940629999     
  0.977961452811143     
  0.978267517906695     
  0.978086914017291     
  0.977532214338508     
  0.977369344410436     
  0.977834864998870     
  0.978151139017637     
  0.978113421954319     
  0.977950409464829     
  0.978011196063639     
  0.978042583153824     
  0.978094301420239     
  0.978258535699468     
  0.978447852338172     
  0.978595795686652     
  0.978741752889121     
  0.978981358597988     
  0.979347137292758     
  0.979813745015035     
  0.980303465161540     
  0.980820998628638     
  0.981482253421112     
  0.982269346876894     
  0.983099170340446     
  0.983890045023800     
  0.984638909324102     
  0.985421034701279     
  0.986291361295493     
  0.987210296966451     
  0.988161574923728     
  0.989211423470677     
  0.990348056263060     
  0.991523908673721     
  0.992756846089939     
  0.994080344304920     
  0.995450261137769     
  0.996770075813046     
  0.997909081320175     
  0.998714483176962     
  0.998992674098976     
  0.999070065405443     
  0.999095567158910     
  0.999138833566758     
  0.999220325235521     
  0.999282914122861     
  0.999296134780984     
  0.999303446990464     
  0.999346954806953     
  0.999392372582020     
  0.999396710843306     
  0.999384813596272     
  0.999395910053817     
  0.999408207586980     
  0.999385464541350     
  0.999346669870823     
  0.999324735730472     
  0.999295604283763     
  0.999238784807525     
  0.999163927503296     
  0.999090874638029     
  0.999026656553495     
  0.998968920803240     
  0.998919164939776     
