  0.997569328727972     
  0.998265217306467     
  0.998446544892793     
  0.998488426056154     
  0.997569584803006     
  0.995294460049021     
  0.992629481577143     
  0.990260899229492     
  0.988299725924374     
  0.986790203632788     
  0.985878292860092     
  0.985268945795305     
  0.984806162499060     
  0.984376280275927     
  0.984036419681765     
  0.983848627721434     
  0.983781818506147     
  0.983803458505009     
  0.983874052325421     
  0.983959291277093     
  0.984031235328603     
  0.984134836999633     
  0.984241626058450     
  0.984416026484685     
  0.984718475253332     
  0.985051544996714     
  0.985538207155434     
  0.986336371295379     
  0.987719487578226     
  0.989712875707263     
  0.992111489823369     
  0.994880278102742     
  0.997547065688690     
  0.999092488802495     
  0.999442183524950     
  0.999511058998250     
  0.999511624692025     
  0.999479580100589     
  0.999444613521311     
  0.999400633648629     
  0.999346402107197     
  0.999259685443227     
  0.999092060200208     
  0.998791611449072     
  0.998346885961767     
  0.997810412077389     
  0.997330312000809     
  0.997192200995150     
  0.997375091313193     
  0.997748854290275     
  0.998140328102988     
  0.998454264178920     
  0.998720031714114     
  0.998905148752666     
  0.999032250165360     
  0.999114381416101     
  0.999159700569851     
  0.999166028866476     
  0.999135625827084     
  0.999056467308279     
  0.998915514171305     
  0.998693368692223     
  0.998330331419929     
  0.997876438256349     
  0.997472228597100     
  0.997272239526089     
  0.997417184342437     
  0.997762271069795     
  0.998189890950792     
  0.998541863682915     
  0.998741307260710     
  0.998832218659116     
  0.998867049326354     
  0.998867079567336     
  0.998853976744697     
  0.998828288827664     
  0.998790801067407     
  0.998745461947247     
  0.998687778975748     
  0.998623807233782     
  0.998544772242008     
  0.998439614720566     
  0.998287725680404     
  0.998056783936226     
  0.997738369971517     
  0.997393900318982     
  0.997065042639273     
  0.996798361307251     
  0.996600268500755     
  0.996456411336638     
  0.996362634753064     
  0.996323111800313     
  0.996347437726923     
  0.996370346430333     
  0.996302735750775     
  0.996339579163748     
  0.996452520840785     
  0.996615239008580     
  0.996835237218253     
  0.997084381816284     
  0.997322021082960     
  0.997515793851598     
  0.997630165490095     
  0.997702850096401     
  0.997733261305935     
  0.997721914215240     
  0.997681336287702     
  0.997604268246263     
  0.997051736010660     
  0.995279488921326     
  0.992779159170917     
  0.990237677296184     
  0.987975266789551     
  0.986564891361880     
  0.986546588077870     
  0.986747021790993     
  0.986672427021404     
  0.986074672507867     
  0.984863077430824     
  0.983514949668011     
  0.982528731018528     
  0.981860604562801     
  0.981344023860294     
  0.980790214521423     
  0.979894979140119     
  0.978356983365845     
  0.976301842251945     
  0.973421883233844     
  0.969419428764891     
  0.964364941674715     
  0.959664238934078     
  0.956338177933604     
  0.955234478726272     
  0.956111343096930     
  0.958562505261086     
  0.961435187043990     
  0.963637479110501     
  0.964278282937833     
  0.964101757691358     
  0.963811590831720     
  0.963064268991692     
  0.961905319066357     
  0.960254930509475     
  0.957596951911536     
  0.954038658381339     
  0.950307990992016     
  0.946362209154831     
  0.942333193120355     
  0.937784918151058     
  0.932965043607583     
  0.928593259816731     
  0.925339196925091     
  0.923336789023540     
  0.921527782857481     
  0.918926603274785     
  0.914228217104614     
  0.906157202371365     
  0.894685253010978     
  0.880895890310355     
  0.865736992573142     
  0.849787337311976     
  0.833706744480267     
  0.818310629812940     
  0.804359655678811     
  0.792378635322299     
  0.782311718508600     
  0.774318015442485     
  0.768427685983955     
  0.764421121898981     
  0.762345035979829     
  0.762555679929135     
  0.764813816607875     
  0.769203505484404     
  0.775995696803875     
  0.784914315153082     
  0.795898215234171     
  0.808793888293743     
  0.823288705502629     
  0.839015734797068     
  0.855660636452347     
  0.872825633467401     
  0.890052705601046     
  0.906827211816373     
  0.922590484687669     
  0.936503333755908     
  0.947956346827374     
  0.956886498528719     
  0.963677604806924     
  0.968838308855726     
  0.972922260812022     
  0.976277955304312     
  0.979038748128989     
  0.981344622411952     
  0.983308275422918     
  0.984992604670660     
  0.986439501654092     
  0.987690021342823     
  0.988787032399181     
  0.989758541021795     
  0.990620775898679     
  0.991393147840230     
  0.991991407782819     
  0.992620317305850     
  0.993189427544712     
  0.993693798076408     
  0.994022378913570     
  0.994229408888734     
  0.994457849859814     
  0.994697037978292     
  0.994924036523703     
  0.995154757654779     
  0.995388387930599     
  0.995567106127129     
  0.995710602076840     
  0.995854135897539     
  0.996002699178259     
  0.996148012613662     
  0.996291299363304     
  0.996429239763607     
  0.996558654068319     
  0.996668009048024     
  0.996761930842639     
  0.996695681556922     
  0.995654903389823     
  0.993875748235610     
  0.992390674462381     
  0.991226675076164     
  0.990190368398360     
  0.989243417959363     
  0.988419387001788     
  0.987666672690013     
  0.987044772599330     
  0.985916599221055     
  0.983326704767227     
  0.979514777869453     
  0.974654573019940     
  0.969944856085950     
  0.965696140638865     
  0.962560515507092     
  0.959630565478385     
  0.957740311633954     
  0.956549577406004     
  0.955674953393702     
  0.955137531983057     
  0.954940556471247     
  0.955183619917888     
  0.955672872805423     
  0.956439183957760     
  0.957500238010450     
  0.958739765622480     
  0.960451457943641     
  0.962799381314388     
  0.965353753417888     
  0.967244372726213     
  0.968615688308085     
  0.970082104588447     
  0.971824760606441     
  0.974522256402299     
  0.978050380225700     
  0.982252478538596     
  0.986767114369166     
  0.991446525945062     
  0.995512247273081     
  0.998045641395454     
  0.999138108753794     
  0.999218068774962     
  0.999248585076268     
  0.999284530327461     
  0.999302461346882     
  0.999305390989458     
  0.999303740807458     
  0.999302928463321     
  0.999305849280241     
  0.999311139304466     
  0.999318620820691     
  0.999328225846248     
  0.999338330441853     
  0.999308223680465     
  0.999281461643365     
  0.999300265237213     
  0.999358770577894     
  0.999390798218977     
  0.999406708056108     
  0.999421796768379     
  0.999433951261394     
  0.999386166938077     
  0.999116397088680     
  0.998727440602738     
  0.998339218521909     
  0.997832228216515     
  0.997168732424046     
  0.996686301957671     
  0.996497873657362     
  0.996547994824025     
  0.996865908388121     
  0.997572760199717     
  0.998567680353519     
  0.999545756013779     
  0.999898774890922     
  0.999539395582744     
  0.998835892330148     
  0.998034991925681     
  0.997205322890613     
  0.996474369300412     
  0.995916491634336     
  0.995400548109153     
  0.994745724819932     
  0.993947153493561     
  0.993204214415307     
  0.992590678738259     
  0.992067301903629     
  0.991677946360593     
  0.991607732134307     
  0.991975612235889     
  0.992508053306118     
  0.992981695668495     
  0.993507889572871     
  0.994009317481360     
  0.994203239462031     
  0.994181495847211     
  0.994254420085874     
  0.994578783269014     
  0.995255198669660     
  0.996155586654301     
  0.997237212293029     
  0.998383479389989     
  0.999265805771154     
  0.999583067806532     
  0.999650357886997     
  0.999652100332029     
  0.999653380012883     
  0.999656819332479     
  0.999646548590986     
  0.999624694568269     
  0.999588372580222     
  0.999531342024357     
  0.999466281273330     
  0.999407213423375     
  0.999357162118105     
  0.999318645533218     
  0.999286850135580     
  0.999254003391529     
  0.999220403167928     
  0.999195535756980     
  0.999177718067453     
  0.999172319456623     
  0.999176948019281     
  0.999190943709590     
  0.999219675888408     
  0.999267130956465     
  0.999323216463972     
  0.999378546228944     
  0.999432687746514     
  0.999458781982638     
  0.999446096743265     
  0.999395834679454     
  0.999331206137283     
  0.999290785361175     
  0.999334210437239     
  0.999443968146658     
  0.999571428680670     
  0.999675427913827     
  0.999749353870304     
  0.999811606694631     
  0.999851906076235     
  0.999852144459898     
  0.999826495233810     
  0.999804447842579     
  0.999788924557016     
  0.999767810368325     
  0.999734605372804     
  0.999684948256775     
  0.999612267848324     
  0.999499799296655     
  0.999338726176791     
  0.999124601922957     
  0.998714970463501     
  0.998049256522543     
  0.997368583706305     
  0.996932619964986     
  0.996857108385074     
  0.997088211086226     
  0.997435629530121     
  0.997769550548536     
  0.998018873875471     
  0.998151183527327     
  0.998215864687315     
  0.998253739632152     
  0.998213802264707     
  0.997798416490908     
  0.997020904155944     
  0.996183026676331     
  0.995400481327869     
  0.994685605760625     
  0.994099261162980     
  0.993670815454165     
  0.993315022943859     
  0.993112276099684     
  0.993148350690550     
  0.993469635454224     
  0.993971643060358     
  0.994521666019719     
  0.995098812300768     
  0.995710308137921     
  0.996244935803799     
  0.996485469370708     
  0.996473995218699     
  0.996425269478428     
  0.996371946404975     
  0.996315281952167     
  0.996232204627145     
  0.996200010564215     
  0.996281803216910     
  0.996602151791674     
  0.997123390295438     
  0.997762175690450     
  0.998507027176928     
  0.999215624584585     
  0.999605886551252     
  0.999674072548514     
  0.999696491171053     
  0.999719230832828     
  0.999737772700275     
  0.999750678955666     
  0.999757486744428     
  0.999739070362710     
  0.999719419622066     
  0.999716813214533     
  0.999725489024341     
  0.999736902519532     
  0.999742025145776     
  0.999725538794335     
  0.999673303350371     
  0.999574977524345     
  0.999415358293441     
  0.999207277181697     
  0.998990221428496     
  0.998747952768538     
  0.998516476646167     
  0.998301770453958     
  0.998117270698702     
  0.997953454798476     
  0.997669725747555     
  0.997277942516284     
  0.997018780174926     
  0.996899120253890     
  0.996876943556539     
  0.996903098234950     
  0.996929714960014     
  0.996979476146199     
  0.997061686210282     
  0.997173004973094     
  0.997398916741698     
  0.997736935840282     
  0.998113634724950     
  0.998396184958518     
  0.998594503984702     
  0.998731629064999     
  0.998819168034023     
  0.998872174360462     
  0.998894396035635     
  0.998881366734145     
  0.998829174437420     
  0.998736077325914     
  0.998632346678512     
  0.998540512007145     
  0.998467420410547     
  0.998397390959345     
  0.998350805978287     
  0.998357181713547     
  0.998374269147724     
  0.998081978553444     
  0.997096119465144     
  0.995287115116558     
  0.992776481620762     
  0.989769686668191     
  0.986521263731599     
  0.983428768523455     
  0.980724083726840     
  0.978502318248328     
  0.976730041435314     
  0.974965394476367     
  0.972692302287337     
  0.971169736992279     
  0.970468932515396     
  0.970399765701264     
  0.970878081775461     
  0.972037952080210     
  0.973843600594127     
  0.976194199422497     
  0.978866242903462     
  0.981375816001135     
  0.983790311573029     
  0.986220570177795     
  0.988136578781311     
  0.989311299784687     
  0.989374047782259     
  0.988626536205337     
  0.987633189369231     
  0.986685764578959     
  0.985823046750973     
  0.985107266182437     
  0.984386484500944     
  0.983268122170803     
  0.981514713428999     
  0.979162046504333     
  0.976672141148078     
  0.973876416323811     
  0.971108097508882     
  0.968803261300244     
  0.967222656389544     
  0.965214280495320     
  0.962736712297621     
  0.960903808701957     
  0.959838326386722     
  0.959438230485041     
  0.959534029775141     
  0.960001609197821     
  0.960933148524200     
  0.962474764662088     
  0.964990427564473     
  0.968365947810055     
  0.972148269965530     
  0.975797692983347     
  0.978925140357893     
  0.980798188927054     
  0.981771262509760     
  0.982472338059859     
  0.983048507337914     
  0.983540075331212     
  0.983886268153918     
  0.984153887125369     
  0.984467260345453     
  0.984574617705535     
  0.984559724889110     
  0.984596554334298     
  0.984751731081882     
  0.985075580962390     
  0.985646744377958     
  0.986632544576952     
  0.987995047757122     
  0.989306254454322     
  0.990395649383979     
  0.991261094472410     
  0.991980579714011     
  0.992705600479751     
  0.993606529086585     
  0.994725027118235     
  0.995993077131298     
  0.997177762461350     
  0.998196196824953     
  0.998945938066596     
  0.999379376233642     
  0.999596146344369     
  0.999680311419452     
  0.999701433278064     
  0.999708512545632     
  0.999714725803716     
  0.999719500465524     
  0.999714670872933     
  0.999677906247801     
  0.999598344066793     
  0.999459736667401     
  0.999211550816082     
  0.998863807566544     
  0.998481192107487     
  0.998117553024574     
  0.997946328767894     
  0.998084033176827     
  0.998324749543799     
  0.998471856790693     
  0.998348916613189     
  0.997896056640568     
  0.997062575415836     
  0.996016948692515     
  0.994754915157805     
  0.993394685553709     
  0.991967971698912     
  0.990330275250087     
  0.988949391649782     
  0.987603320896194     
  0.986729319537333     
  0.986291757710302     
  0.986141850553840     
  0.986246731358348     
  0.986660466476754     
  0.987544887754174     
  0.988782894049081     
  0.990065452711126     
  0.991455583666660     
  0.993025420847823     
  0.994488483483768     
  0.995722512929308     
  0.996762602878348     
  0.997491741098078     
  0.997911766581149     
  0.998127208007786     
  0.998201077293666     
  0.998193166142467     
  0.998155776680557     
  0.998103400991641     
  0.998020701859525     
  0.997888075193944     
  0.997691848518505     
  0.997452422688607     
  0.997381491646743     
  0.997591643278537     
  0.997788083000993     
  0.997997899362700     
  0.998143505259083     
  0.997997789908553     
  0.997716892704377     
  0.997062325688457     
  0.995951445198341     
  0.993689077680252     
  0.991631277671310     
  0.989927975341319     
  0.988451645601577     
  0.987114507148886     
  0.986232446654946     
  0.985581841623440     
  0.985087331677855     
  0.984552133179099     
  0.983465112701554     
  0.982076635070416     
  0.981017717169411     
  0.980440955911019     
  0.980265258670409     
  0.980315493337234     
  0.980405295184090     
  0.980534261992385     
  0.980700438532852     
  0.980833262814070     
  0.981013982924404     
  0.981227404594051     
  0.981626722063219     
  0.982264977914348     
  0.983313708699065     
  0.984721366626049     
  0.986364750778655     
  0.988318340054031     
  0.990264610819119     
  0.991819958389718     
  0.992111097543884     
  0.992264412668785     
  0.992510534770186     
  0.992826753231365     
  0.993272496683529     
  0.993973804655894     
  0.995028616594479     
  0.996411888780631     
  0.997725506795621     
  0.998236554351042     
  0.998223337185734     
  0.998102494667451     
  0.997970290331959     
  0.997785749176937     
  0.997469097275044     
  0.996966924038721     
  0.996246015507906     
  0.995241676609990     
  0.994088939539459     
  0.992816171259534     
  0.991441667112458     
  0.990103580793891     
  0.988933986083832     
  0.987939590008021     
  0.987180474475607     
  0.986705557549698     
  0.986522298312021     
  0.986559227685870     
  0.986737077177380     
  0.987025170236080     
  0.987412248920937     
  0.987894641934691     
  0.988493647158303     
  0.989082142161696     
  0.989800245743548     
  0.990411609763386     
  0.991081129644350     
  0.991793269199771     
  0.992431612251663     
  0.992952445127291     
  0.993292628884928     
  0.993482718234848     
  0.993465742134241     
  0.993339256636630     
  0.993143905985545     
  0.992886785266245     
  0.992562236035551     
  0.992161843198157     
  0.991690658932487     
  0.991160471296003     
  0.990579035859919     
  0.989938289153401     
  0.989200215478170     
  0.988372658951024     
  0.987462350158135     
  0.986502443611303     
  0.985508338174867     
  0.984496073105602     
  0.983457187317604     
  0.982347773448317     
  0.981123278220290     
  0.979717553949160     
  0.978143026689619     
  0.976421958997662     
  0.974559412150757     
  0.972544738726526     
  0.970370613735169     
  0.968027192194067     
  0.965509953735679     
  0.962816338215233     
  0.959944803826803     
  0.956923536542494     
  0.953802102753207     
  0.950634318533938     
  0.947497812726987     
  0.944487048010180     
  0.941714460408521     
  0.939300570912084     
  0.937328915954001     
  0.935886043379474     
  0.935018731664435     
  0.934746252675239     
  0.935117027819237     
  0.936137383442856     
  0.937766926989486     
  0.939929675976961     
  0.942517281307138     
  0.945432688456119     
  0.948506884888789     
  0.951624628667718     
  0.954837037358831     
  0.958020348654280     
  0.961088262973360     
  0.963992890208428     
  0.966657350628155     
  0.969036612900282     
  0.971190455196046     
  0.973073397394518     
  0.974751251946298     
  0.976266091409472     
  0.977622499007246     
  0.978856289373808     
  0.979992965640842     
  0.981048950718920     
  0.982029820840049     
  0.982918197668234     
  0.983677307217262     
  0.984269447129993     
  0.984686727284943     
  0.985019284761983     
  0.985445668431417     
  0.985864059122029     
  0.986419990319661     
  0.987104165009793     
  0.987906536094922     
  0.988733720793953     
  0.989503524156586     
  0.990180389146765     
  0.990675484574584     
  0.990998407575476     
  0.991204170765958     
  0.991348308240250     
  0.991501881340197     
  0.991734537905024     
  0.992025954303275     
  0.992446714318150     
  0.992964680160546     
  0.993529494469907     
  0.994195805864494     
  0.994845567472825     
  0.995399137271942     
  0.995829240364738     
  0.996158695808693     
  0.996444923158935     
  0.996715028762380     
  0.996961991579946     
  0.997180369607676     
  0.997356546869502     
  0.997495365211429     
  0.997606576384735     
  0.997701022285880     
  0.997784721609376     
  0.997861771238107     
  0.997937216806985     
  0.998008107957851     
  0.998068719637268     
  0.998122805645289     
  0.998170042971906     
  0.998207127088913     
  0.998232909936698     
  0.998245459436796     
  0.998185145038074     
  0.997655839749057     
  0.995432718258092     
  0.990494978859105     
  0.984991660720047     
  0.979955046878157     
  0.975358107685933     
  0.971002833805771     
  0.967540074704723     
  0.964408382976214     
  0.961689379667010     
  0.959530394219625     
  0.958280072182521     
  0.957892058784736     
  0.957913233494845     
  0.958061259055954     
  0.958182631119747     
  0.958220381620603     
  0.958169542961878     
  0.958162021368711     
  0.958375655263558     
  0.959118670433259     
  0.960686595070913     
  0.962937124653142     
  0.965733927246992     
  0.968797784665307     
  0.972614341046776     
  0.977211677673113     
  0.981910994233889     
  0.987233311998944     
  0.992566776161822     
  0.996463355340904     
  0.997676618897554     
  0.997962306191726     
  0.998201723874735     
  0.998395990763886     
  0.998537930078744     
  0.998642909701238     
  0.998716993394382     
  0.998750750802727     
  0.998788177610343     
  0.998838601223838     
  0.998861094058576     
  0.998782971930873     
  0.998704559142588     
  0.998685308936176     
  0.998720000909044     
  0.998808522074253     
  0.998961788931368     
  0.999153744248742     
  0.999340145491682     
  0.999465637114306     
  0.999496539786063     
  0.999473516345850     
  0.999432900043041     
  0.999393914213600     
  0.999377333004630     
  0.999401698476516     
  0.999453435145855     
  0.999507260006993     
  0.999531250561854     
  0.999512085204522     
  0.999444625615049     
  0.999338936483535     
  0.999243504917076     
  0.999206512886230     
  0.999266314764199     
  0.999405706456755     
  0.999543585512466     
  0.999679688899059     
  0.999778507996321     
  0.999769124272419     
  0.999677583372139     
  0.999575206031693     
