  0.982125113489040     
  0.982549099353073     
  0.983115368387169     
  0.983617842135394     
  0.983963560157081     
  0.984376417043258     
  0.984920129184661     
  0.985604579702440     
  0.986402594449295     
  0.987285112317749     
  0.988182946626218     
  0.988984347285058     
  0.989615403805600     
  0.989968696338745     
  0.990093399291832     
  0.990136658870922     
  0.990167268921494     
  0.990168076283253     
  0.990184954459853     
  0.990234868513203     
  0.990281476295142     
  0.990318042467435     
  0.990364774286880     
  0.990418645884625     
  0.990481299111600     
  0.990566836959684     
  0.990676674852532     
  0.990808412538174     
  0.990957985783474     
  0.991129298803748     
  0.991299965399883     
  0.991459969133743     
  0.991632201332213     
  0.991811456248338     
  0.992000978946914     
  0.992213078372854     
  0.992491846908654     
  0.992860969116246     
  0.993299595053495     
  0.993853783170498     
  0.994524165196572     
  0.995293454934012     
  0.996137058860063     
  0.996992941615561     
  0.997778601850905     
  0.998391770624782     
  0.998696979549111     
  0.998789913336287     
  0.998847325842670     
  0.998891309947603     
  0.998918475338848     
  0.998921203495858     
  0.998904492495091     
  0.998876266552271     
  0.998849945949942     
  0.998832803838920     
  0.998820270846911     
  0.998801810721300     
  0.998789175333936     
  0.998757452519816     
  0.998718866659341     
  0.998676263944992     
  0.998631191537367     
  0.998583337396485     
  0.998531422064981     
  0.998472341450389     
  0.998399157535785     
  0.998303626313370     
  0.998180577118628     
  0.998045691849346     
  0.997909664192311     
  0.997788311367871     
  0.997695672148738     
  0.997655735090827     
  0.997680907722970     
  0.997730191452199     
  0.997786393589570     
  0.997839166249493     
  0.997871678742347     
  0.997882633761606     
  0.997870632985280     
  0.997810347229025     
  0.997743926406079     
  0.997672851088334     
  0.997603802325587     
  0.997537023591743     
  0.997472897486599     
  0.997412659677874     
  0.997355693516402     
  0.997299526369439     
  0.997244137064540     
  0.997188242318495     
  0.997134810868395     
  0.997093306103962     
  0.997051537537208     
  0.996936440398972     
  0.996601230728600     
  0.996076073568864     
  0.995433959497580     
  0.994748227154072     
  0.994073374177638     
  0.993369106669315     
  0.992556291095444     
  0.991640155430149     
  0.990688265487956     
  0.989792982724760     
  0.989110233479405     
  0.988568288529636     
  0.988139964483992     
  0.987809630135045     
  0.987561512359380     
  0.987308593899176     
  0.986943075948813     
  0.986464847565741     
  0.985821131492317     
  0.985009157391854     
  0.983977776053217     
  0.982802498074099     
  0.981541103920662     
  0.980280043316794     
  0.979057862473835     
  0.977876243642917     
  0.976750334905110     
  0.975684262381727     
  0.974677470883459     
  0.973808528586897     
  0.973074567641565     
  0.972316412305346     
  0.971403381565206     
  0.970307145520370     
  0.969002959860603     
  0.967438032905910     
  0.965608517696669     
  0.963566239645010     
  0.961334701908228     
  0.958959848996147     
  0.956540815913852     
  0.954205408780707     
  0.951954968102784     
  0.949793536572380     
  0.947757446297621     
  0.945702556340497     
  0.943303031172317     
  0.940241400907944     
  0.936451699878412     
  0.932069466553860     
  0.927258719243042     
  0.922574570835388     
  0.917283638911491     
  0.911783737059327     
  0.906090911657209     
  0.900327393967842     
  0.894582340595588     
  0.888856268047587     
  0.883140696690985     
  0.877472040611719     
  0.871836542831526     
  0.866349279884540     
  0.861254245642552     
  0.856659288100144     
  0.852695002609054     
  0.849402563063333     
  0.846689755802135     
  0.844543214400135     
  0.842912316947589     
  0.841704058781053     
  0.840826523361593     
  0.840325937644957     
  0.840123580687080     
  0.840245541022304     
  0.840780645545342     
  0.841802698972563     
  0.843450825830283     
  0.845755776315970     
  0.848571533263969     
  0.851906181075244     
  0.855715549937663     
  0.859975297581600     
  0.864661701826209     
  0.869729375975620     
  0.875101298528384     
  0.880727082459236     
  0.886581287834117     
  0.892687036302555     
  0.898987162766040     
  0.905412411552603     
  0.911864946591687     
  0.918303135686823     
  0.924703661974940     
  0.931056560533681     
  0.937343632956937     
  0.943493730661536     
  0.949509148040693     
  0.955355216915073     
  0.961012871007170     
  0.966403098851989     
  0.971372410720197     
  0.975687154209458     
  0.979220897675281     
  0.982003439560063     
  0.984171595912694     
  0.985657791692290     
  0.987095946241513     
  0.988324403205309     
  0.989382105806804     
  0.990291083411090     
  0.991081253492793     
  0.991774117974438     
  0.992375580233925     
  0.992844412718807     
  0.993001831138872     
  0.992843911643753     
  0.992623632760765     
  0.992435719885888     
  0.992279215779843     
  0.992148467917163     
  0.992036495902839     
  0.991927105577131     
  0.991821501336851     
  0.991516808735635     
  0.990735524262693     
  0.989647869934402     
  0.988117483427039     
  0.986502218847432     
  0.984922338476030     
  0.983379723534546     
  0.981898583514807     
  0.980477482110069     
  0.979139987700708     
  0.977909796782111     
  0.976857962855113     
  0.976043795339798     
  0.975210852401636     
  0.974419139460944     
  0.973673193187323     
  0.973022398505402     
  0.972450494024431     
  0.972056443105410     
  0.971965773114785     
  0.971682780463178     
  0.971391001078479     
  0.971153151083714     
  0.971005623701038     
  0.970944720669127     
  0.970956377914894     
  0.971053479546247     
  0.971250181261548     
  0.971498532319106     
  0.971744708162312     
  0.972099200154411     
  0.972472487420428     
  0.972870537447447     
  0.973334644299026     
  0.973857871348243     
  0.974390631653456     
  0.974936319049022     
  0.975560508079729     
  0.976254613563368     
  0.977019234760793     
  0.977845002085746     
  0.978776098804381     
  0.979805138564248     
  0.980941508167075     
  0.982216815147096     
  0.983599080939866     
  0.985025650363356     
  0.986315608974237     
  0.987539656383704     
  0.988802818929670     
  0.990065409438705     
  0.991365850588138     
  0.992724644930807     
  0.994107478945065     
  0.995477263315800     
  0.996840068355020     
  0.997933005394537     
  0.998523872413378     
  0.998594610423390     
  0.998359689149018     
  0.998107648939805     
  0.997864250714876     
  0.997633467748696     
  0.997439495835779     
  0.997305618630696     
  0.997223280945071     
  0.997122901489478     
  0.996974027879154     
  0.996850676814313     
  0.996758189998283     
  0.996689274010903     
  0.996639288176553     
  0.996611994940383     
  0.996593425128900     
  0.996560545797787     
  0.996505357816765     
  0.996483705988844     
  0.996504514964958     
  0.996545961157062     
  0.996594361629424     
  0.996640087303103     
  0.996675820041819     
  0.996691725515217     
  0.996687014275949     
  0.996670415065449     
  0.996640573103518     
  0.996597385573997     
  0.996535728781527     
  0.996453987890495     
  0.996349376248217     
  0.996217688791006     
  0.996063319942700     
  0.995881812329527     
  0.995671793978284     
  0.995435166980864     
  0.995178675714261     
  0.994913131268019     
  0.994667714053900     
  0.994483680146059     
  0.994376869553381     
  0.994319422653702     
  0.994337866396283     
  0.994459503195142     
  0.994670061786067     
  0.994923450490547     
  0.995198390773605     
  0.995492657944100     
  0.995791204303307     
  0.996065989028251     
  0.996330566804207     
  0.996619454099115     
  0.996926454046187     
  0.997186521083028     
  0.997438293191510     
  0.997712845004872     
  0.998009124082121     
  0.998322688263352     
  0.998640665768122     
  0.998942719004153     
  0.999203772283670     
  0.999360810166834     
  0.999400761078829     
  0.999402443032471     
  0.999392930135664     
  0.999380387039630     
  0.999363827684415     
  0.999342184676948     
  0.999319640973728     
  0.999297315753792     
  0.999277188546041     
  0.999266313565119     
  0.999271855109444     
  0.999288510604078     
  0.999309154719727     
  0.999326641358472     
  0.999347930925553     
  0.999377814025882     
  0.999409677114978     
  0.999440906185492     
  0.999473589163719     
  0.999506722414631     
  0.999537366632061     
  0.999562827409452     
  0.999578346416874     
  0.999541222146231     
  0.999408441875963     
  0.999223066054002     
  0.999007873199795     
  0.998785598480155     
  0.998575250044616     
  0.998387318714243     
  0.998230107728213     
  0.998121448920718     
  0.998068811083206     
  0.998066114710666     
  0.998093171667785     
  0.998137531185630     
  0.998135384998846     
  0.998046324683890     
  0.997900041806061     
  0.997704617084837     
  0.997487436985800     
  0.997269642569711     
  0.997063190393708     
  0.996879142872696     
  0.996723946265987     
  0.996612193512280     
  0.996553787528039     
  0.996548614387338     
  0.996573242744375     
  0.996604492385027     
  0.996622570432327     
  0.996593947251539     
  0.996532996038896     
  0.996469752744386     
  0.996428074570161     
  0.996409759521778     
  0.996403934083249     
  0.996389321272828     
  0.996361277842060     
  0.996316615206655     
  0.996253603898905     
  0.996180612328536     
  0.996099885084723     
  0.996029098596593     
  0.995984518593484     
  0.995971647486532     
  0.996008539198477     
  0.996089799907018     
  0.996202076390667     
  0.996332097525210     
  0.996475631898007     
  0.996627820512966     
  0.996784400341910     
  0.996957960337434     
  0.997145018328654     
  0.997329759626142     
  0.997496996230888     
  0.997640507363328     
  0.997738089702205     
  0.997790494271776     
  0.997852869420681     
  0.997942285149760     
  0.998065233603335     
  0.998199488178041     
  0.998342996848374     
  0.998496755855434     
  0.998654866030717     
  0.998821550930146     
  0.998983495909985     
  0.999096149442350     
  0.999107036622522     
  0.999029242919700     
  0.998889577902711     
  0.998757704331586     
  0.998639218778180     
  0.998524168715560     
  0.998416424735229     
  0.998320238725636     
  0.998230367345805     
  0.998139003918676     
  0.998048307992120     
  0.997963685255079     
  0.997886386149425     
  0.997833820494730     
  0.997807341006178     
  0.997806811168395     
  0.997834604175146     
  0.997872585083179     
  0.997917334520188     
  0.997967139877435     
  0.998015342262850     
  0.998064172344038     
  0.998117217820092     
  0.998177372374144     
  0.998242879566205     
  0.998310112514817     
  0.998367306228989     
  0.998406443037401     
  0.998415374515245     
  0.998387600486482     
  0.998309001848793     
  0.998163731231780     
  0.997957825237926     
  0.997674223788421     
  0.997281024659094     
  0.996759113090626     
  0.996129409960441     
  0.995385464864360     
  0.994478257841966     
  0.993183525810507     
  0.991779826464413     
  0.990463923235923     
  0.989250464844560     
  0.988145025805542     
  0.987159836187912     
  0.986277713779255     
  0.985496614477315     
  0.984833180358152     
  0.984298771534208     
  0.983916302424374     
  0.983646920440931     
  0.983470412821109     
  0.983325761850173     
  0.983089227725468     
  0.982772652746493     
  0.982431161905589     
  0.982135836907001     
  0.981911380691620     
  0.981741916841702     
  0.981630653651294     
  0.981560026663907     
  0.981519219019938     
  0.981485447109021     
  0.981534430976249     
  0.981664805230395     
  0.981797535579299     
  0.981879004467268     
  0.981882186730543     
  0.981746960525084     
  0.981439858872963     
  0.980975372301116     
  0.980443364188927     
  0.979873695706271     
  0.979238013599335     
  0.978586291110666     
  0.977980856524071     
  0.977386859509757     
  0.976772262591532     
  0.976130579105321     
  0.975500620225205     
  0.974901828801025     
  0.974339313304958     
  0.973868628886317     
  0.973535131142089     
  0.973328183943969     
  0.973209435455461     
  0.973159944011294     
  0.973225253547451     
  0.973407449435802     
  0.973702567012057     
  0.974149910401025     
  0.974755976613274     
  0.975495720657581     
  0.976341848553095     
  0.976995753238498     
  0.977570349897573     
  0.978262603733938     
  0.979079375194123     
  0.980002718046671     
  0.981037690592913     
  0.982115927311644     
  0.983154232559431     
  0.984165602270539     
  0.985145937998099     
  0.986038701511117     
  0.986893032572537     
  0.987744622963673     
  0.988532972755271     
  0.989154021843768     
  0.989668814400874     
  0.990213486758741     
  0.990785013850396     
  0.991340079999756     
  0.991885208486260     
  0.992420356514099     
  0.992941332790121     
  0.993450157730544     
  0.993972344133119     
  0.994534097365734     
  0.995071711498612     
  0.995555734762361     
  0.995997934031130     
  0.996403606622503     
  0.996769805367278     
  0.997086155791503     
  0.997361322595697     
  0.997607380596300     
  0.997804160217530     
  0.997956651143987     
  0.998096704285821     
  0.998223776152951     
  0.998322527124840     
  0.998377739220498     
  0.998381735817982     
  0.998292973552993     
  0.997973549915213     
  0.997571692255215     
  0.996992657293675     
  0.996407567319561     
  0.995875438900123     
  0.995410815170065     
  0.995019786504320     
  0.994698565765621     
  0.994428693437503     
  0.994200218544674     
  0.993971984340298     
  0.993759859222575     
  0.993570385490407     
  0.993406252483269     
  0.993265900652535     
  0.993144509608768     
  0.993038562530159     
  0.992950500971309     
  0.992894465295584     
  0.992890066529654     
  0.992941269129627     
  0.993040769567772     
  0.993157370734738     
  0.993156621744317     
  0.992993026335000     
  0.992978269741930     
  0.993078525558717     
  0.993338383149899     
  0.993720462726266     
  0.994176634429859     
  0.994622224474392     
  0.994996842423728     
  0.995315098369592     
  0.995579285148104     
  0.995701224872398     
  0.995649542369655     
  0.995209384273140     
  0.994720524407582     
  0.994240418684272     
  0.993764493067674     
  0.993310751692150     
  0.992858461758446     
  0.992403894616167     
  0.991986091585673     
  0.991567754612307     
  0.991028022022129     
  0.990379370818676     
  0.989708709317922     
  0.989059179337904     
  0.988469814508042     
  0.987983777927293     
  0.987634130576862     
  0.987399278655696     
  0.987321994629047     
  0.987364775726435     
  0.987352151459172     
  0.987327254373248     
  0.987186775969916     
  0.986952471687885     
  0.986706381488874     
  0.986497183043867     
  0.986367131815125     
  0.986329281595986     
  0.986259984705801     
  0.986253623529077     
  0.986291222843323     
  0.986317936707819     
  0.986334909168387     
  0.986356353606909     
  0.986408024535240     
  0.986503791739414     
  0.986638815983155     
  0.986807787414739     
  0.987012374349783     
  0.987242409119551     
  0.987484819829357     
  0.987741518673144     
  0.988021018335782     
  0.988313733420956     
  0.988613659631670     
  0.988944731354982     
  0.989330493627634     
  0.989719384346237     
  0.990110482880199     
  0.990527544380604     
  0.990985901605362     
  0.991481770837802     
  0.992023750738464     
  0.992529291637053     
  0.992922045061887     
  0.992974185599154     
  0.992738603931481     
  0.992540079490576     
  0.992403678771708     
  0.992341360860303     
  0.992352316255630     
  0.992442625480477     
  0.992597151408105     
  0.992788032543808     
  0.992921912162205     
  0.992864198222738     
  0.992719506522452     
  0.992572075875666     
  0.992431629230285     
  0.992304223857169     
  0.992194815226237     
  0.992101190689595     
  0.992017858780655     
  0.991950879841294     
  0.991899283250934     
  0.991855990744996     
  0.991823442694521     
  0.991794230738601     
  0.991773679829835     
  0.991751900199322     
  0.991733402211762     
  0.991724793149492     
  0.991717121410036     
  0.991705105777896     
  0.991692832585883     
  0.991676466658494     
  0.991637341610431     
  0.991550139282759     
  0.991414185454765     
  0.991218936895615     
  0.990960911930983     
  0.990656596550544     
  0.990303343553579     
  0.989882291114374     
  0.989392769658401     
  0.988818855872977     
  0.988156195765146     
  0.987405850046750     
  0.986570269138597     
  0.985653292748989     
  0.984657407065096     
  0.983578703082173     
  0.982413142076871     
  0.981161080705492     
  0.979787975279696     
  0.978322283718352     
  0.976779822813236     
  0.975175272276244     
  0.973523989647796     
  0.971841302721197     
  0.970139745469700     
  0.968433274414025     
  0.966744671217223     
  0.965092568283367     
  0.963497043749820     
  0.961978666825694     
  0.960554825433796     
  0.959247528738134     
  0.958076907142183     
  0.957061729734075     
  0.956217956901126     
  0.955557971531003     
  0.955089709282144     
  0.954819949816268     
  0.954748698864411     
  0.954851750045597     
  0.955156351891225     
  0.955660156429883     
  0.956352098360167     
  0.957219177697563     
  0.958247974526560     
  0.959405407450443     
  0.960661754498377     
  0.962060930495399     
  0.963561917997580     
  0.965130802087906     
  0.966743559498747     
  0.968374105585706     
  0.970007911378437     
  0.971623475817453     
  0.973196580800318     
  0.974709277642034     
  0.976145705138683     
  0.977496712427549     
  0.978769879958926     
  0.979986971269794     
  0.981131114903583     
  0.982198344897473     
  0.983186012612021     
  0.984098208514340     
  0.984947897403668     
  0.985744323347665     
  0.986494461320566     
  0.987199159842229     
  0.987776786783148     
  0.988424324456330     
  0.989032179450498     
  0.989594143674320     
  0.990114469249536     
  0.990585752883829     
  0.991027030872553     
  0.991449738765830     
  0.991850243389382     
  0.992229930278393     
  0.992592964287543     
  0.992932467302687     
  0.993250118497079     
  0.993553149859258     
  0.993834941220390     
  0.994091591256231     
  0.994327153068352     
  0.994555984510140     
  0.994794566701467     
  0.995048217571207     
  0.995311819463826     
  0.995584459320566     
  0.995854599757782     
  0.996119887681581     
  0.996385235120609     
  0.996640910471693     
  0.996874978491131     
  0.997071450538189     
  0.997131687918661     
  0.996860106525285     
  0.995812087693840     
  0.994336619774698     
  0.992756750975389     
  0.991193995321919     
  0.989687045870345     
  0.988267092971015     
  0.986928485720456     
  0.985669871351830     
  0.984427660988833     
  0.983240188010392     
  0.982186270330486     
  0.981127717021955     
  0.980045611168882     
  0.978981281725558     
  0.978006674856662     
  0.977200865318419     
  0.976563524166207     
  0.976139297992141     
  0.975878810597796     
  0.975707866594502     
  0.975565017714778     
  0.975421730162681     
  0.975271094015729     
  0.975142062559044     
  0.975087572422790     
  0.975040751892624     
  0.975177108405047     
  0.975366597687745     
  0.975441515982707     
  0.975552463407251     
  0.975556394284536     
  0.975497223284036     
  0.975479665432070     
  0.975567999997494     
  0.975755696636564     
  0.976048719468081     
  0.976467648127518     
  0.977064795997616     
  0.977802401445361     
  0.978644941744744     
  0.979589903012383     
  0.980563948673746     
  0.981550812364237     
  0.982521501364597     
  0.983541006058657     
  0.984713905452646     
  0.985938667775556     
  0.987251362348988     
  0.988704810315018     
  0.990338297023175     
  0.992114254695286     
  0.993990150055424     
  0.995874137594961     
  0.997494733254843     
  0.998487392577550     
  0.998738821709208     
  0.998828962377447     
  0.998895705417840     
  0.998953330975770     
  0.999010547658820     
  0.999073013148255     
  0.999140503551491     
  0.999211533700364     
  0.999285086835372     
  0.999357971257365     
  0.999412762663518     
  0.999444856077936     
  0.999465523371761     
  0.999481431862738     
  0.999496274830771     
  0.999512184661580     
  0.999525815583503     
  0.999533456196369     
  0.999530675698170     
  0.999519343268394     
  0.999496420941429     
  0.999463254192632     
  0.999420768347272     
  0.999369849079197     
  0.999316812735021     
  0.999261707160322     
  0.999211223368002     
  0.999150885440859     
  0.999084336889235     
