  0.982060389278532     
  0.982431995558751     
  0.982868065730659     
  0.983045864838995     
  0.983547592663647     
  0.984052092358096     
  0.984308159329854     
  0.985018655541633     
  0.985484803566269     
  0.985950417374234     
  0.986856624781511     
  0.987324587734751     
  0.987612327535820     
  0.989099038410710     
  0.988399642440718     
  0.989388673567285     
  0.991124799742085     
  0.988875780374717     
  0.993144675687583     
  0.990469477530922     
  0.991992145841922     
  0.992976895062564     
  0.991692172885268     
  0.992982650065090     
  0.992748388113873     
  0.992242341246405     
  0.992967503527787     
  0.992517699965231     
  0.992501493375429     
  0.992818878423014     
  0.992492381757577     
  0.992628833039040     
  0.992674204434856     
  0.992655445376616     
  0.992854106109648     
  0.992954491944557     
  0.993136311091714     
  0.993364992336326     
  0.993559083006996     
  0.993863246364844     
  0.994003330803467     
  0.994354941059054     
  0.994739889102514     
  0.994874777993974     
  0.995372980880348     
  0.995662231211183     
  0.995919228819245     
  0.996376725819411     
  0.996790603137196     
  0.997069222504472     
  0.997567617372963     
  0.997956608766329     
  0.998093447004921     
  0.998631631775222     
  0.998562277135335     
  0.998910604755074     
  0.998872103174680     
  0.998679084998808     
  0.998965012080879     
  0.998647497346479     
  0.998804766121908     
  0.998699927912932     
  0.998715982172000     
  0.998614512013211     
  0.998610423927070     
  0.998613914029399     
  0.998501114438788     
  0.998505713027997     
  0.998402544645015     
  0.998352782276185     
  0.998289074427926     
  0.998153864480904     
  0.997940504294285     
  0.997875431749620     
  0.997689058351377     
  0.997510584999110     
  0.997573762491071     
  0.997188955054683     
  0.997384923082649     
  0.997277806384700     
  0.997177119698351     
  0.997423910494380     
  0.997199804598302     
  0.997424202707533     
  0.997440932568331     
  0.997310143531906     
  0.997514632536617     
  0.997191626682412     
  0.997129392626525     
  0.996866134345892     
  0.996491734226040     
  0.996287896083670     
  0.995571686588102     
  0.995377416476166     
  0.994775166364847     
  0.994063744104454     
  0.993603404097784     
  0.992790742273756     
  0.992095706011780     
  0.991650737055265     
  0.990755688231775     
  0.990568080728674     
  0.990342770954209     
  0.989434157048773     
  0.989628607388030     
  0.989293928807572     
  0.988277403060474     
  0.988505084197802     
  0.987836792654661     
  0.986739382918802     
  0.986515292422126     
  0.985586264295655     
  0.984941517676697     
  0.984248966275312     
  0.983362323384446     
  0.983113645478535     
  0.981797285627667     
  0.981600385386922     
  0.980608634148431     
  0.979409899868502     
  0.980087487284548     
  0.976755105117176     
  0.979049749828679     
  0.975024755644799     
  0.976384586233964     
  0.973386187213289     
  0.973683640184597     
  0.970926102375470     
  0.970725444006032     
  0.968622418716348     
  0.966335760657322     
  0.966383222964169     
  0.962232245601266     
  0.962282235780593     
  0.958363397719066     
  0.955556893586230     
  0.953416422677254     
  0.948090731030254     
  0.946915638313737     
  0.939476937332291     
  0.939754087647295     
  0.932364640901353     
  0.931240614182174     
  0.924848326552705     
  0.922314897140913     
  0.918297332619690     
  0.914232314463592     
  0.911519731799571     
  0.907384199582156     
  0.904661641784447     
  0.900694698995743     
  0.897860071094466     
  0.894878447879668     
  0.891387281017650     
  0.889661146630178     
  0.885661152422276     
  0.884622035006087     
  0.881034177502373     
  0.879619821853537     
  0.877276934261193     
  0.875146674209411     
  0.874245276591811     
  0.872329821278952     
  0.871446435021239     
  0.870945452686588     
  0.869786066050682     
  0.870152454511394     
  0.870025277701957     
  0.869903675316052     
  0.871107496498607     
  0.871451389419394     
  0.872214052450235     
  0.873884954965026     
  0.874986909095689     
  0.876552702898358     
  0.878682169355764     
  0.880375419817100     
  0.882571385002277     
  0.885096400059056     
  0.887323482004910     
  0.890261453964189     
  0.893192093579324     
  0.896139999087240     
  0.899718718749287     
  0.903052073255977     
  0.906712264730112     
  0.910611601775695     
  0.914376129022993     
  0.918536114109105     
  0.922556702871461     
  0.926603814192398     
  0.930773868791944     
  0.934761947351590     
  0.938853719811887     
  0.942851872255096     
  0.946777625927020     
  0.950652865823944     
  0.954398921282451     
  0.958083230439175     
  0.961699072405864     
  0.965218589886908     
  0.967924669725598     
  0.971047818753299     
  0.973985003237246     
  0.976687686204398     
  0.979438599912335     
  0.981771041641644     
  0.983777235385555     
  0.985476231256489     
  0.986553754064234     
  0.987076087868267     
  0.987458724077475     
  0.987053455113782     
  0.986881489218606     
  0.986475499757236     
  0.985861408771014     
  0.985562775013844     
  0.984846137405806     
  0.984440960562684     
  0.983494472397400     
  0.983240487571564     
  0.982337434730261     
  0.981995638759198     
  0.981293919442346     
  0.980731546091435     
  0.980357866914733     
  0.979792193671191     
  0.979674623201970     
  0.978361099814642     
  0.979117881761957     
  0.978124368193106     
  0.977367209578145     
  0.978849957839631     
  0.976598697394954     
  0.977243455408150     
  0.977634442810167     
  0.975205633396932     
  0.978242600484288     
  0.976596758439372     
  0.975153541820713     
  0.977323161405235     
  0.976137523007444     
  0.975626553939179     
  0.976579736593276     
  0.976667716580795     
  0.975003530614116     
  0.977326204120893     
  0.976801002199327     
  0.974519431845258     
  0.980232472064524     
  0.974529237982772     
  0.977932076505989     
  0.978280438073445     
  0.976774533838417     
  0.978310794152664     
  0.978833766340950     
  0.978064079729608     
  0.979252002796325     
  0.979798618637046     
  0.979350423103174     
  0.980404032987627     
  0.980778747028832     
  0.980643208478257     
  0.982051848078873     
  0.981793720201658     
  0.982540319062314     
  0.983732538554180     
  0.983075946622513     
  0.984561016696748     
  0.984928225465949     
  0.985082918697310     
  0.986682463458425     
  0.986781942931184     
  0.988282976619269     
  0.988747784466035     
  0.989986281000604     
  0.989985888034495     
  0.991172032439758     
  0.991162408844691     
  0.992292490086084     
  0.992806045753681     
  0.993193306970349     
  0.994246826000497     
  0.994986773644104     
  0.995546797612679     
  0.996406809739430     
  0.996689112985983     
  0.996716214602541     
  0.996847286993610     
  0.996883740891871     
  0.996812341421314     
  0.996954371708323     
  0.996858844337420     
  0.996950900792683     
  0.997098443638960     
  0.996950369825165     
  0.997050695429190     
  0.997381539533690     
  0.996898726454094     
  0.997346411538658     
  0.997251447551063     
  0.997271231193480     
  0.997211048026451     
  0.997539880807460     
  0.997234278210896     
  0.997341745295619     
  0.997208071872975     
  0.997383050819004     
  0.996984666707434     
  0.997409493221263     
  0.996857311909771     
  0.997001845803252     
  0.997292303821173     
  0.996181055412051     
  0.997350414691964     
  0.996285735044517     
  0.996556493576016     
  0.996506588914663     
  0.995959892860471     
  0.996258527189269     
  0.995924701598718     
  0.995653552260621     
  0.995820881030826     
  0.995598983939196     
  0.995524798860537     
  0.995662819714308     
  0.995636310290852     
  0.995753526877251     
  0.995911357820565     
  0.996045081734160     
  0.996259706177127     
  0.996337992075237     
  0.996620718814579     
  0.996829727695797     
  0.996952091777544     
  0.997239129753990     
  0.997414594815366     
  0.997671429233264     
  0.997817497194425     
  0.997990988515993     
  0.998222931151279     
  0.998310194270694     
  0.998454943677536     
  0.998667806241675     
  0.998837290740933     
  0.998906962078879     
  0.999113421868796     
  0.999247635525498     
  0.999258072953060     
  0.999368456741709     
  0.999331555262588     
  0.999373560033940     
  0.999409979275601     
  0.999340821167347     
  0.999412802901168     
  0.999332053462309     
  0.999270833489321     
  0.999197985592983     
  0.999111343236849     
  0.998943240463419     
  0.998894022869185     
  0.998768880274337     
  0.998663930215316     
  0.998601465651313     
  0.998546114101370     
  0.998388369409474     
  0.998499858924267     
  0.998301258421264     
  0.998397615378095     
  0.998281058599834     
  0.998135218279928     
  0.998223322467418     
  0.997987742595582     
  0.997937678365005     
  0.997978882311856     
  0.997732590960074     
  0.997703934523010     
  0.997739244286768     
  0.997482735883743     
  0.997497822336863     
  0.997495478960116     
  0.997229992506139     
  0.997471644076394     
  0.997264909904327     
  0.997079375683444     
  0.997582838654656     
  0.996820117252120     
  0.997396939399007     
  0.997453312658500     
  0.996571978609336     
  0.997637576371866     
  0.996609578000447     
  0.997544650051303     
  0.997332239918257     
  0.996775542876222     
  0.997607219167631     
  0.997047740750040     
  0.997067012966833     
  0.997579028402640     
  0.996860198731901     
  0.997289929843426     
  0.997554659652931     
  0.996516751054302     
  0.997940669177000     
  0.996414004129389     
  0.997497023907024     
  0.997025350633703     
  0.996759549063473     
  0.997169693561338     
  0.996870852353045     
  0.996842469340714     
  0.997024811496209     
  0.996908730995002     
  0.996989156277251     
  0.997148076095511     
  0.997122606649609     
  0.997260115197263     
  0.997350726220186     
  0.997407696745735     
  0.997503787036154     
  0.997601891448738     
  0.997629785048498     
  0.997686914174349     
  0.997729682837584     
  0.997750304564063     
  0.997775661228850     
  0.997771975777729     
  0.997772292746674     
  0.997824082625697     
  0.997832390399308     
  0.997864923436089     
  0.997861555566061     
  0.997898175700881     
  0.997921095361725     
  0.998012705902946     
  0.997990732029538     
  0.998130877257212     
  0.998151130431176     
  0.998211167225669     
  0.998194145824632     
  0.998293522879233     
  0.998225924253983     
  0.998412411877095     
  0.998233738345803     
  0.998305849352322     
  0.998322108430104     
  0.998364036375684     
  0.998292455162031     
  0.998537055072818     
  0.998155683164610     
  0.998390238767450     
  0.998584474689462     
  0.997969145211435     
  0.998426047254743     
  0.998354370555362     
  0.997685405226937     
  0.998332469248265     
  0.997428038513850     
  0.997713387525828     
  0.997321819980312     
  0.996391684323595     
  0.996311132598793     
  0.995394413883812     
  0.994553818323568     
  0.994199697885040     
  0.993432693750226     
  0.992619162697455     
  0.992239951169281     
  0.991665799351383     
  0.990890504047383     
  0.990588923135835     
  0.990057735227090     
  0.989629388544946     
  0.989085583084811     
  0.988896922211885     
  0.988126772770231     
  0.987910681851230     
  0.987310414925033     
  0.986782405658837     
  0.986731995938231     
  0.985824251810639     
  0.985669698152056     
  0.985656612714054     
  0.984671846070221     
  0.984928137750842     
  0.984828392811395     
  0.983732514519897     
  0.984707529554295     
  0.984008951523868     
  0.983119651367157     
  0.984378916891083     
  0.983692206634541     
  0.981890591167460     
  0.983993824052595     
  0.982349909160523     
  0.980771773984162     
  0.984033084501090     
  0.978536215805229     
  0.982388393259934     
  0.981269491325762     
  0.979098620837695     
  0.981464784804385     
  0.980387423652563     
  0.979330620487809     
  0.980911858017257     
  0.979936467756796     
  0.979105915083172     
  0.980659346689484     
  0.979001919462150     
  0.979085268743600     
  0.980479990612031     
  0.977591962019214     
  0.980397273566589     
  0.978306382502363     
  0.978781572130098     
  0.979001755330122     
  0.978532137372492     
  0.978802730238959     
  0.978973681591051     
  0.978569814530185     
  0.979148753526778     
  0.979033660929758     
  0.979254430686912     
  0.979428628051193     
  0.979933661620579     
  0.979907706537279     
  0.980655358910430     
  0.981097305768886     
  0.981361525002656     
  0.982316657097740     
  0.982855561050872     
  0.983634097890425     
  0.984660843433113     
  0.985286821847626     
  0.986225339601700     
  0.986740714188255     
  0.987488155536102     
  0.988044472679778     
  0.988904632726343     
  0.989131465696016     
  0.990146823035969     
  0.990275417703122     
  0.991237713201051     
  0.991653910192220     
  0.992234293242677     
  0.992783613664783     
  0.993262856699758     
  0.993655387177982     
  0.994032544468829     
  0.994278039009192     
  0.994618449859987     
  0.994900618701996     
  0.995103011191646     
  0.995413077835329     
  0.995774925896150     
  0.995691860726437     
  0.996132565546845     
  0.996127989946354     
  0.996046717053336     
  0.996206153632656     
  0.996045838312408     
  0.996089773018644     
  0.996191930942622     
  0.995953523127240     
  0.995880969393804     
  0.995823654176395     
  0.995527333857373     
  0.995751677308655     
  0.995172155037537     
  0.995314448979860     
  0.995559628313928     
  0.994465289574932     
  0.995438660304584     
  0.994392468683553     
  0.994780318676195     
  0.994775561072629     
  0.994329592597641     
  0.994321335542878     
  0.994626715720519     
  0.993853978640181     
  0.994867397109275     
  0.993760547964969     
  0.994075100220913     
  0.994829636066144     
  0.993276113638265     
  0.994360921781350     
  0.994583304837425     
  0.993026113943159     
  0.994396694129112     
  0.994896550039556     
  0.992345048634150     
  0.994595300621371     
  0.993524520038544     
  0.991157423940563     
  0.993973465184418     
  0.990988201710557     
  0.991295734575274     
  0.992930237741602     
  0.990222838522828     
  0.991498346690529     
  0.991773681147423     
  0.990307603707239     
  0.991235788764593     
  0.991145440844020     
  0.989985882711378     
  0.990851944294561     
  0.990537272589633     
  0.989414991418165     
  0.990600350929351     
  0.989630518675447     
  0.989290288398117     
  0.990191875309054     
  0.988698703829824     
  0.989538333086826     
  0.989408412944793     
  0.988754439924559     
  0.988858898459635     
  0.988880216183263     
  0.988338890031174     
  0.988624612274437     
  0.988796393454449     
  0.987072186233783     
  0.989692890683489     
  0.987584850823093     
  0.986945279605762     
  0.991046605777360     
  0.985499162161574     
  0.990085798936098     
  0.988790913160449     
  0.987501949030177     
  0.990357965289155     
  0.987970471634661     
  0.989392830917541     
  0.989326030858460     
  0.988622441739275     
  0.989413354514703     
  0.988824830938895     
  0.989578870927990     
  0.988495866664258     
  0.989993430957289     
  0.988750671042409     
  0.989298310330924     
  0.989554905932509     
  0.989044682341844     
  0.989529958168500     
  0.989306480115167     
  0.989498498608372     
  0.989355373102621     
  0.989429783060796     
  0.989365833408681     
  0.989297418243809     
  0.989740272663526     
  0.989226522083845     
  0.989932620787626     
  0.989610207563749     
  0.989942794378837     
  0.990053853426518     
  0.990222471645170     
  0.990529004479107     
  0.990908369816027     
  0.991073521718739     
  0.991599551724856     
  0.992050629325683     
  0.992116627289359     
  0.992572729783707     
  0.992841957562683     
  0.992361624468432     
  0.992938333959900     
  0.992936058693336     
  0.992753144587607     
  0.993304158775297     
  0.993068277227830     
  0.993328199452355     
  0.993445493702366     
  0.993202551750281     
  0.993303857362160     
  0.993197168156809     
  0.992876708580565     
  0.992940616830402     
  0.992725287323761     
  0.992495630899182     
  0.992438392292976     
  0.992190289960806     
  0.991941353646702     
  0.991816883375911     
  0.991512596119942     
  0.991353071585796     
  0.991031291620745     
  0.990767937697158     
  0.990417756038352     
  0.990144973328566     
  0.989703752106898     
  0.989345482385743     
  0.988794845563655     
  0.988269023128215     
  0.987666436203517     
  0.986977202985991     
  0.986308167690405     
  0.985532811156568     
  0.984708332978172     
  0.983847870530342     
  0.982896221471343     
  0.981907504629288     
  0.980876865665230     
  0.979761400379702     
  0.978553927656099     
  0.977371274939137     
  0.976123443699563     
  0.974885597171737     
  0.973716204895251     
  0.972428777696116     
  0.971325839251121     
  0.970181631654942     
  0.969101747653072     
  0.968127820740603     
  0.967138649249981     
  0.966341185768924     
  0.965523330451144     
  0.964854985655942     
  0.964295198968384     
  0.963799637573794     
  0.963427554458987     
  0.963161547302468     
  0.962980398134139     
  0.962932596033085     
  0.962954815301337     
  0.963124642774176     
  0.963379123249125     
  0.963719507198851     
  0.964182820166658     
  0.964776863101477     
  0.965315453616252     
  0.966100700904700     
  0.966898580807761     
  0.967721223137080     
  0.968749781603376     
  0.969650272061623     
  0.970770951938040     
  0.971896934274677     
  0.972893955335260     
  0.974177196278016     
  0.975297523316548     
  0.976414932675153     
  0.977683197265376     
  0.978665342194492     
  0.979890549204988     
  0.981054645297785     
  0.981817409547947     
  0.983111285015274     
  0.984076242389760     
  0.984649675055609     
  0.985826134663325     
  0.986554239243217     
  0.987314678337139     
  0.988082657015990     
  0.988510327578925     
  0.989322955621057     
  0.989886980543862     
  0.990291595124502     
  0.990993783035464     
  0.991385358766569     
  0.991705074844883     
  0.992264843338653     
  0.992453054142283     
  0.992884251831927     
  0.993192780762176     
  0.993542810227702     
  0.993973599381950     
  0.993932918033511     
  0.994408914219881     
  0.994525368555046     
  0.994786092561540     
  0.995074448353557     
  0.994705903169815     
  0.994787559062291     
  0.994511965130719     
  0.993448633083108     
  0.993183799828002     
  0.992335917493428     
  0.991535016423413     
  0.990940586721936     
  0.990258188255902     
  0.989468845421470     
  0.989096753233854     
  0.988207661241691     
  0.987880459124002     
  0.987225388438167     
  0.986537987006520     
  0.985923110030965     
  0.986260991645659     
  0.984524549371756     
  0.984760322811076     
  0.984369771473270     
  0.982689333031507     
  0.983642606901696     
  0.982460258092032     
  0.981798633537361     
  0.982608219430436     
  0.981353234834782     
  0.981869482457142     
  0.981871562010391     
  0.980569174620574     
  0.982333843446834     
  0.981165064618290     
  0.980289849770871     
  0.983197651286668     
  0.979950600592279     
  0.980224273355297     
  0.984658166446655     
  0.977682737171558     
  0.984720623404546     
  0.979447998975141     
  0.980823458053907     
  0.982658721584315     
  0.979664160998597     
  0.982031624828411     
  0.981806793150088     
  0.980395329355529     
  0.982012766104944     
  0.981723320591041     
  0.980859166297076     
  0.982177082888729     
  0.982021191918924     
  0.981522102369019     
  0.982609912286887     
  0.982703336256464     
  0.982689073545246     
  0.983785265148633     
  0.983922997082473     
  0.984570556377312     
  0.985543167824769     
  0.985733017602347     
  0.986704388391439     
  0.986995294542809     
  0.987905054083571     
  0.988463211129876     
  0.989235782594805     
  0.989871104970373     
  0.990831580058162     
  0.991638356615365     
  0.992559161335445     
  0.993573491935617     
  0.994572805582508     
  0.995481208890487     
  0.996685320573914     
  0.997619931863652     
  0.998310662901029     
  0.998949417434445     
  0.999224584830609     
  0.999190283547937     
  0.999319474201042     
  0.999160382433859     
  0.999510687922061     
  0.999234687201236     
  0.999304727182553     
  0.999534101016054     
  0.999184634132534     
  0.999501491481124     
  0.999348894398214     
  0.999327063841443     
  0.999334021530542     
  0.999155890502958     
  0.999251793087077     
  0.999107773888199     
  0.999068363720244     
  0.999108284472667     
  0.999049967530586     
  0.998938463238574     
