  0.999685958381838     
  0.999672068861737     
  0.999660182829273     
  0.999654837231512     
  0.999579787335614     
  0.999650195712511     
  0.999582410684179     
  0.999651995067339     
  0.999559599356723     
  0.998057104633633     
  0.991700005506190     
  0.985689224834604     
  0.996414233423139     
  0.999215206881282     
  0.999504586445737     
  0.999126728591133     
  0.996071602775798     
  0.966218156106786     
  0.841647501895394     
  0.922433352281258     
  0.983529376359662     
  0.983729294651638     
  0.985613060647384     
  0.996086592147434     
  0.999101884383243     
  0.999514944599441     
  0.999578399493068     
  0.999591263046602     
  0.999597607137543     
  0.999597921415765     
  0.999567715612225     
  0.999385375270445     
  0.999576801036667     
  0.999591299337060     
  0.999589047527787     
  0.999584154737534     
  0.999580834351783     
  0.999576203911079     
  0.999566992240044     
  0.999554626321640     
  0.999561080294301     
  0.999426214200061     
  0.999513288596647     
  0.999540321218264     
  0.999522136608236     
  0.999529270846125     
  0.999518471901412     
  0.999507915222633     
  0.999428944501291     
  0.998958869312585     
  0.995570415206673     
  0.995524531929967     
  0.998716553922442     
  0.999532913560388     
   1.00098067591682     
  0.992918377820727     
  0.993099809558461     
  0.997917177322314     
  0.995109306319335     
  0.999727134031973     
  0.999275521120596     
  0.999370110146209     
  0.999359011512959     
  0.999373038460819     
  0.999362217612806     
  0.999349363538209     
  0.999337395262034     
  0.999324659151379     
  0.999311973047815     
  0.999297051436634     
  0.999227322036329     
  0.999265406746122     
  0.999245488050253     
  0.999215822172921     
  0.999140646192150     
  0.998839768523900     
  0.998781313442711     
  0.998928542361188     
  0.995346830525175     
  0.997097470646650     
  0.998974018491422     
  0.999061589743380     
  0.999055743860359     
  0.998867745682320     
  0.998998823218496     
  0.998944836103798     
  0.998521819508642     
  0.997097116494786     
  0.997657746266250     
  0.998136823529970     
  0.997015400277410     
  0.993160156321523     
  0.990865489336422     
  0.988754889491467     
  0.995551726189499     
  0.998183430350276     
  0.998608388507283     
  0.998548190272881     
  0.998284565394455     
  0.998081269826294     
  0.998383843044149     
  0.998398437222524     
  0.998355267865009     
  0.998163459529308     
  0.998150992389295     
  0.997916974918690     
  0.997764678728408     
  0.995253187460558     
  0.996971360198539     
  0.997878864273564     
  0.997824005882228     
  0.997743748080169     
  0.997658439531388     
  0.997563024413425     
  0.997460621838456     
  0.997317228388114     
  0.997215303776724     
  0.997065349261092     
  0.996893786559898     
  0.996774182177409     
  0.998098880181713     
  0.987860618624357     
  0.873134705147019     
  0.977380081114988     
  0.997617381358438     
  0.995602910646625     
  0.994146966999872     
  0.983569811369895     
  0.896552748349306     
  0.941267217988201     
  0.984881755870641     
  0.939822515924891     
  0.975124930303656     
  0.991914357960623     
  0.992317116609650     
  0.991738747200536     
  0.990094881908047     
  0.978029183230750     
  0.921491346328824     
  0.973021136479934     
  0.917746810939021     
  0.950073830591391     
  0.888602847803333     
  0.983367664238616     
  0.982653981329052     
  0.978567642430654     
  0.970140586228975     
  0.952408294375103     
  0.965535502109623     
  0.966127551616471     
  0.962971550196000     
  0.957397898512078     
  0.945016029556187     
  0.923605790467176     
  0.883979919612821     
  0.923103159601757     
  0.906152540874402     
  0.885182465489001     
  0.867922412259830     
  0.867133487414334     
  0.881814165438704     
  0.896030710309921     
  0.906578814703777     
  0.906436638444641     
  0.898383760193213     
  0.878234428542478     
  0.835454924687649     
  0.757512244323561     
  0.623119783252249     
  0.496061430941450     
  0.462138769540552     
  0.491207772955073     
  0.564353415390906     
  0.669830010358233     
  0.771781467653364     
  0.835583589107241     
  0.867639721553095     
  0.892915505794141     
  0.912716587941438     
  0.925461662594191     
  0.937643521979832     
  0.948863378439306     
  0.958311616044171     
  0.963247233333664     
  0.967829735022321     
  0.972017193229777     
  0.975438816664690     
  0.977660873371960     
  0.979685750249275     
  0.981500627117229     
  0.983181731739867     
  0.984630273999026     
  0.986011172477288     
  0.987248912405788     
  0.988372367550157     
  0.989393104812885     
  0.990237000411437     
  0.991212573729306     
  0.991979103111851     
  0.992477252459329     
  0.992881573041985     
  0.993035287977742     
  0.994193571228783     
  0.994577989475183     
  0.995015188315679     
  0.995261380941185     
  0.995677456911023     
  0.995896503710811     
  0.996052505864680     
  0.996077973849193     
  0.996245284296922     
  0.996620967053825     
  0.996878979182887     
  0.996875305040212     
  0.997230749558136     
  0.997370243936672     
  0.997483293417219     
  0.997522567348322     
  0.996201326674071     
  0.986328108799237     
  0.995979218192148     
  0.997068816953679     
  0.997774882293917     
  0.998117935146780     
  0.998175808380067     
  0.994260560929887     
  0.996144596321709     
  0.998376971730555     
  0.998569864782340     
  0.998137948555185     
  0.998438764689473     
  0.998587629866964     
  0.998506864685951     
  0.998245853829541     
  0.997854494979467     
  0.992989604211450     
  0.952207146212645     
  0.880454475365170     
  0.907016819178432     
  0.986776250350396     
  0.997212406615705     
  0.998453363054219     
  0.998690906038752     
  0.998616046568951     
  0.997321416904223     
  0.982721180233068     
  0.888535360669918     
  0.756583847863912     
  0.811337849721256     
  0.830170047013151     
  0.978339100288052     
  0.996238606818916     
  0.997978500577226     
  0.998364645769816     
  0.999060517074409     
  0.999199432344443     
  0.999248421264749     
  0.999275272870473     
  0.999273306708175     
  0.999146277231210     
  0.999229816399515     
  0.998812076151049     
  0.999333825896668     
  0.999398887711326     
  0.999408732114206     
  0.998800301986117     
  0.998855191824283     
  0.999451052632960     
  0.999447747990501     
  0.999483885788351     
  0.999495376507582     
  0.999502432544302     
  0.999478592043630     
  0.999313804085130     
  0.999236427087828     
  0.999479534259219     
  0.999500565541751     
  0.999336846304977     
  0.999154495401715     
  0.999505365814721     
  0.999581649445848     
  0.999586744640489     
  0.999519179520009     
  0.998829314712320     
  0.999383648237859     
  0.999609402755722     
  0.999626143834354     
  0.999635444933656     
  0.999610569162445     
  0.999584293603059     
  0.999612660642492     
  0.997519638185682     
  0.999647380016534     
  0.999658220675154     
  0.999663452455405     
  0.999659981697213     
  0.999664301317836     
   1.00001837714005     
   1.00236083164459     
  0.990907184789350     
  0.994684728505836     
   1.00328975394517     
   1.00272854136530     
  0.987182338338475     
   1.00117540120522     
   1.00228753101963     
  0.999786496090616     
  0.999645055333064     
  0.999633788340243     
  0.999419314242774     
  0.997329529876904     
  0.963477747546612     
  0.939049825262776     
  0.982394723404489     
  0.996803601559136     
  0.999433153577710     
  0.999514893290316     
  0.999467797209594     
  0.999755284204967     
  0.999765899345960     
  0.999771122422083     
  0.999775063603486     
  0.999776537158966     
  0.999779950377740     
  0.999770069054311     
  0.999697184805885     
  0.999787206144289     
  0.999790129905365     
  0.999608536901047     
  0.999611534007190     
  0.999510680785379     
  0.999707394823799     
  0.999637511532050     
  0.999622802452090     
  0.999526921213920     
  0.998503612575575     
  0.999762804797170     
  0.999803166193157     
  0.999809187812680     
  0.999794589230188     
  0.999804556496383     
  0.999756181729909     
  0.999357196485466     
  0.997944763790058     
  0.997362704028523     
  0.998945439889352     
  0.999668120683962     
  0.999692424327203     
  0.999212111049671     
  0.997391176821773     
  0.999198754577124     
  0.999730975065434     
  0.999819266383455     
  0.999814356498407     
  0.999829591760018     
  0.999812517869513     
  0.999815510334601     
  0.999834037872416     
  0.999835686260460     
  0.999837007308338     
  0.999838237044044     
  0.999837235915516     
  0.999814286140362     
  0.999673032266925     
  0.999873401345185     
   1.00044253731061     
  0.996632849660402     
  0.999240129680676     
   1.00018350340431     
  0.999844149966889     
  0.999846042045361     
  0.999847099597148     
  0.999846344621533     
  0.999820304198378     
  0.999672153854139     
  0.999748806879715     
  0.999706384674875     
  0.999514628134273     
  0.999232888519124     
  0.998932095676691     
  0.998791492263302     
  0.999844326320999     
  0.999852008250707     
  0.999846871313247     
  0.999813385420624     
  0.999776385214424     
   1.00061965523653     
  0.997171199356630     
  0.997540869440370     
  0.989183856375515     
  0.963643271462927     
  0.998558224763432     
  0.999676823171031     
  0.999618234777712     
  0.998722270533672     
  0.995277197978337     
  0.998057068159940     
  0.999435003160476     
  0.999818191566827     
  0.999842412326496     
  0.999780019228535     
  0.999019404353739     
  0.987444509999334     
  0.947036599376157     
  0.992331023627394     
  0.999154456250816     
  0.999275562424502     
  0.999669685772059     
  0.999812333265880     
  0.999839743760946     
  0.999843801764218     
  0.999853178991761     
  0.999856574478976     
  0.999855393772640     
  0.999777550965767     
  0.999320997041762     
  0.998736015883449     
  0.999076021212650     
  0.999706069535280     
  0.999885144653979     
  0.999864120408311     
  0.999858810762968     
  0.999835383968261     
  0.999707807173064     
  0.999739340500840     
  0.999841233911962     
  0.999864133888449     
  0.999866437717720     
  0.999866056960918     
  0.999857155830379     
  0.999805861344071     
  0.999861418210383     
  0.999878866056609     
  0.999899527114524     
  0.999542515551017     
  0.999890980692207     
  0.999825670844439     
  0.999657218754948     
  0.999612172821228     
  0.997803282587583     
  0.999838892347578     
  0.999795445336400     
  0.998774567440991     
  0.993715439671207     
  0.983464613484196     
  0.995964368834194     
  0.999370036797118     
  0.999583056412365     
  0.998785720868314     
  0.998033922916678     
  0.999170190309775     
  0.999731986603174     
  0.999831582755238     
  0.999815231418096     
  0.999813425861191     
  0.998162821367783     
  0.983733304278352     
  0.997538054281690     
  0.999857646283980     
   1.00036219836712     
  0.995797660392369     
  0.995535107783281     
  0.999627157528017     
  0.999897391466524     
  0.999810635035631     
  0.998685454023454     
  0.997913748655399     
  0.999678729024160     
  0.999797438572105     
  0.999545696401318     
  0.999841851780384     
  0.999850298759079     
  0.999847979700303     
  0.999844548026351     
  0.999837520440420     
  0.999723181075197     
  0.999751498122142     
  0.999775775328353     
  0.999784443978591     
  0.999369127860550     
  0.993202519590811     
  0.959475089151850     
  0.897348801920542     
  0.888837621651180     
  0.952467469266072     
  0.987413285381878     
  0.978090112202113     
  0.973663575283706     
  0.992186891706734     
  0.998505140862833     
  0.999460298836993     
  0.998795493330358     
  0.999611799146981     
  0.999452182733776     
  0.996299491077380     
  0.970818233508855     
  0.877626839841138     
  0.988608374557671     
  0.998188246304013     
  0.999598580657708     
  0.999771474982921     
  0.999798122963554     
  0.999795807555270     
  0.999733690818361     
  0.999258239358838     
  0.998883559876114     
  0.998508941547323     
  0.998988128488705     
  0.996308541125180     
  0.951313549318978     
  0.908489268826531     
  0.985866029893618     
  0.970178763542464     
  0.902112372510668     
  0.853004468979624     
  0.918382990112867     
  0.978427786426676     
  0.986974909981255     
  0.978113360226676     
  0.991503368745135     
  0.988241698034070     
  0.958520481996271     
  0.958594859304733     
  0.989252598098302     
  0.998165784562441     
  0.999478696125499     
  0.999047655133412     
  0.994604986716875     
  0.974906494694956     
  0.937220508143287     
  0.948409473159216     
  0.987019467727017     
  0.997418293590534     
  0.995895280366378     
  0.990555720994065     
  0.995225679041660     
  0.999305021406978     
  0.999604918238127     
  0.991641151409031     
  0.980093132437304     
  0.948682613776125     
  0.964866777440012     
  0.990799369305735     
  0.998887519640110     
  0.999705741281592     
  0.999385469477358     
  0.999721255968439     
  0.999783484482622     
  0.999639350331277     
  0.999790732289880     
  0.999746071200477     
  0.999655541323653     
  0.999554028684064     
  0.999672542057129     
  0.999769202294948     
  0.999780193320324     
  0.999727360383176     
  0.999704935998240     
  0.999593707363559     
  0.999764764142995     
  0.999782691983283     
  0.999765279017334     
  0.999762242828714     
  0.999758041191358     
  0.999740688931959     
  0.999751957423202     
  0.999748130101171     
  0.999744162730625     
  0.999740013433972     
  0.999728070826565     
  0.999677986562620     
  0.999680363675471     
  0.999153905321654     
  0.997072405296546     
   1.00039332921579     
  0.998443376283076     
  0.977434535346264     
  0.999011684551883     
  0.999940289566188     
  0.999609941558751     
  0.998023142212585     
  0.985534501976236     
  0.951238049798143     
  0.940558521149731     
  0.977612577588589     
  0.996033271134666     
  0.999300344836362     
  0.999102167244338     
  0.998766600952026     
  0.999102577064326     
  0.999442448032334     
  0.996242782899142     
  0.981238639788107     
  0.997954012635377     
  0.976500332744244     
  0.999513647344049     
  0.999574545188493     
  0.999586018387303     
  0.999591773533666     
  0.999586017630692     
  0.999581074386674     
  0.999573206410193     
  0.999550837568462     
  0.999519998103698     
  0.999492616585724     
  0.999499280429811     
  0.999470670839571     
  0.999496463105210     
  0.999492614962077     
  0.999308818928650     
  0.999329353487639     
  0.999418815983871     
  0.999275273455394     
  0.999252363428975     
  0.999306006650908     
  0.998506536003310     
  0.994978606868726     
  0.982015721984226     
  0.994874718048155     
  0.998826469557458     
  0.998980903329562     
  0.997406524041558     
  0.994003379508705     
  0.995591687896800     
  0.996497648406566     
  0.966675555700038     
  0.972868934005452     
  0.853395487483082     
  0.924110509090974     
  0.992056886783196     
  0.998542503397542     
  0.999093313515445     
  0.999095086083213     
  0.999049767283429     
  0.998810975226148     
  0.996739400495612     
  0.971627212487886     
  0.927922187909066     
  0.987901768684742     
  0.994091158764714     
  0.986474236968642     
  0.988953625073800     
  0.996490125292644     
  0.998609592150629     
  0.998797848759226     
  0.998818364791983     
  0.998766403924120     
  0.998694467598404     
  0.998717147805909     
  0.998683147920434     
  0.998638644667075     
  0.998600644051643     
  0.998529033560826     
  0.998385077066038     
  0.998120131221590     
  0.997511490974748     
  0.997601688478071     
  0.998089788108260     
  0.998201792279952     
  0.997430516274929     
  0.998088823193585     
  0.998050143656365     
  0.997949581510573     
  0.997797990824070     
  0.997811012104349     
  0.997553583760390     
  0.996881938093537     
  0.988156190031295     
  0.981594836020448     
  0.953238330801666     
  0.946676489909241     
  0.983703321432210     
  0.991059053508635     
  0.981185872004092     
  0.988862900628100     
  0.994355042598714     
  0.992397044899556     
  0.995639238359503     
  0.995705376804082     
  0.995966721477409     
  0.995658794120075     
  0.995414764810291     
  0.995159955548586     
  0.994828997919799     
  0.994584739851463     
  0.994268466144314     
  0.993856718477950     
  0.993535646550428     
  0.993316951501283     
  0.993357265002292     
  0.988395495597684     
  0.992377503485830     
  0.991350492330518     
  0.990581329561534     
  0.989836207023506     
  0.989438649043745     
  0.988889974071817     
  0.988202068311952     
  0.987379883914450     
  0.986540365886479     
  0.985814389270674     
  0.984988216787623     
  0.983932683500333     
  0.982816108300756     
  0.981625756033692     
  0.980289216444315     
  0.978671996701203     
  0.976690957111161     
  0.972526825881935     
  0.964719323031143     
  0.963890526059705     
  0.966133425290731     
  0.964758849124903     
  0.961935535880256     
  0.958087511064111     
  0.955036179376936     
  0.951031991609835     
  0.946892458340532     
  0.942133230892699     
  0.937116113380868     
  0.931993033261514     
  0.926885329659065     
  0.922039224424597     
  0.918333032045608     
  0.916862820854640     
  0.918656259077185     
  0.922560385302564     
  0.927424053096411     
  0.932658539425584     
  0.937755743342562     
  0.942517583029398     
  0.946943142832517     
  0.951186101171987     
  0.955274281744086     
  0.958789597521726     
  0.962262520643653     
  0.965230513607730     
  0.968064356937220     
  0.970627763728816     
  0.972880552000535     
  0.975041462086038     
  0.977008098972795     
  0.978773007207492     
  0.980577290973983     
  0.981509986632219     
  0.983128368465416     
  0.984141734209490     
  0.984818707285994     
  0.982534896048287     
  0.972424909311153     
  0.972259042058948     
  0.980568091800947     
  0.988467677960663     
  0.989476684213361     
  0.990218017781660     
  0.990768797202186     
  0.991361211214347     
  0.991890811096912     
  0.992271311565220     
  0.992072633935874     
  0.988028394275696     
  0.973622500394734     
  0.982556632499631     
  0.992383911602993     
  0.994451736023852     
  0.994943802189962     
  0.995145681385130     
  0.994465750025846     
  0.991215142624284     
  0.988841658505122     
  0.993578069348788     
  0.995858535996513     
  0.996398611690564     
  0.996658654210867     
  0.996831024044497     
  0.996968579616876     
  0.997097684485447     
  0.997216910559622     
  0.997334088761959     
  0.997440813938863     
  0.997540392071918     
  0.997630147935416     
  0.997469839894772     
  0.997772541766974     
  0.997785275327347     
  0.997940760434855     
  0.996270368570183     
  0.997947888166306     
  0.998008571348723     
  0.997578200707823     
  0.998267286337538     
  0.998340470284786     
  0.998393426933632     
  0.998440694872029     
  0.998484465274539     
  0.998488048500725     
  0.998561491757738     
  0.998593103583452     
  0.998616775962242     
  0.998603613501658     
  0.998486054481279     
  0.998414098643995     
  0.998546525515730     
  0.998462999967149     
  0.998579360940805     
  0.998432852198599     
  0.998136466293279     
  0.996839758670792     
  0.976916214482572     
  0.878201722728375     
  0.588647643961220     
  0.775539489451085     
  0.968860975631517     
  0.996052704253495     
  0.996040299521269     
  0.995703905032926     
  0.997448612535687     
  0.998610134726016     
  0.999131883494396     
  0.998906008663624     
  0.998060796783007     
  0.995012963468202     
  0.995516428354828     
  0.997223297166203     
  0.998405864260218     
  0.999057985584103     
  0.999226670605782     
  0.999311597880150     
  0.999247795632581     
  0.999269106926465     
  0.999058688755468     
  0.997821952296282     
  0.996508094064139     
  0.997787144246844     
  0.999120222677712     
  0.999329804678178     
  0.998747316055852     
  0.999498052208156     
  0.999511052572371     
  0.999522438146903     
  0.999526670363890     
  0.999543062666806     
  0.999549358194788     
  0.999558877853069     
  0.999564285131241     
  0.999556153377791     
  0.998483453058143     
  0.997762326429972     
  0.999946302406376     
   1.00123005146297     
  0.995815906551462     
  0.999948899515728     
  0.998505764251753     
  0.998401858333646     
  0.999365408174503     
  0.999624401332736     
  0.999657281543276     
  0.999405859949396     
   1.00043191282374     
  0.998592174576866     
  0.999483465751069     
   1.00028028776624     
  0.999750498141191     
  0.999695582839666     
  0.999687919515025     
  0.999704371006641     
  0.999712403545323     
  0.999746590375604     
