  0.994827326213411     
  0.996754482049342     
  0.997368134178415     
  0.996416571627943     
  0.994609556041372     
  0.992658189779971     
  0.990877618295345     
  0.989390317977059     
  0.988231170938689     
  0.987463561033270     
  0.986997883602613     
  0.986695336597546     
  0.986475092324276     
  0.986204522882110     
  0.985919073100238     
  0.986050776221125     
  0.985928012029264     
  0.985888705706267     
  0.986066345902523     
  0.986111204357016     
  0.986400128829444     
  0.986161256035463     
  0.986194948423910     
  0.986504551541169     
  0.986541698918712     
  0.986776329579463     
  0.986997842210368     
  0.987317309351005     
  0.987930832541879     
  0.989010570243960     
  0.990532192302710     
  0.992379074504446     
  0.994582092305896     
  0.996863045981394     
  0.998563487956299     
  0.999313732448420     
  0.999435335745995     
  0.999430973977099     
  0.999413619347352     
  0.999353923193242     
  0.999258570185918     
  0.999097971070887     
  0.998823944552619     
  0.998436037079623     
  0.997983885099983     
  0.997603339127759     
  0.997450607608298     
  0.997637632664648     
  0.997972474091837     
  0.998307367432260     
  0.998631083123464     
  0.998804999564100     
  0.999020212914858     
  0.999164725849085     
  0.999254439293404     
  0.999221404072287     
  0.999233217977408     
  0.999363034403230     
  0.999307794851883     
  0.999201869284364     
  0.999127395772775     
  0.998980137238836     
  0.998743095769203     
  0.998337186881221     
  0.997845147365338     
  0.997447710617044     
  0.997325757438143     
  0.997522743471890     
  0.997832111397287     
  0.998213539810803     
  0.998545706886106     
  0.998765926182757     
  0.998878306630192     
  0.998899420236998     
  0.998898873660045     
  0.998869689811945     
  0.998798614651328     
  0.998795638288415     
  0.998718758357483     
  0.998610089145415     
  0.998578517918267     
  0.998417934748387     
  0.998218841767449     
  0.997983274745794     
  0.997672527041766     
  0.997395409954642     
  0.997173908334088     
  0.996958259632949     
  0.996784554980904     
  0.996689176224596     
  0.996595287112278     
  0.996484972240964     
  0.996354651515226     
  0.996330767783746     
  0.996398636667355     
  0.996494274932824     
  0.996589316288448     
  0.996668055643752     
  0.996823674066114     
  0.996995946256764     
  0.997148278136041     
  0.997424791847470     
  0.997519443945124     
  0.997582444550911     
  0.997742923890505     
  0.997571846432192     
  0.997549085767808     
  0.996653526100666     
  0.994823138412799     
  0.992927165149282     
  0.990706741695868     
  0.988989102578724     
  0.987817179918916     
  0.987410300426175     
  0.987501893358423     
  0.987455713637939     
  0.986971571776033     
  0.986040788316358     
  0.985119471840703     
  0.984621935033483     
  0.983921669601089     
  0.983629155507061     
  0.983605705147653     
  0.982525906054525     
  0.981579684147885     
  0.980089337840534     
  0.977273397331852     
  0.974236954944041     
  0.970672172622195     
  0.966591560476741     
  0.963240424402104     
  0.960241448393797     
  0.958438177872453     
  0.959450497122149     
  0.961489294760318     
  0.963466728852237     
  0.965242221978436     
  0.965967157061288     
  0.965625939589464     
  0.965168706907239     
  0.962549635651369     
  0.959498431304713     
  0.958711116400664     
  0.956646709028777     
  0.953559403206766     
  0.951205446146739     
  0.948152895674399     
  0.944889678811708     
  0.940789428831807     
  0.936056618500723     
  0.931191972852122     
  0.926932556714888     
  0.922999661333231     
  0.918739925820543     
  0.914020692655061     
  0.907369158825924     
  0.898393295911308     
  0.887840192482753     
  0.875612001578370     
  0.862242653215795     
  0.848810947180865     
  0.835456246458503     
  0.822606355746277     
  0.810801863892511     
  0.800570337284899     
  0.792361486338746     
  0.786171555000805     
  0.782023129709006     
  0.779646901788808     
  0.779041127435736     
  0.779871278464218     
  0.782055688695927     
  0.785904866682652     
  0.791635906091495     
  0.799166950509665     
  0.808111478516516     
  0.818503722458384     
  0.830183574888571     
  0.842739293344124     
  0.856135002359332     
  0.870069678779105     
  0.884295368401242     
  0.898529423911292     
  0.912464662617971     
  0.925768725761051     
  0.938164129205122     
  0.949109713181308     
  0.958084189236921     
  0.965078295235395     
  0.970396293711370     
  0.974443286701039     
  0.977660342411077     
  0.980322037105586     
  0.982553944186303     
  0.984418478286477     
  0.985998249813863     
  0.987364123387608     
  0.988528670977810     
  0.989555992702063     
  0.990453292814046     
  0.991254616865618     
  0.991879321141512     
  0.992523793511283     
  0.993031884929324     
  0.993378035817435     
  0.993707801462044     
  0.994040231520997     
  0.994370793626032     
  0.994682545183359     
  0.994943984564845     
  0.995171012832055     
  0.995350620953109     
  0.995515883705381     
  0.995720274646532     
  0.995893875560064     
  0.996050560870231     
  0.996300462223480     
  0.996403090949082     
  0.996534748093812     
  0.996776949090734     
  0.996622314709975     
  0.996010971483595     
  0.994567609283717     
  0.993138007602170     
  0.992269415492013     
  0.991381218012121     
  0.990636054868642     
  0.990108581679190     
  0.989418461091707     
  0.988756648325584     
  0.987704721529108     
  0.985466895757264     
  0.982272687471263     
  0.978333537736996     
  0.974636794685741     
  0.971581127822303     
  0.968008247405228     
  0.964779292761381     
  0.963670764129083     
  0.961883030644444     
  0.960865577649054     
  0.960202758998472     
  0.959845277228233     
  0.958998787425789     
  0.959280897308398     
  0.960016573013948     
  0.959222902167429     
  0.961352854152869     
  0.960511080455689     
  0.961543800258968     
  0.963593383825224     
  0.963570973750170     
  0.966223671111957     
  0.968142312541240     
  0.970465018808653     
  0.972059142333626     
  0.972958024657201     
  0.974395176346707     
  0.976366253014562     
  0.979024490619571     
  0.982253277901367     
  0.985686290554962     
  0.989190477217329     
  0.992805444620340     
  0.996189039551151     
  0.998208253439226     
  0.999147892741231     
  0.999273275572596     
  0.999202366863193     
  0.999310646238446     
  0.999282824581829     
  0.999288650696801     
  0.999321231094504     
  0.999292806888498     
  0.999321105998644     
  0.999280134804792     
  0.999234746465107     
  0.999240713456653     
  0.999264820799597     
  0.999282523998227     
  0.999297303629307     
  0.999310839654682     
  0.999374991122020     
  0.999417652883544     
  0.999257758066507     
  0.998968932165099     
  0.998690513007818     
  0.998246979972624     
  0.997748308980721     
  0.997195237083903     
  0.996757438885115     
  0.996767150197619     
  0.996805971964563     
  0.997141186856825     
  0.997800383138858     
  0.998605342557109     
  0.999371584419485     
  0.999519779000145     
  0.999311101166132     
  0.998857721467064     
  0.998382286713865     
  0.997934197759868     
  0.997444910535544     
  0.997187688387425     
  0.996996071086615     
  0.996691175764779     
  0.996231287522792     
  0.995694773042583     
  0.994983917852425     
  0.994415433026775     
  0.993923483891101     
  0.993121823377822     
  0.992901666159141     
  0.992872946900600     
  0.992797417497889     
  0.993364825491576     
  0.993802065092742     
  0.994086866936641     
  0.994557014270531     
  0.994809971161508     
  0.994827547278553     
  0.994845839168213     
  0.995105344697582     
  0.995637564766439     
  0.996312585672474     
  0.997168883984751     
  0.998087826117727     
  0.998962681435501     
  0.999468251233327     
  0.999599016971104     
  0.999646722071210     
  0.999604873578953     
  0.999629088589850     
  0.999587046680910     
  0.999508529417903     
  0.999505271944080     
  0.999408986231740     
  0.999384739035786     
  0.999370178707126     
  0.999320566232322     
  0.999313742972052     
  0.999277217762426     
  0.999252069235912     
  0.999249078241001     
  0.999237043201099     
  0.999247952767958     
  0.999266746888823     
  0.999264600512981     
  0.999267660285353     
  0.999306495281208     
  0.999325655478141     
  0.999375764819792     
  0.999412541177150     
  0.999384036763914     
  0.999354876000499     
  0.999308638759767     
  0.999281146990832     
  0.999340690442664     
  0.999441724074731     
  0.999556216135433     
  0.999661983951518     
  0.999721664545191     
  0.999782210979550     
  0.999786459072573     
  0.999773221405443     
  0.999820379534477     
  0.999796591169446     
  0.999772900794246     
  0.999800292729015     
  0.999786183362280     
  0.999751532650163     
  0.999725165042118     
  0.999654197244436     
  0.999530594518843     
  0.999230198844936     
  0.998608450605615     
  0.997884784986193     
  0.997265838957755     
  0.996945894324069     
  0.996962149280935     
  0.997225286449577     
  0.997613459764503     
  0.997958979602088     
  0.998202638781263     
  0.998359114075083     
  0.998418800310725     
  0.998503130155798     
  0.998395171265243     
  0.997651328862890     
  0.997277413884578     
  0.997048189916792     
  0.995864552995181     
  0.995378907749016     
  0.995275789348434     
  0.994846429047611     
  0.994706363589069     
  0.994508888409354     
  0.994252847330063     
  0.994116997243282     
  0.994117649569896     
  0.994500381411112     
  0.994810006161581     
  0.995153379524259     
  0.995850494177267     
  0.996150958052156     
  0.996519671503325     
  0.996956350950526     
  0.996907091363816     
  0.996887584203271     
  0.996831459805174     
  0.996749795411963     
  0.996668896443621     
  0.996605252611209     
  0.996656986968737     
  0.996888685900053     
  0.997290238316484     
  0.997786639037156     
  0.998364538633755     
  0.998958176119770     
  0.999447000423949     
  0.999665252126918     
  0.999700105621961     
  0.999716974849767     
  0.999721755460856     
  0.999707342124514     
  0.999704144287560     
  0.999710497325558     
  0.999719882362802     
  0.999731920690931     
  0.999730236467227     
  0.999719253894139     
  0.999679285598713     
  0.999587466665089     
  0.999467850957020     
  0.999297936803248     
  0.999098350713804     
  0.998920816402859     
  0.998705607521720     
  0.998494873223011     
  0.998384155671649     
  0.998124200236417     
  0.997719328987025     
  0.997380655668228     
  0.997161898174622     
  0.997142776717595     
  0.997119751600331     
  0.997005927316534     
  0.996993734771986     
  0.997015734135254     
  0.997017973264408     
  0.997077951969626     
  0.997227119961528     
  0.997477997147610     
  0.997868196455707     
  0.998125558897498     
  0.998439891877537     
  0.998747808520461     
  0.998772923993156     
  0.998924878291069     
  0.999041251159253     
  0.998970242682815     
  0.998945366559686     
  0.999048947101023     
  0.998922103219303     
  0.998828948407424     
  0.998753257402974     
  0.998584504952769     
  0.998558442528708     
  0.998310678304723     
  0.997957613988833     
  0.997453092924437     
  0.996641004212781     
  0.995392895615475     
  0.993466697475173     
  0.991054883198607     
  0.988393444483504     
  0.985760720734014     
  0.983391046530426     
  0.981392215623431     
  0.979452515601200     
  0.976932750940010     
  0.974761679647522     
  0.973361085006399     
  0.972552052925728     
  0.972198778992300     
  0.972268249419004     
  0.972913594011118     
  0.973853059866986     
  0.975238844196276     
  0.977087229613816     
  0.978995468502537     
  0.981503373973502     
  0.983352646378950     
  0.986003592934157     
  0.987614375771454     
  0.987505218746342     
  0.988887680055879     
  0.987969463258793     
  0.986981484290607     
  0.987104211984843     
  0.986029258634573     
  0.985598360868237     
  0.984867787233766     
  0.983279288724076     
  0.981236559056181     
  0.978795745623739     
  0.975925299107748     
  0.973378681160498     
  0.971057942398194     
  0.968751587937835     
  0.967203043283693     
  0.966005467812167     
  0.965313601615126     
  0.964752428370063     
  0.963777673474310     
  0.963149352718908     
  0.962973993577918     
  0.962890579312626     
  0.963121342327222     
  0.963763790839887     
  0.965328051885233     
  0.967892742629204     
  0.970927906139765     
  0.974240543361481     
  0.977416011709892     
  0.980328637242412     
  0.982356181512049     
  0.983329509726923     
  0.983935209295023     
  0.984415540302651     
  0.984657350175262     
  0.984705266969606     
  0.984697834889658     
  0.984865445206889     
  0.985073437855729     
  0.985326950824672     
  0.985622771355940     
  0.985958375248800     
  0.986432307034216     
  0.987064719033814     
  0.987974845889343     
  0.989206376269021     
  0.990437820090278     
  0.991465967428961     
  0.992301325297395     
  0.993009072742064     
  0.993677972781798     
  0.994479716677095     
  0.995448718886806     
  0.996519815502567     
  0.997536504622547     
  0.998375329341472     
  0.999003384284317     
  0.999394965503410     
  0.999566230412308     
  0.999683386135906     
  0.999698869114038     
  0.999695477866559     
  0.999701630379388     
  0.999608373211349     
  0.999531334732552     
  0.999406197491010     
  0.999175602362124     
  0.998888488438376     
  0.998552839881476     
  0.998245436710497     
  0.998141356378870     
  0.998261982559669     
  0.998407944125201     
  0.998579616095631     
  0.998506931625226     
  0.998050634294461     
  0.997447642994482     
  0.996560681132011     
  0.995511001970849     
  0.994190238353456     
  0.992648628630902     
  0.991241057595827     
  0.989589674225741     
  0.988731717591872     
  0.988040022989701     
  0.987581007089927     
  0.987483046726766     
  0.987305047875597     
  0.987335478112209     
  0.987626768882509     
  0.987812778524674     
  0.988922189028439     
  0.989646058694055     
  0.990920465273147     
  0.992451159769389     
  0.993056313448239     
  0.995311597374835     
  0.995638768508113     
  0.996785131039308     
  0.997674002176071     
  0.997318261863419     
  0.998186098846702     
  0.997941610245167     
  0.997918659070770     
  0.998037487305839     
  0.997775048038595     
  0.997687032617301     
  0.997366678336732     
  0.996956776678213     
  0.996673638988469     
  0.996487141171347     
  0.996490885022248     
  0.996918217760418     
  0.997220442601979     
  0.997079583477797     
  0.996562624800415     
  0.994754894635198     
  0.992976521179368     
  0.991529682935632     
  0.990309124012878     
  0.989421161090214     
  0.988347301456394     
  0.987587111269912     
  0.987333179760851     
  0.986733834695670     
  0.986130013209607     
  0.984764485257403     
  0.983270403518413     
  0.983266354856436     
  0.981883103198852     
  0.982109116141835     
  0.982564425137073     
  0.981400474172098     
  0.982697343467818     
  0.982440164751087     
  0.982155963254389     
  0.982800327526370     
  0.982608072458426     
  0.982960137261762     
  0.983185322344778     
  0.983256322580087     
  0.983981044207427     
  0.984626803465638     
  0.985475516192852     
  0.986733237091199     
  0.988123563282209     
  0.989895296022132     
  0.991677801543038     
  0.992798661873893     
  0.993022154931655     
  0.993168456121258     
  0.993364668751527     
  0.993659315727924     
  0.994136803640006     
  0.994901281430124     
  0.995918820305387     
  0.997010123876754     
  0.997800146329079     
  0.997965619105043     
  0.997823086232840     
  0.997543509615353     
  0.997085992019760     
  0.996494349000741     
  0.995658054940352     
  0.994628302261431     
  0.993553121501325     
  0.992343914085848     
  0.991174069657015     
  0.990214837540841     
  0.989277106913668     
  0.988667052130389     
  0.988194802411691     
  0.987815740873317     
  0.987856584015372     
  0.987897854055622     
  0.987964888794821     
  0.988174309025286     
  0.988427706511939     
  0.988733079310175     
  0.989062224171612     
  0.989467923335255     
  0.989938106544969     
  0.990321028130060     
  0.990840319716685     
  0.991372307582929     
  0.991978708001689     
  0.992555922828056     
  0.992986129455061     
  0.993274177844525     
  0.993365648272683     
  0.993272210211084     
  0.993076827267579     
  0.992814807201036     
  0.992513044680150     
  0.992162471154334     
  0.991696361415027     
  0.991162278295180     
  0.990590528624572     
  0.989906128599599     
  0.989138956475300     
  0.988344174141791     
  0.987468106632112     
  0.986498019448193     
  0.985449574524366     
  0.984363864662402     
  0.983273917466677     
  0.982133291868135     
  0.980898837244981     
  0.979499123906428     
  0.977935697433499     
  0.976219705615426     
  0.974327787219344     
  0.972263436354115     
  0.970064551595884     
  0.967674093476123     
  0.965119084798247     
  0.962395897695001     
  0.959476815174929     
  0.956462794757017     
  0.953364176877057     
  0.950230875971154     
  0.947177468866773     
  0.944268082194812     
  0.941626258279806     
  0.939340824351049     
  0.937507892250241     
  0.936182108381861     
  0.935401375383633     
  0.935222724005195     
  0.935593531224244     
  0.936533006014396     
  0.938028029164533     
  0.940015431062589     
  0.942451088873697     
  0.945210427445646     
  0.948149059239985     
  0.951174680773594     
  0.954324068338717     
  0.957474295216335     
  0.960511270577340     
  0.963319369261394     
  0.965966474722459     
  0.968388851656182     
  0.970550619094648     
  0.972494549910254     
  0.974271952979871     
  0.975881391094669     
  0.977321778774542     
  0.978645961675277     
  0.979921641649944     
  0.981020487950830     
  0.982021049763952     
  0.982960767296265     
  0.983549830445237     
  0.984159739363729     
  0.984651527122677     
  0.984973146201840     
  0.985611182459996     
  0.986048169129574     
  0.986680173421328     
  0.987488880010119     
  0.988241896639971     
  0.989065647911947     
  0.989802789521891     
  0.990436239200745     
  0.990991126198147     
  0.991394316437545     
  0.991679353602760     
  0.991875536950425     
  0.992009947317126     
  0.992138179300741     
  0.992354353424424     
  0.992682139184205     
  0.993062918160349     
  0.993439042297457     
  0.993932274072296     
  0.994525908462417     
  0.995121499530637     
  0.995622978514922     
  0.996035875178515     
  0.996351293551087     
  0.996574498577697     
  0.996846923718060     
  0.997113687085636     
  0.997198578171075     
  0.997455018983972     
  0.997580443851653     
  0.997602232620655     
  0.997821363592780     
  0.997714272660282     
  0.997932525602313     
  0.997994431446999     
  0.997959175145268     
  0.998140381524883     
  0.998046470810969     
  0.998143252503383     
  0.998110591812587     
  0.997570007581836     
  0.996267997669705     
  0.992798894078686     
  0.988323164552435     
  0.984038560941969     
  0.980318342681838     
  0.976896959098209     
  0.973470344520074     
  0.970850889661939     
  0.968723819396780     
  0.966407223049077     
  0.965140461749773     
  0.964163352928220     
  0.963501350205744     
  0.964681687901961     
  0.963971347309478     
  0.963996323721963     
  0.964855977280665     
  0.964418690750371     
  0.965490316411296     
  0.964341989323370     
  0.963926242327661     
  0.964501664478967     
  0.964444240759853     
  0.965944869182154     
  0.967624779800238     
  0.969535537581372     
  0.971856830716082     
  0.974756162119322     
  0.977952784726408     
  0.981373937299657     
  0.985419059810576     
  0.989982157977296     
  0.994362988867209     
  0.997186820048800     
  0.998029294221595     
  0.998292169962056     
  0.998448927952296     
  0.998616334801899     
  0.998647483529999     
  0.998721967692214     
  0.998781105513915     
  0.998679959606752     
  0.998672620470077     
  0.998596962153231     
  0.998607781924505     
  0.998659754236263     
  0.998709432044294     
  0.998899678227068     
  0.999089687383470     
  0.999266097066949     
  0.999392606979730     
  0.999427505016738     
  0.999389837778576     
  0.999400236365173     
  0.999394944383141     
  0.999395034648049     
  0.999457203330276     
  0.999469137904243     
  0.999560240739247     
  0.999637331955971     
  0.999646486841434     
  0.999608611380688     
  0.999557753801821     
  0.999478605860437     
  0.999363271439552     
  0.999302213169490     
  0.999239797694028     
  0.999327176845753     
  0.999443006588734     
  0.999522332102976     
  0.999658845145034     
  0.999733241907200     
  0.999725363180878     
  0.999669246897864     
