  0.982534408822548     
  0.982771144522267     
  0.982914801396876     
  0.983338946285300     
  0.983322696631903     
  0.983979261688243     
  0.983858316877520     
  0.984624237186589     
  0.984573950296179     
  0.985313199289863     
  0.985516784881619     
  0.985907696538769     
  0.986814380576534     
  0.986341625743995     
  0.988052109676848     
  0.986892818739360     
  0.989353368792453     
  0.987518812437868     
  0.990469972660985     
  0.988542069302290     
  0.990984466433103     
  0.989860118169626     
  0.991058059266108     
  0.991292829497910     
  0.991295173175145     
  0.992064005055249     
  0.991860314992975     
  0.992572600709108     
  0.992458980921532     
  0.992924890166096     
  0.992989263243071     
  0.993182916766269     
  0.993396121316880     
  0.993420798135229     
  0.993667747056017     
  0.993652972358832     
  0.993853698721745     
  0.993899635364899     
  0.993985401233262     
  0.994160726091470     
  0.994140520356274     
  0.994435836224179     
  0.994445915042371     
  0.994712909681163     
  0.994846478719227     
  0.994977124181839     
  0.995277109267070     
  0.995187044523671     
  0.995645341908260     
  0.995438623714497     
  0.995980440220938     
  0.995935433921935     
  0.996358698075465     
  0.996390821758138     
  0.996683620100876     
  0.996847215726903     
  0.996816223916970     
  0.997344441803627     
  0.997151889979651     
  0.997604066672312     
  0.997560074891881     
  0.997799998692244     
  0.997785994520875     
  0.997869393825505     
  0.997916746065085     
  0.997852332088846     
  0.997937394639047     
  0.997786310677938     
  0.997864026942063     
  0.997616858001110     
  0.997781281479718     
  0.997600476639565     
  0.997659512195792     
  0.997457969413504     
  0.997678445370764     
  0.997285521240413     
  0.997584787867702     
  0.997190579741803     
  0.997330836021496     
  0.997085988702038     
  0.996968319727283     
  0.996904905092492     
  0.996529428511103     
  0.996610378841345     
  0.996069619127887     
  0.996123631627371     
  0.995577571188085     
  0.995475456096112     
  0.994986670592870     
  0.994725032906445     
  0.994448237219630     
  0.993872252203549     
  0.993803981416049     
  0.992961960877704     
  0.992914134900203     
  0.991971335071924     
  0.991958164117893     
  0.991047372664498     
  0.990888787047507     
  0.990246222271909     
  0.989655017421336     
  0.989371137191282     
  0.988097384697049     
  0.988201832462311     
  0.986580125041595     
  0.986845159360523     
  0.985413535061131     
  0.985509574743970     
  0.984475444916208     
  0.983846242275227     
  0.983114102648294     
  0.981808703464853     
  0.981453551064887     
  0.979731021229879     
  0.979631153161822     
  0.977685282326040     
  0.977734617231134     
  0.975540612050666     
  0.975637579924551     
  0.973043136081717     
  0.973445933834658     
  0.970030429835266     
  0.970942029888222     
  0.966790165688784     
  0.966881660835010     
  0.963234625457523     
  0.961966566482382     
  0.958796031373851     
  0.957015688284606     
  0.953829116031843     
  0.951662623834550     
  0.948868613091180     
  0.946119253269525     
  0.943481668718020     
  0.940986429375917     
  0.937644683696616     
  0.936060387497664     
  0.931642432238604     
  0.931340051562885     
  0.925618637228185     
  0.927075285641177     
  0.919547150144507     
  0.922072468867769     
  0.915339095756069     
  0.915936040599101     
  0.911494728596564     
  0.910591405570453     
  0.907597686706255     
  0.906224069873167     
  0.903663491673496     
  0.902484357743540     
  0.900020386229572     
  0.899330164155979     
  0.896783713940592     
  0.896428769551720     
  0.894349797682747     
  0.893728076001284     
  0.892229356757563     
  0.891676740629349     
  0.890499870805338     
  0.890187334674950     
  0.889377558455631     
  0.889224339868336     
  0.888791240745512     
  0.888678474842819     
  0.888684378419841     
  0.888670131548540     
  0.889063920859451     
  0.889224575945823     
  0.889859523178599     
  0.890425664628044     
  0.891138807426323     
  0.891977314961154     
  0.892797111563386     
  0.894049449490859     
  0.895058938562979     
  0.896506681079785     
  0.897787029289357     
  0.899460100552282     
  0.901038983944071     
  0.902766536895206     
  0.904645759728633     
  0.906513087937949     
  0.908574956696821     
  0.910659118017663     
  0.912837772890546     
  0.915059238393900     
  0.917337062046348     
  0.919719046405722     
  0.922091668203148     
  0.924499545328459     
  0.926884309949812     
  0.929289294572731     
  0.931755451867881     
  0.934209087945371     
  0.936727521089244     
  0.939252935668472     
  0.941792911806600     
  0.944340532917594     
  0.946642188483340     
  0.948935563095643     
  0.950606355480333     
  0.952681990087804     
  0.954580404981572     
  0.956584930166203     
  0.958415948479880     
  0.960271198758749     
  0.962055875510508     
  0.963761935436410     
  0.965276155591066     
  0.966893902885528     
  0.968299085064579     
  0.969613973352389     
  0.971627868818404     
  0.971985397891057     
  0.974225644107421     
  0.974285642794016     
  0.975987423332301     
  0.976264356567775     
  0.976882931119552     
  0.977332274853911     
  0.976996150606172     
  0.977643566912526     
  0.976649599081846     
  0.977891988608229     
  0.976235979801435     
  0.977772698438005     
  0.976087751605325     
  0.977387131648998     
  0.976117255309628     
  0.976393818324702     
  0.977077354162411     
  0.974794723373300     
  0.977838036634126     
  0.973862465531174     
  0.978504548452390     
  0.973694308210895     
  0.977814349426764     
  0.975727314650669     
  0.974381410233544     
  0.977288738151392     
  0.973141951407642     
  0.978308785253268     
  0.973112179838241     
  0.977330643856871     
  0.975059104426451     
  0.975016209555523     
  0.977734245287940     
  0.972496471386874     
  0.980166918330427     
  0.972227808966603     
  0.979953373695591     
  0.973738493436133     
  0.978635109943459     
  0.976272726021662     
  0.976714927713922     
  0.978698106224553     
  0.975978130578354     
  0.979531262499590     
  0.976856147446735     
  0.979278126353149     
  0.978355775685112     
  0.978932810273745     
  0.979864161910020     
  0.979089013845843     
  0.981128596161110     
  0.979624716167201     
  0.981875044776713     
  0.980275592706114     
  0.982359897224606     
  0.981070224919263     
  0.983079844274578     
  0.981958186493834     
  0.984012045265304     
  0.982823760955651     
  0.984954336990186     
  0.983856020045406     
  0.985916230419827     
  0.985158104614422     
  0.986735343936484     
  0.986779121346807     
  0.987320573186855     
  0.988425144854441     
  0.988402273855784     
  0.989584495424683     
  0.989886774168438     
  0.990511038847678     
  0.991125558222314     
  0.991479086296060     
  0.992137599075136     
  0.992206944797082     
  0.993253500105388     
  0.993156545194150     
  0.994315948480422     
  0.994260982970277     
  0.995315661424071     
  0.995091122867379     
  0.995661027460860     
  0.995243861272362     
  0.995564746506327     
  0.995195456339608     
  0.995514620644356     
  0.995157601844345     
  0.995535168817367     
  0.995173552671549     
  0.995514343726274     
  0.995291010873041     
  0.995433231091556     
  0.995431925836967     
  0.995221170865611     
  0.995574499157758     
  0.995068893984702     
  0.995440202285865     
  0.995281476991919     
  0.995317178865325     
  0.995348044516748     
  0.995417081435018     
  0.995317668912212     
  0.995485264812139     
  0.995301380995135     
  0.995556511794537     
  0.995316459802899     
  0.995611515691632     
  0.995376507972562     
  0.995643195190837     
  0.995472278586790     
  0.995685535432451     
  0.995675480964594     
  0.995836410052774     
  0.995921029611876     
  0.996007965719544     
  0.996209958179666     
  0.996142832649205     
  0.996440843025872     
  0.996272996568381     
  0.996712816911135     
  0.996599817205437     
  0.997000251872467     
  0.997041581263082     
  0.997291978646674     
  0.997428798291926     
  0.997523143123769     
  0.997752568550797     
  0.997737731672284     
  0.998044623230541     
  0.998003541197777     
  0.998256959454605     
  0.998277121711435     
  0.998425116237992     
  0.998465454210714     
  0.998523595054083     
  0.998578465594690     
  0.998591055457447     
  0.998600910072365     
  0.998633306930744     
  0.998636693479764     
  0.998616508621681     
  0.998611720342328     
  0.998545326936133     
  0.998505019381908     
  0.998392684883368     
  0.998347552325798     
  0.998222539365961     
  0.998175226904450     
  0.998112774780139     
  0.997971203858755     
  0.998042569532278     
  0.997740294300263     
  0.997905711932808     
  0.997525875787633     
  0.997689709775746     
  0.997460849359580     
  0.997461884602578     
  0.997439614648427     
  0.997347326589899     
  0.997402477428220     
  0.997187958449409     
  0.997296050631394     
  0.997008434044641     
  0.997113247085514     
  0.996990577657818     
  0.996994486856241     
  0.997060342885947     
  0.996865051216338     
  0.997178676425799     
  0.996600297141566     
  0.997270787696864     
  0.996329252599071     
  0.997225507530357     
  0.996071254817610     
  0.997392699728107     
  0.995968746364940     
  0.997347711936508     
  0.996336952491212     
  0.997082394301708     
  0.996655101178538     
  0.996697792956682     
  0.996864244603554     
  0.996467566353233     
  0.997095488397321     
  0.996323439761648     
  0.997376043764697     
  0.996167602101562     
  0.997477227400951     
  0.996263142572440     
  0.997236227471796     
  0.996520329765177     
  0.997115943709663     
  0.996757226313286     
  0.996997591997537     
  0.996894296936460     
  0.996893535940591     
  0.996967568015407     
  0.996886302508735     
  0.997038160898144     
  0.996904409731899     
  0.997032571185777     
  0.996949251678723     
  0.997043765399089     
  0.996984534576801     
  0.997093919530908     
  0.997076383989902     
  0.997106460676470     
  0.997184063485147     
  0.997233236291819     
  0.997284009355111     
  0.997278585478457     
  0.997432271733269     
  0.997402988310242     
  0.997484487531538     
  0.997563276460892     
  0.997507369985563     
  0.997701036465608     
  0.997572480370722     
  0.997822541666220     
  0.997718646394617     
  0.997907964053737     
  0.997850762514705     
  0.997945813293099     
  0.997952935945254     
  0.997977884391843     
  0.998046860974804     
  0.998074790729853     
  0.998008454388208     
  0.998187397096722     
  0.998081160259166     
  0.998136635487776     
  0.998098725462448     
  0.998151785429245     
  0.997938970752261     
  0.997956512133734     
  0.997561553023395     
  0.997590472987648     
  0.996982518506915     
  0.997047041035592     
  0.996383565476901     
  0.996524246548436     
  0.995815292812390     
  0.996087863290627     
  0.995533935538464     
  0.995527797387674     
  0.994897722871836     
  0.995022970683561     
  0.994023292266501     
  0.994375202653327     
  0.993591725699194     
  0.993715032085751     
  0.993284023327567     
  0.993036541975958     
  0.992746739443319     
  0.992199883158901     
  0.992103940543860     
  0.991487253960126     
  0.991457118402133     
  0.991052621603401     
  0.990818644882286     
  0.990730050936261     
  0.990159539601917     
  0.990407000143055     
  0.989431567611839     
  0.989996980989929     
  0.988778832951020     
  0.989546090697769     
  0.988295275279411     
  0.988939774164563     
  0.988096958030046     
  0.988151610730256     
  0.988412146624899     
  0.986913191730187     
  0.988631860807990     
  0.986182030524097     
  0.987647408951840     
  0.987298444565252     
  0.985770109350989     
  0.988475064886052     
  0.984079664684724     
  0.988869031705614     
  0.983654866471124     
  0.988068440431827     
  0.984095553501857     
  0.987194413363723     
  0.984787879797190     
  0.985976551391857     
  0.985421118505780     
  0.985151883541648     
  0.985711725146264     
  0.984953402619820     
  0.985607533071039     
  0.985300998030945     
  0.985205973919661     
  0.985605675348279     
  0.984907196924412     
  0.985752941203461     
  0.984791927559921     
  0.986023931566519     
  0.984858767544380     
  0.986162925960463     
  0.985122945067765     
  0.986184304807586     
  0.985319392064571     
  0.986260622460754     
  0.985819139846467     
  0.986430613565361     
  0.986406122987540     
  0.986739833902182     
  0.986918507569218     
  0.987063581007037     
  0.987472123410662     
  0.987527027522548     
  0.988042565059028     
  0.988197949238669     
  0.988662438585074     
  0.988958506450993     
  0.989183487240761     
  0.989834326388753     
  0.989904446104944     
  0.990610934247686     
  0.990711779043153     
  0.991473348262542     
  0.991729822793088     
  0.992234242399609     
  0.992634124808944     
  0.993159821164330     
  0.993410110873937     
  0.993916661819245     
  0.993988663037753     
  0.994360013792262     
  0.994281740979128     
  0.994569621465060     
  0.994499855889958     
  0.994757080352527     
  0.994755269559605     
  0.994927596966744     
  0.994883758424424     
  0.995082544607225     
  0.995192630131783     
  0.995193202746837     
  0.995404939277685     
  0.995288095629189     
  0.995133921197539     
  0.995567392734778     
  0.994827534532373     
  0.995647104190398     
  0.994795572422128     
  0.995507784290291     
  0.995013828594846     
  0.995253788115825     
  0.995359777380152     
  0.994995709204353     
  0.995562306029860     
  0.994752951799128     
  0.995522752185008     
  0.994463995175153     
  0.995245544658510     
  0.995005549515715     
  0.994443041668475     
  0.996162069228167     
  0.993482824407497     
  0.996229760824429     
  0.992773159339259     
  0.995733217762778     
  0.992535241677924     
  0.994826249215413     
  0.993523932234518     
  0.993289707224680     
  0.994587800472906     
  0.990895240864131     
  0.994659768751697     
  0.989596445413215     
  0.993482869700322     
  0.992056537980323     
  0.991343832897495     
  0.993603707863290     
  0.988156633929548     
  0.993548241681538     
  0.986492409187640     
  0.992764065221932     
  0.987271746857391     
  0.991420355116629     
  0.988886230139513     
  0.989286092192437     
  0.989775581761532     
  0.987292863062568     
  0.989983539275276     
  0.986382733600953     
  0.989879946453534     
  0.986738804197492     
  0.989157393549534     
  0.987797577730737     
  0.987519135127216     
  0.988490621248131     
  0.986343378174081     
  0.988882731647250     
  0.985740423425350     
  0.988759714647715     
  0.985935403087664     
  0.988209729467497     
  0.986499537241591     
  0.987266116329850     
  0.987418225990408     
  0.986134226295134     
  0.988449884158958     
  0.985000859498585     
  0.989417268211154     
  0.984308263837107     
  0.990043665768944     
  0.984359758495422     
  0.989213638431984     
  0.985698093870876     
  0.987747608352058     
  0.987264389594217     
  0.986463460815745     
  0.988327126349853     
  0.986409736959113     
  0.988563544254484     
  0.987168786955060     
  0.988344057945596     
  0.988329045971955     
  0.988069913984880     
  0.989185448433982     
  0.988029306384255     
  0.989709049746942     
  0.988132773301761     
  0.989864903284367     
  0.988331340148196     
  0.989835306893016     
  0.988665082326945     
  0.989803860832064     
  0.989001162941171     
  0.989857365659062     
  0.989323399851333     
  0.990030402821067     
  0.989633174569790     
  0.990274145588490     
  0.989977963817909     
  0.990521455796012     
  0.990372540871732     
  0.990753734786806     
  0.990864358191928     
  0.991034202166708     
  0.991412553592792     
  0.991532517037514     
  0.991814662019905     
  0.992198904905751     
  0.992048095683740     
  0.992768691847312     
  0.992561412952234     
  0.993251014543247     
  0.993345573726511     
  0.993757400664303     
  0.994131498998433     
  0.994194601359112     
  0.994699826516339     
  0.994643099384768     
  0.995151322851403     
  0.994941520525096     
  0.995362400395769     
  0.995197760595998     
  0.995238201542073     
  0.995349855249301     
  0.995163310996009     
  0.995360922197516     
  0.995101630230312     
  0.995267262416533     
  0.994979670018063     
  0.995053626382617     
  0.994749178833279     
  0.994695408950220     
  0.994428377620504     
  0.994267026635243     
  0.994053498662699     
  0.993813123894310     
  0.993571985963146     
  0.993329676314583     
  0.993038915840992     
  0.992764956692138     
  0.992454410205827     
  0.992141521713677     
  0.991802652774137     
  0.991457356756163     
  0.991107550701219     
  0.990744722988770     
  0.990383930495596     
  0.989982614730011     
  0.989624892996369     
  0.989213359445034     
  0.988763119274611     
  0.988416492583306     
  0.987984464662697     
  0.987645460480525     
  0.987224572187263     
  0.986915238806646     
  0.986508873052739     
  0.986213279002703     
  0.985875453498647     
  0.985613378014819     
  0.985274527753643     
  0.985079105687736     
  0.984844744486092     
  0.984640881443629     
  0.984547416391553     
  0.984354681132455     
  0.984339935409410     
  0.984187593201245     
  0.984237941815276     
  0.984149430062423     
  0.984261295912271     
  0.984292749525578     
  0.984422441158795     
  0.984557073120768     
  0.984716070368963     
  0.984905319097343     
  0.985111429464232     
  0.985344261743842     
  0.985645050592549     
  0.985894130992157     
  0.986302504615436     
  0.986514937315741     
  0.987015295830179     
  0.987178977857515     
  0.987711219318714     
  0.987929525605545     
  0.988473075031189     
  0.988836394055106     
  0.989242020379207     
  0.989712273514411     
  0.989891205580091     
  0.990558495370297     
  0.990679648226044     
  0.991448371064729     
  0.991240096954160     
  0.992322425826822     
  0.992223336361525     
  0.992885917034953     
  0.993220125269709     
  0.993249708217350     
  0.993932983058898     
  0.993660655884433     
  0.994545316105285     
  0.994243334313250     
  0.995061416279104     
  0.994875249041166     
  0.995373468173267     
  0.995139018284365     
  0.995314544535435     
  0.994840048067830     
  0.994889624143617     
  0.994249469911206     
  0.994241920749339     
  0.993313218834355     
  0.993424014484586     
  0.992669088187264     
  0.992617790365505     
  0.991910985764169     
  0.991923612901754     
  0.991350458164384     
  0.990571019528820     
  0.990845469642772     
  0.988949458573030     
  0.990026740707181     
  0.987960243966660     
  0.989103927744085     
  0.987864712692366     
  0.988172150170813     
  0.987571325163679     
  0.986939310293433     
  0.986854444687609     
  0.985569118355600     
  0.986010291251599     
  0.985167719162905     
  0.985175443745422     
  0.985264651099121     
  0.984177825017329     
  0.985144163435034     
  0.982897384901407     
  0.984903060915922     
  0.981891341582676     
  0.984627032504392     
  0.981865903097553     
  0.984072053044824     
  0.982360849331748     
  0.982904896926590     
  0.983093073050551     
  0.981197088722491     
  0.984060131477569     
  0.979862607275472     
  0.985001861799219     
  0.979465902932737     
  0.985455722160826     
  0.979492031759487     
  0.984677586747038     
  0.980039978023824     
  0.983009503911317     
  0.981508764780064     
  0.981325917338279     
  0.983365920610277     
  0.980781843483286     
  0.983818343371520     
  0.981271880386362     
  0.983198396900305     
  0.982185350175689     
  0.982570444699721     
  0.983510644371994     
  0.982374540046394     
  0.984368960965709     
  0.983050691136363     
  0.984580933105683     
  0.983719670315186     
  0.984689445185917     
  0.984684823594868     
  0.985202210653954     
  0.985685894405255     
  0.986050607006932     
  0.986628459740417     
  0.986989699906228     
  0.987314388235889     
  0.987986187579008     
  0.987976754439042     
  0.989163719605024     
  0.988897168214019     
  0.990357857997525     
  0.990000138369780     
  0.991311311397362     
  0.991329600763637     
  0.991880841334948     
  0.992686995057814     
  0.992960276532012     
  0.993554826187141     
  0.994404239419149     
  0.994861904629084     
  0.995537102438833     
  0.996075090870552     
  0.996587355020943     
  0.997135070132124     
  0.997411781965771     
  0.998028711142191     
  0.998163225445815     
  0.998664689387064     
  0.998770118901692     
  0.998846524363498     
  0.998880797541365     
  0.998775159106999     
  0.998886424477485     
  0.998624215818427     
  0.998848159350113     
  0.998598716967105     
  0.998783433515101     
  0.998690139451783     
