  0.982169193363320     
  0.982618183623355     
  0.982987104102668     
  0.983544403912695     
  0.983996178574478     
  0.984694725326320     
  0.985266118755808     
  0.985749378629571     
  0.986360585126922     
  0.986847136627445     
  0.987516226203848     
  0.988659915502312     
  0.988868107440068     
  0.990348980781251     
  0.990482328873231     
  0.990682644005985     
  0.992582422486607     
  0.990062727859778     
  0.993390434447959     
  0.990610616396161     
  0.992102071962137     
  0.991946766437349     
  0.991251942533408     
  0.992333995605859     
  0.991627573666721     
  0.991792594800061     
  0.992121574334762     
  0.991825733929359     
  0.992127923265909     
  0.992068107734556     
  0.992068955823093     
  0.992216209362166     
  0.992192478610935     
  0.992246872985228     
  0.992385217505095     
  0.992394010903208     
  0.992582407832752     
  0.992725261610804     
  0.993072462554309     
  0.993565497629090     
  0.994070951861818     
  0.994616700600548     
  0.995302145489171     
  0.995871181441565     
  0.996613633689494     
  0.997287264131854     
  0.997816845472546     
  0.998440962796506     
  0.998789315680776     
  0.998928326251286     
  0.999043810714204     
  0.999063583250196     
  0.998960924041815     
  0.999067376159258     
  0.998933724328500     
  0.999061223832536     
  0.998978661062050     
  0.998879679146594     
  0.999045140318107     
  0.998822248994921     
  0.998931170971515     
  0.998822448193315     
  0.998812028836736     
  0.998787052081217     
  0.998727265497832     
  0.998656829203053     
  0.998635574331755     
  0.998511503751876     
  0.998496231268954     
  0.998312973009510     
  0.998218428230073     
  0.998088267048826     
  0.997898402027089     
  0.997809399719540     
  0.997677276928571     
  0.997548982109871     
  0.997661957904177     
  0.997448869216014     
  0.997571189306076     
  0.997521914912242     
  0.997524870234847     
  0.997642158765288     
  0.997524887034291     
  0.997671323095790     
  0.997582105220513     
  0.997608118439534     
  0.997518562648126     
  0.997537433561120     
  0.997352768801128     
  0.997484681297533     
  0.997264684611426     
  0.997297637240720     
  0.997209406370295     
  0.996879165177261     
  0.996577601996646     
  0.996036305948209     
  0.995522607215466     
  0.995058620404442     
  0.994142524746439     
  0.993692376934640     
  0.992964239556495     
  0.991950496564328     
  0.991292171221278     
  0.990132828675855     
  0.989759266698151     
  0.989472648600909     
  0.988670778312945     
  0.989048865151675     
  0.988899683593569     
  0.988391986336037     
  0.988552989048866     
  0.987765264147633     
  0.987488352519321     
  0.986787296031111     
  0.985463926336278     
  0.985254086666811     
  0.983710420726318     
  0.983006010622397     
  0.982274966618074     
  0.980480690667547     
  0.981471278223468     
  0.978084008351355     
  0.980149604231119     
  0.976418653883826     
  0.978416416037220     
  0.975567203072364     
  0.976509378412295     
  0.974089030646136     
  0.973967300885028     
  0.972270012685600     
  0.970080247621976     
  0.969820464901793     
  0.966053873453559     
  0.966054630566329     
  0.962757963750502     
  0.960769370033674     
  0.959844613819984     
  0.955292287261792     
  0.955752540803364     
  0.948922251168717     
  0.949975082857892     
  0.942147461142035     
  0.941760597151991     
  0.934567675265890     
  0.931792800665579     
  0.926734506086103     
  0.922086194688554     
  0.918460264616739     
  0.913205444022010     
  0.909718333742253     
  0.904588269607602     
  0.900320126688980     
  0.896114006631954     
  0.890695772464039     
  0.887402990752982     
  0.881388367150862     
  0.878399621694794     
  0.873239069807746     
  0.869976399469960     
  0.866243033998512     
  0.862818967917542     
  0.860483985823971     
  0.858075927800056     
  0.856424957010587     
  0.855473660009660     
  0.854271293422980     
  0.854209674903289     
  0.854092877556345     
  0.853969757897785     
  0.854949736993880     
  0.855341262559246     
  0.856262006195230     
  0.857629922514090     
  0.859046847148002     
  0.861217546413880     
  0.863759082365412     
  0.866467629232755     
  0.869850574813273     
  0.873327552476618     
  0.877166457420457     
  0.881505363312354     
  0.885898219872060     
  0.890672769527554     
  0.895597941676469     
  0.900601978872531     
  0.905886728958455     
  0.911204305480617     
  0.916686975718891     
  0.922079802934866     
  0.927472941247267     
  0.932746420486003     
  0.937884536654064     
  0.942929681149194     
  0.947842770868615     
  0.952777265136496     
  0.957523970847004     
  0.962201457624745     
  0.966716606184201     
  0.970986778643609     
  0.975038137933984     
  0.978648237897653     
  0.981349899400272     
  0.983939002132017     
  0.986015242920160     
  0.987616022793840     
  0.988916637204667     
  0.989868630706009     
  0.990385873097407     
  0.990691928339732     
  0.990898477250528     
  0.990973693294042     
  0.991172266908163     
  0.991283710321587     
  0.991382101143342     
  0.991606980314041     
  0.991448649739189     
  0.991147164243562     
  0.990496632053330     
  0.989055928467024     
  0.988401270124210     
  0.986768441376756     
  0.986158155882615     
  0.985099968350303     
  0.983686229568542     
  0.983284986581482     
  0.981483547325686     
  0.981131310781180     
  0.979755282452117     
  0.979118174288902     
  0.978321916700224     
  0.977805681403012     
  0.976877357309751     
  0.976967336288332     
  0.976181495641248     
  0.975400201118805     
  0.976016533889647     
  0.974436338733816     
  0.975801238976332     
  0.974625701651218     
  0.973966281572357     
  0.974763771926487     
  0.974179168202048     
  0.974235430465515     
  0.973593981323483     
  0.974740521787632     
  0.973465351662026     
  0.974085168324032     
  0.975429164714571     
  0.972537208596612     
  0.977774682983922     
  0.973130248500223     
  0.976349957520504     
  0.976202168235080     
  0.975534964480689     
  0.976960833851367     
  0.977105710980975     
  0.976907496894426     
  0.978293723587915     
  0.978249978730372     
  0.978597241684870     
  0.980000279537169     
  0.979724243368495     
  0.981082084911587     
  0.981746024164270     
  0.981984012398874     
  0.983697575917546     
  0.983983519810051     
  0.985713619824683     
  0.986707904691674     
  0.988286912153710     
  0.988954204081057     
  0.990115168212673     
  0.990660233394746     
  0.991979737007306     
  0.992676685480038     
  0.993618863129709     
  0.994492833398390     
  0.995370909391348     
  0.996362191090550     
  0.997020835462150     
  0.997414239390447     
  0.997536282613747     
  0.997353395103964     
  0.997320987045103     
  0.997047839846418     
  0.997034591381427     
  0.997069745575226     
  0.996793844056267     
  0.997028547431686     
  0.996976247787144     
  0.996988283163945     
  0.997083491702208     
  0.996930446745724     
  0.997114375851641     
  0.997152111634408     
  0.997155003660142     
  0.997306973978294     
  0.997562653942302     
  0.997361165572382     
  0.997732474272090     
  0.997471292440782     
  0.997859112878654     
  0.997609959023565     
  0.997830286542948     
  0.997656351780789     
  0.997740413198660     
  0.997557480463993     
  0.997693690326096     
  0.997279706767035     
  0.997525796892190     
  0.997163266508659     
  0.997007320115512     
  0.997163102323418     
  0.996348227568296     
  0.996858688618795     
  0.996001350102189     
  0.996178029396501     
  0.995766766988047     
  0.995430015882434     
  0.995423922463633     
  0.995170655003996     
  0.995143525337167     
  0.995189797105967     
  0.995165562605128     
  0.995381099726302     
  0.995569691126780     
  0.995719356797779     
  0.995937436319540     
  0.996165033724898     
  0.996440714336722     
  0.996636007228225     
  0.996839280580136     
  0.997149106428081     
  0.997432896453594     
  0.997597864256412     
  0.997825670110524     
  0.998048106068053     
  0.998330348101192     
  0.998557150219454     
  0.998788426461847     
  0.999042552854060     
  0.999228114057014     
  0.999306586722562     
  0.999333369758290     
  0.999345197052894     
  0.999290761067935     
  0.999320067280044     
  0.999288029721823     
  0.999292380189279     
  0.999312150736145     
  0.999281569924339     
  0.999336468137929     
  0.999336523509986     
  0.999360361035073     
  0.999385047400065     
  0.999417580895049     
  0.999423767993577     
  0.999464540000058     
  0.999461644390588     
  0.999497316942157     
  0.999453494763945     
  0.999392578088418     
  0.999259699758436     
  0.999100209285026     
  0.999014258876382     
  0.998730249619076     
  0.998732990498575     
  0.998450951111298     
  0.998437929557902     
  0.998326343312479     
  0.998236343374717     
  0.998306724245748     
  0.998314557419248     
  0.998276051452089     
  0.998306855852597     
  0.998151844166037     
  0.998039244834431     
  0.998022051811071     
  0.997754073539004     
  0.997658031163865     
  0.997616168036904     
  0.997342201623662     
  0.997316448084343     
  0.997218681826498     
  0.996885674098418     
  0.997231851006145     
  0.996826918533844     
  0.997038114729767     
  0.997321235771676     
  0.996458471259381     
  0.997532227491560     
  0.996474897735336     
  0.997435688761886     
  0.997190202790557     
  0.996821517935453     
  0.997343212093049     
  0.997006031171365     
  0.997014842293386     
  0.997263848615590     
  0.996852188105739     
  0.997002153774909     
  0.997315621886347     
  0.996258052473961     
  0.997546626981992     
  0.996059688617542     
  0.997100601933981     
  0.996436422304464     
  0.996486940352870     
  0.996773401836672     
  0.996519395768700     
  0.996792838505086     
  0.996861529830248     
  0.996869493296744     
  0.997061326289897     
  0.997159598083892     
  0.997301893958598     
  0.997465948168222     
  0.997585678351930     
  0.997733013245031     
  0.997848866018647     
  0.997940078454635     
  0.998003100212481     
  0.998049991147869     
  0.998110982752837     
  0.998184041535734     
  0.998270030810902     
  0.998299369834079     
  0.998316932814809     
  0.998311380440794     
  0.998379937145170     
  0.998413376134002     
  0.998484845360023     
  0.998530645054305     
  0.998524445805077     
  0.998549953095621     
  0.998402304546850     
  0.998406526492023     
  0.998291524218141     
  0.998203250496668     
  0.998156677047544     
  0.998034542834588     
  0.998030527474722     
  0.998078111435700     
  0.997885975387966     
  0.998155692356689     
  0.997896445993445     
  0.998222578439399     
  0.997996002190566     
  0.998221124089101     
  0.998283956392465     
  0.998103344065636     
  0.998468046726491     
  0.998129035261434     
  0.998397134708639     
  0.998613344867319     
  0.997964924020506     
  0.998784935040099     
  0.998108848673267     
  0.998432170770364     
  0.998262468737761     
  0.997816902764140     
  0.997962330620776     
  0.997358704106511     
  0.996926883872631     
  0.996592237299064     
  0.995746350609608     
  0.994672952610850     
  0.993609646596471     
  0.992533464374524     
  0.991413974008087     
  0.990399005201239     
  0.989510823409488     
  0.988686966288407     
  0.987991545348959     
  0.987071076141729     
  0.986632077755186     
  0.985953803592299     
  0.985541506634661     
  0.985199666224636     
  0.984574124113550     
  0.984596310882490     
  0.983697103732189     
  0.983739339712741     
  0.983328157170371     
  0.982848457176019     
  0.983354074830800     
  0.982327540268812     
  0.982747339016798     
  0.982917956651033     
  0.981837363366909     
  0.982449016720525     
  0.982869588059979     
  0.981063128808736     
  0.982733192297136     
  0.982397860312983     
  0.980420375234841     
  0.983652882684521     
  0.979073969960159     
  0.982451589861714     
  0.980613552002358     
  0.979856348159773     
  0.980846077202780     
  0.979469964489608     
  0.979509215348557     
  0.979354914751590     
  0.978697214199093     
  0.978283117113596     
  0.978068037352120     
  0.977228995311924     
  0.976583141335307     
  0.977138382626352     
  0.975010726917649     
  0.976692713884641     
  0.974662582781868     
  0.975587487314796     
  0.974768919121153     
  0.975046493445645     
  0.974863249143707     
  0.975106637297577     
  0.974875898371000     
  0.975535035333975     
  0.975576104273908     
  0.976035257628607     
  0.976511547934185     
  0.977087996561793     
  0.977813551790408     
  0.978596691031814     
  0.979499472918917     
  0.980106916505123     
  0.981002002959560     
  0.981814523323159     
  0.982848313477204     
  0.983873810118347     
  0.984607531189390     
  0.985677891628095     
  0.986243071803576     
  0.987294670457476     
  0.987796738756415     
  0.988840463724176     
  0.989308090874954     
  0.990257513490268     
  0.990571319029886     
  0.991330297533946     
  0.991738213309909     
  0.992318625173239     
  0.992762901752316     
  0.993221678738759     
  0.993625022293211     
  0.994092207504866     
  0.994492205539649     
  0.994940942398068     
  0.995378770856775     
  0.995660207196339     
  0.996076115767103     
  0.996309234197470     
  0.996640623351115     
  0.996900056797810     
  0.997255209254716     
  0.997426682465276     
  0.997760186713490     
  0.997968586290397     
  0.997825350376602     
  0.997826554752669     
  0.997358623308311     
  0.997188312845126     
  0.996789563946135     
  0.996197277593779     
  0.996049914618832     
  0.995452318914684     
  0.995478687949027     
  0.994801304756373     
  0.994812192831168     
  0.994321251178568     
  0.994606182968305     
  0.993949801811622     
  0.993896866576951     
  0.994496920478525     
  0.992952493786107     
  0.994351570045892     
  0.993000435430040     
  0.993643737441845     
  0.993776391956213     
  0.992526046863365     
  0.993939699251660     
  0.993067605341585     
  0.992824028873353     
  0.994075195786700     
  0.992631432158118     
  0.993166586593097     
  0.994485973006697     
  0.992046747373895     
  0.994313148187208     
  0.994061011869792     
  0.992114053607110     
  0.995132616202506     
  0.992529545399539     
  0.994028428222338     
  0.994366938690445     
  0.992562384520583     
  0.993860529428317     
  0.993231938254867     
  0.992511006534369     
  0.993508061611907     
  0.992524256678549     
  0.992536168509798     
  0.992874176828790     
  0.991428924495430     
  0.992391614598424     
  0.991218217015686     
  0.990714103502829     
  0.990831991314035     
  0.989323136060782     
  0.990095819341699     
  0.988788157490694     
  0.988980622717649     
  0.988706993122675     
  0.987871864737742     
  0.988677001218874     
  0.987796253873648     
  0.987794076463507     
  0.988614154958385     
  0.987153621026612     
  0.988734909300737     
  0.988332046354515     
  0.986920156357503     
  0.990859851241363     
  0.985881747998614     
  0.989976974021469     
  0.987786118995040     
  0.987389208942187     
  0.989453077897047     
  0.986788779486637     
  0.989065942218082     
  0.988076224402489     
  0.987746668745805     
  0.989129555113768     
  0.987460592327152     
  0.989290170275715     
  0.987916383724007     
  0.988985335762926     
  0.988724331031608     
  0.988721371555486     
  0.989173968010185     
  0.989080755168572     
  0.989225730317685     
  0.989610631121296     
  0.989313083234509     
  0.989919393372288     
  0.989747369602582     
  0.990090814822774     
  0.990077784606353     
  0.990208665510178     
  0.990380226615450     
  0.990561742338561     
  0.990814840069326     
  0.991035370003311     
  0.991500639152699     
  0.991888844198465     
  0.991937451145376     
  0.992113057205556     
  0.991969958191572     
  0.991989381511234     
  0.992122138862459     
  0.992089799779071     
  0.992336140144296     
  0.992621958923009     
  0.992427390134239     
  0.992862271011330     
  0.992809830318943     
  0.992524656982464     
  0.992702372536679     
  0.992293528182337     
  0.992467161872092     
  0.992345010528042     
  0.992123861018074     
  0.992255945672190     
  0.992140014484430     
  0.991940616520123     
  0.992055349971199     
  0.991841917130365     
  0.991782619736988     
  0.991671203782879     
  0.991479183978289     
  0.991473742152818     
  0.991288599346349     
  0.991203182139014     
  0.991080666654136     
  0.990897388558740     
  0.990793037229604     
  0.990430584106479     
  0.990284793873597     
  0.989776231373271     
  0.989486866025440     
  0.988916775375042     
  0.988434402154651     
  0.987799833291455     
  0.987137573368546     
  0.986406418955440     
  0.985555640670177     
  0.984633911828924     
  0.983587918709052     
  0.982458088268743     
  0.981257277985048     
  0.979936423572335     
  0.978551683875480     
  0.976994478833460     
  0.975455451488416     
  0.973810277629363     
  0.972135176848103     
  0.970513411113589     
  0.968771708552148     
  0.967208761615210     
  0.965546057325489     
  0.964008620352179     
  0.962539661563276     
  0.961082229840667     
  0.959843959089121     
  0.958608735128685     
  0.957598206329685     
  0.956701490998773     
  0.955914341263450     
  0.955341959571703     
  0.954884064559681     
  0.954611452313753     
  0.954537204360096     
  0.954600287127334     
  0.954904778266353     
  0.955339686376783     
  0.955898568561679     
  0.956711103203129     
  0.957586123329352     
  0.958633682090990     
  0.959755275625515     
  0.961033163173956     
  0.962427452392464     
  0.963864590141584     
  0.965409912829710     
  0.966913283251903     
  0.968535097322742     
  0.970069704499670     
  0.971615703307112     
  0.973171161077518     
  0.974521218142370     
  0.976042850673916     
  0.977441175071171     
  0.978635948300788     
  0.979998568897989     
  0.980949739904076     
  0.982198916358255     
  0.983244598568303     
  0.983946103910587     
  0.985180613674991     
  0.985919695573479     
  0.986780628188635     
  0.987465820196281     
  0.987955245393957     
  0.988731089885378     
  0.989297470761943     
  0.989674789981622     
  0.990398677345307     
  0.990754667808270     
  0.991306159989179     
  0.991615376235243     
  0.992103251723396     
  0.992398606136606     
  0.992829849419525     
  0.993085734176419     
  0.993452871348797     
  0.993726462979162     
  0.993894377110378     
  0.994245311030100     
  0.994303888323520     
  0.994681977338813     
  0.994969676733068     
  0.994959938089522     
  0.995410157213029     
  0.995431294872823     
  0.995813503074832     
  0.996039394089821     
  0.995622153477125     
  0.995601362113741     
  0.994887130142053     
  0.993623660412533     
  0.992872103850525     
  0.991575225835429     
  0.990502788960867     
  0.989664187682674     
  0.988026651630039     
  0.987787416100097     
  0.986742971462104     
  0.985661545263033     
  0.985010541472563     
  0.984207855660158     
  0.983492969062370     
  0.982416790495503     
  0.981907295835923     
  0.980813631511432     
  0.980590381419346     
  0.979705366681285     
  0.979065774361228     
  0.979802876168016     
  0.978875677717764     
  0.978957698777848     
  0.979552000198068     
  0.978296698886047     
  0.979849811208398     
  0.978921522157436     
  0.977521627329670     
  0.982292090609340     
  0.976085120899999     
  0.982002918182841     
  0.977360156751838     
  0.979246643946818     
  0.980062673971085     
  0.977782186655525     
  0.980104372125776     
  0.979279670488888     
  0.978589875827401     
  0.979706877593922     
  0.979130582939964     
  0.979330570504238     
  0.979805312429213     
  0.979598341650891     
  0.980355542506766     
  0.981015099387512     
  0.981274062897683     
  0.982447754426621     
  0.982973476239537     
  0.983760627329341     
  0.984569907316339     
  0.985191993570838     
  0.986403437481563     
  0.986903914937587     
  0.988262285989242     
  0.989243238322984     
  0.990563265202226     
  0.991958011799967     
  0.993282788485179     
  0.994834430369403     
  0.996386156973591     
  0.997451764737249     
  0.998531368790715     
  0.998956908329856     
  0.998959740441812     
  0.999139635344699     
  0.999072870400269     
  0.999257581288397     
  0.999340164485993     
  0.999256960822006     
  0.999348096183555     
  0.999526156614338     
  0.999414949287901     
  0.999645296723388     
  0.999365934012856     
  0.999575601574726     
  0.999600802583746     
  0.999436241674039     
  0.999609463321255     
  0.999522883462537     
  0.999533270342495     
  0.999538983475447     
  0.999380855729588     
  0.999467598277359     
  0.999345728579555     
  0.999201810834867     
  0.999191711005331     
  0.999101149168083     
  0.999046091208979     
