  0.982538702739398     
  0.982761855241338     
  0.982967062565789     
  0.983282441517922     
  0.983603032077012     
  0.983752770357103     
  0.984458542049101     
  0.984560139672869     
  0.985212274069454     
  0.985648079764884     
  0.985749974134360     
  0.986998205989229     
  0.986658987421349     
  0.987836945065374     
  0.988210969818310     
  0.988070469968199     
  0.990536490036206     
  0.988212758819679     
  0.991806256038715     
  0.989419329865345     
  0.991446582503299     
  0.991374491168057     
  0.991207955877309     
  0.992675810282184     
  0.991973395095995     
  0.992665755844414     
  0.992826916804855     
  0.992590026586510     
  0.993131636403855     
  0.992795297034604     
  0.992994523071230     
  0.993085197733104     
  0.993004992145491     
  0.993316416110640     
  0.993266882763007     
  0.993454482042441     
  0.993590785446662     
  0.993714139328611     
  0.994018136182965     
  0.994011684549756     
  0.994306119976242     
  0.994311168100837     
  0.994656972053246     
  0.994819439164233     
  0.994955718425656     
  0.995252484934652     
  0.995361193715643     
  0.995762115993014     
  0.995997146239695     
  0.996116986040490     
  0.996493905128807     
  0.996724445770790     
  0.996987611901977     
  0.997294476728959     
  0.997449399701817     
  0.997891718016360     
  0.998059160571506     
  0.998248505911776     
  0.998445455728535     
  0.998383796235828     
  0.998631750816661     
  0.998518363167812     
  0.998488155224027     
  0.998489867176680     
  0.998431873292382     
  0.998405351974408     
  0.998381479546977     
  0.998188888435540     
  0.998225971737602     
  0.998037549021343     
  0.998019956766780     
  0.997958435023460     
  0.997878258200471     
  0.997780388382296     
  0.997745988090087     
  0.997595013041222     
  0.997548758328302     
  0.997423521345046     
  0.997401137818079     
  0.997412947740822     
  0.997213957713869     
  0.997352827382125     
  0.996993949894225     
  0.997213258772082     
  0.996790855318449     
  0.996873316593765     
  0.996391218267874     
  0.996345436201334     
  0.996006155137777     
  0.995696006210540     
  0.995451671642992     
  0.994721782465267     
  0.994555194821601     
  0.993919583442344     
  0.993383158069846     
  0.993065685538270     
  0.992106945226138     
  0.992013601784383     
  0.991346850836651     
  0.990960267336683     
  0.990875235312754     
  0.989781372046579     
  0.989884273959629     
  0.989184667236235     
  0.988516193314813     
  0.988347495949482     
  0.986838531680927     
  0.987071917221937     
  0.986305940506731     
  0.985202617646818     
  0.985178202061571     
  0.983712794794728     
  0.983736241464976     
  0.982981947297284     
  0.981737803180675     
  0.981685951342087     
  0.980150108006444     
  0.979763630909258     
  0.979083330108699     
  0.977013990054302     
  0.978016907828232     
  0.974252145252128     
  0.976435139804638     
  0.971886244457684     
  0.973760703066445     
  0.969777191540265     
  0.970384162862318     
  0.967446417816146     
  0.966391847319210     
  0.964394553408528     
  0.961043373048863     
  0.960158690650444     
  0.955402516169849     
  0.954340871276645     
  0.950305191907770     
  0.947039594500915     
  0.945452614165573     
  0.939524210749164     
  0.939783698822664     
  0.932305560533244     
  0.933635187398441     
  0.926020763387386     
  0.926755892549335     
  0.920257119008150     
  0.918801557848676     
  0.914808301995360     
  0.911847507805913     
  0.909677280638308     
  0.905858333088825     
  0.904133800146710     
  0.900992369508658     
  0.898724286752267     
  0.896897993191562     
  0.893578748043576     
  0.893078653493802     
  0.889727508503645     
  0.889348346851695     
  0.886922585493112     
  0.885895025017523     
  0.884648549568681     
  0.883389131172140     
  0.882650583783370     
  0.881778590802661     
  0.880878538682459     
  0.880809092354336     
  0.880087556762922     
  0.880195005044702     
  0.880329893520415     
  0.880232373313232     
  0.881279112707039     
  0.881476801305927     
  0.882366860443269     
  0.883338693493067     
  0.884226312905942     
  0.885832713204565     
  0.887163346149508     
  0.888709023231940     
  0.890765497267998     
  0.892442124249059     
  0.894663162514592     
  0.896800933935090     
  0.898962913678217     
  0.901517721998514     
  0.903838779938655     
  0.906567177802328     
  0.909260445686359     
  0.912053219281568     
  0.915161059591842     
  0.918099197760399     
  0.921437911857731     
  0.924631118788631     
  0.927970084218203     
  0.931310973049327     
  0.934641680546877     
  0.938062027625303     
  0.941351424683266     
  0.944501840016173     
  0.947665175147697     
  0.950612570200850     
  0.953647940582383     
  0.956492286930624     
  0.958961395237656     
  0.961784465805706     
  0.964499640470717     
  0.967242926636147     
  0.969661547060269     
  0.971857624524946     
  0.973771991124084     
  0.975451843087199     
  0.977013328262861     
  0.978331463262790     
  0.979558965870193     
  0.980599434569768     
  0.981038282997245     
  0.981739467534955     
  0.981450854724925     
  0.981666893237526     
  0.981515117708256     
  0.981066011910125     
  0.981224452229942     
  0.980537947254536     
  0.980050207000735     
  0.980767693984147     
  0.979153202985845     
  0.980389747988603     
  0.978721027146224     
  0.979385671536871     
  0.978756483292868     
  0.978412659437674     
  0.978568558313925     
  0.977849074172596     
  0.978053889816586     
  0.977778541649156     
  0.977468634298138     
  0.977310448626181     
  0.977306483265496     
  0.977063814438782     
  0.977770552110100     
  0.976082611855106     
  0.977126243881081     
  0.976665032368435     
  0.976851620785593     
  0.977943370522773     
  0.975363195326399     
  0.978416350272670     
  0.975584879956336     
  0.976545089867826     
  0.978532359400265     
  0.974495714222222     
  0.980915772520687     
  0.974863583522423     
  0.978550037757369     
  0.977848720438695     
  0.976878269925214     
  0.979018573217116     
  0.977952250209524     
  0.978380536871618     
  0.980038753341608     
  0.978547115161652     
  0.979968848353256     
  0.980340842853691     
  0.979772065259350     
  0.981558993626470     
  0.980510792475401     
  0.981796739933975     
  0.981977975622422     
  0.982007085696021     
  0.983116026683565     
  0.982519588183802     
  0.984066352871076     
  0.983621561544554     
  0.984757652339182     
  0.984724495751692     
  0.985485142187950     
  0.986373516717884     
  0.986390903759430     
  0.987794562434580     
  0.987626414773016     
  0.989092446592657     
  0.989487894753031     
  0.989965694077787     
  0.991037869683676     
  0.990957387981988     
  0.992179166221763     
  0.992560986951489     
  0.993177189933526     
  0.993981015385999     
  0.994228241848013     
  0.995294622967432     
  0.995786324363470     
  0.996221917623747     
  0.996548129729766     
  0.996381942138497     
  0.996670655086465     
  0.996662782478574     
  0.996554331425540     
  0.996672714773771     
  0.996585355564241     
  0.996606857893495     
  0.996831599439882     
  0.996412755487160     
  0.996892252737104     
  0.996508248902331     
  0.996857340774213     
  0.996617824781488     
  0.996751599187240     
  0.996555716021345     
  0.996761794937374     
  0.996495981002742     
  0.996779919456024     
  0.996605901895153     
  0.996446893462045     
  0.996621989964467     
  0.996133944810019     
  0.996674971736583     
  0.996102001040150     
  0.996560399729915     
  0.996150420766092     
  0.996160830111146     
  0.996215995475408     
  0.995940025375464     
  0.996120701037247     
  0.995823616730674     
  0.995910343469877     
  0.995871426353467     
  0.995785435568502     
  0.995851635449306     
  0.995778531648576     
  0.995938486322496     
  0.996012045247987     
  0.996111925424857     
  0.996255786720889     
  0.996311727741122     
  0.996614305719270     
  0.996624390485471     
  0.996865147333085     
  0.996980845541227     
  0.997209086109704     
  0.997406322074873     
  0.997519173166073     
  0.997692223856047     
  0.997893153810649     
  0.998053318199842     
  0.998248061376546     
  0.998346088835315     
  0.998509502740816     
  0.998657930468514     
  0.998770480680254     
  0.998916715781179     
  0.999004564542621     
  0.999113177550037     
  0.999198364799850     
  0.999171000201264     
  0.999178568487055     
  0.999045885104716     
  0.999060527250251     
  0.998923899172805     
  0.998886026142124     
  0.998769166098848     
  0.998734627641416     
  0.998652684926025     
  0.998563091061827     
  0.998540056239082     
  0.998412838875767     
  0.998425439736560     
  0.998228666338229     
  0.998266566689205     
  0.998113231179941     
  0.998109559495932     
  0.998016606317150     
  0.997891698304049     
  0.997845739065721     
  0.997845269669301     
  0.997736604571466     
  0.997697738157725     
  0.997606656319252     
  0.997494539930689     
  0.997563045134274     
  0.997421978969380     
  0.997355998323956     
  0.997423219989382     
  0.997308079831579     
  0.997303934288144     
  0.997357715173927     
  0.997064091124043     
  0.997353699501974     
  0.997197903002667     
  0.997089746078600     
  0.997494637435843     
  0.996486442875428     
  0.997641686398226     
  0.996466343700200     
  0.997497259104971     
  0.997086756458022     
  0.997005854646864     
  0.997274182779746     
  0.997064764864355     
  0.997094663252278     
  0.997238081199316     
  0.997040285707244     
  0.997064410429827     
  0.997538486922583     
  0.996550819559243     
  0.997855524419647     
  0.996457879736737     
  0.997625897720989     
  0.996885620191257     
  0.997132817422345     
  0.997248587944310     
  0.996884503324534     
  0.997212593925580     
  0.997042069018301     
  0.997059649285583     
  0.997111925265241     
  0.997058284566874     
  0.997172084607836     
  0.997148670423618     
  0.997192080148472     
  0.997170159643754     
  0.997255246602216     
  0.997269485874114     
  0.997309728224675     
  0.997333518516622     
  0.997353956348119     
  0.997447823128788     
  0.997462852002293     
  0.997498715446499     
  0.997543082377688     
  0.997581215781780     
  0.997611373358607     
  0.997663159897569     
  0.997700784128459     
  0.997752141867943     
  0.997757199651720     
  0.997804086442524     
  0.997828106331067     
  0.997865611758487     
  0.998037701752912     
  0.997959593671575     
  0.998197070797302     
  0.998118742711015     
  0.998260669710649     
  0.998410203662848     
  0.998129944271372     
  0.998591546786749     
  0.998168447624668     
  0.998530198426389     
  0.998395497280384     
  0.998241914860366     
  0.998519298916512     
  0.997923970204595     
  0.998374962414172     
  0.998050278718743     
  0.997814090167658     
  0.998125244155518     
  0.996985438073118     
  0.997578992394857     
  0.996410078454352     
  0.996308003203235     
  0.995969684025367     
  0.995288250434715     
  0.995167917820637     
  0.994364037677244     
  0.993954641064150     
  0.993617039468052     
  0.993231402206705     
  0.992700116320677     
  0.992485251927298     
  0.991847850090421     
  0.991823673130195     
  0.991027054275412     
  0.990862541324386     
  0.990273894640560     
  0.990133843089861     
  0.989588270726615     
  0.989242999342502     
  0.988885576194122     
  0.988349306412287     
  0.988430610026290     
  0.987546443271570     
  0.987688044129991     
  0.987160846904596     
  0.986711659416167     
  0.987020655494681     
  0.985743447656568     
  0.986339170790457     
  0.985822556797052     
  0.985140006121532     
  0.986040739114812     
  0.984539622828751     
  0.984539567215488     
  0.985753627505906     
  0.982727855350040     
  0.984559604361480     
  0.984199184788392     
  0.981574156619819     
  0.985369535355218     
  0.980105806680198     
  0.984479967898653     
  0.981677170164117     
  0.981975762091023     
  0.982650163166444     
  0.980873370210878     
  0.982699981354723     
  0.981359382455470     
  0.981726268574610     
  0.981773996263598     
  0.981354192509249     
  0.982198847878973     
  0.981069596875212     
  0.982235104738995     
  0.980875977810714     
  0.982286227925759     
  0.981082116812794     
  0.981893809777365     
  0.981283865124446     
  0.981763806157425     
  0.981528882465058     
  0.981890921691929     
  0.981467707344109     
  0.982101555153752     
  0.981874107935297     
  0.982263444166351     
  0.982324325905550     
  0.982564457469895     
  0.982939241133531     
  0.983173915855404     
  0.983452393720936     
  0.983905382021730     
  0.984243701409291     
  0.984784622156343     
  0.985175132251070     
  0.985729615382748     
  0.986279980505461     
  0.987036579521416     
  0.987415764344620     
  0.988353698275514     
  0.988734731671329     
  0.989654302685562     
  0.990001439355604     
  0.990654304004612     
  0.990919303211068     
  0.991570946961972     
  0.991882678283047     
  0.992274837588859     
  0.992728206143522     
  0.993072425057520     
  0.993661204604797     
  0.993868040936499     
  0.994436385639342     
  0.994464693249912     
  0.994916706822990     
  0.994865638431195     
  0.995011617214081     
  0.994926080803886     
  0.995095874238533     
  0.995262324069751     
  0.995224964449863     
  0.995355308989446     
  0.995203821462992     
  0.995335526536530     
  0.995508938900476     
  0.995225775886793     
  0.995756309056781     
  0.994995658411480     
  0.995903036841269     
  0.994831604251387     
  0.995935175458958     
  0.994776751334386     
  0.995635869156140     
  0.994593584459260     
  0.995530093690178     
  0.994736967611148     
  0.995157888062926     
  0.995187387943872     
  0.994048520264923     
  0.995937379405008     
  0.993676828810719     
  0.995218414030926     
  0.994852765058537     
  0.993827293130001     
  0.995610835617391     
  0.993188461690385     
  0.994855899506571     
  0.995016666014886     
  0.992930243916095     
  0.995066867353187     
  0.992998468697205     
  0.992425013263861     
  0.994810839325122     
  0.990768612387557     
  0.993509001458186     
  0.993175520654282     
  0.989940226406753     
  0.993665738856457     
  0.989475785197986     
  0.992070338816556     
  0.991516560303914     
  0.989175912758559     
  0.991717610292521     
  0.989191963191630     
  0.990154371210376     
  0.990237853727674     
  0.988545054427757     
  0.990127982675451     
  0.989292042707668     
  0.988858718855790     
  0.989885987588088     
  0.988378015215869     
  0.989353710513516     
  0.989451723002356     
  0.988327708777920     
  0.989434377300091     
  0.988318752168994     
  0.988719945906194     
  0.989019336590495     
  0.988258179317438     
  0.988727733603418     
  0.988851381425020     
  0.987543240200879     
  0.989680592406497     
  0.987216076753250     
  0.988553535388993     
  0.988750998963805     
  0.986111729912440     
  0.991065004183677     
  0.985303436856104     
  0.990177926372276     
  0.987663924499209     
  0.987155653945210     
  0.990263815858314     
  0.986307144750449     
  0.990508472269732     
  0.988158683111841     
  0.988537929099064     
  0.990403230605921     
  0.987514688331570     
  0.990949356848938     
  0.988205096780772     
  0.989729795793466     
  0.989373116917863     
  0.988803138358352     
  0.989837049550794     
  0.988920061439755     
  0.989347119700186     
  0.989504691524942     
  0.988832348513285     
  0.989822090312983     
  0.988878918692600     
  0.989654026152777     
  0.989356930531616     
  0.989347601311863     
  0.989768243414642     
  0.989338756745599     
  0.989993072129521     
  0.989843823528595     
  0.990114866205385     
  0.990378921246794     
  0.990262427069508     
  0.990812482082303     
  0.990872158963301     
  0.991088560349424     
  0.991448001746488     
  0.991656513693714     
  0.991957424231267     
  0.992458690328115     
  0.992319469756545     
  0.993122399158609     
  0.993267571042552     
  0.993386828539802     
  0.993712122571850     
  0.993313745275969     
  0.993820799136022     
  0.993682664618802     
  0.993684936957621     
  0.993867604581601     
  0.993756917219184     
  0.993833101604050     
  0.993813581060143     
  0.993515801658660     
  0.993593851457361     
  0.993302399616674     
  0.993159968667368     
  0.992945167030607     
  0.992617491149636     
  0.992498947041375     
  0.992146181336126     
  0.991941197996718     
  0.991618745940980     
  0.991227377097235     
  0.990990491041257     
  0.990450343928873     
  0.990212129976497     
  0.989616067264983     
  0.989261344939987     
  0.988638700975396     
  0.988133346081315     
  0.987517070433095     
  0.986863847579481     
  0.986220999485010     
  0.985501463453264     
  0.984770641705265     
  0.984030152696825     
  0.983214257849900     
  0.982466921688707     
  0.981557377221773     
  0.980763407274613     
  0.979948109008163     
  0.979050978039070     
  0.978317354920483     
  0.977359474024065     
  0.976676613403296     
  0.975823737076439     
  0.975120461812821     
  0.974445750240978     
  0.973725584950307     
  0.973248200512096     
  0.972664388821527     
  0.972265043079102     
  0.971872004255578     
  0.971471494058591     
  0.971315810428377     
  0.971079524432641     
  0.971005265150505     
  0.970926538254190     
  0.970946574313055     
  0.971040021938666     
  0.971239547988190     
  0.971380684955217     
  0.971747900317441     
  0.972021715766251     
  0.972482597077010     
  0.972947438787581     
  0.973379901860676     
  0.974061571815724     
  0.974568439291240     
  0.975342928626414     
  0.976025663445139     
  0.976748696556928     
  0.977655599943549     
  0.978287909008665     
  0.979279694312902     
  0.980039390302187     
  0.980886361017169     
  0.981866347168399     
  0.982380878947346     
  0.983519473176747     
  0.984210082363615     
  0.985097706497708     
  0.985973883106834     
  0.986302828264144     
  0.987414905222906     
  0.987997511172703     
  0.988770995320843     
  0.989321686834053     
  0.989624998719727     
  0.990380208290815     
  0.990946730708843     
  0.991180602294167     
  0.991992894949858     
  0.991924685525817     
  0.992840946911477     
  0.992833465573131     
  0.993412982828760     
  0.993740747620520     
  0.993894132430076     
  0.994410307053634     
  0.994194441915725     
  0.994643739548926     
  0.994330373990027     
  0.994283406750822     
  0.994155520284300     
  0.993323252163071     
  0.993174446125254     
  0.992149094723602     
  0.992106195516762     
  0.991521780783776     
  0.990484625950861     
  0.990616614820673     
  0.989334460695619     
  0.989655542774296     
  0.988751512011368     
  0.988122226044734     
  0.987709339429380     
  0.987930362387446     
  0.986691887289717     
  0.987209490218154     
  0.985374227238742     
  0.986230802786695     
  0.985602304759934     
  0.984646152162751     
  0.985081052764332     
  0.983372936469054     
  0.984725462078285     
  0.983409145289008     
  0.983327137925534     
  0.983402760163009     
  0.982177444816949     
  0.983832275320256     
  0.982210915617306     
  0.982739490619916     
  0.982667238301209     
  0.981180067156352     
  0.983962800185655     
  0.981320903125510     
  0.982524843058281     
  0.982777287942126     
  0.979829044891185     
  0.985932516306871     
  0.978859572360783     
  0.984959018104024     
  0.980208474594948     
  0.982143203828101     
  0.983292460553122     
  0.980597938409044     
  0.983351298767681     
  0.982093252862079     
  0.981812774434128     
  0.983143576482238     
  0.981575447341269     
  0.982804766296741     
  0.982999141190967     
  0.982256778381063     
  0.983405882570804     
  0.982875830793440     
  0.983289874638024     
  0.984155885619736     
  0.983523432035693     
  0.984834165645816     
  0.984706732119370     
  0.985324574050805     
  0.986138648616518     
  0.985895642892264     
  0.987315640874228     
  0.987096707479598     
  0.988320769668748     
  0.988152043416170     
  0.989246358730108     
  0.989400075797762     
  0.990623449563288     
  0.990578714754016     
  0.991723088820110     
  0.992205007373256     
  0.992884693526814     
  0.993912170599400     
  0.994352977838006     
  0.995313382992789     
  0.996071266533211     
  0.996787761313842     
  0.997503584631564     
  0.998213886232004     
  0.998602834953843     
  0.999140583107522     
  0.999118726660628     
  0.999217117183927     
  0.999224753694769     
  0.998956981432713     
  0.999144616874406     
  0.999083255999305     
  0.999088481066144     
  0.999138892821209     
  0.998840877780720     
  0.999136695902208     
  0.998986920220226     
  0.999050737027093     
  0.998982441039966     
  0.998876739169984     
  0.998951112743406     
