  0.982498388700485     
  0.982568524747225     
  0.982963376115771     
  0.983049750147922     
  0.983443065323680     
  0.983691980077140     
  0.984003778968564     
  0.984375237995891     
  0.984726926936972     
  0.985136747391014     
  0.985440215363653     
  0.985923652814395     
  0.986442580016174     
  0.986695411133485     
  0.987400466938442     
  0.987470450369680     
  0.988534866727685     
  0.988104245797451     
  0.989717059703559     
  0.988814782798691     
  0.990735664802674     
  0.989738607261362     
  0.991220383901656     
  0.990822334425613     
  0.991731606936817     
  0.991570391488726     
  0.992206304647530     
  0.992198309261413     
  0.992641112585405     
  0.992726895300879     
  0.993036780021192     
  0.993133530661531     
  0.993353042661554     
  0.993425713791093     
  0.993587964790192     
  0.993635666598197     
  0.993815211602720     
  0.993824697447725     
  0.994043691937706     
  0.994038742232055     
  0.994264372369631     
  0.994299434875089     
  0.994499769528160     
  0.994607853135625     
  0.994789319517630     
  0.994867630018782     
  0.995171261254147     
  0.995141984793473     
  0.995521053123160     
  0.995487426398455     
  0.995882687847098     
  0.995848168991332     
  0.996258992068203     
  0.996162573050199     
  0.996726554101064     
  0.996541993980946     
  0.996898374237012     
  0.997065951216120     
  0.997233738439112     
  0.997326572553363     
  0.997524339502369     
  0.997545180618581     
  0.997699357409059     
  0.997670722237068     
  0.997821597177738     
  0.997703251229414     
  0.997849432412948     
  0.997694461463917     
  0.997775552671512     
  0.997682787008643     
  0.997661237522467     
  0.997596093009195     
  0.997474596299703     
  0.997640844512381     
  0.997405453875771     
  0.997423101878365     
  0.997368688303680     
  0.997294946231348     
  0.997171178125932     
  0.997075287130287     
  0.996967406648809     
  0.996740810934063     
  0.996705441725582     
  0.996289068802683     
  0.996334947429098     
  0.995717238336021     
  0.995841615417030     
  0.995189860855246     
  0.995149240175287     
  0.994570578504978     
  0.994467083839744     
  0.993870271034405     
  0.993682194056710     
  0.993122695528464     
  0.992716673976832     
  0.992217504964242     
  0.991736732987017     
  0.991272594476587     
  0.990622158262594     
  0.990199506549043     
  0.989493502143331     
  0.989024005231002     
  0.988211902352415     
  0.987824813513074     
  0.986792332986169     
  0.986546569773028     
  0.985473037096496     
  0.985179970104355     
  0.984015701815722     
  0.983763167613462     
  0.982249805954252     
  0.982047414465184     
  0.980476811920980     
  0.980059108027027     
  0.978453429700973     
  0.978009273130639     
  0.976252226220929     
  0.975829631003957     
  0.973906697828024     
  0.973313938661828     
  0.971650966223585     
  0.970040808983588     
  0.969107152641915     
  0.966442906547631     
  0.964756384775442     
  0.962643341944211     
  0.959880770792365     
  0.957781367870156     
  0.955378492397742     
  0.952434029081556     
  0.950305066571724     
  0.947597217464540     
  0.944583729760416     
  0.942474155106009     
  0.939204247456260     
  0.937139315426955     
  0.933900728727123     
  0.931713320147018     
  0.929016248994221     
  0.925844518595127     
  0.925308843631519     
  0.919184832479929     
  0.920577214783210     
  0.915449090425755     
  0.914437494069474     
  0.911718005044091     
  0.909502103670294     
  0.907882120879836     
  0.905732785982261     
  0.903865479450358     
  0.902253848950588     
  0.900262200729194     
  0.899365923177702     
  0.897073438528724     
  0.896409367536458     
  0.895086304622975     
  0.893657046093284     
  0.893143665488479     
  0.891791313920752     
  0.891406994406794     
  0.890481688129886     
  0.890223600405923     
  0.889613371326574     
  0.889601174957740     
  0.889274585582454     
  0.889496190939366     
  0.889409672441061     
  0.889895519354765     
  0.890057783790775     
  0.890646580476432     
  0.891316267185074     
  0.891906733712550     
  0.892746798135841     
  0.893679002565915     
  0.894810179162409     
  0.895884687484657     
  0.897316513699973     
  0.898562566710724     
  0.900161447847910     
  0.901678871652189     
  0.903463280133238     
  0.905159138669437     
  0.907182226046522     
  0.908994109464689     
  0.911195256453434     
  0.913146817222377     
  0.915519411622178     
  0.917572658484727     
  0.920042336107965     
  0.922172252309187     
  0.924568830896969     
  0.926788532783597     
  0.929164895333076     
  0.931510683345821     
  0.933902324268270     
  0.936373123665764     
  0.938739537838045     
  0.941243527277033     
  0.943576523184111     
  0.945806508798380     
  0.947879282450648     
  0.949456993899668     
  0.951494467265924     
  0.953354361155260     
  0.955283324199717     
  0.957131267388179     
  0.958967866051047     
  0.960714817314758     
  0.962413250697534     
  0.964002340959790     
  0.965527462685100     
  0.966951047303931     
  0.968507062417470     
  0.969882503080985     
  0.971034228005930     
  0.972612991795087     
  0.973505044570049     
  0.974514315043582     
  0.975573302870847     
  0.975985450621930     
  0.976184769819613     
  0.976716626263148     
  0.976302372099778     
  0.977407492292841     
  0.975968938393123     
  0.977674394790637     
  0.975498198825092     
  0.977372361613977     
  0.975288047352151     
  0.976829329684972     
  0.975303679565032     
  0.976611869859411     
  0.975051742586964     
  0.976237462893751     
  0.975009090771576     
  0.975933487021567     
  0.975265910938389     
  0.975567104689490     
  0.974202844341422     
  0.976449391943065     
  0.973672345050937     
  0.976807409491005     
  0.973346500428921     
  0.977254974325069     
  0.972809283465695     
  0.978118794875757     
  0.972405948413749     
  0.978007478095173     
  0.972719033626592     
  0.977514581544673     
  0.974194969986404     
  0.977271505842428     
  0.974939417799661     
  0.977813884073244     
  0.975283047009450     
  0.978468504265527     
  0.975740262445554     
  0.978979722154967     
  0.976268323745365     
  0.979476931363056     
  0.976881876783824     
  0.979908744718683     
  0.977747207293190     
  0.980241584283227     
  0.978711992907584     
  0.980514515145521     
  0.979730068605500     
  0.980809059014468     
  0.980696319359960     
  0.981105202540825     
  0.981735659458098     
  0.981517301281148     
  0.982835264367549     
  0.982305344020572     
  0.983863117891100     
  0.983433176747657     
  0.984291428624998     
  0.984910214205253     
  0.984918363742663     
  0.986267251573485     
  0.986193517423799     
  0.987116688130358     
  0.987556294165806     
  0.988384701121286     
  0.988572407826693     
  0.989684770585477     
  0.989706903342628     
  0.990668141934207     
  0.990677727927441     
  0.991669069367631     
  0.991732281449967     
  0.992570236641068     
  0.992797323709442     
  0.993534453510656     
  0.993886851706792     
  0.994508724889480     
  0.994727182994168     
  0.995194328068925     
  0.995000262045831     
  0.995273624466210     
  0.994897257211080     
  0.995383260991986     
  0.994801517219222     
  0.995325982029604     
  0.994901646177569     
  0.995274756407216     
  0.994968862167299     
  0.995070088779430     
  0.995196508496488     
  0.994828274352604     
  0.995450842610529     
  0.994763091461589     
  0.995197836143397     
  0.995250972570797     
  0.994860708313450     
  0.995430912118040     
  0.994939457832360     
  0.995417751523111     
  0.995026789226635     
  0.995397373089949     
  0.995147898521861     
  0.995363985452988     
  0.995325165350791     
  0.995393397308374     
  0.995421682973623     
  0.995565937451772     
  0.995545343541495     
  0.995661147963321     
  0.995742431401825     
  0.995882149198495     
  0.995939851847910     
  0.996056229658263     
  0.996170056184955     
  0.996286446429403     
  0.996402101672055     
  0.996581865219702     
  0.996675001480811     
  0.996900493824020     
  0.996980338870696     
  0.997208466825304     
  0.997295337231032     
  0.997504703872204     
  0.997617120035070     
  0.997789896085736     
  0.997886066602718     
  0.998050693966634     
  0.998128146261999     
  0.998268318164657     
  0.998296958374102     
  0.998481508304389     
  0.998401962613659     
  0.998589792152549     
  0.998488986533793     
  0.998642548315336     
  0.998538451340491     
  0.998624448253437     
  0.998579563173545     
  0.998574560598453     
  0.998562570393514     
  0.998431658278608     
  0.998441049457629     
  0.998312697583799     
  0.998213479184176     
  0.998175641605539     
  0.998000731359136     
  0.998018561291608     
  0.997829576010517     
  0.997759068562423     
  0.997713802270292     
  0.997633342563754     
  0.997544619052141     
  0.997482427286224     
  0.997387869730276     
  0.997344957854242     
  0.997252988635440     
  0.997184567954230     
  0.997176116600304     
  0.997063263842605     
  0.997093137474360     
  0.996979568453443     
  0.996956636928676     
  0.996905013564415     
  0.996861326712810     
  0.996850407620954     
  0.996811368969026     
  0.996758125617358     
  0.996843750279174     
  0.996604771685091     
  0.996867585539133     
  0.996259380637698     
  0.997246862362305     
  0.996020689567891     
  0.997020958578158     
  0.996395345289199     
  0.996759110105452     
  0.996551608977646     
  0.996677280487026     
  0.996598521645472     
  0.996654973422461     
  0.996696961042244     
  0.996554652048326     
  0.996913842368201     
  0.996366812352875     
  0.997086651968801     
  0.996488628444047     
  0.996820492022720     
  0.996762709053986     
  0.996782390999591     
  0.996824403892235     
  0.996848671151914     
  0.996852256513614     
  0.996886010784988     
  0.996880529129746     
  0.996922778191722     
  0.996898437284982     
  0.996956374640125     
  0.996907415048355     
  0.996986849978749     
  0.996964468024756     
  0.997054247750312     
  0.997053950650284     
  0.997085982427489     
  0.997146530528687     
  0.997147645736148     
  0.997166617301166     
  0.997232588581718     
  0.997359829857816     
  0.997311551643584     
  0.997396619255118     
  0.997478665401278     
  0.997550579903047     
  0.997513401154041     
  0.997641092870919     
  0.997715227671411     
  0.997640285692436     
  0.997894360316384     
  0.997641207442305     
  0.998016964388446     
  0.997785990313501     
  0.998077012798516     
  0.997956168725819     
  0.998061535409002     
  0.998100479923789     
  0.997907136874547     
  0.998264737014423     
  0.998007647496572     
  0.998204967399389     
  0.997945512363487     
  0.998129381219740     
  0.997713801690301     
  0.997852664764463     
  0.997337585904536     
  0.997507148310899     
  0.996840821365467     
  0.997156687048255     
  0.996244409656011     
  0.996796352834367     
  0.995774520021907     
  0.996220886536021     
  0.995376915294375     
  0.995565697412586     
  0.994949950869689     
  0.995101402866961     
  0.994307112371892     
  0.994585690796115     
  0.993784529964200     
  0.993839177647753     
  0.993387533892620     
  0.993101606753262     
  0.992857493443753     
  0.992536138221849     
  0.992156357337132     
  0.992093872062357     
  0.991468771119181     
  0.991628914167859     
  0.990877305703059     
  0.991130277680622     
  0.990361423293594     
  0.990581865849369     
  0.989955985024162     
  0.990048601955169     
  0.989544245873358     
  0.989482524377380     
  0.989130837908627     
  0.989067247002474     
  0.988599317851223     
  0.988752129294665     
  0.988076650135674     
  0.988681761700788     
  0.987381007012951     
  0.988742697581421     
  0.986555287845716     
  0.988955417421389     
  0.985730342618588     
  0.989251939341344     
  0.984879560519296     
  0.989006394797534     
  0.985143822502624     
  0.987730690586393     
  0.985556491915698     
  0.987032216814397     
  0.985644859404615     
  0.986792942775521     
  0.985596359104705     
  0.986640987538914     
  0.985482392162071     
  0.986624182525942     
  0.985307984766767     
  0.986667745544927     
  0.985283601052692     
  0.986455436235606     
  0.985604924200573     
  0.986126110283551     
  0.985916937353560     
  0.986041098865818     
  0.986123745840492     
  0.986041776269644     
  0.986391675485739     
  0.986170886511259     
  0.986631536269846     
  0.986447071380802     
  0.986819068815321     
  0.986860304945668     
  0.987044648437971     
  0.987355261922443     
  0.987339977623459     
  0.987940828875207     
  0.987839110374187     
  0.988312212258282     
  0.988495873287806     
  0.988845136718723     
  0.989098461655542     
  0.989523069412699     
  0.989782434192685     
  0.990147418091556     
  0.990514825380969     
  0.990992524690252     
  0.991322929951637     
  0.991787030143442     
  0.992122420820626     
  0.992607038444835     
  0.993116939047522     
  0.993419599899146     
  0.993855789239760     
  0.994121945083689     
  0.994394874635149     
  0.994410777400701     
  0.994637479294653     
  0.994537234477380     
  0.994780622344724     
  0.994803676752411     
  0.994922142262833     
  0.995051914282471     
  0.995032036963633     
  0.995352890751084     
  0.995036329248785     
  0.995346788570700     
  0.995252828056814     
  0.995426241467401     
  0.995336611639904     
  0.995549929605630     
  0.995231118014128     
  0.995405662018790     
  0.995538404847584     
  0.994944033861617     
  0.995706614936309     
  0.994967256698182     
  0.995309252066715     
  0.995340377460782     
  0.994758662103364     
  0.995561095320411     
  0.994513383728189     
  0.995449075597209     
  0.994506912478969     
  0.995508082436639     
  0.994260124742084     
  0.995666936911198     
  0.994118005226440     
  0.995373728206887     
  0.994214591596512     
  0.994761517914729     
  0.993991271729938     
  0.994177307648678     
  0.993411200008521     
  0.993762477150799     
  0.992732174067904     
  0.993442479303586     
  0.992004775688877     
  0.993846872689743     
  0.989812141736226     
  0.994009376621230     
  0.989084618883979     
  0.993437001805916     
  0.988673613394267     
  0.992581832439145     
  0.988679908483971     
  0.991204329779303     
  0.988874643602179     
  0.990127318688412     
  0.988564239673237     
  0.989653828294069     
  0.987974714396522     
  0.989493324933442     
  0.987460919764851     
  0.989165833544231     
  0.987134837471761     
  0.988771843640432     
  0.987091665745721     
  0.988426061898841     
  0.986794435568015     
  0.988199940239026     
  0.986666942749269     
  0.987901153477222     
  0.986831524524088     
  0.987303142997747     
  0.987033377469426     
  0.986786999731146     
  0.987273310777449     
  0.986512328687936     
  0.986937135637066     
  0.986889568529395     
  0.986387831658013     
  0.987078891094740     
  0.986533602659448     
  0.986337956161816     
  0.987754377250307     
  0.985025560227921     
  0.988647249388945     
  0.984339557533953     
  0.989590305511864     
  0.984789555484689     
  0.989236183564301     
  0.985241068936685     
  0.989121669676545     
  0.985780373440598     
  0.989330985262652     
  0.986222523519881     
  0.989430201591305     
  0.986955819335136     
  0.989300519697059     
  0.987817929628923     
  0.989357806255915     
  0.988388813003641     
  0.989413954957256     
  0.988701768975688     
  0.989405208380577     
  0.989030040699315     
  0.989400027345461     
  0.989429644324281     
  0.989402423889345     
  0.989850372935969     
  0.989521198778453     
  0.990175282897111     
  0.989884006716588     
  0.990326899494150     
  0.990452027078676     
  0.990442316154220     
  0.990967377797038     
  0.990863948308229     
  0.991269159106379     
  0.991418680800773     
  0.991707324296226     
  0.991802678933755     
  0.992312217064443     
  0.992261688062662     
  0.992836629527419     
  0.992803510313385     
  0.993460357699762     
  0.993331721856961     
  0.994004328875944     
  0.994002700189001     
  0.994578697631216     
  0.994551768583460     
  0.995177617739562     
  0.995088952928482     
  0.995523202128108     
  0.995447128412959     
  0.995699681372556     
  0.995527612411429     
  0.995756412886325     
  0.995580012390094     
  0.995775568011197     
  0.995588885902850     
  0.995719048181263     
  0.995511686547644     
  0.995560519114762     
  0.995319977451071     
  0.995284339146111     
  0.995067714917041     
  0.994906569145673     
  0.994797662973096     
  0.994533049279627     
  0.994403397052332     
  0.994114269915625     
  0.993955937059929     
  0.993651715586651     
  0.993459465175650     
  0.993169457996213     
  0.992875698405818     
  0.992638650343025     
  0.992292840814163     
  0.992014991265338     
  0.991732276691137     
  0.991384157130435     
  0.991045206178660     
  0.990722035268918     
  0.990388267594879     
  0.990040537213448     
  0.989694386855473     
  0.989342919964671     
  0.989055165621308     
  0.988701920909408     
  0.988474869279636     
  0.988125068603589     
  0.987935419783403     
  0.987613183942199     
  0.987456682949161     
  0.987207822858474     
  0.987041196719238     
  0.986834753861759     
  0.986768086599459     
  0.986586710076747     
  0.986558806120350     
  0.986479941340895     
  0.986459162478171     
  0.986471654832057     
  0.986517041477869     
  0.986537150350108     
  0.986686601808273     
  0.986704340796852     
  0.986961293103395     
  0.986993166528587     
  0.987314331823965     
  0.987388535108159     
  0.987766299537899     
  0.987891599946723     
  0.988286962630553     
  0.988466442798038     
  0.988845339747190     
  0.989047560728508     
  0.989416567568638     
  0.989681170286802     
  0.990053663645063     
  0.990387554614240     
  0.990726105053288     
  0.991133597743820     
  0.991391789088533     
  0.991824959524809     
  0.991933065756994     
  0.992479998332341     
  0.992612826663518     
  0.993312952925263     
  0.993008057059706     
  0.993841728296460     
  0.993801764273923     
  0.994226649484493     
  0.994340333071574     
  0.994892400925668     
  0.994679554437681     
  0.995404918836521     
  0.995060495238834     
  0.995729502199199     
  0.995434138216484     
  0.995561872352305     
  0.995383786681241     
  0.994981684960104     
  0.994977813046577     
  0.994285178709298     
  0.994363222591682     
  0.993563571694596     
  0.993643783975315     
  0.992642246301237     
  0.992744297263346     
  0.991898414891379     
  0.992006567872829     
  0.990741593718983     
  0.991139648641214     
  0.990154820760213     
  0.989916868738021     
  0.989321771989496     
  0.989333275115506     
  0.988024643206074     
  0.988827002418831     
  0.987032229620869     
  0.987957511636883     
  0.986546549711219     
  0.986751951382879     
  0.986318345993159     
  0.985608509267177     
  0.985878075628615     
  0.984723757981413     
  0.985318781204040     
  0.984076625364930     
  0.984746494464937     
  0.983609604851654     
  0.984177441455453     
  0.983243590030527     
  0.983698005229705     
  0.982881547597009     
  0.983275879784941     
  0.982640009063449     
  0.982984942573346     
  0.982297811546157     
  0.982698816392997     
  0.982125628469194     
  0.982329444906745     
  0.982051878796870     
  0.981867652196229     
  0.982631764619443     
  0.980698324868280     
  0.983581868046940     
  0.980001001075871     
  0.984506195794272     
  0.979785003282181     
  0.984047956891042     
  0.980415892726730     
  0.983407589035277     
  0.981095153529652     
  0.983221704751995     
  0.981471936645462     
  0.983593184388528     
  0.981771360386923     
  0.983647111008895     
  0.982544451178122     
  0.983912050676916     
  0.982863531083297     
  0.984434001857296     
  0.983463548722164     
  0.985143348357114     
  0.984077029345664     
  0.985825789697649     
  0.984830326308670     
  0.986542388713819     
  0.985854732660783     
  0.987079952692482     
  0.987165225285472     
  0.987551668601034     
  0.988380238597119     
  0.988482508365184     
  0.989121160633467     
  0.989920771900306     
  0.989828844425627     
  0.990938792864102     
  0.991284203343276     
  0.991696380796215     
  0.992369801359123     
  0.993033822554782     
  0.993499503083149     
  0.994085286265677     
  0.994577385721855     
  0.995255096018825     
  0.995681458415147     
  0.996273534520966     
  0.996793862956098     
  0.997188657748195     
  0.997789266659183     
  0.997939572969393     
  0.998542875133877     
  0.998419676426435     
  0.998889696471901     
  0.998534870285793     
  0.998882519091578     
  0.998594189808616     
  0.998778316803913     
  0.998591775658466     
  0.998751539591746     
  0.998534415822587     
  0.998819655315100     
