  0.999653307741668     
  0.999656708631114     
  0.999655132802926     
  0.999631681530475     
  0.999459836683846     
  0.998966476232288     
  0.998245115678623     
  0.997594688910268     
  0.996955804858095     
  0.996414206993220     
  0.994327793492941     
  0.988273507170370     
  0.981647610172423     
  0.977482185909759     
  0.976821839218248     
  0.977195171708276     
  0.976944424154288     
  0.976819725273927     
  0.976385757322422     
  0.975607601180205     
  0.974892613015562     
  0.974595743761333     
  0.974460510998113     
  0.974875522555898     
  0.978405216940966     
  0.985468530172965     
  0.993412225351288     
  0.997919380991132     
  0.999171562360341     
  0.999502861195706     
  0.999561609049597     
  0.999568347990282     
  0.999568342035923     
  0.999559423187102     
  0.999551598752219     
  0.999549794319203     
  0.999543212444265     
  0.999542177643551     
  0.999547295673578     
  0.999551431110807     
  0.999548195008021     
  0.999541825387957     
  0.999470793898744     
  0.999389823367288     
  0.999291269298650     
  0.999125595383431     
  0.998965440065095     
  0.998784445237900     
  0.998358718208279     
  0.997404102387458     
  0.996346824264443     
  0.996170310554871     
  0.996917492452689     
  0.997773607792844     
  0.998623281935074     
  0.999227188572166     
  0.999519794662729     
  0.999519717848878     
  0.999238158460925     
  0.998468609864785     
  0.997164197755421     
  0.996662362827145     
  0.997348335876403     
  0.998211868806955     
  0.998819440883597     
  0.999172765582998     
  0.999292711766961     
  0.999297788485750     
  0.999292351151724     
  0.999272094899863     
  0.999199918055976     
  0.998929542386814     
  0.998723882563442     
  0.998639217776201     
  0.998629094651952     
  0.998655878569201     
  0.998657016028275     
  0.998660033929264     
  0.998660394884519     
  0.998661920388337     
  0.998652795611154     
  0.998591646326148     
  0.998437010723528     
  0.998267946323359     
  0.998150743545031     
  0.998052601367951     
  0.997955621047169     
  0.997529762357421     
  0.996713342799978     
  0.996022471222981     
  0.995513660488467     
  0.995198296194191     
  0.995063471224320     
  0.995135277977452     
  0.995425157831727     
  0.995917111994759     
  0.996605706035816     
  0.997282319705480     
  0.997753662924945     
  0.997976571763529     
  0.997820007295872     
  0.997901504690845     
  0.997926808786437     
  0.997876487071014     
  0.997811468783350     
  0.997747412052270     
  0.997679208582769     
  0.997619453480150     
  0.997573784694372     
  0.997534584518921     
  0.997486222318596     
  0.997419226051158     
  0.997322101784562     
  0.997146210742557     
  0.995921983634814     
  0.990651178323620     
  0.983625068054425     
  0.979462623589596     
  0.981937781785021     
  0.986708752264692     
  0.989286917742477     
  0.987886738384700     
  0.983539713107483     
  0.978829627378285     
  0.974053686406668     
  0.968861735532044     
  0.962409049216710     
  0.958939717267064     
  0.962515072070199     
  0.969419482405773     
  0.974170428061493     
  0.972659269714023     
  0.968851838371989     
  0.964067449780446     
  0.960578995384624     
  0.957805508344082     
  0.956400975532663     
  0.957653774835619     
  0.962490505733619     
  0.967502547918152     
  0.969216901243505     
  0.968412965506074     
  0.965717149103064     
  0.962029311368618     
  0.958088677988999     
  0.953838496670602     
  0.948307475189375     
  0.943466573970943     
  0.943617481963678     
  0.945847778218546     
  0.946958044236907     
  0.943696320125369     
  0.937952415162615     
  0.931204376035174     
  0.923545921521646     
  0.915779800901076     
  0.908368218568093     
  0.900947468791815     
  0.893419891976599     
  0.887700729754198     
  0.883924546546219     
  0.877185825533562     
  0.862620722243281     
  0.840045626765389     
  0.812143645919224     
  0.781595881056910     
  0.751340127147836     
  0.723522617584802     
  0.699740351810736     
  0.682464828833609     
  0.674213964871116     
  0.675383807191320     
  0.685812922173042     
  0.705870175993003     
  0.733133446390395     
  0.765905687531538     
  0.802130505391456     
  0.838842145787496     
  0.872259515136667     
  0.899599242947884     
  0.920313065534596     
  0.935424367041083     
  0.946324861912942     
  0.954617285005663     
  0.961261190904074     
  0.966622127667614     
  0.970941090815745     
  0.974465833834607     
  0.977345699814271     
  0.979734643065442     
  0.981763477663456     
  0.983496480656077     
  0.984987886381228     
  0.986327135247027     
  0.987511655058877     
  0.988564484531889     
  0.989538215361356     
  0.990458961946397     
  0.991299709455558     
  0.992060378102000     
  0.992737778730166     
  0.993250927461784     
  0.993768558995059     
  0.994214170649831     
  0.994602374978997     
  0.994911481207569     
  0.995188327536921     
  0.995488889914010     
  0.995801275685457     
  0.996066477921847     
  0.996279744743086     
  0.996256655495282     
  0.995908134404359     
  0.995849409693311     
  0.995972723648178     
  0.996201811708113     
  0.996429685450683     
  0.996562897470756     
  0.996425883742692     
  0.996219757007237     
  0.996220614490178     
  0.996325904842039     
  0.996452239892736     
  0.996451412499024     
  0.996411799661441     
  0.996526656390625     
  0.996841168187107     
  0.997458663311020     
  0.997584623344841     
  0.994784524318376     
  0.989839244633624     
  0.986172281265548     
  0.983247946603502     
  0.981547196981403     
  0.980167339646621     
  0.978821331513754     
  0.978160417748428     
  0.978028817983106     
  0.977512576627052     
  0.972979962136113     
  0.964938049714855     
  0.952911851540417     
  0.942207909966117     
  0.936976173709071     
  0.936273156501911     
  0.938817271265288     
  0.940657724418603     
  0.940474641285218     
  0.940836947849264     
  0.942069995552868     
  0.944343446880246     
  0.946615212322906     
  0.949873575165959     
  0.956655144511304     
  0.966877805912791     
  0.980085613593287     
  0.990404187413479     
  0.996693071340984     
  0.998821882789148     
  0.998950741766856     
  0.999040637826553     
  0.999162276554193     
  0.999213486269836     
  0.999234725482660     
  0.999250021764196     
  0.999262713450255     
  0.999276766172466     
  0.999290493967707     
  0.999300059408366     
  0.999317618355166     
  0.999335023705987     
  0.999325379723362     
  0.999282293188297     
  0.999241851290572     
  0.999363991846948     
  0.999403050753898     
  0.999381989550111     
  0.999363676648169     
  0.999358414368484     
  0.999375552279608     
  0.999404316783002     
  0.999430071824221     
  0.999455941280755     
  0.999354425648431     
  0.999333408387670     
  0.999396920935744     
  0.999430610778779     
  0.999447702115126     
  0.999460357198601     
  0.999480709430633     
  0.999508574135783     
  0.999437148555603     
  0.998693656336176     
  0.997605379260465     
  0.997036338827548     
  0.997117080647671     
  0.997015960426034     
  0.996683945117658     
  0.997098226440899     
  0.999173799034039     
   1.00166391103822     
   1.00313575658087     
   1.00352338281719     
   1.00266486945239     
  0.999810987116244     
  0.995471718207448     
  0.991324404572691     
  0.988236045782530     
  0.986874366520903     
  0.987257329267739     
  0.989090850160113     
  0.991052170115028     
  0.991788300680471     
  0.991633436345350     
  0.991260193171701     
  0.990827691722904     
  0.990312436353158     
  0.990892494368517     
  0.993170331031005     
  0.996369108250859     
  0.998775091614214     
  0.999542329681216     
  0.999709325351248     
  0.999711784485893     
  0.999704922377988     
  0.999721469890102     
  0.999714619139488     
  0.999669186206684     
  0.999610291194102     
  0.999599276893036     
  0.999596746629793     
  0.999590018849533     
  0.999589127897426     
  0.999598963693372     
  0.999614072259649     
  0.999633039973695     
  0.999648665928794     
  0.999659092463762     
  0.999576672154883     
  0.999439478674860     
  0.999303813656404     
  0.999142263223585     
  0.999010221255618     
  0.998981332389599     
  0.998960630115304     
  0.998917485361770     
  0.998918191306955     
  0.998991233692950     
  0.999116745053963     
  0.999265274744394     
  0.999397722903927     
  0.999460867723798     
  0.999502006977002     
  0.999563399252237     
  0.999636455228857     
  0.999690966341138     
  0.999717123447789     
  0.999774385089044     
  0.999807153474761     
  0.999721842127365     
  0.999454850483153     
  0.999185962227906     
  0.999282308627397     
  0.999608813498428     
  0.999834003423119     
  0.999954052446920     
  0.999999968536902     
  0.999984132393663     
  0.999913859354989     
  0.999768107423945     
  0.999489146667105     
  0.999117359501090     
  0.999063024945000     
  0.999330778969898     
  0.999566640053824     
  0.999625185456358     
  0.999631175040914     
  0.999637234361650     
  0.999642231303425     
  0.999650049974136     
  0.999559709603390     
  0.999149254291094     
  0.998125076460615     
  0.996263540998669     
  0.995335207608246     
  0.995943318655476     
  0.996922447239546     
  0.997603473607727     
  0.997958264436748     
  0.997933751755767     
  0.997541716028497     
  0.996822338987940     
  0.995800055742700     
  0.994959299832014     
  0.994635863589888     
  0.994368698168887     
  0.993170842996473     
  0.992367846344347     
  0.992742670042745     
  0.993400538998119     
  0.993946440349950     
  0.994419488243653     
  0.994796572720390     
  0.994925528713992     
  0.994828270669274     
  0.994586348577775     
  0.994303871934776     
  0.993894679507287     
  0.993871069436333     
  0.995003719580381     
  0.996947335965549     
  0.998901971676728     
  0.999610181252165     
  0.999593379005671     
  0.999542749944797     
  0.999516142215681     
  0.999505704414222     
  0.999523463109310     
  0.999568303289990     
  0.999636046723251     
  0.999707130764838     
  0.999752646053911     
  0.999767004813425     
  0.999777211596469     
  0.999800730875345     
  0.999820867627778     
  0.999827487068055     
  0.999822643980416     
  0.999809130568282     
  0.999806939955947     
  0.999823155693125     
  0.999782036952243     
  0.999706951883529     
  0.999698672479055     
  0.999705884298331     
  0.999715258377819     
  0.999712073309596     
  0.999598085762310     
  0.999176370886833     
  0.998471061542864     
  0.997866257292167     
  0.997273799731368     
  0.996801553180502     
  0.996485255501319     
  0.996293458160994     
  0.996307625103073     
  0.996590231985459     
  0.997144829056481     
  0.997409541141816     
  0.997194689993125     
  0.997458070420616     
  0.997751943443299     
  0.998060739893184     
  0.998262961118982     
  0.998001451085398     
  0.997653778185831     
  0.997694104477390     
  0.998111218954406     
  0.998307031225437     
  0.998280343239243     
  0.998105256526787     
  0.997871386695753     
  0.997808548318009     
  0.998004055881741     
  0.998502836742689     
  0.998508914785997     
  0.998511733827976     
  0.998996885492601     
  0.999416109966340     
  0.999517999435044     
  0.999519787253090     
  0.999558551806039     
  0.999582007994097     
  0.999661620816385     
  0.999737507587689     
  0.999368325935491     
  0.997294624466155     
  0.991957535111616     
  0.984469638037511     
  0.976527404386684     
  0.968450287496842     
  0.961877874727908     
  0.957879880423452     
  0.956673925902121     
  0.958245381103176     
  0.962783406668553     
  0.969717705517557     
  0.976183191529534     
  0.979736859356182     
  0.982618615174077     
  0.983801616953966     
  0.984047401479598     
  0.984984847732657     
  0.985971398614842     
  0.986645378455279     
  0.987026179923320     
  0.987181583558740     
  0.987348388824187     
  0.987541409093658     
  0.987897305547666     
  0.987930975689999     
  0.988299806400341     
  0.988517683305003     
  0.987434284657420     
  0.987776754437558     
  0.987297994012989     
  0.987156770248229     
  0.986062541060239     
  0.981334404675570     
  0.973326702218310     
  0.964415810768579     
  0.954837842044046     
  0.946007417006826     
  0.940035791236466     
  0.937382490758880     
  0.938343437781189     
  0.943653655637665     
  0.953327050629640     
  0.964124583194389     
  0.972558582919368     
  0.979990738999085     
  0.984194318875458     
  0.984760257343053     
  0.983150042673170     
  0.981124019354880     
  0.980046416381995     
  0.979679927131427     
  0.980299254524585     
  0.981714301552796     
  0.982568247481996     
  0.982757965917767     
  0.982893558361737     
  0.983565280122660     
  0.984842524260347     
  0.986048439381374     
  0.987264661207130     
  0.988361484787928     
  0.987798363243166     
  0.986143377092006     
  0.984796294768530     
  0.984368178482718     
  0.984790689321727     
  0.985893405199871     
  0.987953953403871     
  0.991096712964517     
  0.994426049971394     
  0.997406994632164     
  0.999140547579068     
  0.999624097601877     
  0.999649165027911     
  0.999655452623417     
  0.999657924446564     
  0.999662981174880     
  0.999676870033804     
  0.999683964227780     
  0.999689590843592     
  0.999706447270561     
  0.999720637942017     
  0.999730237479640     
  0.999734231867052     
  0.999734523290437     
  0.999734535985467     
  0.999731337460705     
  0.999721954407098     
  0.999708868840233     
  0.999702111359831     
  0.999543770990841     
  0.999226390779551     
  0.999034474752848     
  0.998618511851769     
  0.997557048360810     
  0.996938423574101     
  0.997623384801742     
  0.998376012926812     
  0.998717120945580     
  0.998718889016608     
  0.997827214334498     
  0.995205243935556     
  0.991305711604345     
  0.987342351176684     
  0.983276163486623     
  0.980279144414463     
  0.979725724831092     
  0.980308636256088     
  0.980470916162058     
  0.982088254953446     
  0.984231364810722     
  0.987673409152638     
  0.991435199025950     
  0.994679743280884     
  0.996507549043014     
  0.997035874404707     
  0.997165541108568     
  0.997238644269102     
  0.997243490863823     
  0.997161833451885     
  0.996980646241239     
  0.996672104869715     
  0.996085639974567     
  0.996011124437608     
  0.996956011384959     
  0.997541783987156     
  0.998821600027960     
  0.999485828834137     
  0.999483734465382     
  0.999478612944886     
  0.999470338519644     
  0.999448043885442     
  0.999398140691181     
  0.999318517925396     
  0.998837056099900     
  0.998003723977300     
  0.997300602711872     
  0.996996318672816     
  0.996948010084424     
  0.996963790103908     
  0.996917457958982     
  0.996431084929551     
  0.994587669590158     
  0.991951621474550     
  0.985846120800712     
  0.980982578430166     
  0.977619029899049     
  0.976664706233542     
  0.976988506790303     
  0.977014341156247     
  0.977079344414670     
  0.977212883717319     
  0.977158244719814     
  0.975708751143714     
  0.972758244616568     
  0.971405577745858     
  0.971876547992365     
  0.975711371015753     
  0.981069016649235     
  0.986084990766107     
  0.989502435081947     
  0.989157690850388     
  0.988391518516457     
  0.987747191957947     
  0.987378837051862     
  0.987157029833988     
  0.987453542855607     
  0.988980568254796     
  0.992472783634890     
  0.996393130124851     
  0.998059941285851     
  0.998553764460852     
  0.998673358018546     
  0.998651039602194     
  0.998575245106361     
  0.998461732578395     
  0.998324862909404     
  0.998221273874024     
  0.998144779064142     
  0.998088318589981     
  0.998035904028004     
  0.997978486241754     
  0.997951060008957     
  0.997837587479676     
  0.997575989882616     
  0.997351218326043     
  0.996966445989474     
  0.995787305372807     
  0.993124552294535     
  0.989882019075747     
  0.986982521679889     
  0.984042631252145     
  0.981207767519859     
  0.979356235261697     
  0.978717615194386     
  0.979403322975660     
  0.981418816553168     
  0.984267076256271     
  0.987013759189815     
  0.989627505331987     
  0.991673608959474     
  0.993010571435738     
  0.993615559240217     
  0.994289575383161     
  0.994771134121272     
  0.994708501478111     
  0.994597139924379     
  0.994448667232210     
  0.994077928569989     
  0.993687716666150     
  0.993546252847616     
  0.993434648914154     
  0.993190450019938     
  0.992843336146233     
  0.992410238575900     
  0.991896650407779     
  0.991294708813442     
  0.990580784610602     
  0.989720779115722     
  0.988901938474309     
  0.988373957436559     
  0.987926054728320     
  0.987316642373864     
  0.986527111109661     
  0.985655006171343     
  0.984647074384643     
  0.983436132130300     
  0.982099900896980     
  0.980518161848188     
  0.978745526675736     
  0.976864383618522     
  0.974825291389185     
  0.972672960081947     
  0.970398812422214     
  0.968007170664121     
  0.965484805937890     
  0.962817171847103     
  0.959961639861837     
  0.956896138479805     
  0.953692875142232     
  0.950319080820883     
  0.946519044274113     
  0.942251424314421     
  0.937831887140961     
  0.933562758063723     
  0.929761122295894     
  0.926757378233272     
  0.924819469030811     
  0.924187357622158     
  0.924945786542441     
  0.927010026495803     
  0.930140451140416     
  0.934019480918589     
  0.938318767388301     
  0.942747370415421     
  0.946997970480711     
  0.950961566042541     
  0.954776797773936     
  0.958345862484690     
  0.961648939852862     
  0.964704551259303     
  0.967513799940226     
  0.970086465786657     
  0.972451107509545     
  0.974635110680610     
  0.976637105781531     
  0.978410361697896     
  0.979699973251089     
  0.980194482094085     
  0.980528148468421     
  0.980852755010100     
  0.981105553748624     
  0.981462627123931     
  0.982013689613453     
  0.982815528290853     
  0.983862518515182     
  0.985126740691477     
  0.986535507299931     
  0.987636217872227     
  0.988413982401929     
  0.988406871250841     
  0.988240207936398     
  0.988363106465662     
  0.988900625376984     
  0.989830457539718     
  0.990427398026091     
  0.990650634371503     
  0.990470596554212     
  0.990219303687128     
  0.990318819199456     
  0.990918158192353     
  0.992250632634136     
  0.993420406858293     
  0.993964158966838     
  0.994301540029833     
  0.994694058958276     
  0.995188022818071     
  0.995734159680491     
  0.996273454702298     
  0.996744736432721     
  0.997000958579471     
  0.997157394869193     
  0.997087743255609     
  0.997240213775629     
  0.997386885875057     
  0.997478602416074     
  0.997539062216461     
  0.997613159401167     
  0.997696206998388     
  0.997783122776620     
  0.997860417645939     
  0.997924425327639     
  0.997980274360347     
  0.998030905083008     
  0.998082136899533     
  0.998120793118406     
  0.998178535573165     
  0.998167742256093     
  0.998267618887187     
  0.998403261667289     
  0.998443160150675     
  0.998482806814552     
  0.998479032171482     
  0.998460595554729     
  0.998255889030112     
  0.996831066393729     
  0.991800927404558     
  0.978543952932904     
  0.962592044654822     
  0.948173724949358     
  0.940462460879196     
  0.936557516731353     
  0.933268119490555     
  0.932021660865745     
  0.932164493955535     
  0.932365918152696     
  0.932555556052727     
  0.934917271583396     
  0.938470436753493     
  0.943376957785239     
  0.955216292115534     
  0.972161523133910     
  0.987425793407884     
  0.995901645561369     
  0.996876663906320     
  0.997148944937945     
  0.997486624854843     
  0.997760304965326     
  0.997993174488799     
  0.998212147503399     
  0.998428706449324     
  0.998566235980614     
  0.998503633137970     
  0.998491895417569     
  0.998539128244035     
  0.998537664180159     
  0.998544696622209     
  0.998583824012816     
  0.998664313375897     
  0.998807872266035     
  0.999023569262999     
  0.999240020970392     
  0.999376128326573     
  0.999348175828637     
  0.999322774707835     
  0.999269496844996     
  0.999161674790100     
  0.998870570215259     
  0.998610824796452     
  0.998671025147262     
  0.999070573174953     
  0.999560410355322     
  0.999833587305471     
  0.999892266470311     
  0.999827530733154     
  0.999638323593380     
  0.999279118615250     
  0.998801396984975     
  0.998328561323427     
  0.998261331842624     
  0.998681953906156     
  0.999352077299892     
  0.999952113173811     
   1.00017196453126     
   1.00017439565564     
   1.00009396092692     
  0.999894663983153     
  0.999569627281426     
  0.999251840229931     
  0.999159109437811     
  0.999374652575305     
  0.999652709490166     
